6.683843376063741744e+02 9.563948242187500000e+03 9.566089501110223864e+03
6.684047706606797874e+02 9.562483398437500000e+03 9.566107930529085934e+03
6.684252037149854004e+02 9.566958984375000000e+03 9.566126300712743614e+03
6.684456367692910135e+02 9.569292968750000000e+03 9.566144611743668065e+03
6.684660698240622878e+02 9.571090820312500000e+03 9.566162863704745178e+03
6.684865028792992234e+02 9.572180664062500000e+03 9.566181056678444293e+03
6.685069359345361590e+02 9.573092773437500000e+03 9.566199190746823660e+03
6.685273689897730947e+02 9.567580078125000000e+03 9.566217265992356261e+03
6.685478020454756916e+02 9.560361328125000000e+03 9.566235282497918888e+03
6.685682352008298039e+02 9.563106445312500000e+03 9.566253240433015890e+03
6.685886681568808854e+02 9.568157226562500000e+03 9.566271139617801964e+03
6.686091013131663203e+02 9.575352539062500000e+03 9.566288980484750937e+03
6.686295343693345785e+02 9.564234375000000000e+03 9.566306762853644614e+03
6.686499673263169825e+02 9.564761718750000000e+03 9.566324486808627626e+03
6.686704004830680788e+02 9.564535156250000000e+03 9.566342152691062438e+03
6.686908335401676595e+02 9.560403320312500000e+03 9.566359760324121453e+03
6.687112664971500635e+02 9.568957031250000000e+03 9.566377309790730578e+03
6.687316996543668211e+02 9.568107421875000000e+03 9.566394801430895313e+03
6.687521327119320631e+02 9.562318359375000000e+03 9.566412235069954477e+03
6.687725656698457897e+02 9.568922851562500000e+03 9.566429610791226878e+03
6.687929988279938698e+02 9.569409179687500000e+03 9.566446928931767616e+03
6.688134318860247731e+02 9.569020507812500000e+03 9.566464189319069192e+03
6.688338649445213377e+02 9.577538085937500000e+03 9.566481392120986129e+03
6.688542980030179024e+02 9.566518554687500000e+03 9.566498537419600325e+03
6.688747309618629515e+02 9.571663085937500000e+03 9.566515625214186002e+03
6.688951641209423542e+02 9.571727539062500000e+03 9.566532655837585480e+03
6.689155971803702414e+02 9.570982421875000000e+03 9.566549629121891485e+03
6.689360302397981286e+02 9.563134765625000000e+03 9.566566545232784847e+03
6.689564632992260158e+02 9.566497070312500000e+03 9.566583404252727632e+03
6.689768963591195643e+02 9.565112304687500000e+03 9.566600206264583903e+03
6.689973294190131128e+02 9.560611328125000000e+03 9.566616951350435556e+03
6.690177625794894993e+02 9.569050781250000000e+03 9.566633639674768347e+03
6.690381955397315323e+02 9.559849609375000000e+03 9.566650271074784541e+03
6.690586287006735802e+02 9.574353515625000000e+03 9.566666845959287457e+03
6.690790617614984512e+02 9.564571289062500000e+03 9.566683364166328829e+03
6.690994947222061455e+02 9.572606445312500000e+03 9.566699825779203820e+03
6.691199278836138546e+02 9.568999023437500000e+03 9.566716231122321915e+03
6.691403609453700483e+02 9.566790039062500000e+03 9.566732580036588843e+03
6.691607939070090652e+02 9.574599609375000000e+03 9.566748872604934149e+03
6.691812270688824356e+02 9.572575195312500000e+03 9.566765109148907868e+03
6.692016601306386292e+02 9.557974609375000000e+03 9.566781289511904106e+03
6.692220930932089686e+02 9.560218750000000000e+03 9.566797413777949259e+03
6.692425262555480003e+02 9.574197265625000000e+03 9.566813482265024504e+03
6.692629593182355165e+02 9.566351562500000000e+03 9.566829494819727188e+03
6.692833924810402095e+02 9.566376953125000000e+03 9.566845451681074337e+03
6.693038254445418715e+02 9.570103515625000000e+03 9.566861352698126211e+03
6.693242585076950490e+02 9.562840820312500000e+03 9.566877198186404712e+03
6.693446916709654033e+02 9.563490234375000000e+03 9.566892988227933529e+03
6.693651246349327266e+02 9.561040039062500000e+03 9.566908722674201272e+03
6.693855576990172267e+02 9.568990234375000000e+03 9.566924401838659833e+03
6.694059908627532423e+02 9.572291015625000000e+03 9.566940025802608943e+03
6.694264238271862268e+02 9.570569335937500000e+03 9.566955594420338457e+03
6.694468568917363882e+02 9.564530273437500000e+03 9.566971108002853725e+03
6.694672899567522109e+02 9.566090820312500000e+03 9.566986566556570324e+03
6.694877230217680335e+02 9.577339843750000000e+03 9.567001970163601072e+03
6.695081561869010329e+02 9.574491210937500000e+03 9.567017318981490462e+03
6.695285891522653401e+02 9.566830078125000000e+03 9.567032612867849821e+03
6.695490222177468240e+02 9.561124023437500000e+03 9.567047852130010142e+03
6.695694553833454847e+02 9.565160156250000000e+03 9.567063036849640412e+03
6.695898884492926300e+02 9.572496093750000000e+03 9.567078166960760427e+03
6.696103214155882597e+02 9.567887695312500000e+03 9.567093242546636247e+03
6.696307545821182430e+02 9.562816406250000000e+03 9.567108263910597088e+03
6.696511876485310495e+02 9.566547851562500000e+03 9.567123230913915904e+03
6.696716206152923405e+02 9.567709960937500000e+03 9.567138143640204362e+03
6.696920537822879851e+02 9.566863281250000000e+03 9.567153002390394249e+03
6.697124868496321142e+02 9.566486328125000000e+03 9.567167807028494281e+03
6.697329200170934200e+02 9.569603515625000000e+03 9.567182557781714422e+03
6.697533529847860336e+02 9.569127929687500000e+03 9.567197254516431713e+03
6.697737860525958240e+02 9.572636718750000000e+03 9.567211897531218710e+03
6.697942192205227911e+02 9.567563476562500000e+03 9.567226486907744402e+03
6.698146521886810660e+02 9.566078125000000000e+03 9.567241022514763245e+03
6.698350852574221790e+02 9.565585937500000000e+03 9.567255504648801434e+03
6.698555184262804687e+02 9.561726562500000000e+03 9.567269933391209634e+03
6.698759513949044049e+02 9.557409179687500000e+03 9.567284308612770474e+03
6.698963845642283559e+02 9.564741210937500000e+03 9.567298630678014888e+03
6.699168176334351301e+02 9.566347656250000000e+03 9.567312899458180254e+03
6.699372506029903889e+02 9.567943359375000000e+03 9.567327115036840041e+03
6.699576837727800012e+02 9.567101562500000000e+03 9.567341277704714230e+03
6.699781168424524367e+02 9.571606445312500000e+03 9.567355387335705018e+03
6.699985499125905335e+02 9.565521484375000000e+03 9.567369444082127302e+03
6.700189829827286303e+02 9.568063476562500000e+03 9.567383448026132100e+03
6.700394160533323884e+02 9.569611328125000000e+03 9.567397399250508897e+03
6.700598491244018078e+02 9.563093750000000000e+03 9.567411297837725215e+03
6.700802821950055659e+02 9.569061523437500000e+03 9.567425143869626481e+03
6.701007152660749853e+02 9.571657226562500000e+03 9.567438937429313228e+03
6.701211483376100659e+02 9.567862304687500000e+03 9.567452678599252977e+03
6.701415814091451466e+02 9.575728515625000000e+03 9.567466367461607661e+03
6.701620144811458886e+02 9.571216796875000000e+03 9.567480004099155849e+03
6.701824475531466305e+02 9.566121093750000000e+03 9.567493588594061293e+03
6.702028806251473725e+02 9.560607421875000000e+03 9.567507121028793335e+03
6.702233136976137757e+02 9.564919921875000000e+03 9.567520601486136002e+03
6.702437468701973557e+02 9.566295898437500000e+03 9.567534030113918561e+03
6.702641798430122435e+02 9.572787109375000000e+03 9.567547406797912117e+03
6.702846129159443080e+02 9.566678710937500000e+03 9.567560731817289707e+03
6.703254790627397597e+02 9.565215820312500000e+03 9.567587226995685342e+03
6.703459122367203236e+02 9.570771484375000000e+03 9.567600397384048847e+03
6.703663453105837107e+02 9.568928710937500000e+03 9.567613516307357713e+03
6.703867782843299210e+02 9.563846679687500000e+03 9.567626583848839800e+03
6.704072114587761462e+02 9.566768554687500000e+03 9.567639600282967876e+03
6.704276445331051946e+02 9.564754882812500000e+03 9.567652565500218770e+03
6.704480775077827275e+02 9.562652343750000000e+03 9.567665479584102286e+03
6.704685106826946139e+02 9.566004882812500000e+03 9.567678342806248111e+03
6.704889437579549849e+02 9.568848632812500000e+03 9.567691155059970697e+03
6.705093767330981791e+02 9.562098632812500000e+03 9.567703916428197772e+03
6.705298099089413881e+02 9.564392578125000000e+03 9.567716627180896467e+03
6.705502429846674204e+02 9.558785156250000000e+03 9.567729287213041971e+03
6.705706761605106294e+02 9.561897460937500000e+03 9.567741896731171437e+03
6.705911091365851462e+02 9.561953125000000000e+03 9.567754455633059479e+03
6.706115422132425010e+02 9.568833984375000000e+03 9.567766964186161204e+03
6.706319753895513713e+02 9.572389648437500000e+03 9.567779422471632643e+03
6.706524083665572107e+02 9.572038085937500000e+03 9.567791830390044197e+03
6.706728414436802268e+02 9.572592773437500000e+03 9.567804188206051549e+03
6.706932746209204197e+02 9.569347656250000000e+03 9.567816496001396445e+03
6.707137076980434358e+02 9.572624023437500000e+03 9.567828753737938314e+03
6.707341406759805977e+02 9.569950195312500000e+03 9.567840961499443438e+03
6.707545738536864519e+02 9.567355468750000000e+03 9.567853119546623930e+03
6.707750068316236138e+02 9.571135742187500000e+03 9.567865227724225406e+03
6.707954400097951293e+02 9.569847656250000000e+03 9.567877286351749717e+03
6.708158730883151293e+02 9.563375000000000000e+03 9.567889295334331109e+03
6.708363060671836138e+02 9.563112304687500000e+03 9.567901254755164700e+03
6.708567392462864518e+02 9.565092773437500000e+03 9.567913164871879417e+03
6.708771723252721131e+02 9.569759765625000000e+03 9.567925025591513986e+03
6.708976053046062589e+02 9.565644531250000000e+03 9.567936836997543651e+03
6.709180384841747582e+02 9.569221679687500000e+03 9.567948599345418188e+03
6.709384715636260808e+02 9.573982421875000000e+03 9.567960312544360931e+03
6.709589047436602414e+02 9.570781250000000000e+03 9.567971976791890484e+03
6.709793377239257097e+02 9.567534179687500000e+03 9.567983591999380224e+03
6.709997708043083549e+02 9.568202148437500000e+03 9.567995158420131702e+03
6.710202039848081768e+02 9.566394531250000000e+03 9.568006676135906673e+03
6.710406369655393064e+02 9.566713867187500000e+03 9.568018145060490497e+03
6.710610700468532741e+02 9.566183593750000000e+03 9.568029565445294793e+03
6.710815032278187573e+02 9.562845703125000000e+03 9.568040937371562904e+03
6.711019362094812095e+02 9.561864257812500000e+03 9.568052260755737734e+03
6.711223692907951772e+02 9.566631835937500000e+03 9.568063535846318700e+03
6.711428024726919830e+02 9.568850585937500000e+03 9.568074762725582332e+03
6.711632354548200965e+02 9.558914062500000000e+03 9.568085941311332135e+03
6.711836686371825635e+02 9.568434570312500000e+03 9.568097071904869154e+03
6.712041017194278538e+02 9.566393554687500000e+03 9.568108154424704480e+03
6.712245348021388054e+02 9.568168945312500000e+03 9.568119189008217290e+03
6.712449678853154182e+02 9.568901367187500000e+03 9.568130175737875106e+03
6.712654009684920311e+02 9.573790039062500000e+03 9.568141114695903525e+03
6.712858340516686440e+02 9.568225585937500000e+03 9.568152005964770069e+03
6.713062671353109181e+02 9.569669921875000000e+03 9.568162849627198739e+03
6.713267002189531922e+02 9.561569335937500000e+03 9.568173645765411493e+03
6.713471333030611277e+02 9.561000000000000000e+03 9.568184394462125056e+03
6.713675664872862399e+02 9.563678710937500000e+03 9.568195095851886435e+03
6.713879994712769985e+02 9.563476562500000000e+03 9.568205749860213473e+03
6.714084326559677720e+02 9.567228515625000000e+03 9.568216356778630143e+03
6.714288656408898532e+02 9.569774414062500000e+03 9.568226916481718945e+03
6.714492987259291112e+02 9.573294921875000000e+03 9.568237429207278183e+03
6.714697319110855460e+02 9.559641601562500000e+03 9.568247895037093258e+03
6.714901648964732885e+02 9.561084960937500000e+03 9.568258313900380017e+03
6.715105979824438691e+02 9.565162109375000000e+03 9.568268686033097765e+03
6.715310311680659652e+02 9.560005859375000000e+03 9.568279011516562605e+03
6.715514641543850303e+02 9.576383789062500000e+03 9.568289290282516959e+03
6.715718972408212721e+02 9.564851562500000000e+03 9.568299522564400831e+03
6.715923304269090295e+02 9.566900390625000000e+03 9.568309708443766795e+03
6.716127634136937559e+02 9.559752929687500000e+03 9.568319847854399995e+03
6.716331966007128358e+02 9.563070312500000000e+03 9.568329941077034164e+03
6.716536296880804002e+02 9.560381835937500000e+03 9.568339988045669088e+03
6.716740626753307879e+02 9.566815429687500000e+03 9.568349988843221581e+03
6.716944958628155291e+02 9.571213867187500000e+03 9.568359943698837014e+03
6.717149289506487548e+02 9.565806640625000000e+03 9.568369852548543349e+03
6.717353620389476418e+02 9.565945312500000000e+03 9.568379715523698906e+03
6.717557951267808676e+02 9.567261718750000000e+03 9.568389532706329192e+03
6.717762282155454159e+02 9.565832031250000000e+03 9.568399304179578394e+03
6.717966613038443029e+02 9.569333984375000000e+03 9.568409030025246466e+03
6.718170943930745125e+02 9.571637695312500000e+03 9.568418710326472137e+03
6.718375274818390608e+02 9.564040039062500000e+03 9.568428345165062638e+03
6.718579606711864471e+02 9.565822265625000000e+03 9.568437934670808318e+03
6.718783937608823180e+02 9.561899414062500000e+03 9.568447478832204069e+03
6.718988267504610121e+02 9.567159179687500000e+03 9.568456977732168525e+03
6.719192599402740598e+02 9.570215820312500000e+03 9.568466431592478330e+03
6.719396930304355919e+02 9.570892578125000000e+03 9.568475840356513800e+03
6.719601260209456086e+02 9.567541992187500000e+03 9.568485204107415484e+03
6.719805592116899788e+02 9.571486328125000000e+03 9.568494523064749956e+03
6.720009923023171723e+02 9.571209960937500000e+03 9.568503797173678322e+03
6.720214252932928503e+02 9.567639648437500000e+03 9.568513026517539402e+03
6.720418584845028818e+02 9.570492187500000000e+03 9.568522211313931621e+03
6.720622914759442210e+02 9.569314453125000000e+03 9.568531351465528132e+03
6.720827246676199138e+02 9.563668945312500000e+03 9.568540447233728628e+03
6.721031577596440911e+02 9.568619140625000000e+03 9.568549498567186674e+03
6.721235907515510917e+02 9.571257812500000000e+03 9.568558505548813628e+03
6.721440239436924458e+02 9.565805664062500000e+03 9.568567468393161107e+03
6.721644570361822844e+02 9.567157226562500000e+03 9.568576387050830817e+03
6.721848900290206075e+02 9.571770507812500000e+03 9.568585261604937841e+03
6.722053232220932841e+02 9.569664062500000000e+03 9.568594092267883752e+03
6.722257563150487840e+02 9.569170898437500000e+03 9.568602878992012847e+03
6.722461895085871220e+02 9.569914062500000000e+03 9.568611621946101877e+03
6.722666225018911064e+02 9.568138671875000000e+03 9.568620321084228635e+03
6.722870555957779288e+02 9.562277343750000000e+03 9.568628976617263106e+03
6.723074887897819281e+02 9.566630859375000000e+03 9.568637588626832439e+03
6.723279217840172350e+02 9.562963867187500000e+03 9.568646157069339097e+03
6.723483548783697188e+02 9.567435546875000000e+03 9.568654682153322938e+03
6.723687880733050406e+02 9.565459960937500000e+03 9.568663163960818565e+03
6.723892210680060089e+02 9.575354492187500000e+03 9.568671602449743659e+03
6.724096541632898152e+02 9.567625000000000000e+03 9.568679997827119223e+03
6.724300873582251370e+02 9.563378906250000000e+03 9.568688350174408697e+03
6.724505204539746046e+02 9.569806640625000000e+03 9.568696659492798062e+03
6.724709535497240722e+02 9.573457031250000000e+03 9.568704925905412892e+03
6.724913866454735398e+02 9.572297851562500000e+03 9.568713149494724348e+03
6.725118197416886687e+02 9.568985351562500000e+03 9.568721330343392765e+03
6.725322528379037976e+02 9.565839843750000000e+03 9.568729468533703766e+03
6.725526859345845878e+02 9.570975585937500000e+03 9.568737564148312231e+03
6.725731190317310393e+02 9.580030273437500000e+03 9.568745617269691138e+03
6.725935521284118295e+02 9.570287109375000000e+03 9.568753627979946032e+03
6.726139852260239422e+02 9.569905273437500000e+03 9.568761596362093769e+03
6.726344183231703937e+02 9.578608398437500000e+03 9.568769522498067090e+03
6.726548514207825065e+02 9.563437500000000000e+03 9.568777406470691858e+03
6.726752845188602805e+02 9.569748046875000000e+03 9.568785248362446509e+03
6.726957177170552313e+02 9.568737304687500000e+03 9.568793048293735410e+03
6.727161507154814899e+02 9.581739257812500000e+03 9.568800806232862669e+03
6.727365838140249252e+02 9.569505859375000000e+03 9.568808522376470137e+03
6.727570170126855373e+02 9.582694335937500000e+03 9.568816196806414155e+03
6.727774500115774572e+02 9.566258789062500000e+03 9.568823829492841469e+03
6.727978831105865538e+02 9.564555664062500000e+03 9.568831420630551293e+03
6.728183163101784885e+02 9.572714843750000000e+03 9.568838970301574591e+03
6.728387493095360696e+02 9.573254882812500000e+03 9.568846478477549681e+03
6.728591825095936656e+02 9.567797851562500000e+03 9.568853945388264037e+03
6.728796156095340848e+02 9.573974609375000000e+03 9.568861371005965339e+03
6.729000486098229885e+02 9.570094726562500000e+03 9.568868755413895997e+03
6.729204818103462458e+02 9.561794921875000000e+03 9.568876098802604247e+03
6.729409149112179875e+02 9.562676757812500000e+03 9.568883401146487813e+03
6.729613480120897293e+02 9.570152343750000000e+03 9.568890662563930164e+03
6.729817811129614711e+02 9.563648437500000000e+03 9.568897883137407916e+03
6.730022142142988741e+02 9.565890625000000000e+03 9.568905062949550484e+03
6.730226473161019385e+02 9.567729492187500000e+03 9.568912202082838121e+03
6.730430804179050028e+02 9.574341796875000000e+03 9.568919300619574642e+03
6.730635135197080672e+02 9.571988281250000000e+03 9.568926358642231207e+03
6.730839467220939696e+02 9.565940429687500000e+03 9.568933376267730637e+03
6.731043798243626952e+02 9.560637695312500000e+03 9.568940353509613487e+03
6.731248128274455667e+02 9.570391601562500000e+03 9.568947290451262234e+03
6.731452460302971303e+02 9.571578125000000000e+03 9.568954187276343873e+03
6.731656791330315173e+02 9.570963867187500000e+03 9.568961043965822682e+03
6.731861121365800500e+02 9.565809570312500000e+03 9.568967860603068402e+03
6.732065453398972750e+02 9.564500000000000000e+03 9.568974637369992706e+03
6.732269784440286458e+02 9.566279296875000000e+03 9.568981374249618966e+03
6.732474114480428398e+02 9.570958984375000000e+03 9.568988071324709381e+03
6.732678446518257260e+02 9.574780273437500000e+03 9.568994728775724070e+03
6.733087108610197902e+02 9.566374023437500000e+03 9.569007924874753371e+03
6.733291439660824835e+02 9.567889648437500000e+03 9.569014463720279309e+03
6.733495769710280001e+02 9.574164062500000000e+03 9.569020963174591088e+03
6.733700101762078702e+02 9.566919921875000000e+03 9.569027423415407611e+03
6.733904432817362249e+02 9.571406250000000000e+03 9.569033844430105091e+03
6.734108762876130641e+02 9.575930664062500000e+03 9.569040226301725852e+03
6.734313094932585955e+02 9.571865234375000000e+03 9.569046569205978813e+03
6.734517425997182727e+02 9.593173828125000000e+03 9.569052873132241075e+03
6.734721758058294654e+02 9.569136718750000000e+03 9.569059138224332855e+03
6.735130419195629656e+02 9.568536132812500000e+03 9.569071552053283085e+03
6.735334751261398196e+02 9.564875000000000000e+03 9.569077701045898721e+03
6.735539081334136426e+02 9.566628906250000000e+03 9.569083811443986633e+03
6.735743412412703037e+02 9.571591796875000000e+03 9.569089883419979742e+03
6.735947744487784803e+02 9.566720703125000000e+03 9.569095917055510654e+03
6.736152075566351414e+02 9.574359375000000000e+03 9.569101912374197127e+03
6.736356405648402870e+02 9.564833984375000000e+03 9.569107869459077847e+03
6.736560737732797861e+02 9.567708007812500000e+03 9.569113788479771756e+03
6.736765068816021085e+02 9.573613281250000000e+03 9.569119669431467628e+03
6.736969399903900921e+02 9.565428710937500000e+03 9.569125512425862325e+03
6.737173730996437371e+02 9.560067382812500000e+03 9.569131317545430647e+03
6.737378062088973820e+02 9.568612304687500000e+03 9.569137084872512787e+03
6.737582394182682037e+02 9.570338867187500000e+03 9.569142814517563238e+03
6.737786724278703332e+02 9.565048828125000000e+03 9.569148506479239586e+03
6.737991055375896394e+02 9.567501953125000000e+03 9.569154160923826566e+03
6.738195387478917837e+02 9.567390625000000000e+03 9.569159777933378791e+03
6.738399717579595745e+02 9.575904296875000000e+03 9.569165357507943554e+03
6.738604048686102033e+02 9.573249023437500000e+03 9.569170899812412245e+03
6.738808380793780088e+02 9.575388671875000000e+03 9.569176404928588454e+03
6.739012710903771222e+02 9.571328125000000000e+03 9.569181872858414863e+03
6.739217043016105890e+02 9.572580078125000000e+03 9.569187303791408340e+03
6.739421373130753636e+02 9.574966796875000000e+03 9.569192697703727390e+03
6.739625704246573150e+02 9.565836914062500000e+03 9.569198054757278442e+03
6.739830036368221045e+02 9.572121093750000000e+03 9.569203375034107012e+03
6.740034366487525403e+02 9.563303710937500000e+03 9.569208658538638701e+03
6.740238697608001530e+02 9.572861328125000000e+03 9.569213905431275634e+03
6.740443029734306037e+02 9.580226562500000000e+03 9.569219115794076060e+03
6.740647359862923622e+02 9.571654296875000000e+03 9.569224289633186345e+03
6.740851691993884742e+02 9.570127929687500000e+03 9.569229427132366254e+03
6.741056023123674095e+02 9.568710937500000000e+03 9.569234528298304213e+03
6.741260354258120060e+02 9.570164062500000000e+03 9.569239593238848101e+03
6.741464685397222638e+02 9.570969726562500000e+03 9.569244622036474539e+03
6.741669016531668603e+02 9.570139648437500000e+03 9.569249614773423673e+03
6.741873347675427794e+02 9.575382812500000000e+03 9.569254571532506816e+03
6.742077678819186985e+02 9.574228515625000000e+03 9.569259492395973211e+03
6.742282009962946177e+02 9.567298828125000000e+03 9.569264377446292201e+03
6.742486341111361980e+02 9.568617187500000000e+03 9.569269226766053180e+03
6.742690673260949552e+02 9.563312500000000000e+03 9.569274040461112236e+03
6.742895003412850201e+02 9.571632812500000000e+03 9.569278818543554735e+03
6.743099335562437773e+02 9.566077148437500000e+03 9.569283561189284228e+03
6.743303666720166802e+02 9.567877929687500000e+03 9.569288268411124591e+03
6.743507996881380677e+02 9.563379882812500000e+03 9.569292940291956256e+03
6.743712329040281475e+02 9.577630859375000000e+03 9.569297576982455212e+03
6.743916660202667117e+02 9.561500976562500000e+03 9.569302178496889610e+03
6.744120990368537605e+02 9.565561523437500000e+03 9.569306744918249024e+03
6.744325322536751628e+02 9.567199218750000000e+03 9.569311276395768800e+03
6.744529653703793883e+02 9.570666015625000000e+03 9.569315772945054050e+03
6.744733983878977597e+02 9.573480468750000000e+03 9.569320234649294434e+03
6.744938316051848233e+02 9.563912109375000000e+03 9.569324661655982709e+03
6.745142647228203714e+02 9.570779296875000000e+03 9.569329053982466576e+03
6.745346978404559195e+02 9.563193359375000000e+03 9.569333411732899549e+03
6.745551309585571289e+02 9.570356445312500000e+03 9.569337734989847377e+03
6.745755639770068228e+02 9.576075195312500000e+03 9.569342023814850108e+03
6.745959971952252090e+02 9.566256835937500000e+03 9.569346278352981244e+03
6.746164303142577410e+02 9.572269531250000000e+03 9.569350498624211468e+03
6.746368633331730962e+02 9.572493164062500000e+03 9.569354684711321170e+03
6.746572965523228049e+02 9.572114257812500000e+03 9.569358836758066900e+03
6.746777296718209982e+02 9.566926757812500000e+03 9.569362954785732654e+03
6.746981628914363682e+02 9.572913085937500000e+03 9.569367038917052923e+03
6.747185959112830460e+02 9.565150390625000000e+03 9.569371089174805093e+03
6.747390290312469006e+02 9.568682617187500000e+03 9.569375105701161374e+03
6.747594622513279319e+02 9.566123046875000000e+03 9.569379088578094525e+03
6.747798952721059322e+02 9.565801757812500000e+03 9.569383037829960813e+03
6.748003283925354481e+02 9.584179687500000000e+03 9.569386953597255342e+03
6.748207616135478020e+02 9.564493164062500000e+03 9.569390835962147321e+03
6.748411947349086404e+02 9.570762695312500000e+03 9.569394684969054651e+03
6.748616277561523020e+02 9.569847656250000000e+03 9.569398500700859586e+03
6.748820609776303172e+02 9.558534179687500000e+03 9.569402283295872621e+03
6.749024940999224782e+02 9.565414062500000000e+03 9.569406032780898386e+03
6.749229273218661547e+02 9.568841796875000000e+03 9.569409749274891510e+03
6.749433603440411389e+02 9.567000000000000000e+03 9.569413432806109995e+03
6.749637934667989612e+02 9.563659179687500000e+03 9.569417083511416422e+03
6.749842266892082989e+02 9.572545898437500000e+03 9.569420701472630753e+03
6.750046597123146057e+02 9.568321289062500000e+03 9.569424286719531665e+03
6.750250928355380893e+02 9.568148437500000000e+03 9.569427839387370113e+03
6.750455260588787496e+02 9.567696289062500000e+03 9.569431359558142503e+03
6.750659590824507177e+02 9.573431640625000000e+03 9.569434847262891708e+03
6.750863922066055238e+02 9.571072265625000000e+03 9.569438302635597211e+03
6.751068254304118454e+02 9.567965820312500000e+03 9.569441725758098983e+03
6.751272584549151361e+02 9.570873046875000000e+03 9.569445116663020599e+03
6.751476916791871190e+02 9.575013671875000000e+03 9.569448475499071719e+03
6.751681248042732477e+02 9.571334960937500000e+03 9.569451802299334304e+03
6.751885578292421997e+02 9.568281250000000000e+03 9.569455097146605112e+03
6.752089910544455051e+02 9.569766601562500000e+03 9.569458360171553068e+03
6.752294240798801184e+02 9.564841796875000000e+03 9.569461591392773698e+03
6.752498572054319084e+02 9.574718750000000000e+03 9.569464790940393868e+03
6.752702904311008751e+02 9.573794921875000000e+03 9.569467958896426353e+03
6.752907234574668109e+02 9.569956054687500000e+03 9.569471095297147258e+03
6.753111566836014390e+02 9.570954101562500000e+03 9.569474200286285850e+03
6.753315898100845516e+02 9.572743164062500000e+03 9.569477273900591172e+03
6.753520229370333254e+02 9.569674804687500000e+03 9.569480316237821171e+03
6.753724560639820993e+02 9.566445312500000000e+03 9.569483327380376068e+03
6.753928891913965344e+02 9.569537109375000000e+03 9.569486307410805239e+03
6.754133223188109696e+02 9.572118164062500000e+03 9.569489256411503447e+03
6.754337554462254047e+02 9.567135742187500000e+03 9.569492174464952768e+03
6.754541885741055012e+02 9.566922851562500000e+03 9.569495061653688026e+03
6.754746217024512589e+02 9.563600585937500000e+03 9.569497918060180382e+03
6.754950549304485321e+02 9.569208984375000000e+03 9.569500743780543417e+03
6.755154879591427743e+02 9.571525390625000000e+03 9.569503538856133673e+03
6.755359211880713701e+02 9.563201171875000000e+03 9.569506303424077487e+03
6.755563543168827891e+02 9.570848632812500000e+03 9.569509037525982421e+03
6.755767873465083539e+02 9.574898437500000000e+03 9.569511741244896257e+03
6.755972205759026110e+02 9.564099609375000000e+03 9.569514414702625800e+03
6.756176537056453526e+02 9.568757812500000000e+03 9.569517057942244719e+03
6.756380867352709174e+02 9.572073242187500000e+03 9.569519671046611620e+03
6.756585199655964971e+02 9.572272460937500000e+03 9.569522254136445554e+03
6.756789530958048999e+02 9.576436523437500000e+03 9.569524807255973428e+03
6.756993863265961409e+02 9.570405273437500000e+03 9.569527330512744811e+03
6.757198193571530282e+02 9.563032226562500000e+03 9.569529823952299921e+03
6.757402524882927537e+02 9.564054687500000000e+03 9.569532287694046317e+03
6.757606857195496559e+02 9.570611328125000000e+03 9.569534721819960396e+03
6.757811187510378659e+02 9.568228515625000000e+03 9.569537126377006643e+03
6.758015518831089139e+02 9.577133789062500000e+03 9.569539501483221102e+03
6.758219851148314774e+02 9.568708984375000000e+03 9.569541847220532873e+03
6.758424181472510099e+02 9.568258789062500000e+03 9.569544163637314341e+03
6.758628512793220580e+02 9.576658203125000000e+03 9.569546450850146357e+03
6.758832844118587673e+02 9.573182617187500000e+03 9.569548708930178691e+03
6.759037175448611379e+02 9.574446289062500000e+03 9.569550937959887960e+03
6.759241507779806852e+02 9.576923828125000000e+03 9.569553138032400966e+03
6.759445838113315403e+02 9.569957031250000000e+03 9.569555309198116447e+03
6.759650169447995722e+02 9.567544921875000000e+03 9.569557451571585261e+03
6.759854501788504422e+02 9.577030273437500000e+03 9.569559565234903857e+03
6.760058833127841353e+02 9.571595703125000000e+03 9.569561650249786908e+03
6.760263163470663130e+02 9.574167968750000000e+03 9.569563706699171235e+03
6.760467495811171830e+02 9.567350585937500000e+03 9.569565734695455831e+03
6.760671827159821987e+02 9.570526367187500000e+03 9.569567734291238594e+03
6.760876157507300377e+02 9.568284179687500000e+03 9.569569705569309008e+03
6.761080489861778915e+02 9.565413085937500000e+03 9.569571648640961939e+03
6.761284821215085685e+02 9.566383789062500000e+03 9.569573563559848481e+03
6.761489153569564223e+02 9.568161132812500000e+03 9.569575450427211763e+03
6.761693483926355839e+02 9.571863281250000000e+03 9.569577309298041655e+03
6.761897815288975835e+02 9.572820312500000000e+03 9.569579140282334265e+03
6.762102147648110986e+02 9.565386718750000000e+03 9.569580943462073265e+03
6.762306478014215827e+02 9.574740234375000000e+03 9.569582718893550918e+03
6.762510809381492436e+02 9.570669921875000000e+03 9.569584466685462758e+03
6.762919472120702267e+02 9.574017578125000000e+03 9.569587879654211065e+03
6.763123804498463869e+02 9.571053710937500000e+03 9.569589545004126194e+03
6.763328135875053704e+02 9.572546875000000000e+03 9.569591183027372608e+03
6.763532466250471771e+02 9.573061523437500000e+03 9.569592793806823465e+03
6.763736798632889986e+02 9.567002929687500000e+03 9.569594377448467640e+03
6.763941130014136434e+02 9.569015625000000000e+03 9.569595934011264035e+03
6.764145460398867726e+02 9.566410156250000000e+03 9.569597463578116731e+03
6.764349792785942554e+02 9.566658203125000000e+03 9.569598966253748586e+03
6.764554124176502228e+02 9.568429687500000000e+03 9.569600442098384519e+03
6.764758454570546746e+02 9.574974609375000000e+03 9.569601891194884956e+03
6.764962786966934800e+02 9.573662109375000000e+03 9.569603313646799506e+03
6.765167118362151086e+02 9.569915039062500000e+03 9.569604709515497234e+03
6.765371449762023985e+02 9.566528320312500000e+03 9.569606078890512435e+03
6.765575781161896884e+02 9.566354492187500000e+03 9.569607421854288987e+03
6.765780112566426396e+02 9.568496093750000000e+03 9.569608738489330790e+03
6.765984443970955908e+02 9.567275390625000000e+03 9.569610028878079902e+03
6.766188775380142033e+02 9.573906250000000000e+03 9.569611293103040225e+03
6.766393106789328158e+02 9.563013671875000000e+03 9.569612531246655635e+03
6.766597438203170896e+02 9.572491210937500000e+03 9.569613743391426397e+03
6.766801769617013633e+02 9.572546875000000000e+03 9.569614929619798204e+03
6.767006102036684752e+02 9.569314453125000000e+03 9.569616090019891999e+03
6.767210433455184102e+02 9.572324218750000000e+03 9.569617224662782974e+03
6.767414763877168298e+02 9.565835937500000000e+03 9.569618333631351561e+03
6.767619096301496029e+02 9.567196289062500000e+03 9.569619417024154245e+03
6.767823427724651992e+02 9.572430664062500000e+03 9.569620474907551397e+03
6.768027758155949414e+02 9.562722656250000000e+03 9.569621507364439822e+03
6.768232090584933758e+02 9.569394531250000000e+03 9.569622514492213668e+03
6.768436422017402947e+02 9.567460937500000000e+03 9.569623496358397460e+03
6.768640752453356981e+02 9.565564453125000000e+03 9.569624453045837072e+03
6.768845084891654551e+02 9.574645507812500000e+03 9.569625384650858905e+03
6.769049416333436966e+02 9.569389648437500000e+03 9.569626291242086154e+03
6.769253748776391149e+02 9.570064453125000000e+03 9.569627172910844820e+03
6.769458079221658409e+02 9.570131835937500000e+03 9.569628029726860404e+03
6.769662410668097436e+02 9.576078125000000000e+03 9.569628861785358822e+03
6.769866743115708232e+02 9.564287109375000000e+03 9.569629669168452892e+03
6.770071073570288718e+02 9.571082031250000000e+03 9.569630451946961330e+03
6.770275405021384358e+02 9.573737304687500000e+03 9.569631210214995008e+03
6.770479736477136612e+02 9.567006835937500000e+03 9.569631944051163373e+03
6.770684067937545478e+02 9.573510742187500000e+03 9.569632653537937585e+03
6.770888399397954345e+02 9.567124023437500000e+03 9.569633338757776073e+03
6.771092731859534979e+02 9.567224609375000000e+03 9.569633999796329590e+03
6.771297062328085303e+02 9.568027343750000000e+03 9.569634636726568715e+03
6.771501394794322550e+02 9.576939453125000000e+03 9.569635249643399220e+03
6.771705726264044642e+02 9.579549804687500000e+03 9.569635838620139111e+03
6.771910056737251580e+02 9.572778320312500000e+03 9.569636403739612433e+03
6.772114389208145440e+02 9.572833007812500000e+03 9.569636945092399401e+03
6.772318720687180758e+02 9.561246093750000000e+03 9.569637462752874853e+03
6.772523051165044308e+02 9.566934570312500000e+03 9.569637956803841007e+03
6.772727383645251393e+02 9.567799804687500000e+03 9.569638427334855805e+03
6.772931715128943324e+02 9.567294921875000000e+03 9.569638874421312721e+03
6.773136047618463635e+02 9.571102539062500000e+03 9.569639298150073955e+03
6.773340378105640411e+02 9.563626953125000000e+03 9.569639698597537063e+03
6.773544709598645568e+02 9.570090820312500000e+03 9.569640075852246810e+03
6.773749042088165879e+02 9.566467773437500000e+03 9.569640429996314197e+03
6.773953372584655881e+02 9.566371093750000000e+03 9.569640761107204526e+03
6.774157704082317650e+02 9.575959960937500000e+03 9.569641069272409368e+03
6.774362036581151187e+02 9.574199218750000000e+03 9.569641354574067009e+03
6.774566367082297802e+02 9.559921875000000000e+03 9.569641617090634099e+03
6.774770698589272797e+02 9.560638671875000000e+03 9.569641856908598129e+03
6.774975031097419560e+02 9.570585937500000000e+03 9.569642074110102840e+03
6.775179361603222787e+02 9.569076171875000000e+03 9.569642268774594413e+03
6.775383694116026163e+02 9.573089843750000000e+03 9.569642440988365706e+03
6.775588025632314384e+02 9.569902343750000000e+03 9.569642590831190319e+03
6.775792356147430837e+02 9.566484375000000000e+03 9.569642718385868648e+03
6.775996688664890826e+02 9.571328125000000000e+03 9.569642823736583523e+03
6.776201020185835660e+02 9.569108398437500000e+03 9.569642906964103531e+03
6.776405351706780493e+02 9.570282226562500000e+03 9.569642968151463720e+03
6.776609683232381940e+02 9.572422851562500000e+03 9.569643007381144344e+03
6.776814014762639999e+02 9.566711914062500000e+03 9.569643024735611107e+03
6.777018346288241446e+02 9.565947265625000000e+03 9.569643020297347903e+03
6.777222677823156118e+02 9.570119140625000000e+03 9.569642994148816797e+03
6.777427009358070791e+02 9.566532226562500000e+03 9.569642946372492588e+03
6.777631340892985463e+02 9.569559570312500000e+03 9.569642877050857351e+03
6.777835672432556748e+02 9.567696289062500000e+03 9.569642786266376788e+03
6.778040003972128034e+02 9.566629882812500000e+03 9.569642674101525699e+03
6.778244335516355932e+02 9.572979492187500000e+03 9.569642540638777064e+03
6.778448667065240443e+02 9.576900390625000000e+03 9.569642385960600222e+03
6.778652998614124954e+02 9.575197265625000000e+03 9.569642210149471794e+03
6.778857331164181232e+02 9.565607421875000000e+03 9.569642013286851579e+03
6.779061661716550589e+02 9.565893554687500000e+03 9.569641795458259367e+03
6.779265994271263480e+02 9.571066406250000000e+03 9.569641556741898967e+03
6.779470325829461217e+02 9.566467773437500000e+03 9.569641297223599395e+03
6.779674656391143799e+02 9.571648437500000000e+03 9.569641016986131945e+03
6.779878988950513303e+02 9.574852539062500000e+03 9.569640716107711341e+03
6.780083320518024266e+02 9.567434570312500000e+03 9.569640394675070638e+03
6.780287651084363461e+02 9.578144531250000000e+03 9.569640052770992042e+03
6.780491983653046191e+02 9.580133789062500000e+03 9.569639690472773509e+03
6.780696315225213766e+02 9.564766601562500000e+03 9.569639307868055766e+03
6.780900645800866187e+02 9.570817382812500000e+03 9.569638905039613746e+03
6.781104978374205530e+02 9.571267578125000000e+03 9.569638482063863194e+03
6.781309309955686331e+02 9.575295898437500000e+03 9.569638039029319771e+03
6.781513642533682287e+02 9.568110351562500000e+03 9.569637576014152728e+03
6.781717973118647933e+02 9.566975585937500000e+03 9.569637093107749024e+03
6.781922304704785347e+02 9.573158203125000000e+03 9.569636590385653108e+03
6.782126637292094529e+02 9.570985351562500000e+03 9.569636067930046920e+03
6.782330967881716788e+02 9.575547851562500000e+03 9.569635525831221457e+03
6.782535299472510815e+02 9.565875976562500000e+03 9.569634964163833502e+03
6.782739632069133222e+02 9.563847656250000000e+03 9.569634383010052261e+03
6.782943962668068707e+02 9.568062500000000000e+03 9.569633782461043666e+03
6.783148295264691114e+02 9.577460937500000000e+03 9.569633162587535480e+03
6.783352626869454980e+02 9.569617187500000000e+03 9.569632523480926466e+03
6.783556958469562232e+02 9.575075195312500000e+03 9.569631865220750115e+03
6.783761290078982711e+02 9.564671875000000000e+03 9.569631187889428475e+03
6.783965621688403189e+02 9.580062500000000000e+03 9.569630491569470905e+03
6.784169952296651900e+02 9.573566406250000000e+03 9.569629776346893777e+03
6.784374284911900759e+02 9.567575195312500000e+03 9.569629042293508974e+03
6.784578616530634463e+02 9.572828125000000000e+03 9.569628289502437838e+03
6.784782947148196399e+02 9.566105468750000000e+03 9.569627518056451663e+03
6.784987279768101871e+02 9.566637695312500000e+03 9.569626728026534693e+03
6.785191611391492188e+02 9.562770507812500000e+03 9.569625919506632272e+03
6.785395944016054273e+02 9.566589843750000000e+03 9.569625092571308414e+03
6.785600274642929435e+02 9.564372070312500000e+03 9.569624247315305183e+03
6.785804606270976365e+02 9.571663085937500000e+03 9.569623383808831932e+03
6.786008938904851675e+02 9.564995117187500000e+03 9.569622502134066963e+03
6.786213269541040063e+02 9.582032226562500000e+03 9.569621602386581799e+03
6.786417601173743606e+02 9.567210937500000000e+03 9.569620684635799989e+03
6.786621933812275529e+02 9.568012695312500000e+03 9.569619748963879829e+03
6.786826264457777143e+02 9.564467773437500000e+03 9.569618795467164091e+03
6.787030596099793911e+02 9.569441406250000000e+03 9.569617824214306893e+03
6.787234928747639060e+02 9.566476562500000000e+03 9.569616835287477443e+03
6.787439259393140674e+02 9.571534179687500000e+03 9.569615828783837060e+03
6.787643592045642436e+02 9.573021484375000000e+03 9.569614804766106317e+03
6.787847923701629043e+02 9.573689453125000000e+03 9.569613763331684822e+03
6.788052254356443882e+02 9.580669921875000000e+03 9.569612704563327497e+03
6.788256587013602257e+02 9.569203125000000000e+03 9.569611628527816720e+03
6.788460918674245477e+02 9.572210937500000000e+03 9.569610535323288786e+03
6.788665250334888697e+02 9.571796875000000000e+03 9.569609425027014368e+03
6.788869582000188529e+02 9.574964843750000000e+03 9.569608297721439158e+03
6.789073913670144975e+02 9.567920898437500000e+03 9.569607153489043412e+03
6.789278246336616576e+02 9.565143554687500000e+03 9.569605992406615769e+03
6.789482577010057867e+02 9.568874023437500000e+03 9.569604814573740441e+03
6.789686908684670925e+02 9.575204101562500000e+03 9.569603620055757347e+03
6.789891240359283984e+02 9.567545898437500000e+03 9.569602408940871101e+03
6.790095572043210268e+02 9.571526367187500000e+03 9.569601181311496475e+03
6.790299903722479939e+02 9.567672851562500000e+03 9.569599937250188304e+03
6.790504236407577991e+02 9.573676757812500000e+03 9.569598676833153149e+03
6.790708567090332508e+02 9.566191406250000000e+03 9.569597400161541373e+03
6.790912898778915405e+02 9.567230468750000000e+03 9.569596107299148571e+03
6.791117231473326683e+02 9.574830078125000000e+03 9.569594798328207617e+03
6.791321562165394425e+02 9.568376953125000000e+03 9.569593473350581917e+03
6.791525894859805703e+02 9.569040039062500000e+03 9.569592132422780196e+03
6.791730226557701826e+02 9.567301757812500000e+03 9.569590775646836846e+03
6.791934557259082794e+02 9.569839843750000000e+03 9.569589403105457677e+03
6.792138889962807298e+02 9.575259765625000000e+03 9.569588014860855765e+03
6.792343221665360034e+02 9.573260742187500000e+03 9.569586611015794915e+03
6.792751885084435344e+02 9.574063476562500000e+03 9.569583756833815642e+03
6.792956216796301305e+02 9.574662109375000000e+03 9.569582306661870462e+03
6.793160549509339035e+02 9.569925781250000000e+03 9.569580841205384786e+03
6.793364880224689841e+02 9.566787109375000000e+03 9.569579360568446646e+03
6.793569211945869029e+02 9.569582031250000000e+03 9.569577864811879408e+03
6.793773544668219984e+02 9.574545898437500000e+03 9.569576354017966878e+03
6.793977875392884016e+02 9.571392578125000000e+03 9.569574828291468293e+03
6.794182207114063203e+02 9.571146484375000000e+03 9.569573287692608574e+03
6.794386539845727384e+02 9.565686523437500000e+03 9.569571732303535100e+03
6.794590870575048029e+02 9.561653320312500000e+03 9.569570162229767448e+03
6.794795202310197055e+02 9.582308593750000000e+03 9.569568577530770199e+03
6.794999535046517849e+02 9.573091796875000000e+03 9.569566978288839891e+03
6.795203866781666875e+02 9.564972656250000000e+03 9.569565364602120098e+03
6.795408198521472514e+02 9.576776367187500000e+03 9.569563736545251231e+03
6.795612530265934765e+02 9.564458984375000000e+03 9.569562094200704450e+03
6.795816862010397017e+02 9.567321289062500000e+03 9.569560437650989115e+03
6.796021193759515882e+02 9.564407226562500000e+03 9.569558766978543645e+03
6.796225525508634746e+02 9.573062500000000000e+03 9.569557082265877398e+03
6.796429856261238456e+02 9.576428710937500000e+03 9.569555383603787050e+03
6.796634189016185701e+02 9.562175781250000000e+03 9.569553671049707191e+03
6.796838520769961178e+02 9.573369140625000000e+03 9.569551944711187389e+03
6.797042851531878114e+02 9.580959960937500000e+03 9.569550204670824314e+03
6.797247184291481972e+02 9.570414062500000000e+03 9.569548450985534146e+03
6.797451516054570675e+02 9.571392578125000000e+03 9.569546683763383044e+03
6.797655848823487759e+02 9.567632812500000000e+03 9.569544903069534485e+03
6.797860179590061307e+02 9.570275390625000000e+03 9.569543109012769492e+03
6.798064511362463236e+02 9.576890625000000000e+03 9.569541301649253001e+03
6.798268844136036932e+02 9.566903320312500000e+03 9.569539481061297920e+03
6.798473174911923707e+02 9.574353515625000000e+03 9.569537647358205504e+03
6.798677506688982248e+02 9.566729492187500000e+03 9.569535800595622277e+03
6.798881839471869171e+02 9.567696289062500000e+03 9.569533940855792025e+03
6.799086170252412558e+02 9.566695312500000000e+03 9.569532068248667201e+03
6.799290503039956093e+02 9.574403320312500000e+03 9.569530182819971742e+03
6.799494834826327860e+02 9.564883789062500000e+03 9.569528284679847275e+03
6.799699165616184473e+02 9.571847656250000000e+03 9.569526373910906841e+03
6.799903498408384621e+02 9.570260742187500000e+03 9.569524450567492750e+03
6.800107830204069614e+02 9.566171875000000000e+03 9.569522514760208651e+03
6.800312161999754608e+02 9.566358398437500000e+03 9.569520566562183376e+03
6.800516493800096214e+02 9.572292968750000000e+03 9.569518606055846249e+03
6.800720825605094433e+02 9.570610351562500000e+03 9.569516633323668430e+03
6.800925157405436039e+02 9.574993164062500000e+03 9.569514648448213848e+03
6.801129489215090871e+02 9.573850585937500000e+03 9.569512651511822696e+03
6.801333821024745703e+02 9.566217773437500000e+03 9.569510642597058904e+03
6.801538153835572302e+02 9.570515625000000000e+03 9.569508621776463769e+03
6.801742485649883747e+02 9.571856445312500000e+03 9.569506589152275410e+03
6.801946816463023424e+02 9.567162109375000000e+03 9.569504544807179627e+03
6.802151149283163249e+02 9.572619140625000000e+03 9.569502488793466910e+03
6.802355481102131307e+02 9.573788085937500000e+03 9.569500421223798185e+03
6.802559811929240823e+02 9.566006835937500000e+03 9.569498342180721011e+03
6.802764144754037261e+02 9.569633789062500000e+03 9.569496251716202096e+03
6.802968475581146777e+02 9.564040039062500000e+03 9.569494149953599845e+03
6.803172808410599828e+02 9.571772460937500000e+03 9.569492036934239877e+03
6.803377140243537724e+02 9.568833984375000000e+03 9.569489912771521631e+03
6.803581471079960465e+02 9.576802734375000000e+03 9.569487777548085432e+03
6.803785803918726742e+02 9.568070312500000000e+03 9.569485631314984857e+03
6.803990135756321251e+02 9.582033203125000000e+03 9.569483474186163221e+03
6.804194466602057219e+02 9.564094726562500000e+03 9.569481306244153529e+03
6.804398799445480108e+02 9.565213867187500000e+03 9.569479127539634646e+03
6.804603131292387843e+02 9.555672851562500000e+03 9.569476938186919142e+03
6.804807462142780423e+02 9.545072265625000000e+03 9.569474738268647343e+03
6.805011794995516539e+02 9.547721679687500000e+03 9.569472527834925131e+03
6.805216126847080886e+02 9.551197265625000000e+03 9.569470307000639878e+03
6.805420459704473615e+02 9.555096679687500000e+03 9.569468075826449422e+03
6.805624790564179420e+02 9.543474609375000000e+03 9.569465834427706795e+03
6.805829122425056994e+02 9.539793945312500000e+03 9.569463582854063134e+03
6.806033455291762948e+02 9.544817382812500000e+03 9.569461321187784051e+03
6.806237786156125367e+02 9.544955078125000000e+03 9.569459049544726440e+03
6.806442118026316166e+02 9.543405273437500000e+03 9.569456767973981187e+03
6.806646450893022120e+02 9.547178710937500000e+03 9.569454476557992166e+03
6.806850781771354377e+02 9.534517578125000000e+03 9.569452175412769066e+03
6.807055113646201789e+02 9.540486328125000000e+03 9.569449864587251795e+03
6.807259446522220969e+02 9.544201171875000000e+03 9.569447544163707789e+03
6.807463778401724994e+02 9.550109375000000000e+03 9.569445214247309195e+03
6.807668110285885632e+02 9.545923828125000000e+03 9.569442874909174861e+03
6.807872442170046270e+02 9.553404296875000000e+03 9.569440526231839613e+03
6.808076774058863521e+02 9.545831054687500000e+03 9.569438168297718221e+03
6.808281106948852539e+02 9.555686523437500000e+03 9.569435801177716712e+03
6.808485437845811248e+02 9.553148437500000000e+03 9.569433424989067134e+03
6.808689769739285111e+02 9.573833007812500000e+03 9.569431039779541607e+03
6.808894102633930743e+02 9.578061523437500000e+03 9.569428645631433028e+03
6.809098433535546064e+02 9.567613281250000000e+03 9.569426242662357254e+03
6.809302766439504921e+02 9.564541015625000000e+03 9.569423830907804586e+03
6.809507097341120243e+02 9.570480468750000000e+03 9.569421410497516263e+03
6.809711429248563945e+02 9.570140625000000000e+03 9.569418981478394926e+03
6.809915762157179415e+02 9.565475585937500000e+03 9.569416543932848072e+03
6.810120093068107963e+02 9.568854492187500000e+03 9.569414097979182770e+03
6.810324424984864891e+02 9.571298828125000000e+03 9.569411643663981522e+03
6.810528757902793586e+02 9.567786132812500000e+03 9.569409181069653641e+03
6.810733088818378747e+02 9.568660156250000000e+03 9.569406710314928205e+03
6.810937420739792287e+02 9.572239257812500000e+03 9.569404231445969344e+03
6.811141753667034209e+02 9.567273437500000000e+03 9.569401744545128167e+03
6.811346084591932595e+02 9.572205078125000000e+03 9.569399249731550299e+03
6.811550417519174516e+02 9.568882812500000000e+03 9.569396747038816102e+03
6.811754749449901283e+02 9.562007812500000000e+03 9.569394236586071202e+03
6.811959080384112895e+02 9.570083007812500000e+03 9.569391718455903174e+03
6.812163413320668042e+02 9.568668945312500000e+03 9.569389192693774021e+03
6.812367745260708034e+02 9.567989257812500000e+03 9.569386659419169519e+03
6.812572077200748026e+02 9.578561523437500000e+03 9.569384118702266278e+03
6.812776409145444632e+02 9.581077148437500000e+03 9.569381570625477252e+03
6.812980741090141237e+02 9.567453125000000000e+03 9.569379015271337266e+03
6.813185074036009610e+02 9.565214843750000000e+03 9.569376452709748264e+03
6.813389404984191060e+02 9.570320312500000000e+03 9.569373883060841763e+03
6.813593736938200891e+02 9.566788085937500000e+03 9.569371306369375816e+03
6.813798069893382490e+02 9.566103515625000000e+03 9.569368722717777928e+03
6.814002401852048934e+02 9.571581054687500000e+03 9.569366132213785022e+03
6.814206732814200222e+02 9.570247070312500000e+03 9.569363534939966485e+03
6.814411065774038434e+02 9.578977539062500000e+03 9.569360930940692924e+03
6.814615397737361491e+02 9.569876953125000000e+03 9.569358320336543329e+03
6.814819728704169393e+02 9.574872070312500000e+03 9.569355703210090724e+03
6.815024061677977443e+02 9.565692382812500000e+03 9.569353079605290986e+03
6.815228393645957112e+02 9.567312500000000000e+03 9.569350449643254251e+03
6.815432725623250008e+02 9.573125976562500000e+03 9.569347813393440447e+03
6.815637057600542903e+02 9.568566406250000000e+03 9.569345170938435331e+03
6.815841388576664031e+02 9.571579101562500000e+03 9.569342522373710381e+03
6.816045721559785306e+02 9.569039062500000000e+03 9.569339867742706701e+03
6.816250053546391428e+02 9.566338867187500000e+03 9.569337207166869121e+03
6.816454384531825781e+02 9.561250976562500000e+03 9.569334540728821594e+03
6.816658717519603670e+02 9.573246093750000000e+03 9.569331868471797861e+03
6.816863049510866404e+02 9.566430664062500000e+03 9.569329190517451934e+03
6.817067380505613983e+02 9.565253906250000000e+03 9.569326506948340466e+03
6.817271713498048484e+02 9.566259765625000000e+03 9.569323817807577143e+03
6.817476045498624444e+02 9.570607421875000000e+03 9.569321123216930573e+03
6.817680378500372171e+02 9.567388671875000000e+03 9.569318423232598434e+03
6.817884709504432976e+02 9.574921875000000000e+03 9.569315717976722226e+03
6.818089041509665549e+02 9.575614257812500000e+03 9.569313007492106408e+03
6.818293374516069889e+02 9.579278320312500000e+03 9.569310291861151200e+03
6.818497705529443920e+02 9.566110351562500000e+03 9.569307571206163630e+03
6.818702037543989718e+02 9.567996093750000000e+03 9.569304845569782628e+03
6.818906370555050671e+02 9.585938476562500000e+03 9.569302115034477538e+03
6.819110702574253082e+02 9.566386718750000000e+03 9.569299379709291316e+03
6.819315034593455493e+02 9.576024414062500000e+03 9.569296639663454698e+03
6.819519366617314517e+02 9.562912109375000000e+03 9.569293894979382458e+03
6.819723698641173542e+02 9.572402343750000000e+03 9.569291145739609419e+03
6.819928030669689178e+02 9.574165039062500000e+03 9.569288392026544898e+03
6.820132362702861428e+02 9.560084960937500000e+03 9.569285633922667330e+03
6.820336694731377065e+02 9.568421875000000000e+03 9.569282871510577024e+03
6.820541027770377696e+02 9.575765625000000000e+03 9.569280104858989944e+03
6.820745358807034791e+02 9.568943359375000000e+03 9.569277334091208104e+03
6.820949690844863653e+02 9.564768554687500000e+03 9.569274559249004596e+03
6.821154022887349129e+02 9.567508789062500000e+03 9.569271780428358397e+03
6.821358354934491217e+02 9.577364257812500000e+03 9.569268997711740667e+03
6.821562687978148460e+02 9.570215820312500000e+03 9.569266211168096561e+03
6.821767020029947162e+02 9.571906250000000000e+03 9.569263420907012915e+03
6.821971351080574095e+02 9.563776367187500000e+03 9.569260627011142788e+03
6.822175684133544564e+02 9.568325195312500000e+03 9.569257829521870008e+03
6.822584347249940038e+02 9.563044921875000000e+03 9.569252224216152172e+03
6.822788680312223732e+02 9.568162109375000000e+03 9.569249416523522086e+03
6.822993011376820505e+02 9.563547851562500000e+03 9.569246605622251082e+03
6.823197344443760812e+02 9.568148437500000000e+03 9.569243791539782251e+03
6.823401676514185965e+02 9.575483398437500000e+03 9.569240974399868719e+03
6.823606007583439350e+02 9.566809570312500000e+03 9.569238154285090786e+03
6.823810340659692883e+02 9.573121093750000000e+03 9.569235331236388447e+03
6.824014672734774649e+02 9.571498046875000000e+03 9.569232505377773123e+03
6.824219004814513028e+02 9.563507812500000000e+03 9.569229676777831628e+03
6.824423336894251406e+02 9.560487304687500000e+03 9.569226845519096969e+03
6.824627668978646398e+02 9.559521484375000000e+03 9.569224011683985736e+03
6.824832001063041389e+02 9.567358398437500000e+03 9.569221175355036394e+03
6.825036333152092993e+02 9.573636718750000000e+03 9.569218336614656437e+03
6.825240665241144598e+02 9.571832031250000000e+03 9.569215495545380691e+03
6.825444998336024582e+02 9.567617187500000000e+03 9.569212652215688649e+03
6.825649329428561032e+02 9.573247070312500000e+03 9.569209806749930067e+03
6.825853661526925862e+02 9.558904296875000000e+03 9.569206959188701148e+03
6.826057994631119072e+02 9.565346679687500000e+03 9.569204109614445770e+03
6.826262326734140515e+02 9.582480468750000000e+03 9.569201258137629338e+03
6.826466657835990191e+02 9.567942382812500000e+03 9.569198404840755757e+03
6.826670990944840014e+02 9.564747070312500000e+03 9.569195549764277530e+03
6.826875323057174683e+02 9.572443359375000000e+03 9.569192693032620809e+03
6.827079654168337584e+02 9.570089843750000000e+03 9.569189834728356800e+03
6.827283987286500633e+02 9.569046875000000000e+03 9.569186974891861610e+03
6.827488319403491914e+02 9.568852539062500000e+03 9.569184113647705090e+03
6.827692651520483196e+02 9.567166015625000000e+03 9.569181251064350363e+03
6.827896983642131090e+02 9.572778320312500000e+03 9.569178387224208564e+03
6.828101315768435597e+02 9.557805664062500000e+03 9.569175522209754490e+03
6.828305647894740105e+02 9.560198242187500000e+03 9.569172656103528425e+03
6.828509980025701225e+02 9.574770507812500000e+03 9.569169788987936045e+03
6.828714312161318958e+02 9.566492187500000000e+03 9.569166920945452148e+03
6.828918644292280078e+02 9.574177734375000000e+03 9.569164052058689776e+03
6.829122976432554424e+02 9.567679687500000000e+03 9.569161182409920002e+03
6.829327309569343925e+02 9.563712890625000000e+03 9.569158312067746010e+03
6.829531640713103116e+02 9.567994140625000000e+03 9.569155441156646702e+03
6.829735972858034074e+02 9.566202148437500000e+03 9.569152569717034567e+03
6.829940306004136801e+02 9.572344726562500000e+03 9.569149697831369849e+03
6.830144637152552605e+02 9.573802734375000000e+03 9.569146825624284247e+03
6.830348969306796789e+02 9.573431640625000000e+03 9.569143953136031996e+03
6.830553302457556129e+02 9.565218750000000000e+03 9.569141080449218862e+03
6.830757634616456926e+02 9.569056640625000000e+03 9.569138207674268415e+03
6.830961965774185956e+02 9.569595703125000000e+03 9.569135334893791878e+03
6.831166298938915133e+02 9.565867187500000000e+03 9.569132462147968909e+03
6.831370631102472544e+02 9.566910156250000000e+03 9.569129589561565808e+03
6.831574963270686567e+02 9.564594726562500000e+03 9.569126717202922009e+03
6.831779295438900590e+02 9.563597656250000000e+03 9.569123845154568698e+03
6.832187960781157017e+02 9.573189453125000000e+03 9.569118102304519198e+03
6.832392291962169111e+02 9.572028320312500000e+03 9.569115231695770490e+03
6.832596624139696360e+02 9.574472656250000000e+03 9.569112361713214341e+03
6.832800957318395376e+02 9.565519531250000000e+03 9.569109492439270980e+03
6.833005288504064083e+02 9.570312500000000000e+03 9.569106623998452051e+03
6.833209621692076325e+02 9.565820312500000000e+03 9.569103756417145632e+03
6.833413953878916800e+02 9.568708984375000000e+03 9.569100889819985241e+03
6.833618285069242120e+02 9.562592773437500000e+03 9.569098024289363821e+03
6.833822618261910975e+02 9.570255859375000000e+03 9.569095159865712048e+03
6.834026950458064675e+02 9.566480468750000000e+03 9.569092296673545206e+03
6.834231281657703221e+02 9.562864257812500000e+03 9.569089434795325360e+03
6.834435614859685302e+02 9.570057617187500000e+03 9.569086574271532299e+03
6.834639946063980460e+02 9.561859375000000000e+03 9.569083715240640231e+03
6.834844278269447386e+02 9.569170898437500000e+03 9.569080857743148954e+03
6.835048611476086080e+02 9.567190429687500000e+03 9.569078001861558732e+03
6.835252942685037851e+02 9.571837890625000000e+03 9.569075147720246605e+03
6.835457275900989771e+02 9.575989257812500000e+03 9.569072295345749808e+03
6.835661608115769923e+02 9.572562500000000000e+03 9.569069444862545424e+03
6.835865939334034920e+02 9.568623046875000000e+03 9.569066596353015484e+03
6.836070272554643452e+02 9.567488281250000000e+03 9.569063749857847142e+03
6.836274604778736830e+02 9.571841796875000000e+03 9.569060905501304660e+03
6.836478937002830207e+02 9.571874023437500000e+03 9.569058063351974852e+03
6.836683269231580198e+02 9.574131835937500000e+03 9.569055223492268851e+03
6.836887601460330188e+02 9.573933593750000000e+03 9.569052386004723303e+03
6.837091933693736792e+02 9.572172851562500000e+03 9.569049550971751160e+03
6.837296265931800008e+02 9.571845703125000000e+03 9.569046718475827220e+03
6.837500598169863224e+02 9.571940429687500000e+03 9.569043888599489947e+03
6.837704931409098208e+02 9.568399414062500000e+03 9.569041061411367991e+03
6.837909263651818037e+02 9.572269531250000000e+03 9.569038237021577515e+03
6.838113594898022711e+02 9.570864257812500000e+03 9.569035415512553300e+03
6.838317928146570921e+02 9.573171875000000000e+03 9.569032596925379039e+03
6.838522260393947363e+02 9.560987304687500000e+03 9.569029781383984300e+03
6.838726591649465263e+02 9.574048828125000000e+03 9.569026968970669259e+03
6.838930924902670085e+02 9.563004882812500000e+03 9.569024159726785001e+03
6.839135257159359753e+02 9.567393554687500000e+03 9.569021353775991884e+03
6.839339590421877801e+02 9.567761718750000000e+03 9.569018551173274318e+03
6.839543921682052314e+02 9.568931640625000000e+03 9.569015752042338136e+03
6.839748253948055208e+02 9.563928710937500000e+03 9.569012956424423464e+03
6.839952587215229869e+02 9.566903320312500000e+03 9.569010164402125156e+03
6.840156918484717607e+02 9.561778320312500000e+03 9.569007376098861641e+03
6.840361250760033727e+02 9.570618164062500000e+03 9.569004591556102241e+03
6.840565583035349846e+02 9.568634765625000000e+03 9.569001810870046029e+03
6.840769915310665965e+02 9.567614257812500000e+03 9.568999034123180536e+03
6.840974246589466929e+02 9.568389648437500000e+03 9.568996261411481100e+03
6.841178579870611429e+02 9.575356445312500000e+03 9.568993492776768107e+03
6.841382912159897387e+02 9.571764648437500000e+03 9.568990728342108923e+03
6.841587245445698500e+02 9.566212890625000000e+03 9.568987968163086407e+03
6.841791576733812690e+02 9.573738281250000000e+03 9.568985212362586026e+03
6.841995909027755260e+02 9.573721679687500000e+03 9.568982460982540942e+03
6.842200242322869599e+02 9.570102539062500000e+03 9.568979714105558742e+03
6.842404573620297015e+02 9.568055664062500000e+03 9.568976971854390285e+03
6.842608905918896198e+02 9.572338867187500000e+03 9.568974234271230671e+03
6.842813239223323762e+02 9.567876953125000000e+03 9.568971501438567429e+03
6.843017571526579559e+02 9.562637695312500000e+03 9.568968773465710910e+03
6.843221903834491968e+02 9.567909179687500000e+03 9.568966050421677210e+03
6.843426236142404377e+02 9.567738281250000000e+03 9.568963332388999333e+03
6.843630568454973400e+02 9.563317382812500000e+03 9.568960619450093873e+03
6.843834900767542422e+02 9.567071289062500000e+03 9.568957911687495653e+03
6.844039233084768057e+02 9.570429687500000000e+03 9.568955209183615807e+03
6.844243565406650305e+02 9.568444335937500000e+03 9.568952512020934591e+03
6.844447898729704320e+02 9.559618164062500000e+03 9.568949820268811891e+03
6.844652230050414801e+02 9.572491210937500000e+03 9.568947134049245506e+03
6.844856562381610274e+02 9.570772460937500000e+03 9.568944453405063541e+03
6.845060895709320903e+02 9.571481445312500000e+03 9.568941778419008187e+03
6.845265227039344609e+02 9.565972656250000000e+03 9.568939109212707990e+03
6.845469560376368463e+02 9.567534179687500000e+03 9.568936445816329069e+03
6.845673892712220550e+02 9.564770507812500000e+03 9.568933788351594558e+03
6.845878224051557481e+02 9.569535156250000000e+03 9.568931136900831916e+03
6.846082557393237948e+02 9.570471679687500000e+03 9.568928491507651415e+03
6.846286889738403261e+02 9.562907226562500000e+03 9.568925852293392381e+03
6.846491221082396805e+02 9.560794921875000000e+03 9.568923219340505966e+03
6.846695554433390498e+02 9.567284179687500000e+03 9.568920592692742503e+03
6.846899886787869036e+02 9.569678710937500000e+03 9.568917972471237590e+03
6.847104218141175807e+02 9.570418945312500000e+03 9.568915358758429647e+03
6.847308551496826112e+02 9.569007812500000000e+03 9.568912751598425530e+03
6.847512882854789495e+02 9.570220703125000000e+03 9.568910151124735421e+03
6.847717216219753027e+02 9.567417968750000000e+03 9.568907557368864218e+03
6.847921548583544791e+02 9.566404296875000000e+03 9.568904970451529152e+03
6.848125879950821400e+02 9.572648437500000000e+03 9.568902390455041314e+03
6.848330213315784931e+02 9.576496093750000000e+03 9.568899817424120556e+03
6.848534545688889921e+02 9.565051757812500000e+03 9.568897251478942053e+03
6.848738878061994910e+02 9.563412109375000000e+03 9.568894692689467774e+03
6.848943210439756513e+02 9.569272460937500000e+03 9.568892141138119769e+03
6.849147542817518115e+02 9.568735351562500000e+03 9.568889596907427403e+03
6.849351876201108098e+02 9.576169921875000000e+03 9.568887060067398124e+03
6.849556208583526313e+02 9.571023437500000000e+03 9.568884530725426885e+03
6.849760539969429374e+02 9.568638671875000000e+03 9.568882008963817498e+03
6.849964873362332582e+02 9.569659179687500000e+03 9.568879494828037423e+03
6.850169205754064023e+02 9.568199218750000000e+03 9.568876988437625187e+03
6.850373537149280310e+02 9.569828125000000000e+03 9.568874489874886422e+03
6.850577870542183518e+02 9.571277343750000000e+03 9.568871999185743334e+03
6.850782202943228185e+02 9.557494140625000000e+03 9.568869516489168745e+03
6.850986534343101084e+02 9.568710937500000000e+03 9.568867041867633816e+03
6.851190867749974132e+02 9.570367187500000000e+03 9.568864575367242651e+03
6.851395200155675411e+02 9.565391601562500000e+03 9.568862117106837104e+03
6.851599533562548459e+02 9.567064453125000000e+03 9.568859667144806735e+03
6.851803864976391196e+02 9.568233398437500000e+03 9.568857225599467711e+03
6.852008197391405702e+02 9.564988281250000000e+03 9.568854792517453461e+03
6.852416862226091325e+02 9.557572265625000000e+03 9.568849952109199876e+03
6.852621194645762444e+02 9.564970703125000000e+03 9.568847544947910137e+03
6.852825528071261942e+02 9.566912109375000000e+03 9.568845146580046276e+03
6.853029859499074519e+02 9.566928710937500000e+03 9.568842757123267802e+03
6.853234192924574018e+02 9.565629882812500000e+03 9.568840376613337867e+03
6.853438525358214974e+02 9.566246093750000000e+03 9.568838005167619485e+03
6.853642856790684164e+02 9.567875976562500000e+03 9.568835642868561990e+03
6.853847190230153501e+02 9.568812500000000000e+03 9.568833289763933863e+03
6.854051521667279303e+02 9.563991210937500000e+03 9.568830945982379490e+03
6.854255854110233486e+02 9.566916015625000000e+03 9.568828611571801957e+03
6.854460187554359436e+02 9.572578125000000000e+03 9.568826286614865239e+03
6.854664520001970232e+02 9.565832031250000000e+03 9.568823971216779682e+03
6.854868851448409259e+02 9.569170898437500000e+03 9.568821665459930955e+03
6.855073184901848435e+02 9.570686523437500000e+03 9.568819369392915178e+03
6.855277517354115844e+02 9.568103515625000000e+03 9.568817083132085827e+03
6.855481849811039865e+02 9.571240234375000000e+03 9.568814806748596311e+03
6.855686182272620499e+02 9.567237304687500000e+03 9.568812540324914153e+03
6.855890514734201133e+02 9.569980468750000000e+03 9.568810283943568720e+03
6.856094847195781767e+02 9.563060546875000000e+03 9.568808037687038450e+03
6.856299179662019014e+02 9.567565429687500000e+03 9.568805801637743571e+03
6.856503512132912874e+02 9.561639648437500000e+03 9.568803575878164338e+03
6.856707845604978502e+02 9.565656250000000000e+03 9.568801360479992582e+03
6.856912177079357207e+02 9.566127929687500000e+03 9.568799155558141138e+03
6.857116510556079447e+02 9.574519531250000000e+03 9.568796961151927462e+03
6.857320843031629920e+02 9.564106445312500000e+03 9.568794777376153434e+03
6.857525174515321851e+02 9.564450195312500000e+03 9.568792604313042830e+03
6.857729508001357317e+02 9.569023437500000000e+03 9.568790442013307256e+03
6.857933840486221015e+02 9.572517578125000000e+03 9.568788290591279292e+03
6.858138171974569559e+02 9.575992187500000000e+03 9.568786150129231828e+03
6.858342505469918251e+02 9.567996093750000000e+03 9.568784020678254819e+03
6.858546837959438562e+02 9.574068359375000000e+03 9.568781902352304314e+03
6.858751169457100332e+02 9.563585937500000000e+03 9.568779795233542245e+03
6.858955502957105637e+02 9.571384765625000000e+03 9.568777699373658834e+03
6.859159835460595787e+02 9.570675781250000000e+03 9.568775614885966206e+03
6.859364167964085937e+02 9.578595703125000000e+03 9.568773541842689156e+03
6.859568500467576087e+02 9.578414062500000000e+03 9.568771480326307938e+03
6.859772832980379462e+02 9.566286132812500000e+03 9.568769430419197306e+03
6.859977165493182838e+02 9.576073242187500000e+03 9.568767392203932104e+03
6.860181498005986214e+02 9.571567382812500000e+03 9.568765365762985311e+03
6.860385830523446202e+02 9.565474609375000000e+03 9.568763351178788071e+03
6.861203160616569221e+02 9.567433593750000000e+03 9.568755413059217972e+03
6.861407493143342435e+02 9.570583007812500000e+03 9.568753458996032350e+03
6.861611826675944030e+02 9.568401367187500000e+03 9.568751517274962680e+03
6.861816159212030470e+02 9.567982421875000000e+03 9.568749587997515846e+03
6.862020490746945143e+02 9.570589843750000000e+03 9.568747671246026584e+03
6.862224824288859963e+02 9.560023437500000000e+03 9.568745767074848118e+03
6.862429156829603016e+02 9.568499023437500000e+03 9.568743875594573183e+03
6.862633488373830914e+02 9.569659179687500000e+03 9.568741996887456480e+03
6.862837821920402348e+02 9.575616210937500000e+03 9.568740131008491517e+03
6.863042154470458627e+02 9.570155273437500000e+03 9.568738278067630745e+03
6.863246488021686673e+02 9.567130859375000000e+03 9.568736438129235466e+03
6.863450819575227797e+02 9.559424804687500000e+03 9.568734611302692429e+03
6.863655152134597301e+02 9.571913085937500000e+03 9.568732797643524464e+03
6.863859485695138574e+02 9.560584960937500000e+03 9.568730997234442839e+03
6.864063817257992923e+02 9.561543945312500000e+03 9.568729210184250405e+03
6.864268149822019041e+02 9.569620117187500000e+03 9.568727436549095728e+03
6.864472483387216926e+02 9.568595703125000000e+03 9.568725676411651875e+03
6.864676814959384501e+02 9.570440429687500000e+03 9.568723929880088690e+03
6.864881147528067231e+02 9.568137695312500000e+03 9.568722197011227763e+03
6.865085481102578342e+02 9.569416992187500000e+03 9.568720477887665766e+03
6.865289812684059143e+02 9.561083984375000000e+03 9.568718772617006834e+03
6.865494146263226867e+02 9.567253906250000000e+03 9.568717081248425529e+03
6.865698478845879436e+02 9.567056640625000000e+03 9.568715403889282243e+03
6.865902810427360237e+02 9.572366210937500000e+03 9.568713740621886245e+03
6.866107144015841186e+02 9.567166015625000000e+03 9.568712091504325144e+03
6.866311476607806981e+02 9.566325195312500000e+03 9.568710456643428188e+03
6.866515808198601007e+02 9.566690429687500000e+03 9.568708836121490094e+03
6.866720141791738570e+02 9.568543945312500000e+03 9.568707229997275135e+03
6.866924474393017590e+02 9.574561523437500000e+03 9.568705638376899515e+03
6.867128806989639997e+02 9.570509765625000000e+03 9.568704061335045481e+03
6.867333139595575631e+02 9.568573242187500000e+03 9.568702498954080511e+03
6.867537472196854651e+02 9.574020507812500000e+03 9.568700951316583087e+03
6.867741804807446897e+02 9.573591796875000000e+03 9.568699418504926143e+03
6.867946137418039143e+02 9.567123046875000000e+03 9.568697900601655419e+03
6.868150470028631389e+02 9.557786132812500000e+03 9.568696397689245714e+03
6.868354803645052016e+02 9.561877929687500000e+03 9.568694909842886773e+03
6.868559135263785720e+02 9.567596679687500000e+03 9.568693437166810327e+03
6.868763467883691192e+02 9.573724609375000000e+03 9.568691979721770622e+03
6.868967801504768431e+02 9.567312500000000000e+03 9.568690537590466192e+03
6.869172133132815361e+02 9.566905273437500000e+03 9.568689110876392078e+03
6.869376466758549213e+02 9.571630859375000000e+03 9.568687699634157980e+03
6.869580799387767911e+02 9.573493164062500000e+03 9.568686303967035201e+03
6.869785131020471454e+02 9.563700195312500000e+03 9.568684923957271167e+03
6.869989464660175145e+02 9.566262695312500000e+03 9.568683559667168083e+03
6.870193797294050455e+02 9.567802734375000000e+03 9.568682211199440644e+03
6.870398128936067224e+02 9.564772460937500000e+03 9.568680878636232592e+03
6.870602462580427527e+02 9.563604492187500000e+03 9.568679562040615565e+03
6.870806795223616064e+02 9.573565429687500000e+03 9.568678261514527549e+03
6.871011128872632980e+02 9.559474609375000000e+03 9.568676977127681312e+03
6.871215460523962975e+02 9.562634765625000000e+03 9.568675708981303615e+03
6.871419793176464736e+02 9.575325195312500000e+03 9.568674457139146398e+03
6.871624126834794879e+02 9.566322265625000000e+03 9.568673221683891825e+03
6.871828458490781486e+02 9.574874023437500000e+03 9.568672002716088173e+03
6.872032791152596474e+02 9.572284179687500000e+03 9.568670800300136762e+03
6.872237123814411461e+02 9.579397460937500000e+03 9.568669614524564167e+03
6.872441456480883062e+02 9.573107421875000000e+03 9.568668445471808809e+03
6.872645789147354662e+02 9.564047851562500000e+03 9.568667293224378227e+03
6.872850121818482876e+02 9.561781250000000000e+03 9.568666157864725392e+03
6.873054454494267702e+02 9.567237304687500000e+03 9.568665039475319645e+03
6.873258788171224296e+02 9.566988281250000000e+03 9.568663938133311603e+03
6.873463120847009122e+02 9.566003906250000000e+03 9.568662853931971767e+03
6.873667452530935407e+02 9.566323242187500000e+03 9.568661786953467526e+03
6.873871786212548614e+02 9.565666992187500000e+03 9.568660737264795898e+03
6.874076118897646666e+02 9.572522460937500000e+03 9.568659704963942204e+03
6.874280450590886176e+02 9.569276367187500000e+03 9.568658690133099299e+03
6.874484784281812608e+02 9.563059570312500000e+03 9.568657692840028176e+03
6.874689116976223886e+02 9.569046875000000000e+03 9.568656713181946543e+03
6.874893448669463396e+02 9.571510742187500000e+03 9.568655751241090911e+03
6.875097782369703054e+02 9.575577148437500000e+03 9.568654807085904395e+03
6.875302115068770945e+02 9.571275390625000000e+03 9.568653880812897114e+03
6.875506448773667216e+02 9.570021484375000000e+03 9.568652972495448921e+03
6.875710780480876565e+02 9.564424804687500000e+03 9.568652082229251391e+03
6.875915113189257681e+02 9.565483398437500000e+03 9.568651210083582555e+03
6.876119446903467178e+02 9.569462890625000000e+03 9.568650356141170050e+03
6.876323778615333140e+02 9.570192382812500000e+03 9.568649520496919649e+03
6.876528111333027482e+02 9.568844726562500000e+03 9.568648703220875177e+03
6.876732445051893592e+02 9.570720703125000000e+03 9.568647904395798832e+03
6.876936776773072779e+02 9.563856445312500000e+03 9.568647124115759652e+03
6.877141110496595502e+02 9.562798828125000000e+03 9.568646362447952924e+03
6.877345443223603070e+02 9.571122070312500000e+03 9.568645619486173018e+03
6.877549774954095483e+02 9.573285156250000000e+03 9.568644895312623703e+03
6.877754108686931431e+02 9.570520507812500000e+03 9.568644189999286027e+03
6.877958441423252225e+02 9.567566406250000000e+03 9.568643503639126720e+03
6.878162774159573019e+02 9.567811523437500000e+03 9.568642836311140854e+03
6.878367106900550425e+02 9.570002929687500000e+03 9.568642188097781400e+03
6.878571439641527832e+02 9.565348632812500000e+03 9.568641559081544983e+03
6.878775772387161851e+02 9.568821289062500000e+03 9.568640949344890032e+03
6.878980105132795870e+02 9.569834960937500000e+03 9.568640358970307716e+03
6.879184437883086503e+02 9.562210937500000000e+03 9.568639788040260100e+03
6.879388770633377135e+02 9.577060546875000000e+03 9.568639236637238355e+03
6.879593103388324380e+02 9.567893554687500000e+03 9.568638704843702726e+03
6.879797436147928238e+02 9.562524414062500000e+03 9.568638192742131650e+03
6.880001768907532096e+02 9.566277343750000000e+03 9.568637700415010841e+03
6.880206101671792567e+02 9.574453125000000000e+03 9.568637227944807819e+03
6.880410434436053038e+02 9.570862304687500000e+03 9.568636775414008298e+03
6.880614768206141889e+02 9.572988281250000000e+03 9.568636342903007971e+03
6.880819099973887205e+02 9.579493164062500000e+03 9.568635930500502582e+03
6.881023433748632669e+02 9.568433593750000000e+03 9.568635538280876062e+03
6.881227766522206366e+02 9.565677734375000000e+03 9.568635166332529479e+03
6.881432098299264908e+02 9.572851562500000000e+03 9.568634814737626584e+03
6.881636432078666985e+02 9.570315429687500000e+03 9.568634483573639955e+03
6.882045096647925675e+02 9.567444335937500000e+03 9.568633882883039405e+03
6.882249430436640978e+02 9.572735351562500000e+03 9.568633613516971309e+03
6.882453763228841126e+02 9.568956054687500000e+03 9.568633364916428036e+03
6.882658095024526119e+02 9.566456054687500000e+03 9.568633137163586071e+03
6.882862428817898035e+02 9.565080078125000000e+03 9.568632930337733342e+03
6.883066761614754796e+02 9.573216796875000000e+03 9.568632744524529699e+03
6.883271095417439938e+02 9.564733398437500000e+03 9.568632579804632769e+03
6.883475427222438157e+02 9.570593750000000000e+03 9.568632436262785632e+03
6.883679760028608143e+02 9.572567382812500000e+03 9.568632313979200262e+03
6.883884093835949898e+02 9.570375000000000000e+03 9.568632213036666144e+03
6.884088425645604730e+02 9.570124023437500000e+03 9.568632133518984119e+03
6.884292758461087942e+02 9.569458984375000000e+03 9.568632075507304762e+03
6.884497092277742922e+02 9.567815429687500000e+03 9.568632039084421194e+03
6.884701424096710980e+02 9.568827148437500000e+03 9.568632024333182926e+03
6.884905757918022573e+02 9.575898437500000000e+03 9.568632031335782813e+03
6.885110090742819011e+02 9.558167968750000000e+03 9.568632060174750222e+03
6.885314422566443682e+02 9.569676757812500000e+03 9.568632110932241631e+03
6.885518756397068501e+02 9.635883789062500000e+03 9.568632183691639511e+03
6.885723089231178164e+02 9.568528320312500000e+03 9.568632278534518264e+03
6.885927421064116061e+02 9.567049804687500000e+03 9.568632395543019811e+03
6.886131754899397492e+02 9.567029296875000000e+03 9.568632534801507063e+03
6.886336087738163769e+02 9.575792968750000000e+03 9.568632696390577621e+03
6.886540419580414891e+02 9.570014648437500000e+03 9.568632880392371590e+03
6.886744753425009549e+02 9.563416015625000000e+03 9.568633086892241408e+03
6.886949086273089051e+02 9.564146484375000000e+03 9.568633315969789692e+03
6.887153420122340322e+02 9.563409179687500000e+03 9.568633567709737690e+03
6.887357751973904669e+02 9.567790039062500000e+03 9.568633842190700307e+03
6.887562084831297398e+02 9.565135742187500000e+03 9.568634139499019511e+03
6.887766418685205281e+02 9.563667968750000000e+03 9.568634459717493883e+03
6.887970750546082854e+02 9.569767578125000000e+03 9.568634802923746975e+03
6.888175083408132195e+02 9.571428710937500000e+03 9.568635169205113925e+03
6.888379417276009917e+02 9.565433593750000000e+03 9.568635558644422417e+03
6.888583749141544104e+02 9.567935546875000000e+03 9.568635971318239172e+03
6.888788083014078438e+02 9.567791015625000000e+03 9.568636407317146222e+03
6.888992415885441005e+02 9.572899414062500000e+03 9.568636866717366502e+03
6.889196747760288417e+02 9.567934570312500000e+03 9.568637349601041933e+03
6.889401081637479365e+02 9.578535156250000000e+03 9.568637856057914178e+03
6.889605414518155158e+02 9.563917968750000000e+03 9.568638386163194809e+03
6.889809747403487563e+02 9.557102539062500000e+03 9.568638940001786978e+03
6.890014080288819969e+02 9.570071289062500000e+03 9.568639517656154567e+03
6.890218413178808987e+02 9.574000000000000000e+03 9.568640119208786928e+03
6.890422746068798006e+02 9.566563476562500000e+03 9.568640744742144307e+03
6.890627078958787024e+02 9.564565429687500000e+03 9.568641394338705140e+03
6.890831411858089268e+02 9.570570312500000000e+03 9.568642068080975150e+03
6.891035745753906667e+02 9.567360351562500000e+03 9.568642766054865206e+03
6.891240077656693757e+02 9.572323242187500000e+03 9.568643488332458219e+03
6.891444410560652614e+02 9.572721679687500000e+03 9.568644235006639065e+03
6.891648743469268084e+02 9.571380859375000000e+03 9.568645006156421005e+03
6.891853076373226941e+02 9.563950195312500000e+03 9.568645801864244277e+03
6.892057409286499023e+02 9.576130859375000000e+03 9.568646622212638249e+03
6.892261743200942874e+02 9.562329101562500000e+03 9.568647467288246844e+03
6.892466075117699802e+02 9.565194335937500000e+03 9.568648337160961091e+03
6.892670408035628498e+02 9.562501953125000000e+03 9.568649231925839558e+03
6.892874741959385574e+02 9.565890625000000000e+03 9.568650151665746307e+03
6.893079073880799115e+02 9.569630859375000000e+03 9.568651096449433680e+03
6.893283407809212804e+02 9.570149414062500000e+03 9.568652066377921074e+03
6.893487740741111338e+02 9.569199218750000000e+03 9.568653061519606126e+03
6.893692072671838105e+02 9.574591796875000000e+03 9.568654081956574373e+03
6.893896406604908407e+02 9.567658203125000000e+03 9.568655127786489174e+03
6.894100739541463554e+02 9.566368164062500000e+03 9.568656199076664052e+03
6.894305071481503546e+02 9.566166015625000000e+03 9.568657295909197273e+03
6.894509405423887074e+02 9.568301757812500000e+03 9.568658418382858144e+03
6.894713738369755447e+02 9.565698242187500000e+03 9.568659566563834233e+03
6.894918072316795588e+02 9.565056640625000000e+03 9.568660740545827139e+03
6.895122404266148806e+02 9.568653320312500000e+03 9.568661940393893019e+03
6.895326737221330404e+02 9.568313476562500000e+03 9.568663166207959875e+03
6.895531071173027158e+02 9.572051757812500000e+03 9.568664418070824468e+03
6.895735403131693602e+02 9.569250000000000000e+03 9.568665696046460653e+03
6.895939736091531813e+02 9.579341796875000000e+03 9.568667000235878731e+03
6.896144070057198405e+02 9.564950195312500000e+03 9.568668330721970051e+03
6.896348402020521462e+02 9.571389648437500000e+03 9.568669687567427900e+03
6.896552734989672899e+02 9.568198242187500000e+03 9.568671070874515863e+03
6.896757068959996104e+02 9.568391601562500000e+03 9.568672480726065260e+03
6.896961401933804154e+02 9.568500000000000000e+03 9.568673917190766588e+03
6.897165734907612205e+02 9.570789062500000000e+03 9.568675380357912218e+03
6.897370067886076868e+02 9.570507812500000000e+03 9.568676870310007871e+03
6.897574400869198143e+02 9.564300781250000000e+03 9.568678387129533803e+03
6.897778733852319419e+02 9.567943359375000000e+03 9.568679930898928433e+03
6.897983066840097308e+02 9.567842773437500000e+03 9.568681501700708395e+03
6.898187398826703429e+02 9.565797851562500000e+03 9.568683099609408600e+03
6.898391732820309699e+02 9.577587890625000000e+03 9.568684724731243477e+03
6.898596065812744200e+02 9.578125976562500000e+03 9.568686377124953651e+03
6.898800398809835315e+02 9.569660156250000000e+03 9.568688056880955628e+03
6.899004731806926429e+02 9.570839843750000000e+03 9.568689764081686008e+03
6.899209064808674157e+02 9.566411132812500000e+03 9.568691498809657787e+03
6.899413398816250265e+02 9.567656250000000000e+03 9.568693261156055087e+03
6.899617730821482837e+02 9.564792968750000000e+03 9.568695051177204732e+03
6.899822063832543790e+02 9.569248046875000000e+03 9.568696868981729494e+03
6.900026397844776511e+02 9.572223632812500000e+03 9.568698714652477065e+03
6.900230729859322309e+02 9.569675781250000000e+03 9.568700588244631945e+03
6.900435062875039876e+02 9.572496093750000000e+03 9.568702489867959230e+03
6.900639396896585822e+02 9.568116210937500000e+03 9.568704419605390285e+03
6.900843728915788233e+02 9.570574218750000000e+03 9.568706377510792663e+03
6.901048062941990793e+02 9.574670898437500000e+03 9.568708363705052761e+03
6.901252395971678197e+02 9.572560546875000000e+03 9.568710378241667058e+03
6.901456728000193834e+02 9.569405273437500000e+03 9.568712421202646510e+03
6.901661062031053007e+02 9.568413085937500000e+03 9.568714492700704795e+03
6.901865395070053637e+02 9.570570312500000000e+03 9.568716592788177877e+03
6.902069728104397655e+02 9.569924804687500000e+03 9.568718721557477693e+03
6.902274061148054898e+02 9.567147460937500000e+03 9.568720879091220922e+03
6.902478394191712141e+02 9.570890625000000000e+03 9.568723065471789596e+03
6.902682727235369384e+02 9.573829101562500000e+03 9.568725280781669426e+03
6.902887060283683240e+02 9.567627929687500000e+03 9.568727525103375228e+03
6.903091393336653709e+02 9.572009765625000000e+03 9.568729798519389078e+03
6.903295727390795946e+02 9.576761718750000000e+03 9.568732101123488974e+03
6.903500060443766415e+02 9.570979492187500000e+03 9.568734432975585150e+03
6.903704392504878342e+02 9.569882812500000000e+03 9.568736794157834083e+03
6.903908726563677192e+02 9.576657226562500000e+03 9.568739184787475097e+03
6.904113059630617499e+02 9.560588867187500000e+03 9.568741604912222101e+03
6.904317391696386039e+02 9.567209960937500000e+03 9.568744054614009656e+03
6.904521725764498115e+02 9.563961914062500000e+03 9.568746534011535914e+03
6.904726057834923267e+02 9.570974609375000000e+03 9.568749043138746856e+03
6.904930391912348568e+02 9.563224609375000000e+03 9.568751582127297297e+03
6.905134724988602102e+02 9.571637695312500000e+03 9.568754151022494625e+03
6.905339057068340480e+02 9.573582031250000000e+03 9.568756749906444384e+03
6.905543391150422394e+02 9.561958984375000000e+03 9.568759378899983858e+03
6.905747724235989153e+02 9.576365234375000000e+03 9.568762038047225360e+03
6.905952056320384145e+02 9.571734375000000000e+03 9.568764727430143466e+03
6.906156390411779284e+02 9.571946289062500000e+03 9.568767447171027015e+03
6.906360723502002656e+02 9.560540039062500000e+03 9.568770197312538585e+03
6.906565055595710874e+02 9.575573242187500000e+03 9.568772977936770985e+03
6.906769389696419239e+02 9.565562500000000000e+03 9.568775789167299081e+03
6.906973722795955837e+02 9.570809570312500000e+03 9.568778631045437578e+03
6.907178056901320815e+02 9.578995117187500000e+03 9.568781503681577306e+03
6.907382389004342258e+02 9.569536132812500000e+03 9.568784407115679642e+03
6.907586722113192081e+02 9.562526367187500000e+03 9.568787341472736443e+03
6.907791056223213673e+02 9.571562500000000000e+03 9.568790306835613592e+03
6.907995388335548341e+02 9.564335937500000000e+03 9.568793303243039190e+03
6.908199721453711390e+02 9.564943359375000000e+03 9.568796330821309311e+03
6.908404055573046207e+02 9.571674804687500000e+03 9.568799389653288017e+03
6.908608388691209257e+02 9.564807617187500000e+03 9.568802479791476799e+03
6.908812721818685532e+02 9.571096679687500000e+03 9.568805601333409868e+03
6.909017054941505194e+02 9.575108398437500000e+03 9.568808754361340107e+03
6.909221388073638082e+02 9.571390625000000000e+03 9.568811938957973325e+03
6.909425721201114357e+02 9.566566406250000000e+03 9.568815155205558767e+03
6.909630054337903857e+02 9.561106445312500000e+03 9.568818403186796786e+03
6.909834387474693358e+02 9.567000000000000000e+03 9.568821682984016661e+03
6.910038721612654626e+02 9.570964843750000000e+03 9.568824994695998612e+03
6.910243053752928972e+02 9.568315429687500000e+03 9.568828338356383028e+03
6.910447386899031699e+02 9.576255859375000000e+03 9.568831714096559153e+03
6.910651720045134425e+02 9.570629882812500000e+03 9.568835121982621786e+03
6.910856053195893764e+02 9.570977539062500000e+03 9.568838562097129397e+03
6.911060387347824872e+02 9.567669921875000000e+03 9.568842034539571614e+03
6.911264719502069056e+02 9.568495117187500000e+03 9.568845539341224139e+03
6.911469052662141621e+02 9.570000976562500000e+03 9.568849076635844540e+03
6.911877718982286751e+02 9.567723632812500000e+03 9.568856248982376201e+03
6.912082052147015929e+02 9.568892578125000000e+03 9.568859884199322551e+03
6.912286386317573488e+02 9.570676757812500000e+03 9.568863552240105491e+03
6.912490718485787511e+02 9.572255859375000000e+03 9.568867253132961196e+03
6.912695052661001682e+02 9.567484375000000000e+03 9.568870987032983976e+03
6.912899385835044086e+02 9.568203125000000000e+03 9.568874753967927973e+03
6.913103718017227948e+02 9.567338867187500000e+03 9.568878554019949661e+03
6.913308052197098732e+02 9.563718750000000000e+03 9.568882387327368633e+03
6.913512385380454361e+02 9.567328125000000000e+03 9.568886253916738497e+03
6.913716718568466604e+02 9.569096679687500000e+03 9.568890153889236899e+03
6.913921051756478846e+02 9.565602539062500000e+03 9.568894087327247689e+03
6.914125384949147701e+02 9.569071289062500000e+03 9.568898054313340253e+03
6.914329718141816556e+02 9.559054687500000000e+03 9.568902054929902079e+03
6.914534051339142025e+02 9.567234375000000000e+03 9.568906089259502551e+03
6.914738384536467493e+02 9.574813476562500000e+03 9.568910157384521881e+03
6.914942718739621341e+02 9.569550781250000000e+03 9.568914259407716600e+03
6.915147050945088267e+02 9.569240234375000000e+03 9.568918395351018262e+03
6.915351384151726961e+02 9.569242187500000000e+03 9.568922565357352141e+03
6.915555718359537423e+02 9.567500000000000000e+03 9.568926769509696896e+03
6.915760051575489342e+02 9.576919921875000000e+03 9.568931007849525486e+03
6.915964383790269494e+02 9.601284179687500000e+03 9.568935280458617854e+03
6.916168718007393181e+02 9.565968750000000000e+03 9.568939587482507704e+03
6.916373051223345101e+02 9.569930664062500000e+03 9.568943928940614569e+03
6.916577384448610246e+02 9.567201171875000000e+03 9.568948304936631757e+03
6.916781717673875391e+02 9.565343750000000000e+03 9.568952715552841255e+03
6.916986050903797150e+02 9.567504882812500000e+03 9.568957160871819724e+03
6.917190384133718908e+02 9.562681640625000000e+03 9.568961640975936461e+03
6.917394717368297279e+02 9.573449218750000000e+03 9.568966155947780862e+03
6.917599049601703882e+02 9.566020507812500000e+03 9.568970705847343197e+03
6.917803383842110634e+02 9.572033203125000000e+03 9.568975290824339027e+03
6.918007717081345618e+02 9.561015625000000000e+03 9.568979910894006025e+03
6.918212049324065447e+02 9.568171875000000000e+03 9.568984566138413356e+03
6.918416383573785424e+02 9.568556640625000000e+03 9.568989256708720859e+03
6.918620716822333634e+02 9.566678710937500000e+03 9.568993982618614609e+03
6.918825051072053611e+02 9.568659179687500000e+03 9.568998743996882695e+03
6.919029383328743279e+02 9.574206054687500000e+03 9.569003540855970641e+03
6.919233716581948102e+02 9.566854492187500000e+03 9.569008373348275200e+03
6.919438050845637918e+02 9.575045898437500000e+03 9.569013241557131551e+03
6.919642383106984198e+02 9.565330078125000000e+03 9.569018145492969779e+03
6.919846716369502246e+02 9.573734375000000000e+03 9.569023085310094757e+03
6.920051050637848675e+02 9.575071289062500000e+03 9.569028061091616109e+03
6.920255382908508182e+02 9.579602539062500000e+03 9.569033072846614232e+03
6.920459716180339456e+02 9.567066406250000000e+03 9.569038120730852825e+03
6.920664050457999110e+02 9.570052734375000000e+03 9.569043204827452428e+03
6.920868383734486997e+02 9.563344726562500000e+03 9.569048325168962037e+03
6.921072717015631497e+02 9.572623046875000000e+03 9.569053481862789340e+03
6.921277050296775997e+02 9.574090820312500000e+03 9.569058674991298176e+03
6.921481383582577109e+02 9.568324218750000000e+03 9.569063904637085216e+03
6.921685716873034835e+02 9.571559570312500000e+03 9.569069170882623439e+03
6.921890050163492560e+02 9.565477539062500000e+03 9.569074473810274867e+03
6.922094383453950286e+02 9.577586914062500000e+03 9.569079813502514298e+03
6.922298717750236392e+02 9.573656250000000000e+03 9.569085190068375596e+03
6.922503050048835576e+02 9.573769531250000000e+03 9.569090603511031077e+03
6.922707384349778295e+02 9.570261718750000000e+03 9.569096054018937139e+03
6.922911716657690704e+02 9.571208007812500000e+03 9.569101541567999448e+03
6.923116049962118268e+02 9.570591796875000000e+03 9.569107066320701051e+03
6.923320384272374213e+02 9.571787109375000000e+03 9.569112628360328017e+03
6.923524716584943235e+02 9.571053710937500000e+03 9.569118227687318722e+03
6.923729049898684025e+02 9.572447265625000000e+03 9.569123864466057057e+03
6.923933384218253195e+02 9.569916015625000000e+03 9.569129538779699942e+03
6.924137716535478830e+02 9.574536132812500000e+03 9.569135250626914058e+03
6.924342049858532846e+02 9.575984375000000000e+03 9.569141000173984139e+03
6.924546384182758629e+02 9.568253906250000000e+03 9.569146787503817905e+03
6.924750716509297490e+02 9.564435546875000000e+03 9.569152612613674137e+03
6.924955050842836499e+02 9.570973632812500000e+03 9.569158475700196504e+03
6.925159384175203741e+02 9.572759765625000000e+03 9.569164376759830702e+03
6.925363716511055827e+02 9.568150390625000000e+03 9.569170315874627704e+03
6.925568050849251449e+02 9.570128906250000000e+03 9.569176293214506586e+03
6.925772384190931916e+02 9.570225585937500000e+03 9.569182308774503326e+03
6.925976717532612383e+02 9.569771484375000000e+03 9.569188362666151079e+03
6.926181050878949463e+02 9.568667968750000000e+03 9.569194454972068343e+03
6.926385384229943156e+02 9.570762695312500000e+03 9.569200585774728097e+03
6.926589718577452004e+02 9.561819335937500000e+03 9.569206755186651208e+03
6.926794050931930542e+02 9.562659179687500000e+03 9.569212963199772275e+03
6.926998384287580848e+02 9.568681640625000000e+03 9.569219209987251816e+03
6.927202718649059534e+02 9.571900390625000000e+03 9.569225495632279490e+03
6.927407052009366453e+02 9.570656250000000000e+03 9.569231820155595415e+03
6.927611384377814829e+02 9.571505859375000000e+03 9.569238183639396084e+03
6.927815718743950129e+02 9.563520507812500000e+03 9.569244586259545031e+03
6.928020052113570273e+02 9.566802734375000000e+03 9.569251028004990076e+03
6.928224384486675262e+02 9.567672851562500000e+03 9.569257508957627579e+03
6.928428718862123787e+02 9.575607421875000000e+03 9.569264029295345608e+03
6.928633052236400545e+02 9.567683593750000000e+03 9.569270589005067450e+03
6.928837386616505682e+02 9.563662109375000000e+03 9.569277188233696506e+03
6.929041718998923898e+02 9.568825195312500000e+03 9.569283826966424385e+03
6.929246052387170494e+02 9.565077148437500000e+03 9.569290505383016352e+03
6.929450385775417089e+02 9.571128906250000000e+03 9.569297223533376382e+03
6.929654719163663685e+02 9.571396484375000000e+03 9.569303981499970178e+03
6.929859051560051739e+02 9.572988281250000000e+03 9.569310779332186939e+03
6.930063385954126716e+02 9.566454101562500000e+03 9.569317617212251207e+03
6.930267719351686537e+02 9.567572265625000000e+03 9.569324495122735243e+03
6.930472053755074739e+02 9.560309570312500000e+03 9.569331413213521955e+03
6.930676386160776019e+02 9.567770507812500000e+03 9.569338371465099044e+03
6.930880719562992454e+02 9.557742187500000000e+03 9.569345370061613721e+03
6.931085053975693882e+02 9.568853515625000000e+03 9.569352409086615808e+03
6.931289386386051774e+02 9.571853515625000000e+03 9.569359488518499347e+03
6.931493719802238047e+02 9.567137695312500000e+03 9.569366608543667098e+03
6.931698054219596088e+02 9.571041015625000000e+03 9.569373769245030417e+03
6.931902386639267206e+02 9.561023437500000000e+03 9.569380970599673674e+03
6.932106720060110092e+02 9.568685546875000000e+03 9.569388212795465734e+03
6.932311054486781359e+02 9.570901367187500000e+03 9.569395495915650827e+03
6.932515387912280858e+02 9.574113281250000000e+03 9.569402819971171994e+03
6.932719721347093582e+02 9.569167968750000000e+03 9.569410185080427254e+03
6.932924054777249694e+02 9.572671875000000000e+03 9.569417591325382091e+03
6.933128388212062418e+02 9.572344726562500000e+03 9.569425038788864185e+03
6.933332721651531756e+02 9.574365234375000000e+03 9.569432527553341060e+03
6.933537055091001093e+02 9.567833007812500000e+03 9.569440057701121987e+03
6.933741388535127044e+02 9.564928710937500000e+03 9.569447629314861842e+03
6.933945722985081375e+02 9.569735351562500000e+03 9.569455242514437487e+03
6.934150055432692170e+02 9.570477539062500000e+03 9.569462897269942914e+03
6.934354389882646501e+02 9.568516601562500000e+03 9.569470593813877713e+03
6.934558723336085677e+02 9.578575195312500000e+03 9.569478332116073943e+03
6.934763055793009698e+02 9.574218750000000000e+03 9.569486112258393405e+03
6.934967390252277255e+02 9.571916992187500000e+03 9.569493934437807184e+03
6.935171723715029657e+02 9.560201171875000000e+03 9.569501798622299248e+03
6.935376056181266904e+02 9.570042968750000000e+03 9.569509704893731396e+03
6.935580390645191073e+02 9.564269531250000000e+03 9.569517653450742728e+03
6.935784724117256701e+02 9.569094726562500000e+03 9.569525644259831097e+03
6.935989056588150561e+02 9.560697265625000000e+03 9.569533677402494504e+03
6.936193391066044569e+02 9.572311523437500000e+03 9.569541753079774935e+03
6.936397723541595042e+02 9.564295898437500000e+03 9.569549871215698658e+03
6.936602058024145663e+02 9.574148437500000000e+03 9.569558032052036651e+03
6.936806391505524516e+02 9.575674804687500000e+03 9.569566235551434147e+03
6.937010723995044827e+02 9.569915039062500000e+03 9.569574481796120381e+03
6.937419391972944140e+02 9.575955078125000000e+03 9.569591103092996491e+03
6.937623724467121065e+02 9.570106445312500000e+03 9.569599478188365538e+03
6.937828058963641524e+02 9.565043945312500000e+03 9.569607896481344142e+03
6.938032392463646829e+02 9.559366210937500000e+03 9.569616357931181483e+03
6.938236726964823902e+02 9.565398437500000000e+03 9.569624862703079998e+03
6.938441059468314052e+02 9.576526367187500000e+03 9.569633410754377110e+03
6.938645392977632582e+02 9.565024414062500000e+03 9.569642002292886900e+03
6.938849727483466268e+02 9.568233398437500000e+03 9.569650637401333370e+03
6.939054059996269643e+02 9.570125976562500000e+03 9.569659316035531447e+03
6.939258393510244787e+02 9.568203125000000000e+03 9.569668038404817707e+03
6.939462728030048311e+02 9.572139648437500000e+03 9.569676804592509143e+03
6.939667061548680067e+02 9.573399414062500000e+03 9.569685614594985964e+03
6.939871394075453281e+02 9.566625000000000000e+03 9.569694468494475586e+03
6.940075728599913418e+02 9.561058593750000000e+03 9.569703366503326833e+03
6.940280062127858400e+02 9.569307617187500000e+03 9.569712308573945847e+03
6.940484396656975150e+02 9.567057617187500000e+03 9.569721294876237152e+03
