1.492246342910919338e+03 9.751139648437500000e+03 9.745581156359206943e+03
1.492266776939388365e+03 9.747058593750000000e+03 9.745572833354308386e+03
1.492287211067974567e+03 9.747387695312500000e+03 9.745564524370502113e+03
1.492307644996792078e+03 9.746152343750000000e+03 9.745556229531432109e+03
1.492328079025726765e+03 9.746059570312500000e+03 9.745547948717061445e+03
1.492348513155244291e+03 9.748520507812500000e+03 9.745539681929209110e+03
1.492368947084527463e+03 9.747627929687500000e+03 9.745531429291277163e+03
1.492389381214044988e+03 9.735339843750000000e+03 9.745523190643325506e+03
1.492409815243910998e+03 9.739463867187500000e+03 9.745514966108181397e+03
1.492430249273777008e+03 9.740369140625000000e+03 9.745506755647420505e+03
1.492450683304108679e+03 9.736390625000000000e+03 9.745498559262665367e+03
1.492471117334906012e+03 9.752010742187500000e+03 9.745490376955724059e+03
1.492491551365237683e+03 9.741018554687500000e+03 9.745482208728764817e+03
1.492511985396500677e+03 9.744162109375000000e+03 9.745474054583035468e+03
1.492532419427298009e+03 9.744315429687500000e+03 9.745465914520897059e+03
1.492552853458561003e+03 9.748843750000000000e+03 9.745457788543779316e+03
1.492573287490289658e+03 9.742143554687500000e+03 9.745449676653488496e+03
1.492593721522018313e+03 9.746389648437500000e+03 9.745441578852012753e+03
1.492614155553746969e+03 9.738003906250000000e+03 9.745433495141151070e+03
1.492634589585941285e+03 9.750552734375000000e+03 9.745425425522525984e+03
1.492655023618135601e+03 9.744337890625000000e+03 9.745417369998120193e+03
1.492675457750912756e+03 9.745555664062500000e+03 9.745409328530196944e+03
1.492695891683455557e+03 9.748294921875000000e+03 9.745401301238827728e+03
1.492716325716581196e+03 9.742664062500000000e+03 9.745393288007540832e+03
1.492736759849824011e+03 9.746440429687500000e+03 9.745385288838533597e+03
1.492757193783298135e+03 9.730884765625000000e+03 9.745377303850898898e+03
1.492777627917006612e+03 9.734586914062500000e+03 9.745369332890122678e+03
1.492798061950597912e+03 9.748368164062500000e+03 9.745361376075281441e+03
1.492818495884537697e+03 9.745664062500000000e+03 9.745353433407783086e+03
1.492838930019177496e+03 9.747535156250000000e+03 9.745345504772791173e+03
1.492859364053234458e+03 9.745522460937500000e+03 9.745337590289112995e+03
1.492879797988105565e+03 9.739347656250000000e+03 9.745329689957805385e+03
1.492900232123211026e+03 9.744952148437500000e+03 9.745321803665006883e+03
1.492920666158199310e+03 9.740229492187500000e+03 9.745313931528540706e+03
1.492941100293304771e+03 9.746428710937500000e+03 9.745306073473075230e+03
1.492961534228641540e+03 9.749910156250000000e+03 9.745298229615629680e+03
1.492981968264561146e+03 9.743141601562500000e+03 9.745290399842608167e+03
1.493002402400597930e+03 9.749547851562500000e+03 9.745282584156200755e+03
1.493022836336400360e+03 9.740858398437500000e+03 9.745274782672984657e+03
1.493043270372785628e+03 9.742944335937500000e+03 9.745266995279813273e+03
1.493063704509288073e+03 9.754847656250000000e+03 9.745259221978871210e+03
1.493084138446021825e+03 9.739357421875000000e+03 9.745251462885935325e+03
1.493104572582989931e+03 9.744037109375000000e+03 9.745243717850929897e+03
1.493125006620306522e+03 9.739236328125000000e+03 9.745235986989415323e+03
1.493145440557505935e+03 9.738003906250000000e+03 9.745228270303166937e+03
1.493165874695405364e+03 9.745756835937500000e+03 9.745220567680496970e+03
1.493186308733187616e+03 9.746235351562500000e+03 9.745212879236698427e+03
1.493206742670852691e+03 9.748014648437500000e+03 9.745205204973366563e+03
1.493227176809217781e+03 9.742622070312500000e+03 9.745197544779433883e+03
1.493247610847465694e+03 9.746164062500000000e+03 9.745189898769574938e+03
1.493268044786527753e+03 9.742286132812500000e+03 9.745182266945033916e+03
1.493288478925358504e+03 9.744046875000000000e+03 9.745174649196073005e+03
1.493308912964072078e+03 9.745753906250000000e+03 9.745167045636379044e+03
1.493329347003251314e+03 9.743818359375000000e+03 9.745159456230234355e+03
1.493349781042896211e+03 9.752716796875000000e+03 9.745151880979439738e+03
1.493370215082541108e+03 9.750178710937500000e+03 9.745144319885970617e+03
1.493390649222303182e+03 9.745801757812500000e+03 9.745136772914687754e+03
1.493411083162296563e+03 9.742100585937500000e+03 9.745129240178053806e+03
1.493431517202872783e+03 9.744005859375000000e+03 9.745121721567034911e+03
1.493451951343100518e+03 9.740343750000000000e+03 9.745114217083995754e+03
1.493472385284025222e+03 9.753971679687500000e+03 9.745106726840418560e+03
1.493492819424718618e+03 9.737897460937500000e+03 9.745099250691828274e+03
1.493513253466226161e+03 9.742881835937500000e+03 9.745091788749510670e+03
1.493533687407150865e+03 9.755736328125000000e+03 9.745084341015566679e+03
1.493554121548775584e+03 9.744393554687500000e+03 9.745076907382092031e+03
1.493574555590748787e+03 9.753470703125000000e+03 9.745069487960261540e+03
1.493594989532604814e+03 9.743874023437500000e+03 9.745062082751837806e+03
1.493615423674695194e+03 9.750422851562500000e+03 9.745054691649876986e+03
1.493635857717134058e+03 9.740024414062500000e+03 9.745047314764764451e+03
1.493656291759572923e+03 9.738938476562500000e+03 9.745039952062215889e+03
1.493676725802477449e+03 9.745214843750000000e+03 9.745032603543870209e+03
1.493697159845381975e+03 9.749939453125000000e+03 9.745025269211699197e+03
1.493738027932122350e+03 9.743580078125000000e+03 9.745010643112753314e+03
1.493758461975492537e+03 9.742905273437500000e+03 9.745003351349749209e+03
1.493778896119445562e+03 9.739716796875000000e+03 9.744996073744345267e+03
1.493799330063164234e+03 9.741865234375000000e+03 9.744988810405373442e+03
1.493819764107465744e+03 9.741075195312500000e+03 9.744981561227599741e+03
1.493840198251884431e+03 9.740689453125000000e+03 9.744974326213214226e+03
1.493962802522815764e+03 9.776768554687500000e+03 9.744931214613603515e+03
1.493983236468862742e+03 9.773907226562500000e+03 9.744924079111009632e+03
1.494003670614678413e+03 9.713443359375000000e+03 9.744916957751940572e+03
1.494024104661308229e+03 9.755818359375000000e+03 9.744909850642496167e+03
1.494044538807589561e+03 9.730655273437500000e+03 9.744902757715317421e+03
1.494064972754102200e+03 9.755689453125000000e+03 9.744895679076040324e+03
1.494085406801197678e+03 9.753934570312500000e+03 9.744888614622313980e+03
1.494105840948410332e+03 9.787151367187500000e+03 9.744881564356312083e+03
1.494126274895388633e+03 9.746014648437500000e+03 9.744874528383357756e+03
1.494146708942949772e+03 9.751990234375000000e+03 9.744867506601574860e+03
1.494167143090628088e+03 9.739875000000000000e+03 9.744860499013137087e+03
1.494187577038537711e+03 9.760971679687500000e+03 9.744853505722581758e+03
1.494208011087030172e+03 9.754531250000000000e+03 9.744846526628811262e+03
1.494228445235174149e+03 9.752220703125000000e+03 9.744839561734162999e+03
1.494248879183549434e+03 9.747811523437500000e+03 9.744832611142384849e+03
1.494269313332624733e+03 9.742815429687500000e+03 9.744825674719069866e+03
1.494289747381582856e+03 9.751930664062500000e+03 9.744818752568229684e+03
1.494310181430540979e+03 9.747734375000000000e+03 9.744811844657655456e+03
1.494330615479964763e+03 9.749975585937500000e+03 9.744804950988984274e+03
1.494351049529388547e+03 9.746196289062500000e+03 9.744798071564186102e+03
1.494371483579277992e+03 9.741143554687500000e+03 9.744791206384898032e+03
1.494391917629167438e+03 9.737811523437500000e+03 9.744784355453084572e+03
1.494412351679522544e+03 9.738551757812500000e+03 9.744777518770390088e+03
1.494432785829994828e+03 9.765985351562500000e+03 9.744770696305386082e+03
1.494453219780232757e+03 9.737655273437500000e+03 9.744763888160046918e+03
1.494473653831053525e+03 9.746541992187500000e+03 9.744757094235845216e+03
1.494494087882339954e+03 9.752163085937500000e+03 9.744750314567976602e+03
1.494514521933160722e+03 9.748458984375000000e+03 9.744743549158558380e+03
1.494534955984912813e+03 9.748120117187500000e+03 9.744736798008923870e+03
1.494555390136316419e+03 9.735277343750000000e+03 9.744730061088364891e+03
1.494575824088416994e+03 9.742273437500000000e+03 9.744723338497149598e+03
1.494596258140169084e+03 9.743373046875000000e+03 9.744716630138615074e+03
1.494616692292504013e+03 9.758355468750000000e+03 9.744709936014471168e+03
1.494637126244604588e+03 9.757804687500000000e+03 9.744703256224962388e+03
1.494657560397405177e+03 9.745427734375000000e+03 9.744696590640827708e+03
1.494677994450088590e+03 9.740886718750000000e+03 9.744689939362102450e+03
1.494698428403120488e+03 9.740556640625000000e+03 9.744683302390223616e+03
1.494718862556386739e+03 9.740054687500000000e+03 9.744676679629699720e+03
1.494739296610001475e+03 9.756334960937500000e+03 9.744670071179636579e+03
1.494759730563499033e+03 9.742541015625000000e+03 9.744663477041769511e+03
1.494780164717696607e+03 9.744450195312500000e+03 9.744656897120938083e+03
1.494800598771311343e+03 9.748965820312500000e+03 9.744650331516058941e+03
1.494821032925974578e+03 9.743179687500000000e+03 9.744643780164155032e+03
1.494841466880403459e+03 9.753132812500000000e+03 9.744637243163519088e+03
1.494861900934949517e+03 9.744555664062500000e+03 9.744630720419758291e+03
1.494882335089612752e+03 9.755814453125000000e+03 9.744624211934889900e+03
1.494902769044972956e+03 9.741058593750000000e+03 9.744617717805978828e+03
1.494923203099984676e+03 9.756685546875000000e+03 9.744611237939712737e+03
1.494943637255579233e+03 9.745636718750000000e+03 9.744604772337810573e+03
1.494964071211405098e+03 9.742728515625000000e+03 9.744598321097000735e+03
1.494984505267348140e+03 9.749585937500000000e+03 9.744591884124311036e+03
1.495004939423408359e+03 9.752092773437500000e+03 9.744585461421749642e+03
1.495025373479351401e+03 9.738774414062500000e+03 9.744579053054058022e+03
1.495045807536225766e+03 9.738747070312500000e+03 9.744572658991241042e+03
1.495066241592634469e+03 9.739812500000000000e+03 9.744566279235541515e+03
1.495086675549857318e+03 9.745678710937500000e+03 9.744559913819477515e+03
1.495107109706848860e+03 9.743089843750000000e+03 9.744553562651830362e+03
1.495127543764188886e+03 9.745981445312500000e+03 9.744547225827573129e+03
1.495147977721411735e+03 9.741294921875000000e+03 9.744540903348437496e+03
1.495168411879334599e+03 9.739675781250000000e+03 9.744534595123262989e+03
1.495188845937140286e+03 9.739252929687500000e+03 9.744528301246817136e+03
1.495209280095063150e+03 9.739138671875000000e+03 9.744522021659233360e+03
1.495229714053682983e+03 9.748004882812500000e+03 9.744515756454220536e+03
1.495250148111954331e+03 9.740757812500000000e+03 9.744509505541816907e+03
1.495270582270808518e+03 9.749821289062500000e+03 9.744503268923750511e+03
1.495291016229894012e+03 9.742579101562500000e+03 9.744497046693388256e+03
1.495311450288631022e+03 9.739705078125000000e+03 9.744490838761252235e+03
1.495331884447950870e+03 9.746402343750000000e+03 9.744484645129075943e+03
1.495352318407502025e+03 9.742334960937500000e+03 9.744478465889591462e+03
1.495372752567287534e+03 9.746804687500000000e+03 9.744472300923640432e+03
1.495393186627421528e+03 9.739584960937500000e+03 9.744466150323609327e+03
1.495413620587438345e+03 9.743377929687500000e+03 9.744460014091228004e+03
1.495434054747689515e+03 9.744094726562500000e+03 9.744453892138211813e+03
1.495454488808289170e+03 9.741667968750000000e+03 9.744447784556316037e+03
1.495474922769237310e+03 9.742507812500000000e+03 9.744441691347128653e+03
1.495495356929954141e+03 9.746813476562500000e+03 9.744435612423274506e+03
1.495515790991019458e+03 9.733449218750000000e+03 9.744429547875741264e+03
1.495536225052550435e+03 9.746727539062500000e+03 9.744423497676505576e+03
1.495556659114081413e+03 9.733248046875000000e+03 9.744417461827511943e+03
1.495577093175612390e+03 9.750376953125000000e+03 9.744411440330564801e+03
1.495597527337726206e+03 9.736368164062500000e+03 9.744405433157933658e+03
1.495617961299605668e+03 9.746625976562500000e+03 9.744399440399742161e+03
1.495638395362067968e+03 9.745612304687500000e+03 9.744393461969475538e+03
1.495658829524647444e+03 9.745373046875000000e+03 9.744387497869276558e+03
1.495679263587575406e+03 9.745995117187500000e+03 9.744381548159257363e+03
1.495699697550386190e+03 9.743218750000000000e+03 9.744375612841151451e+03
1.495720131713431329e+03 9.743246093750000000e+03 9.744369691829619114e+03
1.495740565676707774e+03 9.743778320312500000e+03 9.744363785242367157e+03
1.495760999840218574e+03 9.744766601562500000e+03 9.744357892965579595e+03
1.495781433904077858e+03 9.742080078125000000e+03 9.744352015087639302e+03
1.495801867868285626e+03 9.743631835937500000e+03 9.744346151610132438e+03
1.495822302032262087e+03 9.747345703125000000e+03 9.744340302449056253e+03
1.495842736096587032e+03 9.754563476562500000e+03 9.744334467692022372e+03
1.495863170061260462e+03 9.741582031250000000e+03 9.744328647340622410e+03
1.495883604225702584e+03 9.744859375000000000e+03 9.744322841311484808e+03
1.495904038290958852e+03 9.759805664062500000e+03 9.744317049691457214e+03
1.495924472256097943e+03 9.746704101562500000e+03 9.744311272482391360e+03
1.495944906421471387e+03 9.736822265625000000e+03 9.744305509601283120e+03
1.495965340486727655e+03 9.741787109375000000e+03 9.744299761134747314e+03
1.495985774652566761e+03 9.740353515625000000e+03 9.744294027028128767e+03
1.496006208618637174e+03 9.746658203125000000e+03 9.744288307367400193e+03
1.496026642684824765e+03 9.742242187500000000e+03 9.744282602070328721e+03
1.496047076851129532e+03 9.748250976562500000e+03 9.744276911138920696e+03
1.496067510817665607e+03 9.751719726562500000e+03 9.744271234658390313e+03
1.496087944884318858e+03 9.739385742187500000e+03 9.744265572547134070e+03
1.496108379051089287e+03 9.742264648437500000e+03 9.744259924807163770e+03
1.496128813018556684e+03 9.741545898437500000e+03 9.744254291522933272e+03
1.496149247185792774e+03 9.750457031250000000e+03 9.744248672586227258e+03
1.496169681253377348e+03 9.748664062500000000e+03 9.744243068081292222e+03
1.496190115320961922e+03 9.743154296875000000e+03 9.744237477982487690e+03
1.496210549389012158e+03 9.732636718750000000e+03 9.744231902291496226e+03
1.496230983457062393e+03 9.745821289062500000e+03 9.744226341010242322e+03
1.496251417525578290e+03 9.740374023437500000e+03 9.744220794140404905e+03
1.496271851594094187e+03 9.752138671875000000e+03 9.744215261683910285e+03
1.496292285662610084e+03 9.739524414062500000e+03 9.744209743642568355e+03
1.496312719731591642e+03 9.748446289062500000e+03 9.744204240018050768e+03
1.496333153900690377e+03 9.744974609375000000e+03 9.744198750785428274e+03
1.496353587870020419e+03 9.747628906250000000e+03 9.744193276026957392e+03
1.496374021939467639e+03 9.746041992187500000e+03 9.744187815663985020e+03
1.496394456009380519e+03 9.741502929687500000e+03 9.744182369725052922e+03
1.496414890079293400e+03 9.742000976562500000e+03 9.744176938212089226e+03
1.496435324249323457e+03 9.746031250000000000e+03 9.744171521100388418e+03
1.496455758219584823e+03 9.743061523437500000e+03 9.744166118471146547e+03
1.496476192290429026e+03 9.745382812500000000e+03 9.744160730246654566e+03
1.496496626460924745e+03 9.741495117187500000e+03 9.744155356429168023e+03
1.496517060431651771e+03 9.741298828125000000e+03 9.744149997099124448e+03
1.496537494603078812e+03 9.746033203125000000e+03 9.744144652153301649e+03
1.496557928674388677e+03 9.741711914062500000e+03 9.744139321672284495e+03
1.496578362646047026e+03 9.747066406250000000e+03 9.744134005657550006e+03
1.496598796817474067e+03 9.738762695312500000e+03 9.744128704033104441e+03
1.496619230889249593e+03 9.742697265625000000e+03 9.744123416878548596e+03
1.496639664861373603e+03 9.737415039062500000e+03 9.744118144195468631e+03
1.496660099033731967e+03 9.744148437500000000e+03 9.744112885908391036e+03
1.496680533106438816e+03 9.753671875000000000e+03 9.744107642096401833e+03
1.496721401251852512e+03 9.747050781250000000e+03 9.744097197827843047e+03
1.496741835325025022e+03 9.742603515625000000e+03 9.744091997374764105e+03
1.496762269498314708e+03 9.742986328125000000e+03 9.744086811352928635e+03
1.496782703471835703e+03 9.743824218750000000e+03 9.744081639840142088e+03
1.496803137545473874e+03 9.734973632812500000e+03 9.744076482762204250e+03
1.496823571719694883e+03 9.736866210937500000e+03 9.744071340121012327e+03
1.496844005793333054e+03 9.740657226562500000e+03 9.744066211968998687e+03
1.496864439767785370e+03 9.745236328125000000e+03 9.744061098307400243e+03
1.496884873942472041e+03 9.743212890625000000e+03 9.744055999063200943e+03
1.496905308017041534e+03 9.745768554687500000e+03 9.744050914313256726e+03
1.496925742092076689e+03 9.748500976562500000e+03 9.744045844034237234e+03
1.496946176167111844e+03 9.754380859375000000e+03 9.744040788228059682e+03
1.496966610242146999e+03 9.753146484375000000e+03 9.744035746896530327e+03
1.496987044317647815e+03 9.743083984375000000e+03 9.744030720041335371e+03
1.497007478393148631e+03 9.745517578125000000e+03 9.744025707664390211e+03
1.497027912469115108e+03 9.742820312500000000e+03 9.744020709767388325e+03
1.497048346545081586e+03 9.747594726562500000e+03 9.744015726352243291e+03
1.497068780621513724e+03 9.749823242187500000e+03 9.744010757420644950e+03
1.497089214798063040e+03 9.740297851562500000e+03 9.744005802950272482e+03
1.497109648774378002e+03 9.741159179687500000e+03 9.744000863015642608e+03
1.497130082851275802e+03 9.747001953125000000e+03 9.743995937545732886e+03
1.497150517028290778e+03 9.739432617187500000e+03 9.743991026542671534e+03
1.497170951005537063e+03 9.746417968750000000e+03 9.743986130080224029e+03
1.497191385082900524e+03 9.748630859375000000e+03 9.743981248088231951e+03
1.497211819260846823e+03 9.740044921875000000e+03 9.743976380568592504e+03
1.497232253238558769e+03 9.747123046875000000e+03 9.743971527594667350e+03
1.497252687316387892e+03 9.742049804687500000e+03 9.743966689096816481e+03
1.497273121494799852e+03 9.741610351562500000e+03 9.743961865076946196e+03
1.497293555472977459e+03 9.742788085937500000e+03 9.743957055607765142e+03
1.497313989651855081e+03 9.739868164062500000e+03 9.743952260596717679e+03
1.497334423730615526e+03 9.745657226562500000e+03 9.743947480116297811e+03
1.497354857709258795e+03 9.743654296875000000e+03 9.743942714168095335e+03
1.497375291888602078e+03 9.749358398437500000e+03 9.743937962683859951e+03
1.497395725968293846e+03 9.741120117187500000e+03 9.743933225735336237e+03
1.497416160047519952e+03 9.737840820312500000e+03 9.743928503301234741e+03
1.497436594127211720e+03 9.733331054687500000e+03 9.743923795383136166e+03
1.497457028207369149e+03 9.745753906250000000e+03 9.743919101982852226e+03
1.497477462387643754e+03 9.743521484375000000e+03 9.743914423079397238e+03
1.497497896467801183e+03 9.746028320312500000e+03 9.743909758720425089e+03
1.497518330448307097e+03 9.746584960937500000e+03 9.743905108907420072e+03
1.497538764629047364e+03 9.746390625000000000e+03 9.743900473574049101e+03
1.497559198710136116e+03 9.739728515625000000e+03 9.743895852790254139e+03
1.497579632691107690e+03 9.747266601562500000e+03 9.743891246557726845e+03
1.497600066872779280e+03 9.744607421875000000e+03 9.743886654810563414e+03
1.497620500954333693e+03 9.741350585937500000e+03 9.743882077618276526e+03
1.497640934935770929e+03 9.743320312500000000e+03 9.743877514982450521e+03
1.497661369117908180e+03 9.746283203125000000e+03 9.743872966837829154e+03
1.497681803099811077e+03 9.744069335937500000e+03 9.743868433275452844e+03
1.497702237281948328e+03 9.738144531250000000e+03 9.743863914208279311e+03
1.497722671364899725e+03 9.740802734375000000e+03 9.743859409704429709e+03
1.497743105347268283e+03 9.743760742187500000e+03 9.743854919765804880e+03
1.497763539530336857e+03 9.753048828125000000e+03 9.743850444328112644e+03
1.497783973613288254e+03 9.746864257812500000e+03 9.743845983459148556e+03
1.497804407596588135e+03 9.740814453125000000e+03 9.743841537160398730e+03
1.497824841780122370e+03 9.753145507812500000e+03 9.743837105368518678e+03
1.497845275863539428e+03 9.740818359375000000e+03 9.743832688150561808e+03
1.497865710047539324e+03 9.743701171875000000e+03 9.743828285464947840e+03
1.497886144031770527e+03 9.743487304687500000e+03 9.743823897378082620e+03
1.497906578116118908e+03 9.741316406250000000e+03 9.743819523827263765e+03
1.497927012300118804e+03 9.746722656250000000e+03 9.743815164814608579e+03
1.497947446284815669e+03 9.744637695312500000e+03 9.743810820405586128e+03
1.497967880369629711e+03 9.742664062500000000e+03 9.743806490538230719e+03
1.497988314555026591e+03 9.748913085937500000e+03 9.743802175214466843e+03
1.498008748540189117e+03 9.742948242187500000e+03 9.743797874499512545e+03
1.498029182625468820e+03 9.741589843750000000e+03 9.743793588331851424e+03
1.498049616810865700e+03 9.742683593750000000e+03 9.743789316713500739e+03
1.498070050896611065e+03 9.742669921875000000e+03 9.743785059688019828e+03
1.498090484982822090e+03 9.744790039062500000e+03 9.743780817236256553e+03
1.498110919069033116e+03 9.741443359375000000e+03 9.743776589360099024e+03
1.498131353155244142e+03 9.750765625000000000e+03 9.743772376061358955e+03
1.498151787241920829e+03 9.738770507812500000e+03 9.743768177341738919e+03
1.498172221328597516e+03 9.743566406250000000e+03 9.743763993203141581e+03
1.498192655415739864e+03 9.746881835937500000e+03 9.743759823647269513e+03
1.498213089602999389e+03 9.744885742187500000e+03 9.743755668655705449e+03
1.498233523590024561e+03 9.745241210937500000e+03 9.743751528291213617e+03
1.498253957777749747e+03 9.742078125000000000e+03 9.743747402474358751e+03
1.498274391865357757e+03 9.742500976562500000e+03 9.743743291267788663e+03
1.498294825853314251e+03 9.741886718750000000e+03 9.743739194672998565e+03
1.498315260041505098e+03 9.739952148437500000e+03 9.743735112631782613e+03
1.498335694029927254e+03 9.758639648437500000e+03 9.743731045225842536e+03
1.498356128118466586e+03 9.744751953125000000e+03 9.743726992397187132e+03
1.498376562307123095e+03 9.741620117187500000e+03 9.743722954147831842e+03
1.498396996296010911e+03 9.746333007812500000e+03 9.743718930538736458e+03
1.498417430385015905e+03 9.750285156250000000e+03 9.743714921512548244e+03
1.498437864574138075e+03 9.743860351562500000e+03 9.743710927071282640e+03
1.498458298563491553e+03 9.743161132812500000e+03 9.743706947275260973e+03
1.498478732753079385e+03 9.745318359375000000e+03 9.743702982048373087e+03
1.498499166843015701e+03 9.739214843750000000e+03 9.743699031450727489e+03
1.498519600833300501e+03 9.744082031250000000e+03 9.743695095483913974e+03
1.498540035023353994e+03 9.745252929687500000e+03 9.743691174092164147e+03
1.498560469113755971e+03 9.742262695312500000e+03 9.743687267334851640e+03
1.498580903204157948e+03 9.743054687500000000e+03 9.743683375194617838e+03
1.498601337295025587e+03 9.743317382812500000e+03 9.743679497673178048e+03
1.498621771386358887e+03 9.751176757812500000e+03 9.743675634772334888e+03
1.498642205577343702e+03 9.748959960937500000e+03 9.743671786475249974e+03
1.498662639568559825e+03 9.749398437500000000e+03 9.743667952840009093e+03
1.498683073660358787e+03 9.743631835937500000e+03 9.743664133811953434e+03
1.498703507851809263e+03 9.757432617187500000e+03 9.743660329393278516e+03
1.498723941944073886e+03 9.749666015625000000e+03 9.743656539622807031e+03
1.498744375936221331e+03 9.737168945312500000e+03 9.743652764502301579e+03
1.498764810128603131e+03 9.747164062500000000e+03 9.743649003978178371e+03
1.498785244220867753e+03 9.732351562500000000e+03 9.743645258107626432e+03
1.498805678313598037e+03 9.733989257812500000e+03 9.743641526873900148e+03
1.498826112406793982e+03 9.754734375000000000e+03 9.743637810278803954e+03
1.498846546499524266e+03 9.748106445312500000e+03 9.743634108324311455e+03
1.498866980692837387e+03 9.742238281250000000e+03 9.743630420994026281e+03
1.498887414686381817e+03 9.750860351562500000e+03 9.743626748343842337e+03
1.498907848780043423e+03 9.744598632812500000e+03 9.743623090321552809e+03
1.498928282973822206e+03 9.746050781250000000e+03 9.743619446929176775e+03
1.498948716967832297e+03 9.748407226562500000e+03 9.743615818221880545e+03
1.498969151061959565e+03 9.747813476562500000e+03 9.743612204148110322e+03
1.498989585156552494e+03 9.739422851562500000e+03 9.743608604727392958e+03
1.499010019251145422e+03 9.737305664062500000e+03 9.743605019961616563e+03
1.499030453445855528e+03 9.745001953125000000e+03 9.743601449835132371e+03
1.499050887441262603e+03 9.742243164062500000e+03 9.743597894401944359e+03
1.499071321536321193e+03 9.745434570312500000e+03 9.743594353611728366e+03
1.499091755731496960e+03 9.739351562500000000e+03 9.743590827466428891e+03
1.499112189727369696e+03 9.744553710937500000e+03 9.743587316019405989e+03
1.499132623822893947e+03 9.744041015625000000e+03 9.743583819220981241e+03
1.499153058019001037e+03 9.744869140625000000e+03 9.743580337073013652e+03
1.499173492014873773e+03 9.737395507812500000e+03 9.743576869628461282e+03
1.499193926211446524e+03 9.737987304687500000e+03 9.743573416821092906e+03
1.499214360307902098e+03 9.751650390625000000e+03 9.743569978703650122e+03
1.499234794304706156e+03 9.738722656250000000e+03 9.743566555277640873e+03
1.499255228501278907e+03 9.740714843750000000e+03 9.743563146494809189e+03
1.499275662598665804e+03 9.735986328125000000e+03 9.743559752406941698e+03
1.499296096696052700e+03 9.737137695312500000e+03 9.743556372999259111e+03
1.499316530793439597e+03 9.743470703125000000e+03 9.743553008273560408e+03
1.499336964890826494e+03 9.744405273437500000e+03 9.743549658231651847e+03
1.499357398988679051e+03 9.740225585937500000e+03 9.743546322875256010e+03
1.499377833186648786e+03 9.741050781250000000e+03 9.743543002190024708e+03
1.499398267184849828e+03 9.737040039062500000e+03 9.743539696226382148e+03
1.499418701383285224e+03 9.744606445312500000e+03 9.743536404921414942e+03
1.499439135482069105e+03 9.743610351562500000e+03 9.743533128325339931e+03
1.499459569480735809e+03 9.748000000000000000e+03 9.743529866439817852e+03
1.499480003679636866e+03 9.742105468750000000e+03 9.743526619218817359e+03
1.499500437778886408e+03 9.750093750000000000e+03 9.743523386711898638e+03
1.499520871778484434e+03 9.742582031250000000e+03 9.743520168920646029e+03
1.499541305977851152e+03 9.747903320312500000e+03 9.743516965799833997e+03
1.499561740077566355e+03 9.741360351562500000e+03 9.743513777398296952e+03
1.499582174177281559e+03 9.745352539062500000e+03 9.743510603702183289e+03
1.499602608277462423e+03 9.738189453125000000e+03 9.743507444713226505e+03
1.499623042277991772e+03 9.738531250000000000e+03 9.743504300448597860e+03
1.499643476478289813e+03 9.740614257812500000e+03 9.743501170864134110e+03
1.499663910578936338e+03 9.747682617187500000e+03 9.743498056007605555e+03
1.499704778781160712e+03 9.747713867187500000e+03 9.743491870439527702e+03
1.499725212882272899e+03 9.748908203125000000e+03 9.743488799731652762e+03
1.499745646983850747e+03 9.735547851562500000e+03 9.743485743743560306e+03
1.499766081085428596e+03 9.742243164062500000e+03 9.743482702477114799e+03
1.499786515187006444e+03 9.749369140625000000e+03 9.743479675934127954e+03
1.499806949389167130e+03 9.741504882812500000e+03 9.743476664101606730e+03
1.499827383391093463e+03 9.747886718750000000e+03 9.743473667025584291e+03
1.499847817493602633e+03 9.743844726562500000e+03 9.743470684663636348e+03
1.499868251696228981e+03 9.739297851562500000e+03 9.743467717017851101e+03
1.499888685798738152e+03 9.743076171875000000e+03 9.743464764119111351e+03
1.499909119801595807e+03 9.755756835937500000e+03 9.743461825968937774e+03
1.499929554004687816e+03 9.745502929687500000e+03 9.743458902526115708e+03
1.499949988108128309e+03 9.739357421875000000e+03 9.743455993835468689e+03
1.499970422211568803e+03 9.745035156250000000e+03 9.743453099884500261e+03
1.499990856315474957e+03 9.741651367187500000e+03 9.743450220674949378e+03
1.500011290419381112e+03 9.746764648437500000e+03 9.743447356208685960e+03
1.500031724523287266e+03 9.743960937500000000e+03 9.743444506487510807e+03
1.500052158627659082e+03 9.740312500000000000e+03 9.743441671513162873e+03
1.500072592732030898e+03 9.742357421875000000e+03 9.743438851287512080e+03
1.500093026936519891e+03 9.746354492187500000e+03 9.743436045798647683e+03
1.500113460941240191e+03 9.738186523437500000e+03 9.743433255089441445e+03
1.500133895146194845e+03 9.740411132812500000e+03 9.743430479107064457e+03
1.500154329251497984e+03 9.752211914062500000e+03 9.743427717894170200e+03
1.500174763256683946e+03 9.743376953125000000e+03 9.743424971452403042e+03
1.500195197462569922e+03 9.735807617187500000e+03 9.743422239743249520e+03
1.500215631567873061e+03 9.741957031250000000e+03 9.743419522808891998e+03
1.500236065573990345e+03 9.748454101562500000e+03 9.743416820650738373e+03
1.500256499780341983e+03 9.745342773437500000e+03 9.743414133231093729e+03
1.500276933786459267e+03 9.744795898437500000e+03 9.743411460604438616e+03
1.500297367892693728e+03 9.740648437500000000e+03 9.743408802733181801e+03
1.500317802099511027e+03 9.744333984375000000e+03 9.743406159619278696e+03
1.500338236106559634e+03 9.756166015625000000e+03 9.743403531303280033e+03
1.500358670313376933e+03 9.742803710937500000e+03 9.743400917735591065e+03
1.500379104420542717e+03 9.745993164062500000e+03 9.743398318956427829e+03
1.500399538428056985e+03 9.749968750000000000e+03 9.743395734967369208e+03
1.500419972635805607e+03 9.750984375000000000e+03 9.743393165732410125e+03
1.500440406743437052e+03 9.744521484375000000e+03 9.743390611291222740e+03
1.500460840851534158e+03 9.747042968750000000e+03 9.743388071632929496e+03
1.500481274959631264e+03 9.738231445312500000e+03 9.743385546759389399e+03
1.500501709067728370e+03 9.739983398437500000e+03 9.743383036672406888e+03
1.500522143276408315e+03 9.744147460937500000e+03 9.743380541361540963e+03
1.500542577284853905e+03 9.751160156250000000e+03 9.743378060865215957e+03
1.500563011393882334e+03 9.741226562500000000e+03 9.743375595148612774e+03
1.500583445603027940e+03 9.742620117187500000e+03 9.743373144213801424e+03
1.500603879712056369e+03 9.737493164062500000e+03 9.743370708086611558e+03
1.500624313721898943e+03 9.744339843750000000e+03 9.743368286768509279e+03
1.500644747931510210e+03 9.743207031250000000e+03 9.743365880225988803e+03
1.500665182041004300e+03 9.740625976562500000e+03 9.743363488496277569e+03
1.500685616051312536e+03 9.750469726562500000e+03 9.743361111580850775e+03
1.500706050261389464e+03 9.734615234375000000e+03 9.743358749446844740e+03
1.500726484371814877e+03 9.745675781250000000e+03 9.743356402130786591e+03
1.500746918582357466e+03 9.748160156250000000e+03 9.743354069611526938e+03
1.500767352593131363e+03 9.748224609375000000e+03 9.743351751924994460e+03
1.500787786704022437e+03 9.744566406250000000e+03 9.743349449038869352e+03
1.500808220915030688e+03 9.745250000000000000e+03 9.743347160955174331e+03
1.500828654926270247e+03 9.740815429687500000e+03 9.743344887709177783e+03
1.500849089037626982e+03 9.737733398437500000e+03 9.743342629269214740e+03
1.500869523249566555e+03 9.741291992187500000e+03 9.743340385637251529e+03
1.500889957261271775e+03 9.738512695312500000e+03 9.743338156848018116e+03
1.500910391473211348e+03 9.739926757812500000e+03 9.743335942859632269e+03
1.500930825485382229e+03 9.741218750000000000e+03 9.743333743717241305e+03
1.500951259597670287e+03 9.743362304687500000e+03 9.743331559390258917e+03
1.500971693810541183e+03 9.741888671875000000e+03 9.743329389880658709e+03
1.500992127823177725e+03 9.750126953125000000e+03 9.743327235222071977e+03
1.501012561935931444e+03 9.745768554687500000e+03 9.743325095384527231e+03
1.501032996149268001e+03 9.744101562500000000e+03 9.743322970369990799e+03
1.501053430162370205e+03 9.745813476562500000e+03 9.743320860211442778e+03
1.501073864276055247e+03 9.743861328125000000e+03 9.743318764879508308e+03
1.501094298489857465e+03 9.742601562500000000e+03 9.743316684376262856e+03
1.501114732603542507e+03 9.737507812500000000e+03 9.743314618723892636e+03
1.501135166717693210e+03 9.738298828125000000e+03 9.743312567913924795e+03
1.501155600831843913e+03 9.769990234375000000e+03 9.743310531948209245e+03
1.501176034946460277e+03 9.742630859375000000e+03 9.743308510828501312e+03
1.501196469061076641e+03 9.750318359375000000e+03 9.743306504556654545e+03
1.501216903175693005e+03 9.750912109375000000e+03 9.743304513134466106e+03
1.501237337290775031e+03 9.740419921875000000e+03 9.743302536563696776e+03
1.501257771505974233e+03 9.740591796875000000e+03 9.743300574836617670e+03
1.501278205520939082e+03 9.746899414062500000e+03 9.743298627983758706e+03
1.501298639736603945e+03 9.741431640625000000e+03 9.743296695968725544e+03
1.501319073852151632e+03 9.737813476562500000e+03 9.743294778821869841e+03
1.501339507868047804e+03 9.747907226562500000e+03 9.743292876544730461e+03
1.501359942084178329e+03 9.740973632812500000e+03 9.743290989111304953e+03
1.501380376200657338e+03 9.746367187500000000e+03 9.743289116551208281e+03
1.501400810217019171e+03 9.743127929687500000e+03 9.743287258866061165e+03
1.501421244433615357e+03 9.747422851562500000e+03 9.743285416030477791e+03
1.501441678550094366e+03 9.743188476562500000e+03 9.743283588073449209e+03
1.501462112567387521e+03 9.748600585937500000e+03 9.743281774996481545e+03
1.501482546784449369e+03 9.737802734375000000e+03 9.743279976774960232e+03
1.501502980901859701e+03 9.749523437500000000e+03 9.743278193437150549e+03
1.501523415119387209e+03 9.748718750000000000e+03 9.743276424967416460e+03
1.501543849137146026e+03 9.740142578125000000e+03 9.743274671393404788e+03
1.501564283154904842e+03 9.750564453125000000e+03 9.743272932699559533e+03
1.501584717372898012e+03 9.744221679687500000e+03 9.743271208870863120e+03
1.501605151491239667e+03 9.749726562500000000e+03 9.743269499934525811e+03
1.501625585609581321e+03 9.748345703125000000e+03 9.743267805883911933e+03
1.501646019728388637e+03 9.739614257812500000e+03 9.743266126720780449e+03
1.501666453847195953e+03 9.741169921875000000e+03 9.743264462446973994e+03
1.501686888066120446e+03 9.750288085937500000e+03 9.743262813056251616e+03
1.501707322085276246e+03 9.743187500000000000e+03 9.743261178574517544e+03
1.501727756204549223e+03 9.738436523437500000e+03 9.743259558979465510e+03
1.501748190423939377e+03 9.741952148437500000e+03 9.743257954273130963e+03
1.501768624543678015e+03 9.741000976562500000e+03 9.743256364472996211e+03
1.501789058563299477e+03 9.743000000000000000e+03 9.743254789580689248e+03
1.501809492783620954e+03 9.748050781250000000e+03 9.743253229574926081e+03
1.501829926903825253e+03 9.738807617187500000e+03 9.743251684480597760e+03
1.501850361024029553e+03 9.745821289062500000e+03 9.743250154291821673e+03
1.501870795144699514e+03 9.733582031250000000e+03 9.743248639010365878e+03
1.501891229265835136e+03 9.744169921875000000e+03 9.743247138638031174e+03
1.501911663486622274e+03 9.740671875000000000e+03 9.743245653169453362e+03
1.501932097507640719e+03 9.742630859375000000e+03 9.743244182628086492e+03
1.501952531629242003e+03 9.733810546875000000e+03 9.743242726994016266e+03
1.501972965850494802e+03 9.743762695312500000e+03 9.743241286269319971e+03
1.501993399872444570e+03 9.744264648437500000e+03 9.743239860476780450e+03
1.502013833994045854e+03 9.741133789062500000e+03 9.743238449597229192e+03
1.502034268216229975e+03 9.741825195312500000e+03 9.743237053632619791e+03
1.502054702238645405e+03 9.748274414062500000e+03 9.743235672605165746e+03
1.502075136460829526e+03 9.744401367187500000e+03 9.743234306489668597e+03
1.502095570583362132e+03 9.739299804687500000e+03 9.743232955308058081e+03
1.502116004606243223e+03 9.743824218750000000e+03 9.743231619061920355e+03
1.502136438829358667e+03 9.745231445312500000e+03 9.743230297733551197e+03
1.502156872952356935e+03 9.743163085937500000e+03 9.743228991344292808e+03
1.502177306975703686e+03 9.748702148437500000e+03 9.743227699895694968e+03
1.502197741199284792e+03 9.748397460937500000e+03 9.743226423370719203e+03
1.502218175222631544e+03 9.735865234375000000e+03 9.743225161796179236e+03
1.502238609446678311e+03 9.745658203125000000e+03 9.743223915149133973e+03
1.502259043570607901e+03 9.735193359375000000e+03 9.743222683449843316e+03
1.502279477594885975e+03 9.747287109375000000e+03 9.743221466699864322e+03
1.502299911819398403e+03 9.741591796875000000e+03 9.743220264883253549e+03
1.502320345943793654e+03 9.748018554687500000e+03 9.743219078019588778e+03
1.502340780068654567e+03 9.744825195312500000e+03 9.743217906104719077e+03
1.502361214193515480e+03 9.739855468750000000e+03 9.743216749140476168e+03
1.502381648318376392e+03 9.747805664062500000e+03 9.743215607128662668e+03
1.502402082443702966e+03 9.732066406250000000e+03 9.743214480071053913e+03
1.502422516569495201e+03 9.739013671875000000e+03 9.743213367969459796e+03
1.502442950694821775e+03 9.744340820312500000e+03 9.743212270825722953e+03
1.502463384920731187e+03 9.743264648437500000e+03 9.743211188636336374e+03
1.502483819046989083e+03 9.744548828125000000e+03 9.743210121413712841e+03
1.502504253073129803e+03 9.749785156250000000e+03 9.743209069159449427e+03
1.502524687299504876e+03 9.744704101562500000e+03 9.743208031860001938e+03
1.502545121425762773e+03 9.741217773437500000e+03 9.743207009532527081e+03
1.502565555452369153e+03 9.737764648437500000e+03 9.743206002178583731e+03
1.502585989679675549e+03 9.743643554687500000e+03 9.743205009785277070e+03
1.502606423806399107e+03 9.738290039062500000e+03 9.743204032369150809e+03
1.502626858033705503e+03 9.741958984375000000e+03 9.743203069922394207e+03
1.502647292061243206e+03 9.738316406250000000e+03 9.743202122460834289e+03
1.502688160416670144e+03 9.743555664062500000e+03 9.743200272458720065e+03
1.502708594444673508e+03 9.747183593750000000e+03 9.743199369935344293e+03
1.502729028572794050e+03 9.743477539062500000e+03 9.743198482390587742e+03
1.502749462801031768e+03 9.744007812500000000e+03 9.743197609826474945e+03
1.502769896829500794e+03 9.745288085937500000e+03 9.743196752257506887e+03
1.502790330958086997e+03 9.751892578125000000e+03 9.743195909672786001e+03
1.502810765186790377e+03 9.742696289062500000e+03 9.743195082074336824e+03
1.502831199216190726e+03 9.738157226562500000e+03 9.743194269475981855e+03
1.502851633445359766e+03 9.738172851562500000e+03 9.743193471863654850e+03
1.502872067474760115e+03 9.738637695312500000e+03 9.743192689254752622e+03
1.502892501604277641e+03 9.742439453125000000e+03 9.743191921639481734e+03
1.502912935833912343e+03 9.748575195312500000e+03 9.743191169019864901e+03
1.502933369863778353e+03 9.738904296875000000e+03 9.743190431408638688e+03
1.502953803993761539e+03 9.745477539062500000e+03 9.743189708796679042e+03
1.502974238224327564e+03 9.743220703125000000e+03 9.743189001185983216e+03
1.502994672354776412e+03 9.737056640625000000e+03 9.743188308585311461e+03
1.503015106485225260e+03 9.749827148437500000e+03 9.743187630992961203e+03
1.503035540616139770e+03 9.746479492187500000e+03 9.743186968410715053e+03
1.503055974747054279e+03 9.740616210937500000e+03 9.743186320840399276e+03
1.503076408878434449e+03 9.744759765625000000e+03 9.743185688283796480e+03
1.503096843009814620e+03 9.738514648437500000e+03 9.743185070742729295e+03
1.503117277141194791e+03 9.741054687500000000e+03 9.743184468218994880e+03
1.503137711372692138e+03 9.741765625000000000e+03 9.743183880711558231e+03
1.503158145404886454e+03 9.737799804687500000e+03 9.743183308230720286e+03
1.503178579636849463e+03 9.738226562500000000e+03 9.743182750767104153e+03
1.503199013769160956e+03 9.748657226562500000e+03 9.743182208330788853e+03
1.503219447801355273e+03 9.742632812500000000e+03 9.743181680923375097e+03
1.503239882033783942e+03 9.746385742187500000e+03 9.743181168539013015e+03
1.503260316166561097e+03 9.739367187500000000e+03 9.743180671187146800e+03
1.503280750199686736e+03 9.747278320312500000e+03 9.743180188869355334e+03
1.503301184432581067e+03 9.749654296875000000e+03 9.743179721580481782e+03
1.503321618565823883e+03 9.744843750000000000e+03 9.743179269329290037e+03
1.503342052599415183e+03 9.734944335937500000e+03 9.743178832117362617e+03
1.503362486832775176e+03 9.752339843750000000e+03 9.743178409940202982e+03
1.503382920966949314e+03 9.741050781250000000e+03 9.743178002805907454e+03
1.503403355100657791e+03 9.736834960937500000e+03 9.743177610714194088e+03
1.503423789234831929e+03 9.748979492187500000e+03 9.743177233666852771e+03
1.503444223369471729e+03 9.745653320312500000e+03 9.743176871665686122e+03
1.503464657503645867e+03 9.747504882812500000e+03 9.743176524712514947e+03
1.503485091638285667e+03 9.747240234375000000e+03 9.743176192809121858e+03
1.503505525773391128e+03 9.741843750000000000e+03 9.743175875957316748e+03
1.503525959908496588e+03 9.748420898437500000e+03 9.743175574158900417e+03
1.503546394043602049e+03 9.745274414062500000e+03 9.743175287415684579e+03
1.503566828278824687e+03 9.741652343750000000e+03 9.743175015728174913e+03
1.503587262314278632e+03 9.740644531250000000e+03 9.743174759102050302e+03
1.503607696450315416e+03 9.747623046875000000e+03 9.743174517535233463e+03
1.503628130686003715e+03 9.748105468750000000e+03 9.743174291029758024e+03
1.503648564822040498e+03 9.737024414062500000e+03 9.743174079589636676e+03
1.503668998858425766e+03 9.742221679687500000e+03 9.743173883216448303e+03
1.503689433095045388e+03 9.740213867187500000e+03 9.743173701909230658e+03
1.503709867231547832e+03 9.743018554687500000e+03 9.743173535672558501e+03
1.503730301268398762e+03 9.740383789062500000e+03 9.743173384508008894e+03
1.503750735505484045e+03 9.744712890625000000e+03 9.743173248415283524e+03
1.503771169642452151e+03 9.734140625000000000e+03 9.743173127398287761e+03
1.503791603879537433e+03 9.746138671875000000e+03 9.743173021457641880e+03
1.503812037917319685e+03 9.743251953125000000e+03 9.743172930596592778e+03
1.503832472054753453e+03 9.732612304687500000e+03 9.743172854815504252e+03
1.503852906292770058e+03 9.741229492187500000e+03 9.743172794116395380e+03
1.503873340330552310e+03 9.740394531250000000e+03 9.743172748501849128e+03
1.503893774468917400e+03 9.738303710937500000e+03 9.743172717972891405e+03
1.503914208706934005e+03 9.739313476562500000e+03 9.743172702531544928e+03
1.503934642745647579e+03 9.732136718750000000e+03 9.743172702179730550e+03
1.503955076984595507e+03 9.743368164062500000e+03 9.743172716919241793e+03
1.503975511123426259e+03 9.743745117187500000e+03 9.743172746751777595e+03
1.503995945162139833e+03 9.748946289062500000e+03 9.743172791678918657e+03
1.504016379401553422e+03 9.744788085937500000e+03 9.743172851703238848e+03
1.504036813540849835e+03 9.744185546875000000e+03 9.743172926825773175e+03
1.504057247580494732e+03 9.746864257812500000e+03 9.743173017048100519e+03
1.504077681820373982e+03 9.737416992187500000e+03 9.743173122373460501e+03
1.504098115960136056e+03 9.746276367187500000e+03 9.743173242802216919e+03
1.504118550000246614e+03 9.740097656250000000e+03 9.743173378335955931e+03
1.504138984240591526e+03 9.738277343750000000e+03 9.743173528978581089e+03
1.504159418380819261e+03 9.734326171875000000e+03 9.743173694729790441e+03
1.504179852521512657e+03 9.741232421875000000e+03 9.743173875592094191e+03
1.504200286662206054e+03 9.732049804687500000e+03 9.743174071567289502e+03
1.504220720803365111e+03 9.737688476562500000e+03 9.743174282657180811e+03
1.504241154944524169e+03 9.745938476562500000e+03 9.743174508863572555e+03
1.504261589085683227e+03 9.744521484375000000e+03 9.743174750188267353e+03
1.504282023227307945e+03 9.743040039062500000e+03 9.743175006633067824e+03
1.504302457368932664e+03 9.746009765625000000e+03 9.743175278199778404e+03
1.504322891510557383e+03 9.743085937500000000e+03 9.743175564890194437e+03
1.504343325752764940e+03 9.746548828125000000e+03 9.743175866707650130e+03
1.504363759894855320e+03 9.745639648437500000e+03 9.743176183650975872e+03
1.504384193937294185e+03 9.746449218750000000e+03 9.743176515721763280e+03
1.504404628179501742e+03 9.750592773437500000e+03 9.743176862926795366e+03
1.504425062322057784e+03 9.746083984375000000e+03 9.743177225262894353e+03
1.504445496364962310e+03 9.740528320312500000e+03 9.743177602731640945e+03
1.504465930608101189e+03 9.735727539062500000e+03 9.743177995340491179e+03
1.504486364751122892e+03 9.741421875000000000e+03 9.743178403085588798e+03
1.504506798794493079e+03 9.741942382812500000e+03 9.743178825968525416e+03
1.504527233038097620e+03 9.735314453125000000e+03 9.743179263997415546e+03
1.504547667182050645e+03 9.735231445312500000e+03 9.743179717167749914e+03
1.504568101425655186e+03 9.740979492187500000e+03 9.743180185485751281e+03
1.504588535469956696e+03 9.746159179687500000e+03 9.743180668946260994e+03
1.504608969613909721e+03 9.739369140625000000e+03 9.743181167558037487e+03
1.504629403858445585e+03 9.749224609375000000e+03 9.743181681323136218e+03
1.504649837903212756e+03 9.739414062500000000e+03 9.743182210235694583e+03
1.504670272047631443e+03 9.743642578125000000e+03 9.743182754305154958e+03
1.504690706292632967e+03 9.738612304687500000e+03 9.743183313533565524e+03
1.504711140337865800e+03 9.748671875000000000e+03 9.743183887914405204e+03
1.504731574582867324e+03 9.743794921875000000e+03 9.743184477460699782e+03
1.504752008728682995e+03 9.743712890625000000e+03 9.743185082165742642e+03
1.504772442773915827e+03 9.747004882812500000e+03 9.743185702031070832e+03
1.504792877019848675e+03 9.737027343750000000e+03 9.743186337067740169e+03
1.504813311165664345e+03 9.744713867187500000e+03 9.743186987268316443e+03
1.504833745211828500e+03 9.744815429687500000e+03 9.743187652634391270e+03
1.504854179458227009e+03 9.744644531250000000e+03 9.743188333177648019e+03
1.504874613604508340e+03 9.740218750000000000e+03 9.743189028889999463e+03
1.504895047651138157e+03 9.739725585937500000e+03 9.743189739773035399e+03
1.504915481898002326e+03 9.741515625000000000e+03 9.743190465839106764e+03
1.504935916045214981e+03 9.751798828125000000e+03 9.743191207079475134e+03
1.504956350292079151e+03 9.740527343750000000e+03 9.743191963503171792e+03
1.504976784339640290e+03 9.745253906250000000e+03 9.743192735100819846e+03
1.504997218486852944e+03 9.746301757812500000e+03 9.743193521885397786e+03
1.505017652734648436e+03 9.744820312500000000e+03 9.743194323858971984e+03
1.505038086782209575e+03 9.739435546875000000e+03 9.743195141011427040e+03
1.505058520930353552e+03 9.739132812500000000e+03 9.743195973356479954e+03
1.505078955178614706e+03 9.742666015625000000e+03 9.743196820896144345e+03
1.505099389227107167e+03 9.747750000000000000e+03 9.743197683619669988e+03
1.505119823475368321e+03 9.743013671875000000e+03 9.743198561545726989e+03
1.505140257623977959e+03 9.743920898437500000e+03 9.743199454663368670e+03
1.505160691672936082e+03 9.742009765625000000e+03 9.743200362974173913e+03
1.505181125922128558e+03 9.745626953125000000e+03 9.743201286493389489e+03
1.505201560071203858e+03 9.735939453125000000e+03 9.743202225209352036e+03
1.505221994120161980e+03 9.743151367187500000e+03 9.743203179123644077e+03
1.505242428369820118e+03 9.744547851562500000e+03 9.743204148252223604e+03
1.505262862519361079e+03 9.739570312500000000e+03 9.743205132582734223e+03
1.505283296669367701e+03 9.744483398437500000e+03 9.743206132121717019e+03
1.505303730819374323e+03 9.738746093750000000e+03 9.743207146870950965e+03
1.505324164969846606e+03 9.745235351562500000e+03 9.743208176832264144e+03
1.505344599119853228e+03 9.746533203125000000e+03 9.743209222007406424e+03
1.505365033270325512e+03 9.738215820312500000e+03 9.743210282398234995e+03
1.505385467421263456e+03 9.741896484375000000e+03 9.743211358006554292e+03
1.505405901572201401e+03 9.750148437500000000e+03 9.743212448834136012e+03
1.505426335723139346e+03 9.737194335937500000e+03 9.743213554882786411e+03
1.505446769874542952e+03 9.747625976562500000e+03 9.743214676154333574e+03
1.505467204025946558e+03 9.746424804687500000e+03 9.743215812650558291e+03
1.505487638177350163e+03 9.735544921875000000e+03 9.743216964373261362e+03
1.505508072428870946e+03 9.739541992187500000e+03 9.743218131329995231e+03
1.505528506580740213e+03 9.751469726562500000e+03 9.743219313511162909e+03
1.505548940632957965e+03 9.751079101562500000e+03 9.743220510918337823e+03
1.505569374884944409e+03 9.744958984375000000e+03 9.743221723570984977e+03
1.505589809037744999e+03 9.734854492187500000e+03 9.743222951453277346e+03
1.505610243089962751e+03 9.746311523437500000e+03 9.743224194566704682e+03
1.505630677342880517e+03 9.741952148437500000e+03 9.743225452931517793e+03
1.505671545548830181e+03 9.745166992187500000e+03 9.743228015367072658e+03
1.505691979801747948e+03 9.748065429687500000e+03 9.743229319460222541e+03
1.505712413955479860e+03 9.743124023437500000e+03 9.743230638793389517e+03
1.505732848208863288e+03 9.741388671875000000e+03 9.743231973381214630e+03
1.505753282262478024e+03 9.737341796875000000e+03 9.743233323205833585e+03
1.505773716416675597e+03 9.738895507812500000e+03 9.743234688288781399e+03
1.505794150670524687e+03 9.745573242187500000e+03 9.743236068632020761e+03
1.505814584724605083e+03 9.737421875000000000e+03 9.743237464217012530e+03
1.505835018879268318e+03 9.738613281250000000e+03 9.743238875065968386e+03
1.505855453133583069e+03 9.747413085937500000e+03 9.743240301180843744e+03
1.505875887188594788e+03 9.737611328125000000e+03 9.743241742542470092e+03
1.505896321443375200e+03 9.740229492187500000e+03 9.743243199180798911e+03
1.505916755598504096e+03 9.742984375000000000e+03 9.743244671076401573e+03
1.505937189653515816e+03 9.744935546875000000e+03 9.743246158230824221e+03
1.505957623909227550e+03 9.743625000000000000e+03 9.743247660667871969e+03
1.505978058064822108e+03 9.739853515625000000e+03 9.743249178367346758e+03
1.505998492220416665e+03 9.748814453125000000e+03 9.743250711338370820e+03
1.506018926376476884e+03 9.745565429687500000e+03 9.743252259582783154e+03
1.506039360532537103e+03 9.743338867187500000e+03 9.743253823102357273e+03
1.506059794588480145e+03 9.748464843750000000e+03 9.743255401891115980e+03
1.506080228845123202e+03 9.745083007812500000e+03 9.743256995974221354e+03
1.506100663001649082e+03 9.745259765625000000e+03 9.743258605330120190e+03
1.506121097158174962e+03 9.737920898437500000e+03 9.743260229968385829e+03
1.506141531315166503e+03 9.751752929687500000e+03 9.743261869890860908e+03
1.506161965472158045e+03 9.745921875000000000e+03 9.743263525099315302e+03
1.506182399729732424e+03 9.739446289062500000e+03 9.743265195603802567e+03
1.506202833787072450e+03 9.740396484375000000e+03 9.743266881381427083e+03
1.506223267944529653e+03 9.740994140625000000e+03 9.743268582458662422e+03
1.506243702202104032e+03 9.750884765625000000e+03 9.743270298837525843e+03
1.506264136259909719e+03 9.738171875000000000e+03 9.743272030494528735e+03
1.506284570518415421e+03 9.736182617187500000e+03 9.743273777465405146e+03
1.506305004676338285e+03 9.734593750000000000e+03 9.743275539726313582e+03
1.506325438734609634e+03 9.745648437500000000e+03 9.743277317278916598e+03
1.506345872993580997e+03 9.746530273437500000e+03 9.743279110151255736e+03
1.506366307151969522e+03 9.737956054687500000e+03 9.743280918318811018e+03
1.506386741211172193e+03 9.748537109375000000e+03 9.743282741783286838e+03
1.506407175470143557e+03 9.742742187500000000e+03 9.743284580573270432e+03
1.506427609629463404e+03 9.745507812500000000e+03 9.743286434663741602e+03
1.506448043688666075e+03 9.746819335937500000e+03 9.743288304056230118e+03
1.506468477948103100e+03 9.743095703125000000e+03 9.743290188780134486e+03
1.506488912107888609e+03 9.737163085937500000e+03 9.743292088809703273e+03
1.506509346367791295e+03 9.743689453125000000e+03 9.743294004165320075e+03
1.506529780427925289e+03 9.746157226562500000e+03 9.743295934820567709e+03
1.506550214588176459e+03 9.745785156250000000e+03 9.743297880805464956e+03
1.506570648848544806e+03 9.739635742187500000e+03 9.743299842122043628e+03
1.506591082909144461e+03 9.740903320312500000e+03 9.743301818743213516e+03
1.506611517069861293e+03 9.738750976562500000e+03 9.743303810699668247e+03
1.506631951330695301e+03 9.744687500000000000e+03 9.743305817993437813e+03
1.506652385491412133e+03 9.737572265625000000e+03 9.743307840606656100e+03
1.506672819652594626e+03 9.744338867187500000e+03 9.743309878550968278e+03
1.506693253814242780e+03 9.745863281250000000e+03 9.743311931828182423e+03
1.506713687875773758e+03 9.744721679687500000e+03 9.743314000429872976e+03
1.506734122137539089e+03 9.759579101562500000e+03 9.743316084388370655e+03
1.506754556299187243e+03 9.748915039062500000e+03 9.743318183674953616e+03
1.506774990361183882e+03 9.745813476562500000e+03 9.743320298291251675e+03
1.506795424623414874e+03 9.742118164062500000e+03 9.743322428270210366e+03
1.506815858785994351e+03 9.743406250000000000e+03 9.743324573582491212e+03
1.506836292848456651e+03 9.732650390625000000e+03 9.743326734229620342e+03
1.506856727111153305e+03 9.742765625000000000e+03 9.743328910245272709e+03
1.506877161273732781e+03 9.743352539062500000e+03 9.743331101599378599e+03
1.506897595536895096e+03 9.745208007812500000e+03 9.743333308315264730e+03
1.506918029600288719e+03 9.742708984375000000e+03 9.743335530362186546e+03
1.506938463763333857e+03 9.738991210937500000e+03 9.743337767774395616e+03
1.506958898026961833e+03 9.742313476562500000e+03 9.743340020554016519e+03
1.506979332090355456e+03 9.739263671875000000e+03 9.743342288669584377e+03
1.506999766254331917e+03 9.745182617187500000e+03 9.743344572156174763e+03
1.507020200518425554e+03 9.744325195312500000e+03 9.743346871015764918e+03
1.507040634582750499e+03 9.743570312500000000e+03 9.743349185216306068e+03
1.507061068846844137e+03 9.742861328125000000e+03 9.743351514804851831e+03
1.507081503011286259e+03 9.743889648437500000e+03 9.743353859749182448e+03
1.507101937076076865e+03 9.744302734375000000e+03 9.743356220050874981e+03
1.507122371340636164e+03 9.738115234375000000e+03 9.743358595746431092e+03
1.507142805505543947e+03 9.744713867187500000e+03 9.743360986802957996e+03
1.507163239670917392e+03 9.739192382812500000e+03 9.743363393233858005e+03
1.507183673836290836e+03 9.748276367187500000e+03 9.743365815040879170e+03
1.507204108001664281e+03 9.742759765625000000e+03 9.743368252225825927e+03
1.507224542167037725e+03 9.752570312500000000e+03 9.743370704790500895e+03
1.507244976332876831e+03 9.748014648437500000e+03 9.743373172736763081e+03
1.507265410498715937e+03 9.744766601562500000e+03 9.743375656066360534e+03
1.507285844665020704e+03 9.741615234375000000e+03 9.743378154781152261e+03
1.507306278931442648e+03 9.753720703125000000e+03 9.743380668895235431e+03
1.507326712997630239e+03 9.743724609375000000e+03 9.743383198373358027e+03
1.507347147164400667e+03 9.744160156250000000e+03 9.743385743254433692e+03
1.507367581331171095e+03 9.736893554687500000e+03 9.743388303527863172e+03
1.507388015497941524e+03 9.743685546875000000e+03 9.743390879195441812e+03
1.507408449765294790e+03 9.741649414062500000e+03 9.743393470271763363e+03
1.507428883832413703e+03 9.735815429687500000e+03 9.743396076720380734e+03
1.507449318099766970e+03 9.739875000000000000e+03 9.743398698594175585e+03
1.507469752267468721e+03 9.740586914062500000e+03 9.743401335856584410e+03
1.507490186335053295e+03 9.741963867187500000e+03 9.743403988509126066e+03
1.507510620602872223e+03 9.748196289062500000e+03 9.743406656592705986e+03
1.507531054771039635e+03 9.739504882812500000e+03 9.743409340070085818e+03
1.507551488839089870e+03 9.741055664062500000e+03 9.743412038942780782e+03
1.507571923107374460e+03 9.739629882812500000e+03 9.743414753252372975e+03
1.507592357276007533e+03 9.741648437500000000e+03 9.743417482960949201e+03
1.507612791544757783e+03 9.742259765625000000e+03 9.743420228096996652e+03
1.507633225613739341e+03 9.739522460937500000e+03 9.743422988621918194e+03
1.507653659782372415e+03 9.742442382812500000e+03 9.743425764577856171e+03
1.507674094051588327e+03 9.748109375000000000e+03 9.743428555966964268e+03
1.507694528121035546e+03 9.736323242187500000e+03 9.743431362749903201e+03
1.507714962290599942e+03 9.742625000000000000e+03 9.743434184969555645e+03
1.507735396560281515e+03 9.741457031250000000e+03 9.743437022627951592e+03
1.507755830630194396e+03 9.747258789062500000e+03 9.743439875685135121e+03
1.507776264800224453e+03 9.751913085937500000e+03 9.743442744184667390e+03
1.507796699070371687e+03 9.745011718750000000e+03 9.743445628128578392e+03
1.507817133240401745e+03 9.745228515625000000e+03 9.743448527490409106e+03
1.507837567410897464e+03 9.744069335937500000e+03 9.743451442286124802e+03
1.507858001581393182e+03 9.742307617187500000e+03 9.743454372517458978e+03
1.507878435752354562e+03 9.744779296875000000e+03 9.743457318186283374e+03
1.507898869923315942e+03 9.747966796875000000e+03 9.743460279294333304e+03
1.507919304094277322e+03 9.742806640625000000e+03 9.743463255843413208e+03
1.507939738265704364e+03 9.745886718750000000e+03 9.743466247835387549e+03
1.507960172437131405e+03 9.747526367187500000e+03 9.743469255271998918e+03
1.507980606608558446e+03 9.744656250000000000e+03 9.743472278155046297e+03
1.508001040780451149e+03 9.741465820312500000e+03 9.743475316486406882e+03
1.508021474952343851e+03 9.756038085937500000e+03 9.743478370267808714e+03
1.508041909124236554e+03 9.742272460937500000e+03 9.743481439501056229e+03
1.508062343396712095e+03 9.739533203125000000e+03 9.743484524203173351e+03
1.508082777468953282e+03 9.740500000000000000e+03 9.743487624330440667e+03
1.508103211641311646e+03 9.743320312500000000e+03 9.743490739930115524e+03
1.508123645914252847e+03 9.746895507812500000e+03 9.743493871004295215e+03
1.508144079986959696e+03 9.739335937500000000e+03 9.743497017508580029e+03
1.508164514160249382e+03 9.746738281250000000e+03 9.743500179490978553e+03
1.508184948433190584e+03 9.741992187500000000e+03 9.743503356953377079e+03
1.508205382506363094e+03 9.743371093750000000e+03 9.743506549850908414e+03
1.508225816780235618e+03 9.747411132812500000e+03 9.743509758247946593e+03
1.508246250953525305e+03 9.743922851562500000e+03 9.743512982099104192e+03
1.508266685027629137e+03 9.745107421875000000e+03 9.743516221406178374e+03
1.508287119301501662e+03 9.740607421875000000e+03 9.743519476218481941e+03
1.508307553475722671e+03 9.741541015625000000e+03 9.743522746490234567e+03
1.508327987549826503e+03 9.735724609375000000e+03 9.743526032222935100e+03
1.508348421824630350e+03 9.743963867187500000e+03 9.743529333466874959e+03
1.508368855998851359e+03 9.749603515625000000e+03 9.743532650175297022e+03
1.508389290273655206e+03 9.741455078125000000e+03 9.743535982382654765e+03
1.508409724348690361e+03 9.739743164062500000e+03 9.743539330041658104e+03
1.508430158523842692e+03 9.741908203125000000e+03 9.743542693203127783e+03
1.508450592799112201e+03 9.746155273437500000e+03 9.743546071869095613e+03
1.508471026974264532e+03 9.744343750000000000e+03 9.743549466008256786e+03
1.508491461049765348e+03 9.740857421875000000e+03 9.743552875622259307e+03
1.508511895325500518e+03 9.744065429687500000e+03 9.743556300763064428e+03
1.508532329501584172e+03 9.745977539062500000e+03 9.743559741382321590e+03
1.508552763577550650e+03 9.737030273437500000e+03 9.743563197481526004e+03
1.508573197853751481e+03 9.742217773437500000e+03 9.743566669113397438e+03
1.508593632030300796e+03 9.745434570312500000e+03 9.743570156228899577e+03
1.508614066206384450e+03 9.740445312500000000e+03 9.743573658846653416e+03
1.508654934459831566e+03 9.743696289062500000e+03 9.743580710579244624e+03
1.508675368736963719e+03 9.740570312500000000e+03 9.743584259732311693e+03
1.508695802913978696e+03 9.740184570312500000e+03 9.743587824377565994e+03
1.508716236991342157e+03 9.752818359375000000e+03 9.743591404516668263e+03
1.508736671268939972e+03 9.754437500000000000e+03 9.743595000204075404e+03
1.508757105446420610e+03 9.747805664062500000e+03 9.743598611388852078e+03
1.508777539724484086e+03 9.748146484375000000e+03 9.743602238108271195e+03
1.508797973802313209e+03 9.747255859375000000e+03 9.743605880310631619e+03
1.508818407980259508e+03 9.742530273437500000e+03 9.743609538051154232e+03
1.508838842258322984e+03 9.755874023437500000e+03 9.743613211331874481e+03
1.508859276337083429e+03 9.736463867187500000e+03 9.743616900100654675e+03
1.508879710515495390e+03 9.746274414062500000e+03 9.743620604413154069e+03
1.508900144794024527e+03 9.740631835937500000e+03 9.743624324271486330e+03
1.508920578873250633e+03 9.742169921875000000e+03 9.743628059622835281e+03
1.508941013052128255e+03 9.745437500000000000e+03 9.743631810523536842e+03
1.508961447331123054e+03 9.741639648437500000e+03 9.743635576975708318e+03
1.508981881410349160e+03 9.745620117187500000e+03 9.743639358925764100e+03
1.509002315689809620e+03 9.748487304687500000e+03 9.743643156449539674e+03
1.509022749869618565e+03 9.739754882812500000e+03 9.743646969493222059e+03
1.509043184049427509e+03 9.752273437500000000e+03 9.743650798077094805e+03
1.509063618229236454e+03 9.739709960937500000e+03 9.743654642202960531e+03
1.509084052409511060e+03 9.729644531250000000e+03 9.743658501872709166e+03
1.509104486589785665e+03 9.744749023437500000e+03 9.743662377088057838e+03
1.509124920770060271e+03 9.762204101562500000e+03 9.743666267850810982e+03
1.509145354950800538e+03 9.740272460937500000e+03 9.743670174162853073e+03
1.509165789131540805e+03 9.742300781250000000e+03 9.743674096025906692e+03
1.509186223412398249e+03 9.742776367187500000e+03 9.743678033461101222e+03
1.509206657493487000e+03 9.746860351562500000e+03 9.743681986412339029e+03
1.509227091774810106e+03 9.740684570312500000e+03 9.743685954958804359e+03
1.509247525956016034e+03 9.728994140625000000e+03 9.743689939044086714e+03
1.509267960037570447e+03 9.727650390625000000e+03 9.743693938669845011e+03
1.509288394319359213e+03 9.726845703125000000e+03 9.743697953896700710e+03
1.509308828400913626e+03 9.721386718750000000e+03 9.743701984647759673e+03
1.509329262583050877e+03 9.721605468750000000e+03 9.743706030984058089e+03
1.509349696865305305e+03 9.722628906250000000e+03 9.743710092907527724e+03
1.509370130947325379e+03 9.719651367187500000e+03 9.743714170360153730e+03
1.509390565229579806e+03 9.724590820312500000e+03 9.743718263423654207e+03
1.509410999412182719e+03 9.715338867187500000e+03 9.743722372039876063e+03
1.509431433495134115e+03 9.707884765625000000e+03 9.743726496210390906e+03
1.509451867777854204e+03 9.713131835937500000e+03 9.743730635997551872e+03
1.509472301960922778e+03 9.719119140625000000e+03 9.743734791342614699e+03
1.509492736044339836e+03 9.719108398437500000e+03 9.743738962247152813e+03
1.509513170327525586e+03 9.717005859375000000e+03 9.743743148774203291e+03
1.509533604511059821e+03 9.722955078125000000e+03 9.743747350864334294e+03
1.509554038695059717e+03 9.719555664062500000e+03 9.743751568539824802e+03
1.509574472878593951e+03 9.714443359375000000e+03 9.743755801802286442e+03
1.509594907062593848e+03 9.724280273437500000e+03 9.743760050653714643e+03
1.509615341346710920e+03 9.726556640625000000e+03 9.743764315116748548e+03
1.509635775431059301e+03 9.725196289062500000e+03 9.743768595130490212e+03
1.509656209615524858e+03 9.741584960937500000e+03 9.743772890759442816e+03
1.509676643900107592e+03 9.739716796875000000e+03 9.743777202005636354e+03
1.509697078085038811e+03 9.740255859375000000e+03 9.743781528828732917e+03
1.509717512169852853e+03 9.750074218750000000e+03 9.743785871230200428e+03
1.509737946454901248e+03 9.743549804687500000e+03 9.743790229275782622e+03
1.509758380640298128e+03 9.746747070312500000e+03 9.743794602903448322e+03
1.509778814825695008e+03 9.743851562500000000e+03 9.743798992136209563e+03
1.509799249011091888e+03 9.738852539062500000e+03 9.743803396975867145e+03
1.509819683196488768e+03 9.746260742187500000e+03 9.743807817424230961e+03
1.509840117482468486e+03 9.745793945312500000e+03 9.743812253504971522e+03
1.509860551568679512e+03 9.740446289062500000e+03 9.743816705154573356e+03
1.509880985754542053e+03 9.741419921875000000e+03 9.743821172439960719e+03
1.509901420040987432e+03 9.751864257812500000e+03 9.743825655363363694e+03
1.509921854127198458e+03 9.746429687500000000e+03 9.743830153860479186e+03
1.509942288313992321e+03 9.746059570312500000e+03 9.743834667999220983e+03
1.509962722500786185e+03 9.744997070312500000e+03 9.743839197759287345e+03
1.509983156687580049e+03 9.741825195312500000e+03 9.743843743142475432e+03
1.510003590974491090e+03 9.748594726562500000e+03 9.743848304172977805e+03
1.510024025061633438e+03 9.745239257812500000e+03 9.743852880785545494e+03
1.510044459249358624e+03 9.745272460937500000e+03 9.743857473049140026e+03
1.510064893536735326e+03 9.743825195312500000e+03 9.743862080965578571e+03
1.510085327624343336e+03 9.746671875000000000e+03 9.743866704469035540e+03
1.510105761812068522e+03 9.742044921875000000e+03 9.743871343629050898e+03
1.510126196099910885e+03 9.753959960937500000e+03 9.743875998447654638e+03
1.510146630188450217e+03 9.746087890625000000e+03 9.743880668858331774e+03
1.510167064476292580e+03 9.746169921875000000e+03 9.743885354953989008e+03
1.510187498664949089e+03 9.741488281250000000e+03 9.743890056668096804e+03
1.510207932753488421e+03 9.740029296875000000e+03 9.743894774002008489e+03
1.510228367042262107e+03 9.749618164062500000e+03 9.743899507026984793e+03
1.510248801230918616e+03 9.751695312500000000e+03 9.743904255675373861e+03
1.510269235420040786e+03 9.738316406250000000e+03 9.743909019972237729e+03
1.510289669609162956e+03 9.742271484375000000e+03 9.743913799919273515e+03
1.510310103798750788e+03 9.746378906250000000e+03 9.743918595518387519e+03
1.510330537988338619e+03 9.741135742187500000e+03 9.743923406771280497e+03
1.510350972277577966e+03 9.746510742187500000e+03 9.743928233703327351e+03
1.510371406367514282e+03 9.746623046875000000e+03 9.743933076245601114e+03
1.510391840657684952e+03 9.746524414062500000e+03 9.743937934494588262e+03
1.510412274847738445e+03 9.742316406250000000e+03 9.743942808380797942e+03
1.510432708937674761e+03 9.748493164062500000e+03 9.743947697905805398e+03
1.510453143228311092e+03 9.747977539062500000e+03 9.743952603143507076e+03
1.510473577418830246e+03 9.751762695312500000e+03 9.743957524023608130e+03
1.510494011509232223e+03 9.743816406250000000e+03 9.743962460547683804e+03
1.510514445800334215e+03 9.742283203125000000e+03 9.743967412790323579e+03
1.510534879991319031e+03 9.747399414062500000e+03 9.743972380680546848e+03
1.510555314182303846e+03 9.749618164062500000e+03 9.743977364244374257e+03
1.510575748373754323e+03 9.747050781250000000e+03 9.743982363483726658e+03
1.510596182465087622e+03 9.746224609375000000e+03 9.743987378375684784e+03
1.510616616756655276e+03 9.744893554687500000e+03 9.743992408995876758e+03
1.510637050948571414e+03 9.742229492187500000e+03 9.743997455272396110e+03
1.510657485040370375e+03 9.741773437500000000e+03 9.744002517206699849e+03
1.510677919332403690e+03 9.743655273437500000e+03 9.744007594875105497e+03
1.510698353524785489e+03 9.736549804687500000e+03 9.744012688205015365e+03
1.510718787717167288e+03 9.741372070312500000e+03 9.744017797222959416e+03
1.510739221909549087e+03 9.746710937500000000e+03 9.744022921930736629e+03
1.510759656101930887e+03 9.747041992187500000e+03 9.744028062330149623e+03
1.510780090394895524e+03 9.741980468750000000e+03 9.744033218448421394e+03
1.510800524488091469e+03 9.743250976562500000e+03 9.744038390211453589e+03
1.510820958680938929e+03 9.739412109375000000e+03 9.744043577696715147e+03
1.510841392974369228e+03 9.750552734375000000e+03 9.744048780906474349e+03
1.510861827167682350e+03 9.736106445312500000e+03 9.744053999791431124e+03
1.510882261261343956e+03 9.735504882812500000e+03 9.744059234353278953e+03
1.510902695554774255e+03 9.730917968750000000e+03 9.744064484670632737e+03
1.510923129748553038e+03 9.742618164062500000e+03 9.744069750668484630e+03
1.510943563942797482e+03 9.753337890625000000e+03 9.744075032374317743e+03
1.510963998137041926e+03 9.749681640625000000e+03 9.744080329789820098e+03
1.510984432331286371e+03 9.738771484375000000e+03 9.744085642916790675e+03
1.511004866525530815e+03 9.747621093750000000e+03 9.744090971757035732e+03
1.511025300720240921e+03 9.744097656250000000e+03 9.744096316312474301e+03
1.511045734914951026e+03 9.743540039062500000e+03 9.744101676584794404e+03
1.511066169209778309e+03 9.741501953125000000e+03 9.744107052602172189e+03
1.511086603304836899e+03 9.746964843750000000e+03 9.744112444287402468e+03
1.511107037500012666e+03 9.757187500000000000e+03 9.744117851721295665e+03
1.511127471795305610e+03 9.735682617187500000e+03 9.744123274905890867e+03
1.511147905890829861e+03 9.748757812500000000e+03 9.744128713763286214e+03
1.511168340186588466e+03 9.741578125000000000e+03 9.744134168401746138e+03
1.511188774382229894e+03 9.745087890625000000e+03 9.744139638743019532e+03
1.511209208478219807e+03 9.745078125000000000e+03 9.744145124788803514e+03
1.511229642774444073e+03 9.746541992187500000e+03 9.744150626621527408e+03
1.511250076870433986e+03 9.731410156250000000e+03 9.744156144135169598e+03
1.511270511067006737e+03 9.755812500000000000e+03 9.744161677412643257e+03
1.511290945363231003e+03 9.740291992187500000e+03 9.744167226455729178e+03
1.511311379460152239e+03 9.742921875000000000e+03 9.744172791184933885e+03
1.511331813756842166e+03 9.738912109375000000e+03 9.744178371710739157e+03
1.511352247953880578e+03 9.745075195312500000e+03 9.744183967953289539e+03
1.511372682050801814e+03 9.750434570312500000e+03 9.744189579914029309e+03
1.511393116348423064e+03 9.744810546875000000e+03 9.744195207677497820e+03
1.511413550545461476e+03 9.751806640625000000e+03 9.744200851162633626e+03
1.511433984742965549e+03 9.747524414062500000e+03 9.744206510399029867e+03
1.511454418940935284e+03 9.743139648437500000e+03 9.744212185388496437e+03
1.511474853138905019e+03 9.748728515625000000e+03 9.744217876132701349e+03
1.511495287336874753e+03 9.738198242187500000e+03 9.744223582633447222e+03
1.511515721534844488e+03 9.741876953125000000e+03 9.744229304892543951e+03
1.511536155733279884e+03 9.743106445312500000e+03 9.744235042911919663e+03
1.511556590031366795e+03 9.743937500000000000e+03 9.744240796721340303e+03
1.511577024230267853e+03 9.745849609375000000e+03 9.744246566266630907e+03
1.511597458329051733e+03 9.739053710937500000e+03 9.744252351549093873e+03
1.511638326826971024e+03 9.752034179687500000e+03 9.744263969503055705e+03
1.511658760925754905e+03 9.741294921875000000e+03 9.744269802092780083e+03
1.511679195225238800e+03 9.747432617187500000e+03 9.744275650512638094e+03
1.511699629424605519e+03 9.741801757812500000e+03 9.744281514678448730e+03
1.511720063524320722e+03 9.742184570312500000e+03 9.744287394591923658e+03
1.511740497824270278e+03 9.751020507812500000e+03 9.744293290341272950e+03
1.511760932024102658e+03 9.748029296875000000e+03 9.744299201841755348e+03
1.511781366324052215e+03 9.746239257812500000e+03 9.744305129153101007e+03
1.511801800424233079e+03 9.748212890625000000e+03 9.744311072190008417e+03
1.511822234624531120e+03 9.735636718750000000e+03 9.744317031041387963e+03
1.511842668924946338e+03 9.736889648437500000e+03 9.744323005709271456e+03
1.511863103025592864e+03 9.745216796875000000e+03 9.744328996107662533e+03
1.511883537226356566e+03 9.746528320312500000e+03 9.744335002326164613e+03
1.511903971427585930e+03 9.744889648437500000e+03 9.744341024337405543e+03
1.511924405628349632e+03 9.746128906250000000e+03 9.744347062142918730e+03
1.511944839929696172e+03 9.742333007812500000e+03 9.744353115774469188e+03
1.511965274030808359e+03 9.743497070312500000e+03 9.744359185144638104e+03
1.511985708232503384e+03 9.743634765625000000e+03 9.744365270344454984e+03
1.512006142534315586e+03 9.747534179687500000e+03 9.744371371375818853e+03
1.512026576635893434e+03 9.748869140625000000e+03 9.744377488150741556e+03
1.512047010838054121e+03 9.742493164062500000e+03 9.744383620760956546e+03
1.512067445139866322e+03 9.740459960937500000e+03 9.744389769208217331e+03
1.512087879342492670e+03 9.740061523437500000e+03 9.744395933434509061e+03
1.512108313444536179e+03 9.751908203125000000e+03 9.744402113440966787e+03
1.512128747747279704e+03 9.745716796875000000e+03 9.744408309320635453e+03
1.512149181949906051e+03 9.740822265625000000e+03 9.744414520984226328e+03
1.512169616152532399e+03 9.743438476562500000e+03 9.744420748463855489e+03
1.512190050355624408e+03 9.737566406250000000e+03 9.744426991761471072e+03
1.512210484558716416e+03 9.739440429687500000e+03 9.744433250878731997e+03
1.512230918861925602e+03 9.747875976562500000e+03 9.744439525848223639e+03
1.512251352965366095e+03 9.744320312500000000e+03 9.744445816579544044e+03
1.512271787168923765e+03 9.741019531250000000e+03 9.744452123166702222e+03
1.512292221472598612e+03 9.742582031250000000e+03 9.744458445611733623e+03
1.512312655576504767e+03 9.745384765625000000e+03 9.744464783823541438e+03
1.512333089880179614e+03 9.745966796875000000e+03 9.744471137927852396e+03
1.512353524084668607e+03 9.746962890625000000e+03 9.744477507833624259e+03
1.512373958188574761e+03 9.751445312500000000e+03 9.744483893541997531e+03
1.512394392493180931e+03 9.747586914062500000e+03 9.744490295149038502e+03
1.512414826697669923e+03 9.746458984375000000e+03 9.744496712562431640e+03
1.512435260802507401e+03 9.750228515625000000e+03 9.744503145783888613e+03
1.512455695107113570e+03 9.741479492187500000e+03 9.744509594909597581e+03
1.512476129312068224e+03 9.755024414062500000e+03 9.744516059846979260e+03
1.512496563417371362e+03 9.743222656250000000e+03 9.744522540597603438e+03
1.512516997722443193e+03 9.738762695312500000e+03 9.744529037258351309e+03
1.512537431827746332e+03 9.745949218750000000e+03 9.744535549704003643e+03
1.512557866133749485e+03 9.738261718750000000e+03 9.744542078063994268e+03
1.512578300339169800e+03 9.744405273437500000e+03 9.744548622243986756e+03
1.512598734545055777e+03 9.745401367187500000e+03 9.744555182278030770e+03
1.512619168750941753e+03 9.751398437500000000e+03 9.744561758167779772e+03
1.512639602957293391e+03 9.738834960937500000e+03 9.744568349915185536e+03
1.512660037163645029e+03 9.748137695312500000e+03 9.744574957521901524e+03
1.512680471369996667e+03 9.742925781250000000e+03 9.744581580989730355e+03
1.512700905576348305e+03 9.740461914062500000e+03 9.744588220320478285e+03
1.512721339883282781e+03 9.743361328125000000e+03 9.744594875548740674e+03
1.512741774090100080e+03 9.742858398437500000e+03 9.744601546610956575e+03
1.512762208196800202e+03 9.745046875000000000e+03 9.744608233508697595e+03
1.512782642504200339e+03 9.745611328125000000e+03 9.744614936342322835e+03
1.512803076711483300e+03 9.749965820312500000e+03 9.744621655015074793e+03
1.512823510818649083e+03 9.749521484375000000e+03 9.744628389528526895e+03
1.512843945126049221e+03 9.742144531250000000e+03 9.744635139983585759e+03
1.512864379333797842e+03 9.744807617187500000e+03 9.744641906283104618e+03
1.512884813441894948e+03 9.746599609375000000e+03 9.744648688428649621e+03
1.512905247749760747e+03 9.744808593750000000e+03 9.744655486521525745e+03
1.512925681957975030e+03 9.735462890625000000e+03 9.744662300464033251e+03
1.512946116266306490e+03 9.739834960937500000e+03 9.744669130324597063e+03
1.512966550374403596e+03 9.750436523437500000e+03 9.744675976004511540e+03
1.512986984583083540e+03 9.749187500000000000e+03 9.744682837606240355e+03
1.513007418891880661e+03 9.757660156250000000e+03 9.744689715131662524e+03
1.513027853000443429e+03 9.739126953125000000e+03 9.744696608481383009e+03
1.513048287209589034e+03 9.741058593750000000e+03 9.744703517758556700e+03
1.513068721518851817e+03 9.735513671875000000e+03 9.744710442965071707e+03
1.513089155627880245e+03 9.747841796875000000e+03 9.744717384000819948e+03
1.513109589837491512e+03 9.743895507812500000e+03 9.744724340969667537e+03
1.513130024146754295e+03 9.740610351562500000e+03 9.744731313873342515e+03
1.513150458256248385e+03 9.740388671875000000e+03 9.744738302611347535e+03
1.513170892566442490e+03 9.738022460937500000e+03 9.744745307322460576e+03
1.513191326676402241e+03 9.738893554687500000e+03 9.744752327871041416e+03
1.513211760886479169e+03 9.746168945312500000e+03 9.744759364361971166e+03
1.513232195196673274e+03 9.742975585937500000e+03 9.744766416797283455e+03
1.513252629307098687e+03 9.741422851562500000e+03 9.744773485075169447e+03
1.513273063517641276e+03 9.741654296875000000e+03 9.744780569301045034e+03
1.513293497828301042e+03 9.744901367187500000e+03 9.744787669476949304e+03
1.513313932038843632e+03 9.751875000000000000e+03 9.744794785535112169e+03
1.513334366249851882e+03 9.745771484375000000e+03 9.744801917512239015e+03
1.513354800460860133e+03 9.741814453125000000e+03 9.744809065409979667e+03
1.513375234672334045e+03 9.745723632812500000e+03 9.744816229230294994e+03
1.513395668883342296e+03 9.739422851562500000e+03 9.744823408974662016e+03
1.513416103095281869e+03 9.745773437500000000e+03 9.744830604645376297e+03
1.513436537306755781e+03 9.741744140625000000e+03 9.744837816243751149e+03
1.513456971618346870e+03 9.749247070312500000e+03 9.744845043807195907e+03
1.513477405730634928e+03 9.743413085937500000e+03 9.744852287231504306e+03
1.513497839942574501e+03 9.748759765625000000e+03 9.744859546624324139e+03
1.513518274254631251e+03 9.748610351562500000e+03 9.744866821987860021e+03
1.513538708366919309e+03 9.744651367187500000e+03 9.744874113217032573e+03
1.513559142679441720e+03 9.745236328125000000e+03 9.744881420456371416e+03
1.513579576892312616e+03 9.736848632812500000e+03 9.744888743600549788e+03
1.513600011005066335e+03 9.750633789062500000e+03 9.744896082650982862e+03
1.513620445317588747e+03 9.746932617187500000e+03 9.744903437717290217e+03
1.513640879530925304e+03 9.749136718750000000e+03 9.744910808693784929e+03
1.513661313644144684e+03 9.739251953125000000e+03 9.744918195581703912e+03
1.513681747957132757e+03 9.731362304687500000e+03 9.744925598491376149e+03
1.513702182170934975e+03 9.748262695312500000e+03 9.744933017316408950e+03
1.513722616484388709e+03 9.739011718750000000e+03 9.744940452130807898e+03
1.513743050598073751e+03 9.745583984375000000e+03 9.744947902827307189e+03
1.513763484811875969e+03 9.746095703125000000e+03 9.744955369516939754e+03
1.513783919125795364e+03 9.750006835937500000e+03 9.744962852201748319e+03
1.513804353239946067e+03 9.742420898437500000e+03 9.744970350773597602e+03
1.513824787454679608e+03 9.749215820312500000e+03 9.744977865344397287e+03
1.513845221668947488e+03 9.745541992187500000e+03 9.744985395878906274e+03
1.513865655883215368e+03 9.741218750000000000e+03 9.744992942379099986e+03
1.513886090097948909e+03 9.747511718750000000e+03 9.745000504846952026e+03
1.513906524313148111e+03 9.740465820312500000e+03 9.745008083284261375e+03
1.513926958527881652e+03 9.750043945312500000e+03 9.745015677692492318e+03
1.513947392843198031e+03 9.751831054687500000e+03 9.745023288111122383e+03
1.513967827058397233e+03 9.746033203125000000e+03 9.745030914467199182e+03
1.513988261173944920e+03 9.748824218750000000e+03 9.745038556762468943e+03
1.514008695489261299e+03 9.740811523437500000e+03 9.745046215110833145e+03
1.514029129704926163e+03 9.749660156250000000e+03 9.745053889401995548e+03
1.514049563820939511e+03 9.740190429687500000e+03 9.745061579637525938e+03
1.514069998136721551e+03 9.743597656250000000e+03 9.745069285932029743e+03
1.514090432352852076e+03 9.742561523437500000e+03 9.745077008174506773e+03
1.514110866669099778e+03 9.742920898437500000e+03 9.745084746442254982e+03
1.514131300785578787e+03 9.743546875000000000e+03 9.745092500623393789e+03
1.514151735001709312e+03 9.740935546875000000e+03 9.745100270833236209e+03
1.514172169318422675e+03 9.746266601562500000e+03 9.745108057074168755e+03
1.514192603435367346e+03 9.751563476562500000e+03 9.745115859233434094e+03
1.514213037652429193e+03 9.741708984375000000e+03 9.745123677427223811e+03
1.514233471969142556e+03 9.740740234375000000e+03 9.745131511657389638e+03
1.514253906086552888e+03 9.742374023437500000e+03 9.745139361811008712e+03
1.514274340303614736e+03 9.742934570312500000e+03 9.745147228004610952e+03
1.514294774621259421e+03 9.748061523437500000e+03 9.745155110240597423e+03
1.514315208738669753e+03 9.748347656250000000e+03 9.745163008404615539e+03
1.514335643056780100e+03 9.753229492187500000e+03 9.745170922653438538e+03
1.514356077274307609e+03 9.743419921875000000e+03 9.745178852872297284e+03
1.514376511492300779e+03 9.744996093750000000e+03 9.745186799102095392e+03
1.514396945710759610e+03 9.749094726562500000e+03 9.745194761344631843e+03
1.514417379928752780e+03 9.741239257812500000e+03 9.745202739601350913e+03
1.514437814147211611e+03 9.743114257812500000e+03 9.745210733874417201e+03
1.514458248365670443e+03 9.743558593750000000e+03 9.745218744165449607e+03
1.514478682584594935e+03 9.747682617187500000e+03 9.745226770476438105e+03
1.514499116803519428e+03 9.746584960937500000e+03 9.745234812809003415e+03
1.514519551022443920e+03 9.738888671875000000e+03 9.745242871164942699e+03
1.514539985241368413e+03 9.742416015625000000e+03 9.745250945546062212e+03
1.514560419460758567e+03 9.745381835937500000e+03 9.745259035954350111e+03
1.514580853680148721e+03 9.747914062500000000e+03 9.745267142391421658e+03
