4.724708544914610684e+02 5.070020703125000000e+04 5.069569620509076776e+04
4.724912884430959821e+02 5.070663281250000000e+04 5.069548889189132751e+04
4.725117224943824112e+02 5.069098046875000000e+04 5.069528767560998676e+04
4.725321563449688256e+02 5.070072656250000000e+04 5.069509248937242955e+04
4.725525902956724167e+02 5.070041406250000000e+04 5.069490326047386043e+04
4.725730243464931846e+02 5.068401171875000000e+04 5.069471991921438894e+04
4.725934581966139376e+02 5.069432031250000000e+04 5.069454239846290147e+04
4.726138921463862062e+02 5.070090625000000000e+04 5.069437062578009500e+04
4.726343261962756515e+02 5.070074609375000000e+04 5.069420453145886131e+04
4.726547600454650819e+02 5.071178125000000000e+04 5.069404404811576387e+04
4.726751939947716892e+02 5.068868359375000000e+04 5.069388910356003908e+04
4.726956280437298119e+02 5.068389453125000000e+04 5.069373962808891520e+04
4.727160619925707579e+02 5.069928125000000000e+04 5.069359555337631900e+04
4.727364958408288658e+02 5.071105468750000000e+04 5.069345680955948774e+04
4.727569298888556659e+02 5.070612500000000000e+04 5.069332332485055667e+04
4.727773638372309506e+02 5.069495312500000000e+04 5.069319503145699855e+04
4.727977976845577359e+02 5.067165625000000000e+04 5.069307185952467262e+04
4.728182317321188748e+02 5.068028125000000000e+04 5.069295373748746351e+04
4.728386655794456601e+02 5.069387500000000000e+04 5.069284059787384467e+04
4.728590996260754764e+02 5.067702343750000000e+04 5.069273236868386448e+04
4.728795335730537772e+02 5.068474218750000000e+04 5.069262898174978181e+04
4.728999674194492400e+02 5.068910937500000000e+04 5.069253036721864191e+04
4.729204014656133950e+02 5.067448828125000000e+04 5.069243645388844016e+04
4.729408354111947119e+02 5.068211328125000000e+04 5.069234717338667542e+04
4.729612692571245134e+02 5.070606250000000000e+04 5.069226245585474680e+04
4.729817033023573458e+02 5.070452343750000000e+04 5.069218223029930959e+04
4.730021372474730015e+02 5.068851953125000000e+04 5.069210642814150197e+04
4.730225710924714804e+02 5.067388671875000000e+04 5.069203497952990438e+04
4.730430051367729902e+02 5.068426171875000000e+04 5.069196781366199866e+04
4.730634390814229846e+02 5.069069140625000000e+04 5.069190486176463310e+04
4.730838730256073177e+02 5.069807421875000000e+04 5.069184605371425278e+04
4.731043069697916508e+02 5.068775390625000000e+04 5.069179131972245523e+04
4.731247409130446613e+02 5.071082421875000000e+04 5.069174059000453417e+04
4.731451749568805099e+02 5.068123437500000000e+04 5.069169379455018498e+04
4.731656087995506823e+02 5.069288281250000000e+04 5.069165086423484900e+04
4.731860427428036928e+02 5.069311328125000000e+04 5.069161172860927036e+04
4.732064767852425575e+02 5.068721093750000000e+04 5.069157631794433109e+04
4.732269107275642455e+02 5.066724218750000000e+04 5.069154456279800070e+04
4.732473445697687566e+02 5.037865625000000000e+04 5.069151639333013736e+04
4.732677786117419600e+02 5.025830468750000000e+04 5.069149173936628358e+04
4.732882125531323254e+02 5.023694921875000000e+04 5.069147053150738793e+04
4.733086463948711753e+02 5.023892187500000000e+04 5.069145269991541863e+04
4.733290804359130561e+02 5.025062890625000000e+04 5.069143817456695251e+04
4.733495143768377602e+02 5.042603906250000000e+04 5.069142688591184560e+04
4.733699482171796262e+02 5.066585937500000000e+04 5.069141876411627163e+04
4.733903822577558458e+02 5.070221875000000000e+04 5.069141373929662950e+04
4.734108161977492273e+02 5.068702343750000000e+04 5.069141174176248023e+04
4.734312500376254320e+02 5.069835156250000000e+04 5.069141270168279880e+04
4.734516840772703290e+02 5.070448828125000000e+04 5.069141654930609366e+04
4.734721179166808724e+02 5.069595312500000000e+04 5.069142321477050427e+04
4.734925519558601081e+02 5.069214453125000000e+04 5.069143262841910473e+04
4.735129858944565058e+02 5.070509765625000000e+04 5.069144472034648061e+04
4.735334197329357266e+02 5.069514453125000000e+04 5.069145942072709295e+04
4.735538537711836398e+02 5.069451562500000000e+04 5.069147666000857134e+04
4.735742877097800374e+02 5.068296484375000000e+04 5.069149636816990096e+04
4.735947216474451125e+02 5.069274218750000000e+04 5.069151847550111415e+04
4.736151555851101875e+02 5.068611328125000000e+04 5.069154291221615858e+04
4.736355895223096013e+02 5.069757031250000000e+04 5.069156960852758493e+04
4.736560234595090151e+02 5.069768359375000000e+04 5.069159849464903527e+04
4.736764573962427676e+02 5.068713281250000000e+04 5.069162950079293660e+04
4.736968913329765201e+02 5.068648828125000000e+04 5.069166255717306922e+04
4.737173252692446113e+02 5.071130078125000000e+04 5.069169759400175826e+04
4.737377593051642179e+02 5.068339062500000000e+04 5.069173454167762247e+04
4.737581931413151324e+02 5.068005468750000000e+04 5.069177332985872636e+04
4.737786271767690778e+02 5.066712109375000000e+04 5.069181388951523695e+04
4.737990611121058464e+02 5.069888671875000000e+04 5.069185615027870517e+04
4.738194949468597770e+02 5.066386718750000000e+04 5.069190004233682703e+04
4.738399289818480611e+02 5.068418750000000000e+04 5.069194549656047457e+04
4.738603629162535071e+02 5.069007031250000000e+04 5.069199244250493939e+04
4.738807967505417764e+02 5.069885546875000000e+04 5.069204081036298885e+04
4.739012307845987380e+02 5.070398046875000000e+04 5.069209053106774081e+04
4.739216647185385227e+02 5.069339453125000000e+04 5.069214153411235020e+04
4.739420985518954694e+02 5.071232421875000000e+04 5.069219374969048658e+04
4.739625325854867697e+02 5.069250781250000000e+04 5.069224710879255144e+04
4.739829665180295706e+02 5.069385546875000000e+04 5.069230154085313552e+04
4.740034003509208560e+02 5.068177734375000000e+04 5.069235697607386101e+04
4.740238343835808337e+02 5.070317187500000000e+04 5.069241334548725717e+04
4.740442683161236346e+02 5.070430468750000000e+04 5.069247057848588884e+04
4.740647023478522897e+02 5.068832031250000000e+04 5.069252860584039445e+04
4.740851361798122525e+02 5.068822656250000000e+04 5.069258735690947651e+04
4.741260040425695479e+02 5.070430078125000000e+04 5.069270675332528481e+04
4.741464379732497036e+02 5.070797656250000000e+04 5.069276725881217135e+04
4.741668719039298594e+02 5.069707031250000000e+04 5.069282820943736442e+04
4.741873058346100152e+02 5.069303906250000000e+04 5.069288953541405499e+04
4.742077397648245096e+02 5.070432031250000000e+04 5.069295116695403703e+04
4.742281736945733428e+02 5.070728515625000000e+04 5.069301303427053790e+04
4.742486076247878373e+02 5.069485937500000000e+04 5.069307506757958618e+04
4.742690415540710092e+02 5.068277343750000000e+04 5.069313719709013822e+04
4.742894754833541811e+02 5.069080859375000000e+04 5.069319935301825171e+04
4.743099095122888684e+02 5.070536718750000000e+04 5.069326146587985568e+04
4.743303433409892023e+02 5.071747265625000000e+04 5.069332346497726394e+04
4.743507773694582283e+02 5.071666015625000000e+04 5.069338528173694795e+04
4.743712112978100777e+02 5.069504296875000000e+04 5.069344684546343342e+04
4.743916451255790889e+02 5.068639062500000000e+04 5.069350808637273440e+04
4.744120791531167924e+02 5.068787109375000000e+04 5.069356893557560397e+04
4.744325130805373192e+02 5.069839843750000000e+04 5.069362932238924259e+04
4.744529469078406692e+02 5.068518750000000000e+04 5.069368917703417537e+04
4.744733809349127114e+02 5.069960546875000000e+04 5.069374843059786508e+04
4.744938148614019156e+02 5.070548046875000000e+04 5.069380701241805218e+04
4.745142486877739429e+02 5.069256640625000000e+04 5.069386485271974379e+04
4.745346827139146626e+02 5.068823437500000000e+04 5.069392188255927613e+04
4.745551166399382055e+02 5.068796875000000000e+04 5.069397803135582944e+04
4.745755505654960871e+02 5.069847265625000000e+04 5.069403324983443599e+04
4.745959844910539687e+02 5.069481640625000000e+04 5.069408753964035714e+04
4.746164184161461890e+02 5.068519921875000000e+04 5.069414091041339270e+04
4.746368523412384093e+02 5.070084375000000000e+04 5.069419337179583090e+04
4.746572862658649683e+02 5.070071875000000000e+04 5.069424493342752976e+04
4.746777201900258660e+02 5.068433203125000000e+04 5.069429560494958423e+04
4.746981542143039405e+02 5.069550390625000000e+04 5.069434539624602621e+04
4.747185880383476615e+02 5.068294531250000000e+04 5.069439431623242854e+04
4.747390219615772367e+02 5.068889453125000000e+04 5.069444237527307996e+04
4.747594559853896499e+02 5.069326953125000000e+04 5.069448958299975493e+04
4.747798899081535637e+02 5.071768359375000000e+04 5.069453594858771976e+04
4.748003237312659621e+02 5.070452343750000000e+04 5.069458148169349442e+04
4.748207577536813915e+02 5.071725390625000000e+04 5.069462619261824875e+04
4.748411915758624673e+02 5.068894531250000000e+04 5.069467009012877679e+04
4.748616254981607199e+02 5.069911718750000000e+04 5.069471318451728439e+04
4.748820595201104879e+02 5.071402734375000000e+04 5.069475548541211174e+04
4.749024933413602412e+02 5.068749218750000000e+04 5.069479700183836394e+04
4.749229272627271712e+02 5.069402343750000000e+04 5.069483774405400618e+04
4.749433612837456167e+02 5.070596484375000000e+04 5.069487772168785159e+04
4.749637951045297086e+02 5.071023046875000000e+04 5.069491694379980618e+04
4.749842291255481541e+02 5.069245703125000000e+04 5.069495542079966253e+04
4.750046630455181003e+02 5.069248828125000000e+04 5.069499316175571585e+04
4.750250968658365309e+02 5.068394921875000000e+04 5.069503017632235424e+04
4.750455308854579926e+02 5.067778125000000000e+04 5.069506647467685980e+04
4.750659648049622774e+02 5.069469921875000000e+04 5.069510206592312898e+04
4.750863986243493855e+02 5.068843359375000000e+04 5.069513695971258858e+04
4.751068326435051858e+02 5.067580859375000000e+04 5.069517116619324952e+04
4.751272665620781481e+02 5.069782812500000000e+04 5.069520469449837401e+04
4.751477004806511104e+02 5.068338671875000000e+04 5.069523755443905247e+04
4.751681343987584114e+02 5.071033203125000000e+04 5.069526975565556495e+04
4.751885683168657124e+02 5.068505078125000000e+04 5.069530130778968305e+04
4.752090022345073521e+02 5.069640625000000000e+04 5.069533222048173775e+04
4.752294362522661686e+02 5.068628515625000000e+04 5.069536250352030765e+04
4.752498700693249702e+02 5.068655859375000000e+04 5.069539216610522271e+04
4.752703040866181254e+02 5.067789843750000000e+04 5.069542121845958172e+04
4.752907380028627813e+02 5.070011328125000000e+04 5.069544966979163291e+04
4.753111718194559216e+02 5.068217187500000000e+04 5.069547752975312324e+04
4.753316058358177543e+02 5.068487500000000000e+04 5.069550480838899966e+04
4.753520397515967488e+02 5.068445312500000000e+04 5.069553151493510813e+04
4.753724735677242279e+02 5.069038281250000000e+04 5.069555765904202417e+04
4.753929075831547379e+02 5.068960156250000000e+04 5.069558325072920707e+04
4.754133414980024099e+02 5.068921093750000000e+04 5.069560829925806320e+04
4.754337753131985664e+02 5.068092187500000000e+04 5.069563281427870970e+04
4.754542093276977539e+02 5.067579296875000000e+04 5.069565680578694446e+04
4.754746432420797646e+02 5.072222265625000000e+04 5.069568028306846099e+04
4.754950770563445985e+02 5.069338671875000000e+04 5.069570325577173207e+04
4.755155110703781247e+02 5.069461718750000000e+04 5.069572573387129523e+04
4.755359448841772974e+02 5.068456640625000000e+04 5.069574772656809364e+04
4.755563788972795010e+02 5.069221875000000000e+04 5.069576924393326044e+04
4.755768128107301891e+02 5.068837109375000000e+04 5.069579029528953834e+04
4.755972466235980392e+02 5.068968750000000000e+04 5.069581089028375573e+04
4.756176806357689202e+02 5.067198437500000000e+04 5.069583103885591845e+04
4.756381145482882857e+02 5.068174218750000000e+04 5.069585075034902547e+04
4.756585484608076513e+02 5.068762500000000000e+04 5.069587003450340126e+04
4.756789823723956943e+02 5.070907421875000000e+04 5.069588890095923853e+04
4.756994162839837372e+02 5.069535156250000000e+04 5.069590735935840348e+04
4.757198501955717802e+02 5.070623046875000000e+04 5.069592541934193287e+04
4.757402841066941619e+02 5.068754687500000000e+04 5.069594309055042686e+04
4.757607180173508823e+02 5.069838281250000000e+04 5.069596038262490765e+04
4.757811519280076027e+02 5.070158203125000000e+04 5.069597730520680489e+04
4.758015859378501773e+02 5.068711328125000000e+04 5.069599386801666697e+04
4.758220197483897209e+02 5.068398437500000000e+04 5.069601008045615890e+04
4.758424536581151187e+02 5.069190625000000000e+04 5.069602595240563096e+04
4.758628876674920321e+02 5.069866015625000000e+04 5.069604149350160151e+04
4.758833214771002531e+02 5.069119921875000000e+04 5.069605671315970540e+04
4.759037554860115051e+02 5.069604296875000000e+04 5.069607162131826044e+04
4.759241893948055804e+02 5.069406640625000000e+04 5.069608622739758721e+04
4.759446232030168176e+02 5.067739843750000000e+04 5.069610054104274604e+04
4.759650572114624083e+02 5.068394140625000000e+04 5.069611457210333174e+04
4.759854911193251610e+02 5.068967187500000000e+04 5.069612833001179388e+04
4.760059249270707369e+02 5.069443359375000000e+04 5.069614182441336743e+04
4.760263589345850050e+02 5.070496484375000000e+04 5.069615506514524168e+04
4.760467928419820964e+02 5.069339453125000000e+04 5.069616806165226444e+04
4.760672267489135265e+02 5.071323828125000000e+04 5.069618082364063594e+04
4.760876606558449566e+02 5.071111718750000000e+04 5.069619336075164028e+04
4.761080945623107255e+02 5.069686328125000000e+04 5.069620568262602319e+04
4.761285284683108330e+02 5.071328906250000000e+04 5.069621779890479229e+04
4.761489623743109405e+02 5.069698828125000000e+04 5.069622971922923898e+04
4.761693962803110480e+02 5.069161328125000000e+04 5.069624145324035635e+04
4.761898301853798330e+02 5.071231250000000000e+04 5.069625301057862089e+04
4.762102640904486179e+02 5.069785937500000000e+04 5.069626440088558593e+04
4.762306979955174029e+02 5.069019531250000000e+04 5.069627563380223000e+04
4.762511319005861878e+02 5.068906250000000000e+04 5.069628671896956803e+04
4.762715658047236502e+02 5.069987109375000000e+04 5.069629766602812015e+04
4.762919997088611126e+02 5.070195703125000000e+04 5.069630848461936694e+04
4.763124337126500905e+02 5.070335156250000000e+04 5.069631918443621544e+04
4.763328675162047148e+02 5.070223828125000000e+04 5.069632977496347303e+04
4.763533014198765159e+02 5.070282421875000000e+04 5.069634026599857316e+04
4.763737354227341712e+02 5.070241015625000000e+04 5.069635066718066810e+04
4.763941692258231342e+02 5.070044531250000000e+04 5.069636098799920001e+04
4.764146031280979514e+02 5.068580859375000000e+04 5.069637123824670562e+04
4.764350371309556067e+02 5.070640625000000000e+04 5.069638142756394518e+04
4.764554709326475859e+02 5.070706640625000000e+04 5.069639156544185244e+04
4.764759049345739186e+02 5.069738671875000000e+04 5.069640166172059253e+04
4.764963388363830745e+02 5.071464062500000000e+04 5.069641172589253256e+04
4.765167726376093924e+02 5.071039453125000000e+04 5.069642176759881841e+04
4.765372066386044025e+02 5.071160937500000000e+04 5.069643179662790499e+04
4.765576405394822359e+02 5.070060937500000000e+04 5.069644182247358549e+04
4.765780743397772312e+02 5.071427734375000000e+04 5.069645185477654741e+04
4.765985083403065801e+02 5.069621875000000000e+04 5.069646190332560218e+04
4.766189422402530909e+02 5.070842578125000000e+04 5.069647197761393909e+04
4.766393761401996017e+02 5.068850000000000000e+04 5.069648208720379625e+04
4.766598100396804512e+02 5.071213671875000000e+04 5.069649223238702689e+04
4.766802439391613007e+02 5.071295703125000000e+04 5.069650239820763090e+04
4.767006778377108276e+02 5.069697656250000000e+04 5.069651256827876205e+04
4.767211117367260158e+02 5.070429687500000000e+04 5.069652272621467273e+04
4.767415456352755427e+02 5.069223828125000000e+04 5.069653285562849487e+04
4.767619795333594084e+02 5.053951171875000000e+04 5.069654294013384060e+04
4.767824134314432740e+02 5.028716015625000000e+04 5.069655296334448212e+04
4.768028473290614784e+02 5.025376953125000000e+04 5.069656290887383511e+04
4.768232813263311982e+02 5.023421875000000000e+04 5.069657276038346754e+04
4.768437152234837413e+02 5.025518359375000000e+04 5.069658250139061420e+04
4.768641490205191076e+02 5.034252343750000000e+04 5.069659211551059707e+04
4.768845830173231661e+02 5.064246484375000000e+04 5.069660158649711229e+04
4.769050168138928711e+02 5.069781250000000000e+04 5.069661089777846064e+04
4.769254507096484303e+02 5.068340234375000000e+04 5.069662003310589353e+04
4.769458847059868276e+02 5.070529296875000000e+04 5.069662897609091306e+04
4.769663185016252100e+02 5.069439453125000000e+04 5.069663771021678986e+04
4.769867523969151080e+02 5.070155078125000000e+04 5.069664621922704100e+04
4.770071863918565214e+02 5.068964453125000000e+04 5.069665448673188803e+04
4.770276201865635812e+02 5.071184765625000000e+04 5.069666249622542819e+04
4.770480540813878179e+02 5.070983203125000000e+04 5.069667023144093400e+04
4.770684880758635700e+02 5.070125390625000000e+04 5.069667767598770297e+04
4.771093558636493981e+02 5.070067187500000000e+04 5.069669162734774000e+04
4.771297897570766509e+02 5.070271484375000000e+04 5.069669810142543429e+04
4.771502236505039036e+02 5.069384765625000000e+04 5.069670421925317351e+04
4.771706575434654951e+02 5.069792968750000000e+04 5.069670996444440971e+04
4.771910914364270866e+02 5.070767578125000000e+04 5.069671532061290054e+04
4.772115253289230168e+02 5.070429687500000000e+04 5.069672027137212717e+04
4.772319592214189470e+02 5.069458593750000000e+04 5.069672480033583270e+04
4.772523931134492159e+02 5.068619921875000000e+04 5.069672889111752738e+04
4.772728270050138235e+02 5.069766406250000000e+04 5.069673252733082336e+04
4.772932609966956079e+02 5.068956250000000000e+04 5.069673569260379008e+04
4.773136947876773775e+02 5.069371484375000000e+04 5.069673837050696602e+04
4.773341286787763238e+02 5.068815234375000000e+04 5.069674054469700786e+04
4.773545626695267856e+02 5.068619140625000000e+04 5.069674219877998985e+04
4.773749964600428939e+02 5.068563671875000000e+04 5.069674331634915143e+04
4.773954304498620331e+02 5.069123828125000000e+04 5.069674388103988895e+04
4.774158643400296569e+02 5.069121484375000000e+04 5.069674387645344541e+04
4.774362981296144426e+02 5.069635546875000000e+04 5.069674328621194582e+04
4.774567321194335818e+02 5.067810937500000000e+04 5.069674209391593467e+04
4.774771660082042217e+02 5.069171875000000000e+04 5.069674028319215722e+04
4.774975997973233461e+02 5.069765625000000000e+04 5.069673783766334236e+04
4.775180337862111628e+02 5.070400390625000000e+04 5.069673474090253876e+04
4.775384676745161414e+02 5.069866406250000000e+04 5.069673097656408936e+04
4.775589014627039433e+02 5.068737500000000000e+04 5.069672652827144339e+04
4.775793354501947761e+02 5.071020703125000000e+04 5.069672137956799997e+04
4.775997692379169166e+02 5.068946484375000000e+04 5.069671551416806324e+04
4.776202031252905726e+02 5.069966406250000000e+04 5.069670891560459859e+04
4.776406371123157442e+02 5.068848437500000000e+04 5.069670156748036970e+04
4.776610709992237389e+02 5.069972656250000000e+04 5.069669345348079514e+04
4.776815047855488956e+02 5.069044921875000000e+04 5.069668455723107036e+04
4.777019387721084058e+02 5.069428125000000000e+04 5.069667486220806313e+04
4.777223726580850780e+02 5.068895312500000000e+04 5.069666435216218815e+04
4.777428065440617502e+02 5.069739453125000000e+04 5.069665301066137181e+04
4.777632404295727611e+02 5.068984765625000000e+04 5.069664082131949544e+04
4.777836743146181107e+02 5.067810546875000000e+04 5.069662776775024395e+04
4.778041081996634603e+02 5.070108203125000000e+04 5.069661383356695296e+04
4.778245420847088099e+02 5.069948828125000000e+04 5.069659900238325645e+04
4.778449759692884982e+02 5.068957031250000000e+04 5.069658325781314488e+04
4.778654099535197020e+02 5.069160546875000000e+04 5.069656658338628768e+04
4.778858437375165522e+02 5.068034375000000000e+04 5.069654896296796505e+04
4.779062776211649179e+02 5.070769140625000000e+04 5.069653037992025202e+04
4.779267116044647992e+02 5.070438281250000000e+04 5.069651081784255803e+04
4.779471453875303268e+02 5.069367578125000000e+04 5.069649026064286591e+04
4.779675792707130313e+02 5.070048046875000000e+04 5.069646869164006057e+04
4.779880132530815899e+02 5.069034765625000000e+04 5.069644609443377703e+04
4.780084470356814563e+02 5.070563281250000000e+04 5.069642245297593763e+04
4.780288810180500150e+02 5.070059375000000000e+04 5.069639775041777466e+04
4.780493148998357356e+02 5.068814843750000000e+04 5.069637197072830168e+04
4.780697486815042794e+02 5.070486328125000000e+04 5.069634509753648308e+04
4.780901826629415154e+02 5.068822656250000000e+04 5.069631711405354145e+04
4.781106165437959135e+02 5.067917187500000000e+04 5.069628800429625699e+04
4.781310504251159728e+02 5.070097265625000000e+04 5.069625775174256705e+04
4.781514843055047095e+02 5.069882812500000000e+04 5.069622634000821563e+04
4.781719181858934462e+02 5.070337890625000000e+04 5.069619375270548335e+04
4.781923520658165216e+02 5.067502343750000000e+04 5.069615997344878997e+04
4.782127859457395971e+02 5.068736328125000000e+04 5.069612498585101275e+04
4.782332198251970112e+02 5.068742187500000000e+04 5.069608877352665877e+04
4.782536537046544254e+02 5.070280468750000000e+04 5.069605132008854707e+04
4.782740875836461782e+02 5.069902343750000000e+04 5.069601260915122111e+04
4.782945214621722698e+02 5.067160937500000000e+04 5.069597262432840944e+04
4.783149554408155382e+02 5.068531640625000000e+04 5.069593134902745078e+04
4.783353892192244530e+02 5.069667187500000000e+04 5.069588876747823087e+04
4.783558230972848833e+02 5.070137890625000000e+04 5.069584486267915781e+04
4.783762570749968290e+02 5.068946484375000000e+04 5.069579961822439509e+04
4.783966908524744213e+02 5.071373437500000000e+04 5.069575301840153406e+04
4.784171247296035290e+02 5.070832031250000000e+04 5.069570504615038226e+04
4.784375587063841522e+02 5.069659765625000000e+04 5.069565568506436830e+04
4.784579924829304218e+02 5.069328515625000000e+04 5.069560491949188872e+04
4.784784263595938683e+02 5.068879687500000000e+04 5.069555273231075989e+04
4.784988603359088302e+02 5.069983203125000000e+04 5.069549910711483972e+04
4.785192941119894385e+02 5.069028125000000000e+04 5.069544402831546904e+04
4.785397279872559011e+02 5.067153515625000000e+04 5.069538747873003013e+04
4.785601619626395404e+02 5.068186718750000000e+04 5.069532944194794982e+04
4.785805957377888262e+02 5.070260937500000000e+04 5.069526990244696208e+04
4.786010296130552888e+02 5.069445312500000000e+04 5.069520884297662997e+04
4.786214635875076056e+02 5.071138281250000000e+04 5.069514624713100784e+04
4.786418973617255688e+02 5.069823046875000000e+04 5.069508209945244744e+04
4.786623313357122242e+02 5.070581640625000000e+04 5.069501638229883974e+04
4.786827652095817029e+02 5.068264453125000000e+04 5.069494908023673634e+04
4.787031990829855204e+02 5.068353125000000000e+04 5.069488017656325974e+04
4.787236329563893378e+02 5.068177343750000000e+04 5.069480965605433448e+04
4.787440668293274939e+02 5.070159765625000000e+04 5.069473753546220541e+04
4.787645007022656500e+02 5.068666406250000000e+04 5.069466386669977510e+04
4.787849346748553216e+02 5.068758984375000000e+04 5.069458870311519422e+04
4.788053684467449784e+02 5.068136328125000000e+04 5.069451209954237856e+04
4.788258023192174733e+02 5.068304687500000000e+04 5.069443410858057905e+04
4.788462362908758223e+02 5.069023437500000000e+04 5.069435478393344965e+04
4.788666700622998178e+02 5.071124609375000000e+04 5.069427418049120752e+04
4.788871039333753288e+02 5.069165234375000000e+04 5.069419235079853388e+04
4.789075379045680165e+02 5.069350781250000000e+04 5.069410934855423693e+04
4.789279716750606894e+02 5.069705078125000000e+04 5.069402522870687244e+04
4.789484056453220546e+02 5.069703515625000000e+04 5.069394004332648910e+04
4.789688394158147275e+02 5.070051953125000000e+04 5.069385384779663582e+04
4.789892732854932547e+02 5.069328515625000000e+04 5.069376669458179094e+04
4.790097072552889585e+02 5.069206640625000000e+04 5.069367863738261804e+04
4.790301410248503089e+02 5.070502343750000000e+04 5.069358973121811141e+04
4.790505748935975134e+02 5.070343359375000000e+04 5.069350002850987948e+04
4.790710088624618948e+02 5.069723437500000000e+04 5.069340958296085591e+04
4.790914426310919225e+02 5.070653906250000000e+04 5.069331844962389732e+04
4.791118764998391271e+02 5.070679296875000000e+04 5.069322668088260980e+04
4.791323104677721858e+02 5.069029296875000000e+04 5.069313433045054262e+04
4.791527443351224065e+02 5.070534375000000000e+04 5.069304145294905175e+04
4.791731781028211117e+02 5.070451562500000000e+04 5.069294810209948628e+04
4.791936120702885091e+02 5.068138281250000000e+04 5.069285433024897793e+04
4.792140459371730685e+02 5.070314843750000000e+04 5.069276019249117235e+04
4.792344798040576279e+02 5.067287890625000000e+04 5.069266574208367092e+04
4.792549136695452034e+02 5.069617968750000000e+04 5.069257103275121335e+04
4.792753475359641016e+02 5.069330078125000000e+04 5.069247611820122256e+04
4.792957815015688539e+02 5.070068750000000000e+04 5.069238105169453775e+04
4.793162152674049139e+02 5.070371093750000000e+04 5.069228588834103721e+04
4.793366491328924894e+02 5.070198828125000000e+04 5.069219068046512257e+04
4.793570830980315804e+02 5.068840234375000000e+04 5.069209548178473779e+04
4.793775168634019792e+02 5.070056640625000000e+04 5.069200034741271520e+04
4.793979507279582322e+02 5.070408593750000000e+04 5.069190532967482432e+04
4.794183846921660006e+02 5.069058203125000000e+04 5.069181048228920554e+04
4.794388184566050768e+02 5.068707421875000000e+04 5.069171586036235385e+04
4.794592523202300072e+02 5.068110156250000000e+04 5.069162151622632518e+04
4.794796862839721143e+02 5.068543359375000000e+04 5.069152750359950005e+04
4.795001200474798679e+02 5.069282421875000000e+04 5.069143387757924211e+04
4.795205539106391370e+02 5.069076562500000000e+04 5.069134069050669495e+04
4.795409878734499216e+02 5.070267187500000000e+04 5.069124799610688933e+04
4.795614216355606914e+02 5.068948046875000000e+04 5.069115584945659793e+04
4.795818555983714759e+02 5.069964843750000000e+04 5.069106430246421951e+04
4.796022893600165844e+02 5.071340625000000000e+04 5.069097341064798820e+04
4.796227232222445309e+02 5.069926171875000000e+04 5.069088322637893725e+04
4.796431571836583316e+02 5.068272656250000000e+04 5.069079380339217460e+04
4.796635909448377788e+02 5.069906250000000000e+04 5.069070519671031798e+04
4.796840248056687415e+02 5.069568359375000000e+04 5.069061745874499320e+04
4.797044587666168809e+02 5.071501171875000000e+04 5.069053064322551654e+04
4.797248926269821823e+02 5.070442968750000000e+04 5.069044480472295254e+04
4.797453263872303069e+02 5.068921875000000000e+04 5.069035999693874328e+04
4.797657603472471237e+02 5.069603125000000000e+04 5.069027627235422551e+04
4.797861942066811025e+02 5.068496093750000000e+04 5.069019368592623505e+04
4.798066279659979045e+02 5.069286328125000000e+04 5.069011229135389294e+04
4.798270619255490601e+02 5.068555078125000000e+04 5.069003214116800518e+04
4.798474957845173776e+02 5.069031640625000000e+04 5.068995329027589469e+04
4.798679297426715493e+02 5.069405859375000000e+04 5.068987579162527982e+04
4.798883635015226901e+02 5.069164453125000000e+04 5.068979970005618816e+04
4.799087973595596850e+02 5.069290234375000000e+04 5.068972506816481473e+04
4.799292313172481954e+02 5.067972656250000000e+04 5.068965194968927972e+04
4.799496650751680136e+02 5.068502734375000000e+04 5.068958039940781600e+04
4.799700989322736859e+02 5.069057812500000000e+04 5.068951046998001402e+04
4.799905328894965351e+02 5.068863281250000000e+04 5.068944221514496894e+04
4.800109666460193694e+02 5.068971484375000000e+04 5.068937568961305078e+04
4.800314005026593804e+02 5.071013281250000000e+04 5.068931094611007575e+04
4.800518344589509070e+02 5.068433593750000000e+04 5.068924803838225489e+04
4.801131360260769725e+02 5.069555468750000000e+04 5.068907086978758161e+04
4.801335698813199997e+02 5.068093750000000000e+04 5.068901584386643663e+04
4.801540036364458501e+02 5.068273046875000000e+04 5.068896292286740936e+04
4.801744375908747315e+02 5.070508203125000000e+04 5.068891215974874649e+04
4.801948714451864362e+02 5.069035156250000000e+04 5.068886360898824933e+04
4.802153052994981408e+02 5.068520703125000000e+04 5.068881732405003277e+04
4.802357391538098454e+02 5.067359765625000000e+04 5.068877335865220812e+04
4.802561730071902275e+02 5.070046093750000000e+04 5.068873176651474932e+04
4.802766068605706096e+02 5.063518750000000000e+04 5.068869260135371587e+04
4.802970407134853303e+02 5.032757421875000000e+04 5.068865591688804852e+04
4.803174745664000511e+02 5.022992187500000000e+04 5.068862176683492726e+04
4.803379084188491106e+02 5.022733593750000000e+04 5.068859020491319097e+04
4.803583422712981701e+02 5.022386718750000000e+04 5.068856128484010696e+04
4.803787760236300528e+02 5.026100000000000000e+04 5.068853506045561517e+04
4.803992099752649665e+02 5.051606250000000000e+04 5.068851158511345420e+04
4.804196438267827034e+02 5.068087500000000000e+04 5.068849091289583885e+04
4.804400775781832635e+02 5.069395312500000000e+04 5.068847309747930558e+04
4.804605115293525159e+02 5.068376953125000000e+04 5.068845819234165538e+04
4.804809453799389303e+02 5.068105468750000000e+04 5.068844625144137535e+04
4.805013793301768601e+02 5.068992968750000000e+04 5.068843732837995049e+04
4.805218130806460977e+02 5.066640234375000000e+04 5.068843147698378016e+04
4.805422469307668507e+02 5.067208593750000000e+04 5.068842875086251297e+04
4.805626808800734580e+02 5.069482031250000000e+04 5.068842920378030976e+04
4.805831146296113729e+02 5.069347656250000000e+04 5.068843288942490472e+04
4.806035484788008034e+02 5.066243750000000000e+04 5.068843986154452432e+04
4.806239824276417494e+02 5.067286718750000000e+04 5.068845017390570138e+04
4.806444161767140031e+02 5.069958984375000000e+04 5.068846388005063636e+04
4.806648500245064497e+02 5.067884375000000000e+04 5.068848103387228184e+04
4.806852839728817344e+02 5.069092187500000000e+04 5.068850168914115056e+04
4.807057178206741810e+02 5.067840234375000000e+04 5.068852589937217999e+04
4.807261515683494508e+02 5.069326562500000000e+04 5.068855371823125461e+04
4.807465855157934129e+02 5.068947656250000000e+04 5.068858519987134059e+04
4.807670193626545370e+02 5.069382031250000000e+04 5.068862039757461025e+04
4.807874531093984842e+02 5.068952343750000000e+04 5.068865936500477255e+04
4.808078870559111238e+02 5.068376562500000000e+04 5.068870215200138773e+04
4.808283209023065865e+02 5.068763281250000000e+04 5.068874874470601935e+04
4.808487548483535647e+02 5.068350390625000000e+04 5.068879908441028965e+04
4.808691885937005281e+02 5.069290625000000000e+04 5.068885311012352759e+04
4.808896224396303296e+02 5.068296484375000000e+04 5.068891076239211543e+04
4.809100563847459853e+02 5.068081640625000000e+04 5.068897198104160634e+04
4.809304901296272874e+02 5.066883203125000000e+04 5.068903670492552919e+04
4.809509239741601050e+02 5.069800000000000000e+04 5.068910487474482943e+04
4.809713578186929226e+02 5.070210546875000000e+04 5.068917642996909854e+04
4.809917916627600789e+02 5.067867968750000000e+04 5.068925131037335086e+04
4.810122254067100585e+02 5.069108593750000000e+04 5.068932945534517057e+04
4.810326593504287302e+02 5.067461718750000000e+04 5.068941080583177973e+04
4.810530931935645640e+02 5.068822656250000000e+04 5.068949530043736013e+04
4.810735270367003977e+02 5.068282031250000000e+04 5.068958287933132669e+04
4.810939608793705702e+02 5.067784375000000000e+04 5.068967348228830087e+04
4.811143947220407426e+02 5.068296875000000000e+04 5.068976704908704414e+04
4.811348286643624306e+02 5.070033203125000000e+04 5.068986351998178725e+04
4.811552624064497650e+02 5.067339453125000000e+04 5.068996283331238374e+04
4.811756962481886148e+02 5.070079296875000000e+04 5.069006493029226840e+04
4.811961301895789802e+02 5.067282812500000000e+04 5.069016975073851063e+04
4.812165640308521688e+02 5.069515234375000000e+04 5.069027723340279772e+04
4.812369977720081806e+02 5.068985937500000000e+04 5.069038731802321854e+04
4.812574317129328847e+02 5.068432812500000000e+04 5.069049994601094659e+04
4.812778655528090894e+02 5.068559375000000000e+04 5.069061505550295988e+04
4.812982992934994400e+02 5.067107031250000000e+04 5.069073258625053131e+04
4.813187332330271602e+02 5.068740234375000000e+04 5.069085247976207029e+04
4.813391670729033649e+02 5.069544921875000000e+04 5.069097467408004741e+04
4.813596008121967316e+02 5.069407812500000000e+04 5.069109910894230416e+04
4.813800347512587905e+02 5.068923828125000000e+04 5.069122572597075487e+04
4.814004685902036726e+02 5.068361718750000000e+04 5.069135446309976396e+04
4.814209023285657167e+02 5.068397656250000000e+04 5.069148526007244072e+04
4.814413362671621144e+02 5.069801953125000000e+04 5.069161805860587629e+04
4.814617701051756740e+02 5.069175000000000000e+04 5.069175279653641337e+04
4.814822040428407490e+02 5.068942968750000000e+04 5.069188941496041662e+04
4.815026377807371318e+02 5.067741015625000000e+04 5.069202785163928638e+04
4.815230716178193688e+02 5.071176562500000000e+04 5.069216804836195661e+04
4.815435055550187826e+02 5.068651562500000000e+04 5.069230994493696198e+04
4.815639392915181816e+02 5.068695703125000000e+04 5.069245347903991933e+04
4.815843731281347573e+02 5.070489453125000000e+04 5.069259859254876210e+04
4.816048070644028485e+02 5.068266406250000000e+04 5.069274522525972861e+04
4.816252407999709249e+02 5.070206640625000000e+04 5.069289331478340318e+04
4.816456746361218393e+02 5.070822265625000000e+04 5.069304280306952569e+04
4.816661084713414311e+02 5.069194140625000000e+04 5.069319362916258979e+04
4.816865423065610230e+02 5.069855078125000000e+04 5.069334573284623912e+04
4.817069761413149536e+02 5.068394140625000000e+04 5.069349905389382184e+04
4.817274099760688841e+02 5.068711718750000000e+04 5.069365353208562010e+04
4.817478438103571534e+02 5.071447265625000000e+04 5.069380910719492385e+04
4.817682777442969382e+02 5.069814453125000000e+04 5.069396571976828272e+04
4.817887115781195462e+02 5.071160937500000000e+04 5.069412330805115926e+04
4.818091453118249774e+02 5.070355078125000000e+04 5.069428181180653337e+04
4.818295792448334396e+02 5.070176562500000000e+04 5.069444117314022151e+04
4.818500130781903863e+02 5.068810156250000000e+04 5.069460132950366824e+04
4.818704468109644949e+02 5.070923828125000000e+04 5.069476222065520415e+04
4.818908807435072958e+02 5.068530078125000000e+04 5.069492378874166025e+04
4.819113145754672587e+02 5.070662500000000000e+04 5.069508597116984311e+04
4.819317483073100448e+02 5.070079296875000000e+04 5.069524870771168207e+04
4.819521822389215231e+02 5.068824609375000000e+04 5.069541194053615618e+04
4.819726160704158247e+02 5.069742968750000000e+04 5.069557560702801129e+04
4.819930498017929494e+02 5.069095703125000000e+04 5.069573964695821633e+04
4.820134837329387665e+02 5.070127343750000000e+04 5.069590400251350366e+04
4.820339175635017455e+02 5.069137500000000000e+04 5.069606861105708231e+04
4.820543513935990632e+02 5.070283984375000000e+04 5.069623341317041195e+04
4.820747852236963809e+02 5.068707812500000000e+04 5.069639834863409487e+04
4.820952190533280373e+02 5.069907031250000000e+04 5.069656335722126823e+04
4.821156529835425317e+02 5.068813671875000000e+04 5.069672837952480768e+04
4.821360867125913501e+02 5.072225781250000000e+04 5.069689335288492293e+04
4.821565205417573452e+02 5.071624609375000000e+04 5.069705821951141115e+04
4.821769544705748558e+02 5.069967968750000000e+04 5.069722291917544499e+04
4.821973882988095284e+02 5.071223828125000000e+04 5.069738739003975206e+04
4.822178220273926854e+02 5.072428906250000000e+04 5.069755157189250895e+04
4.822382559552788734e+02 5.069871875000000000e+04 5.069771540691029804e+04
4.822586897830478847e+02 5.069982812500000000e+04 5.069787883246662386e+04
4.822791235102340579e+02 5.069987109375000000e+04 5.069804178834117192e+04
4.822995574371889234e+02 5.069561718750000000e+04 5.069820421670238284e+04
4.823199912644922733e+02 5.070106640625000000e+04 5.069836605494304968e+04
4.823404249907471240e+02 5.068683203125000000e+04 5.069852724283817224e+04
4.823608589177019894e+02 5.069387109375000000e+04 5.069868772253990755e+04
4.823812926434911788e+02 5.071620703125000000e+04 5.069884743066948431e+04
4.824017265695147216e+02 5.070050000000000000e+04 5.069900631014080136e+04
4.824221603949554265e+02 5.070666406250000000e+04 5.069916429838564363e+04
4.824425941202789545e+02 5.067649218750000000e+04 5.069932133519808121e+04
4.824630280453711748e+02 5.070032421875000000e+04 5.069947736265249841e+04
4.824834618703462183e+02 5.069796093750000000e+04 5.069963231822842499e+04
4.825038955947384238e+02 5.069815234375000000e+04 5.069978614171546360e+04
4.825243295188993216e+02 5.070711718750000000e+04 5.069993877514309133e+04
4.825447633429430425e+02 5.069178906250000000e+04 5.070009015603933221e+04
4.825651970664039254e+02 5.072400781250000000e+04 5.070024022419656831e+04
4.825856309900991619e+02 5.070112500000000000e+04 5.070038892159108946e+04
4.826060648132115602e+02 5.070109765625000000e+04 5.070053618580060720e+04
4.826264986363239586e+02 5.071109375000000000e+04 5.070068195733746688e+04
4.826469324589706957e+02 5.071331640625000000e+04 5.070082617597533681e+04
4.826673662811517715e+02 5.069285156250000000e+04 5.070096878149126132e+04
4.826878001033328474e+02 5.070582812500000000e+04 5.070110971366552258e+04
4.827082340251654387e+02 5.069748046875000000e+04 5.070124891294958798e+04
4.827286677467636764e+02 5.069400390625000000e+04 5.070138631709062611e+04
4.827491016681306064e+02 5.070040625000000000e+04 5.070152186855507171e+04
4.827695354893803596e+02 5.069187890625000000e+04 5.070165550511682522e+04
4.827899692100472748e+02 5.071328906250000000e+04 5.070178716657844780e+04
4.828104031304828823e+02 5.069346093750000000e+04 5.070191679463753826e+04
4.828308369508013129e+02 5.070537500000000000e+04 5.070204432715359144e+04
4.828512706705369055e+02 5.069982031250000000e+04 5.070216970393201336e+04
4.828717045905068517e+02 5.070009375000000000e+04 5.070229286657944613e+04
4.828921384098939598e+02 5.069646875000000000e+04 5.070241375776751374e+04
4.829125721291638911e+02 5.069222656250000000e+04 5.070253236027288949e+04
4.829330060482025146e+02 5.071295312500000000e+04 5.070264867709245300e+04
4.829534398666583002e+02 5.070097656250000000e+04 5.070276270789458067e+04
4.829738735849969089e+02 5.070330468750000000e+04 5.070287445411036606e+04
4.829943075031042099e+02 5.070422656250000000e+04 5.070298391875785455e+04
4.830147413210943341e+02 5.068989453125000000e+04 5.070309110160864657e+04
4.830351751386187971e+02 5.069426562500000000e+04 5.070319600459707726e+04
4.830760427732020617e+02 5.071440625000000000e+04 5.070339897657110123e+04
4.830964765897952020e+02 5.070674609375000000e+04 5.070349704834415024e+04
4.831169104063883424e+02 5.070670312500000000e+04 5.070359284583663248e+04
4.831373442225158215e+02 5.070187890625000000e+04 5.070368637044122443e+04
4.831577780386433005e+02 5.070186328125000000e+04 5.070377762355490995e+04
4.831782118543051183e+02 5.069901562500000000e+04 5.070386660657046014e+04
4.831986456699669361e+02 5.069383203125000000e+04 5.070395332088477153e+04
4.832190795852802694e+02 5.072007421875000000e+04 5.070403776829890558e+04
4.832395132998935878e+02 5.070479296875000000e+04 5.070411994898322155e+04
4.832599471146240830e+02 5.070662500000000000e+04 5.070419986555901414e+04
4.832803810290060937e+02 5.069815234375000000e+04 5.070427751938608708e+04
4.833008147431537509e+02 5.072279687500000000e+04 5.070435291073624830e+04
4.833212485569529235e+02 5.072005078125000000e+04 5.070442604212743754e+04
4.833416824704036117e+02 5.070211718750000000e+04 5.070449691492138663e+04
4.833621161840856075e+02 5.069553125000000000e+04 5.070456552949094475e+04
4.833825500970706344e+02 5.071740234375000000e+04 5.070463188857102068e+04
4.834029839094728231e+02 5.070477734375000000e+04 5.070469599256616493e+04
4.834234176222234964e+02 5.070192968750000000e+04 5.070475784290723095e+04
4.834438515347428620e+02 5.070746093750000000e+04 5.070481744187873846e+04
4.834642853466793895e+02 5.070160156250000000e+04 5.070487478998304141e+04
4.834847190584987402e+02 5.069775781250000000e+04 5.070492988864937070e+04
4.835051529696211219e+02 5.070637109375000000e+04 5.070498274006351858e+04
4.835255867810919881e+02 5.069911718750000000e+04 5.070503334483060462e+04
4.835460205916315317e+02 5.069636328125000000e+04 5.070508170460644760e+04
4.835664544021710753e+02 5.070748046875000000e+04 5.070512782078820601e+04
4.835868882127106190e+02 5.071306250000000000e+04 5.070517169477065909e+04
4.836073220227845013e+02 5.069894921875000000e+04 5.070521332794763293e+04
4.836277558328583837e+02 5.068610937500000000e+04 5.070525272171496908e+04
4.836481896424666047e+02 5.068846093750000000e+04 5.070528987746659550e+04
4.836686234516091645e+02 5.070808203125000000e+04 5.070532479659744422e+04
4.836890572607517242e+02 5.069887109375000000e+04 5.070535748050318944e+04
4.837094910694286227e+02 5.069320312500000000e+04 5.070538793057792645e+04
4.837299248781055212e+02 5.071416796875000000e+04 5.070541614821719122e+04
4.837503586863167584e+02 5.069099609375000000e+04 5.070544213481521729e+04
4.837707924945279956e+02 5.067608593750000000e+04 5.070546589176744601e+04
4.837912264019250870e+02 5.066367968750000000e+04 5.070548742056771880e+04
4.838116601095534861e+02 5.043996484375000000e+04 5.070550672231233330e+04
4.838320939163677394e+02 5.027071093750000000e+04 5.070552379869487049e+04
4.838525278232991695e+02 5.025583984375000000e+04 5.070553865107832826e+04
4.838729615299962461e+02 5.025668750000000000e+04 5.070555128065554891e+04
4.838933953363448381e+02 5.025280468750000000e+04 5.070556168902303034e+04
4.839138292423449457e+02 5.039032812500000000e+04 5.070556987754307920e+04
4.839342629485763609e+02 5.066939062500000000e+04 5.070557584750681417e+04
4.839546967539936304e+02 5.069883203125000000e+04 5.070557960041268962e+04
4.839751306595280766e+02 5.069233593750000000e+04 5.070558113762325229e+04
4.839955643643625081e+02 5.072393359375000000e+04 5.070558046052700229e+04
4.840159982689656317e+02 5.070582031250000000e+04 5.070557757050560031e+04
4.840364320734515786e+02 5.071831250000000000e+04 5.070557246898005542e+04
4.840568658774718642e+02 5.069439843750000000e+04 5.070556515733660490e+04
4.840772996814921498e+02 5.070574609375000000e+04 5.070555563696991885e+04
4.840977334855124354e+02 5.071053515625000000e+04 5.070554390927476925e+04
4.841181672890670598e+02 5.070411718750000000e+04 5.070552997564631369e+04
4.841386010916903615e+02 5.071809765625000000e+04 5.070551383747982618e+04
4.841590348947793245e+02 5.070750390625000000e+04 5.070549549616906734e+04
4.841794686974026263e+02 5.071053515625000000e+04 5.070547495310968952e+04
4.841999025000259280e+02 5.069436718750000000e+04 5.070545220969602087e+04
4.842203363017179072e+02 5.070936718750000000e+04 5.070542726732405572e+04
4.842407701038755476e+02 5.070832812500000000e+04 5.070540012738693622e+04
4.842612040052190423e+02 5.069773828125000000e+04 5.070537079113224172e+04
4.842816377067938447e+02 5.070437109375000000e+04 5.070533926040017832e+04
4.843020715075545013e+02 5.069678125000000000e+04 5.070530553614039673e+04
4.843225054084323347e+02 5.069532421875000000e+04 5.070526961971406854e+04
4.843429391086101532e+02 5.071003125000000000e+04 5.070523151306089130e+04
4.843633730090223253e+02 5.069102734375000000e+04 5.070519121682801051e+04
4.843838068088516593e+02 5.070040625000000000e+04 5.070514873298742168e+04
4.844042405085638165e+02 5.072142578125000000e+04 5.070510406296516885e+04
4.844246744080446661e+02 5.070049218750000000e+04 5.070505720748442400e+04
4.844451081072911620e+02 5.071362890625000000e+04 5.070500816885728273e+04
4.844655419057235122e+02 5.069898437500000000e+04 5.070495694777613244e+04
4.844859758047387004e+02 5.068968750000000000e+04 5.070490354560022388e+04
4.845064095030538738e+02 5.070691015625000000e+04 5.070484796452778392e+04
4.845268433010205626e+02 5.070153515625000000e+04 5.070479020515271986e+04
4.845472771986387670e+02 5.071704296875000000e+04 5.070473026883798593e+04
4.845677108960226178e+02 5.068811328125000000e+04 5.070466815787403903e+04
4.845881446935236454e+02 5.070353906250000000e+04 5.070460387275867106e+04
4.846085785902105272e+02 5.072016406250000000e+04 5.070453741485779756e+04
4.846290123872458935e+02 5.069394531250000000e+04 5.070446878621295764e+04
4.846494461833499372e+02 5.069763671875000000e+04 5.070439798790338682e+04
4.846698799799196422e+02 5.069271484375000000e+04 5.070432502131912042e+04
4.846903137755580246e+02 5.070871484375000000e+04 5.070424988785996538e+04
4.847107475711964071e+02 5.069967578125000000e+04 5.070417258891745587e+04
4.847311813663691282e+02 5.069957031250000000e+04 5.070409312588816829e+04
4.847516151615418494e+02 5.069062890625000000e+04 5.070401150016515749e+04
4.847720490563660860e+02 5.070851953125000000e+04 5.070392771272932441e+04
4.847924827514216304e+02 5.070487500000000000e+04 5.070384176621906227e+04
4.848129165451973677e+02 5.071694140625000000e+04 5.070375366078967636e+04
4.848333504395559430e+02 5.069362109375000000e+04 5.070366339779635018e+04
4.848537841332145035e+02 5.067966406250000000e+04 5.070357097998056270e+04
4.848742179269902408e+02 5.069788281250000000e+04 5.070347640739245981e+04
4.848946518199518323e+02 5.070882421875000000e+04 5.070337968139961595e+04
4.849150855126790702e+02 5.069459375000000000e+04 5.070328080483012309e+04
4.849355193055234849e+02 5.070502734375000000e+04 5.070317977764119132e+04
4.849559531980194151e+02 5.070729296875000000e+04 5.070307660119834327e+04
4.849763868898153305e+02 5.071284375000000000e+04 5.070297128440783126e+04
4.849968207823112607e+02 5.070204687500000000e+04 5.070286386246535403e+04
4.850172545732930303e+02 5.069787890625000000e+04 5.070275438353030040e+04
4.850376882646232843e+02 5.068715625000000000e+04 5.070264289421169087e+04
4.850581221561878920e+02 5.069523828125000000e+04 5.070252943944761500e+04
4.850785559467040002e+02 5.072337890625000000e+04 5.070241406748564623e+04
4.850989896375685930e+02 5.070204687500000000e+04 5.070229682493474684e+04
4.851194235277362168e+02 5.070560156250000000e+04 5.070217775665502995e+04
4.851398573177866638e+02 5.071191015625000000e+04 5.070205691096705414e+04
4.851602910072542727e+02 5.070367578125000000e+04 5.070193433448829455e+04
4.851807248964905739e+02 5.072316796875000000e+04 5.070181007199359010e+04
4.852011586860753596e+02 5.069134765625000000e+04 5.070168417188044987e+04
4.852215923746116459e+02 5.071180078125000000e+04 5.070155668077017617e+04
4.852420262633822858e+02 5.070580859375000000e+04 5.070142764336054097e+04
4.852624600515700877e+02 5.070964453125000000e+04 5.070129710812892881e+04
4.852828937396407127e+02 5.069850390625000000e+04 5.070116512168299232e+04
4.853033276279456913e+02 5.071353515625000000e+04 5.070103172866118257e+04
4.853237614152021706e+02 5.071290625000000000e+04 5.070089697760905256e+04
4.853441953025758266e+02 5.070303125000000000e+04 5.070076091378952697e+04
4.853646289897151291e+02 5.071630859375000000e+04 5.070062358580089494e+04
4.853850627765059471e+02 5.070778906250000000e+04 5.070048503822585917e+04
4.854054966629482806e+02 5.070793359375000000e+04 5.070034531763584528e+04
4.854259303491562605e+02 5.070449218750000000e+04 5.070020447267871350e+04
4.854463641350157559e+02 5.069362109375000000e+04 5.070006254788450315e+04
4.854667980205267668e+02 5.070687109375000000e+04 5.069991958982666984e+04
4.854872317062690854e+02 5.071861718750000000e+04 5.069977564719629299e+04
4.855076654911972582e+02 5.071261328125000000e+04 5.069963076448344509e+04
4.855280993762426078e+02 5.070584765625000000e+04 5.069948498825702700e+04
4.855485330605879426e+02 5.071425000000000000e+04 5.069933836725834408e+04
4.855689668450504541e+02 5.070632812500000000e+04 5.069919094592394686e+04
4.855894007291644812e+02 5.070858593750000000e+04 5.069904277083468332e+04
4.856098345126956701e+02 5.071019531250000000e+04 5.069889389003165707e+04
4.856302682966925204e+02 5.069786718750000000e+04 5.069874434937279875e+04
4.856507020797580481e+02 5.071234765625000000e+04 5.069859419545724813e+04
4.856711358628235757e+02 5.069026171875000000e+04 5.069844347486707557e+04
4.856915696454234421e+02 5.069472656250000000e+04 5.069829223419462505e+04
4.857120034280233085e+02 5.068961328125000000e+04 5.069814052002533572e+04
4.857324372101575136e+02 5.071346093750000000e+04 5.069798837895157340e+04
4.857528709918260574e+02 5.068930859375000000e+04 5.069783585756225511e+04
4.857733047734946012e+02 5.070212500000000000e+04 5.069768300244275451e+04
4.857937385551631451e+02 5.070941015625000000e+04 5.069752986018196680e+04
4.858141723359003663e+02 5.068601171875000000e+04 5.069737647737577208e+04
4.858346061166375875e+02 5.069430859375000000e+04 5.069722290060605155e+04
4.858550397977232933e+02 5.069258203125000000e+04 5.069706917721163336e+04
4.858754736776463687e+02 5.070233593750000000e+04 5.069691535153500445e+04
4.858959074579179287e+02 5.069673046875000000e+04 5.069676147241142462e+04
4.859163411376066506e+02 5.069407421875000000e+04 5.069660758643723238e+04
4.859367750170640647e+02 5.068336718750000000e+04 5.069645373793948966e+04
4.859572087964043021e+02 5.069049609375000000e+04 5.069629997576534515e+04
4.859776426749303937e+02 5.068416406250000000e+04 5.069614634500439570e+04
4.859980763536877930e+02 5.069224218750000000e+04 5.069599289449196658e+04
4.860185101320967078e+02 5.068999609375000000e+04 5.069583966856692859e+04
4.860593776879832149e+02 5.069639062500000000e+04 5.069553407908783993e+04
4.860798114654608071e+02 5.069034765625000000e+04 5.069538180871147779e+04
4.861002453430555761e+02 5.069479687500000000e+04 5.069522994928371918e+04
4.861206791200675070e+02 5.068475000000000000e+04 5.069507854888516158e+04
4.861411127964965999e+02 5.069547656250000000e+04 5.069492765409752610e+04
4.861615466736257076e+02 5.071667578125000000e+04 5.069477730928872916e+04
4.861819804492406547e+02 5.068935546875000000e+04 5.069462756327533134e+04
4.862024141256697476e+02 5.069724218750000000e+04 5.069447846261993254e+04
4.862228480014018714e+02 5.070066406250000000e+04 5.069433005173834681e+04
4.862432817765511572e+02 5.069416015625000000e+04 5.069418237940256950e+04
4.862637154520489275e+02 5.069894140625000000e+04 5.069403549218351691e+04
4.862841493268497288e+02 5.069183203125000000e+04 5.069388943452696549e+04
4.863045831015333533e+02 5.069785937500000000e+04 5.069374425516810152e+04
4.863250169754028320e+02 5.070565234375000000e+04 5.069359999928015168e+04
4.863454506495036185e+02 5.069871093750000000e+04 5.069345671555541776e+04
4.863658844232559204e+02 5.070451171875000000e+04 5.069331444847587409e+04
4.863863182971253991e+02 5.070442187500000000e+04 5.069317324464237026e+04
4.864067519702948630e+02 5.067723046875000000e+04 5.069303315271438623e+04
4.864271857431158423e+02 5.069477343750000000e+04 5.069289421721316467e+04
4.864476196160539985e+02 5.068923828125000000e+04 5.069275648474170885e+04
4.864680532882921398e+02 5.069400781250000000e+04 5.069262000390730100e+04
4.864884870606474578e+02 5.067897656250000000e+04 5.069248481928018737e+04
4.865089208325371146e+02 5.068097656250000000e+04 5.069235097812404274e+04
4.865293546039611101e+02 5.067927343750000000e+04 5.069221852702757315e+04
4.865497883753851056e+02 5.070000781250000000e+04 5.069208751257650874e+04
4.865702221463434398e+02 5.067644140625000000e+04 5.069195798136258963e+04
4.865906559173017740e+02 5.069224218750000000e+04 5.069182997997161146e+04
4.866110896882601082e+02 5.067375390625000000e+04 5.069170355499239668e+04
4.866315235584042966e+02 5.067690625000000000e+04 5.069157875241193688e+04
4.866519572283141315e+02 5.069810937500000000e+04 5.069145562063553371e+04
4.866723910979926586e+02 5.068031640625000000e+04 5.069133420384181954e+04
4.866928248675540090e+02 5.067653125000000000e+04 5.069121455041418085e+04
4.867132585369981825e+02 5.069313671875000000e+04 5.069109670691513747e+04
4.867336924057453871e+02 5.068346875000000000e+04 5.069098071822007478e+04
4.867541261743754148e+02 5.067533984375000000e+04 5.069086663263105584e+04
4.867745598428882658e+02 5.068527734375000000e+04 5.069075449670849775e+04
4.867949937107041478e+02 5.067658984375000000e+04 5.069064435541247076e+04
4.868154274788685143e+02 5.068449609375000000e+04 5.069053625695787196e+04
4.868358611459843814e+02 5.069613671875000000e+04 5.069043024791043717e+04
4.868562950133346021e+02 5.066366015625000000e+04 5.069032637331133446e+04
4.868767287805676460e+02 5.068463671875000000e+04 5.069022468129199115e+04
4.868971624472178519e+02 5.070576171875000000e+04 5.069012521841096896e+04
4.869175963141024113e+02 5.067839062500000000e+04 5.069002802980932756e+04
4.869380300799384713e+02 5.068872656250000000e+04 5.068993316352551483e+04
4.869584639458917081e+02 5.068723437500000000e+04 5.068984066521468048e+04
4.869788976116105914e+02 5.070032421875000000e+04 5.068975058280756639e+04
4.869993313769809902e+02 5.070523046875000000e+04 5.068966296155293821e+04
4.870197652424685657e+02 5.071108984375000000e+04 5.068957784807398275e+04
4.870401989072561264e+02 5.069122656250000000e+04 5.068949529018828616e+04
4.870606326716952026e+02 5.068885937500000000e+04 5.068941531978975399e+04
4.870810665362514555e+02 5.069191796875000000e+04 5.068933792760594224e+04
4.871015003002248704e+02 5.067601953125000000e+04 5.068926309674467484e+04
4.871219339640811086e+02 5.068496875000000000e+04 5.068919080951451178e+04
4.871423678272403777e+02 5.068908593750000000e+04 5.068912104722247022e+04
4.871628014906309545e+02 5.067524218750000000e+04 5.068905379357887432e+04
4.871832352536730468e+02 5.071171484375000000e+04 5.068898902992772491e+04
4.872036691163666546e+02 5.073372265625000000e+04 5.068892673865314282e+04
4.872241027788259089e+02 5.068323046875000000e+04 5.068886690299904149e+04
4.872445365409366786e+02 5.069341015625000000e+04 5.068880950441696768e+04
4.872649704026989639e+02 5.068767578125000000e+04 5.068875452529037284e+04
4.872854040642268956e+02 5.068724609375000000e+04 5.068870194875614834e+04
4.873058379255235195e+02 5.067787890625000000e+04 5.068865175613276369e+04
4.873262716867029667e+02 5.056128515625000000e+04 5.068860393052206200e+04
4.873467053472995758e+02 5.028271875000000000e+04 5.068855845423828578e+04
4.873671392081305385e+02 5.025426171875000000e+04 5.068851530897688644e+04
4.873875729683786631e+02 5.022568359375000000e+04 5.068847447773788736e+04
4.874080066280439496e+02 5.025887109375000000e+04 5.068843594283510902e+04
4.874284404879435897e+02 5.031053906250000000e+04 5.068839968606583716e+04
4.874488742472603917e+02 5.058568359375000000e+04 5.068836569032829721e+04
4.874693080065771937e+02 5.069880468750000000e+04 5.068833393778628670e+04
4.874897417654283345e+02 5.069748828125000000e+04 5.068830441078833246e+04
4.875101755238138139e+02 5.068551171875000000e+04 5.068827709168210276e+04
4.875306092826649547e+02 5.069156250000000000e+04 5.068825196281424724e+04
4.875510430405847728e+02 5.068298828125000000e+04 5.068822900653426768e+04
4.875714767985045910e+02 5.069727343750000000e+04 5.068820820518882829e+04
4.875919105559587479e+02 5.069266796875000000e+04 5.068818954112617212e+04
4.876123444130644202e+02 5.068972656250000000e+04 5.068817299661815923e+04
4.876327780704014003e+02 5.068968750000000000e+04 5.068815855423957692e+04
4.876532119270414114e+02 5.068230859375000000e+04 5.068814619605601183e+04
4.876736456835642457e+02 5.068537500000000000e+04 5.068813590461159765e+04
4.876940793395042419e+02 5.077497656250000000e+04 5.068812766222409846e+04
4.877145131952129304e+02 5.068680468750000000e+04 5.068812145113504812e+04
4.877349469512701035e+02 5.069996875000000000e+04 5.068811725379822019e+04
4.877553806062787771e+02 5.067546093750000000e+04 5.068811505253224459e+04
4.877758144615218043e+02 5.070031250000000000e+04 5.068811482966697076e+04
4.877962482161819935e+02 5.068889062500000000e+04 5.068811656756799493e+04
4.878166818711906672e+02 5.068544531250000000e+04 5.068812024855453637e+04
4.878371157255023718e+02 5.070075781250000000e+04 5.068812585504251183e+04
4.878575494792312384e+02 5.068079687500000000e+04 5.068813336931136291e+04
4.878779831328429282e+02 5.067775000000000000e+04 5.068814277368118928e+04
4.878984169862233102e+02 5.069985156250000000e+04 5.068815405065161758e+04
4.879188506393693388e+02 5.070239453125000000e+04 5.068816718234984000e+04
4.879392843926325440e+02 5.069059765625000000e+04 5.068818215130312456e+04
4.879597182450816035e+02 5.067481640625000000e+04 5.068819893988545664e+04
4.879801519974134862e+02 5.069363281250000000e+04 5.068821753028074454e+04
4.880005857497453690e+02 5.069248437500000000e+04 5.068823790491467662e+04
4.880210195016115904e+02 5.070257812500000000e+04 5.068826004613461555e+04
4.880414532530121505e+02 5.068632031250000000e+04 5.068828393628833146e+04
4.880618870044127107e+02 5.068900781250000000e+04 5.068830955772416928e+04
4.880823207553476095e+02 5.068939062500000000e+04 5.068833689278936799e+04
4.881027545058168471e+02 5.069624218750000000e+04 5.068836592383170500e+04
4.881231882567517459e+02 5.068482421875000000e+04 5.068839663320036198e+04
4.881436220067553222e+02 5.068685156250000000e+04 5.068842900324110815e+04
4.881640557567588985e+02 5.068312109375000000e+04 5.068846301630313974e+04
4.881844896064139903e+02 5.069820703125000000e+04 5.068849865491210949e+04
4.882049232558347285e+02 5.068214843750000000e+04 5.068853590088093188e+04
4.882253570049069822e+02 5.069335937500000000e+04 5.068857473709231999e+04
4.882457908536307514e+02 5.068273046875000000e+04 5.068861514591726882e+04
4.882662245021201670e+02 5.069361328125000000e+04 5.068865710909911286e+04
4.882866582507267594e+02 5.068185156250000000e+04 5.068870060959117836e+04
4.883070920985192060e+02 5.068588671875000000e+04 5.068874562976171728e+04
4.883275257465429604e+02 5.069624218750000000e+04 5.068879215128881333e+04
4.883479595938697457e+02 5.068644921875000000e+04 5.068884015742879274e+04
4.883683933410793543e+02 5.069587500000000000e+04 5.068888962983683450e+04
4.883888269881717861e+02 5.068889453125000000e+04 5.068894055083944113e+04
4.884092608345672488e+02 5.068981640625000000e+04 5.068899290354108962e+04
4.884296945808455348e+02 5.068726171875000000e+04 5.068904666953292326e+04
4.884501283271238208e+02 5.067505078125000000e+04 5.068910183141588641e+04
4.884705620729364455e+02 5.068821484375000000e+04 5.068915837153653410e+04
4.884909958187490702e+02 5.069221093750000000e+04 5.068921627224402619e+04
4.885114294639788568e+02 5.067762890625000000e+04 5.068927551559131825e+04
4.885318633089773357e+02 5.068074218750000000e+04 5.068933608480685507e+04
4.885522970533929765e+02 5.068707812500000000e+04 5.068939796135782672e+04
4.885727306981571019e+02 5.068313671875000000e+04 5.068946112757585797e+04
4.885931645422242582e+02 5.069367968750000000e+04 5.068952556674236257e+04
4.886135982861742377e+02 5.070346484375000000e+04 5.068959126027020829e+04
4.886340319300070405e+02 5.069067578125000000e+04 5.068965819048901176e+04
4.886544657731428742e+02 5.070021093750000000e+04 5.068972634073630616e+04
4.886748995166271925e+02 5.069811718750000000e+04 5.068979569237181568e+04
4.886953333592973650e+02 5.070697656250000000e+04 5.068986622841808276e+04
4.887157670017331839e+02 5.068749609375000000e+04 5.068993793018070573e+04
4.887362007442861795e+02 5.069728515625000000e+04 5.069001078105303168e+04
4.887566345860250294e+02 5.068505078125000000e+04 5.069008476339629851e+04
4.887770682279951870e+02 5.068564453125000000e+04 5.069015985846775584e+04
4.887975019696168602e+02 5.068625781250000000e+04 5.069023604970757151e+04
4.888179358104243875e+02 5.070547265625000000e+04 5.069031331947776198e+04
4.888383694514632225e+02 5.069827734375000000e+04 5.069039164898789022e+04
4.888588031921535730e+02 5.069054687500000000e+04 5.069047102172589075e+04
4.888792370324954391e+02 5.069530468750000000e+04 5.069055142005480593e+04
4.888996706726029515e+02 5.070298046875000000e+04 5.069063282513513695e+04
4.889201044123619795e+02 5.067987890625000000e+04 5.069071522050211206e+04
4.889405382522381842e+02 5.068466796875000000e+04 5.069079858851987228e+04
4.889609718914143741e+02 5.069489453125000000e+04 5.069088291030198889e+04
4.889814056307077408e+02 5.067840234375000000e+04 5.069096816943070007e+04
4.890018394691869617e+02 5.069646093750000000e+04 5.069105434826358396e+04
4.890427069459110498e+02 5.070017968750000000e+04 5.069122939233155921e+04
4.890631406838074327e+02 5.069687500000000000e+04 5.069131822268042743e+04
4.890835744217038155e+02 5.070094531250000000e+04 5.069140790170442779e+04
4.891040081591345370e+02 5.068164843750000000e+04 5.069149841174938047e+04
4.891244418960995972e+02 5.068049218750000000e+04 5.069158973514105310e+04
4.891448756330646574e+02 5.068098828125000000e+04 5.069168185103273572e+04
4.891653093695640564e+02 5.067722265625000000e+04 5.069177473212112818e+04
4.891857431060634553e+02 5.068209765625000000e+04 5.069186835032408999e+04
4.892061768416315317e+02 5.070458984375000000e+04 5.069196267755311419e+04
4.892266105776652694e+02 5.069241796875000000e+04 5.069205768573039677e+04
4.892470443132333457e+02 5.069680468750000000e+04 5.069215334676741622e+04
4.892674780483357608e+02 5.069904296875000000e+04 5.069224963257988566e+04
4.892879117829725146e+02 5.069075390625000000e+04 5.069234651508361276e+04
4.893083455180749297e+02 5.070135546875000000e+04 5.069244396619874169e+04
4.893287791521288455e+02 5.070971875000000000e+04 5.069254195735302346e+04
4.893492129864171147e+02 5.068909765625000000e+04 5.069264046191085072e+04
4.893696467201225460e+02 5.069052343750000000e+04 5.069273945034157077e+04
4.893900805539451540e+02 5.068425390625000000e+04 5.069283889553295012e+04
4.894105141870677471e+02 5.069951171875000000e+04 5.069293876793354866e+04
4.894309479198418558e+02 5.069678125000000000e+04 5.069303904092407902e+04
4.894513817531988025e+02 5.068684375000000000e+04 5.069313968643059343e+04
4.894718153853900731e+02 5.067757031250000000e+04 5.069324067488002038e+04
4.894922491176985204e+02 5.068671093750000000e+04 5.069334197967471846e+04
4.895126829496584833e+02 5.069669921875000000e+04 5.069344357273260539e+04
4.895331166815012693e+02 5.067683203125000000e+04 5.069354542497613875e+04
4.895535503127612174e+02 5.069216796875000000e+04 5.069364750831518904e+04
4.895739841437898576e+02 5.067573437500000000e+04 5.069374979616763449e+04
4.895944178747013211e+02 5.069105078125000000e+04 5.069385225894951145e+04
4.896148515050299466e+02 5.069028125000000000e+04 5.069395486857192009e+04
4.896352853351272643e+02 5.070160937500000000e+04 5.069405759845988359e+04
4.896557190655730665e+02 5.068482031250000000e+04 5.069416041902467259e+04
4.896761526949703693e+02 5.069134765625000000e+04 5.069426330217393115e+04
4.896965865246020257e+02 5.068812109375000000e+04 5.069436622134077334e+04
4.897170202536508441e+02 5.068247656250000000e+04 5.069446914692605787e+04
4.897374540828168392e+02 5.069146875000000000e+04 5.069457205185624480e+04
4.897578877112828195e+02 5.070414843750000000e+04 5.069467490653251298e+04
4.897783214398659766e+02 5.068108984375000000e+04 5.069477768438533531e+04
4.897987552681006491e+02 5.069040625000000000e+04 5.069488035732682329e+04
4.898191888956353068e+02 5.071626171875000000e+04 5.069498289576455136e+04
4.898396226232871413e+02 5.067780078125000000e+04 5.069508527312495426e+04
4.898600564505904913e+02 5.069878125000000000e+04 5.069518746131892840e+04
4.898804900776594877e+02 5.070358593750000000e+04 5.069528943076412543e+04
4.899009238043799996e+02 5.070744921875000000e+04 5.069539115487458184e+04
4.899213575306348503e+02 5.069977343750000000e+04 5.069549260506594874e+04
4.899417912568897009e+02 5.070562500000000000e+04 5.069559375325639849e+04
4.899622249826788902e+02 5.070488281250000000e+04 5.069569457135943230e+04
4.899826587084680796e+02 5.067423046875000000e+04 5.069579503129320801e+04
4.900030924337916076e+02 5.069098828125000000e+04 5.069589510497129231e+04
4.900235261591151357e+02 5.069382031250000000e+04 5.069599476431179210e+04
4.900439599840901792e+02 5.070135546875000000e+04 5.069609398171327484e+04
4.900643936083652079e+02 5.068698046875000000e+04 5.069619272763662593e+04
4.900848274324089289e+02 5.069398828125000000e+04 5.069629097593281040e+04
4.901052611568011343e+02 5.068600000000000000e+04 5.069638869707427511e+04
4.901256947801448405e+02 5.070187500000000000e+04 5.069648586297815200e+04
4.901461286037229002e+02 5.070501953125000000e+04 5.069658244698874478e+04
4.901665623271837831e+02 5.070576171875000000e+04 5.069667841959789803e+04
4.901869959500618279e+02 5.072129296875000000e+04 5.069677375272846257e+04
4.902074297727085650e+02 5.070091406250000000e+04 5.069686841969278612e+04
4.902278634947724640e+02 5.068940234375000000e+04 5.069696239101029641e+04
4.902482971171848476e+02 5.069217187500000000e+04 5.069705563861152041e+04
4.902687309389002621e+02 5.069088281250000000e+04 5.069714813577118912e+04
4.902891646604984999e+02 5.068876562500000000e+04 5.069723985304419330e+04
4.903095982815138996e+02 5.069149218750000000e+04 5.069733076235599583e+04
4.903300321027636528e+02 5.070388671875000000e+04 5.069742083695474139e+04
4.903504658234305680e+02 5.070626562500000000e+04 5.069751004742404621e+04
4.903708995436318219e+02 5.070258593750000000e+04 5.069759836612321669e+04
4.903913332638330758e+02 5.071059765625000000e+04 5.069768576497017057e+04
4.904117669840343297e+02 5.069858984375000000e+04 5.069777221588075918e+04
4.904322008034214377e+02 5.069038281250000000e+04 5.069785769118327880e+04
4.904526344225741923e+02 5.070026953125000000e+04 5.069794216154853348e+04
4.904730681418441236e+02 5.069732031250000000e+04 5.069802560014141636e+04
4.904935019607655704e+02 5.068781250000000000e+04 5.069810797886055661e+04
4.905139356791041791e+02 5.070548828125000000e+04 5.069818926881450898e+04
4.905343692973256111e+02 5.068719531250000000e+04 5.069826944193723466e+04
4.905548031153157353e+02 5.070377343750000000e+04 5.069834847131292918e+04
4.905752367330715060e+02 5.069889453125000000e+04 5.069842632731063350e+04
4.905956704504787922e+02 5.068685156250000000e+04 5.069850298299753194e+04
4.906161042675375938e+02 5.069326171875000000e+04 5.069857841027175891e+04
4.906365378843620420e+02 5.070359765625000000e+04 5.069865257995140564e+04
4.906569716013036668e+02 5.071865234375000000e+04 5.069872546505182981e+04
4.906774054174311459e+02 5.069138671875000000e+04 5.069879703746661835e+04
4.906978390333242714e+02 5.070111718750000000e+04 5.069886726807273226e+04
4.907182727493345737e+02 5.069522265625000000e+04 5.069893612982827472e+04
4.907387065649963915e+02 5.069922656250000000e+04 5.069900359462726919e+04
4.907591401804238558e+02 5.070733593750000000e+04 5.069906963340591756e+04
4.907795739951543510e+02 5.069604296875000000e+04 5.069913421937127714e+04
4.908000077097676694e+02 5.068291015625000000e+04 5.069919732348219259e+04
4.908204413242638111e+02 5.069262500000000000e+04 5.069925891767650319e+04
4.908408751385286450e+02 5.066824218750000000e+04 5.069931897476285667e+04
4.908613088522106409e+02 5.036569921875000000e+04 5.069937746576311474e+04
4.908817425658926368e+02 5.025462500000000000e+04 5.069943436289260717e+04
4.909021762791089714e+02 5.023853906250000000e+04 5.069948963806595566e+04
4.909226099923253059e+02 5.025530468750000000e+04 5.069954326320036489e+04
4.909430437050759792e+02 5.025398828125000000e+04 5.069959521021052205e+04
4.909634774173609912e+02 5.045415234375000000e+04 5.069964545101245312e+04
4.909839111296460032e+02 5.071645312500000000e+04 5.069969395752324635e+04
4.910043448414653540e+02 5.069708593750000000e+04 5.069974070165772719e+04
4.910247786534018815e+02 5.071055468750000000e+04 5.069978565554874513e+04
4.910452122646383941e+02 5.068844140625000000e+04 5.069982879046376911e+04
4.910656459759920835e+02 5.068990234375000000e+04 5.069987007896717114e+04
4.910860797865316272e+02 5.069325000000000000e+04 5.069990949294574966e+04
4.911065133973024786e+02 5.069970312500000000e+04 5.069994700375272078e+04
4.911269472073763609e+02 5.070782421875000000e+04 5.069998258403649379e+04
4.911473809177987278e+02 5.069989062500000000e+04 5.070001620517818083e+04
4.911678145271725953e+02 5.070722265625000000e+04 5.070004783912043786e+04
4.911882483367808163e+02 5.070569921875000000e+04 5.070007745823101868e+04
4.912086820458061993e+02 5.070031250000000000e+04 5.070010503444330243e+04
4.912291156547144055e+02 5.082042578125000000e+04 5.070013055985231767e+04
4.912495494633913040e+02 5.070517187500000000e+04 5.070015405333285889e+04
4.912699831719510257e+02 5.071427343750000000e+04 5.070017553490016144e+04
4.912904167799279094e+02 5.068329687500000000e+04 5.070019502495808410e+04
4.913108505876734853e+02 5.068208203125000000e+04 5.070021254415353906e+04
4.913312841956503689e+02 5.069585937500000000e+04 5.070022811251872918e+04
4.913517179028131068e+02 5.070242968750000000e+04 5.070024175067059696e+04
4.913721517096273601e+02 5.071308203125000000e+04 5.070025347895629966e+04
4.913925854163244367e+02 5.072235937500000000e+04 5.070026331763615599e+04
4.914130190229043365e+02 5.071026953125000000e+04 5.070027128711264959e+04
4.914334528292529285e+02 5.070236718750000000e+04 5.070027740786399227e+04
4.914538865350186825e+02 5.069394140625000000e+04 5.070028170016167132e+04
4.914743202403187752e+02 5.067780859375000000e+04 5.070028418441513350e+04
4.914947539460845292e+02 5.070415625000000000e+04 5.070028488099936658e+04
4.915151876509189606e+02 5.069515234375000000e+04 5.070028381028919102e+04
4.915356214558705688e+02 5.069427343750000000e+04 5.070028099264147750e+04
4.915560550601221621e+02 5.070569531250000000e+04 5.070027644848535419e+04
4.915764887644909322e+02 5.071133593750000000e+04 5.070027019814146479e+04
4.915969225685112178e+02 5.070301171875000000e+04 5.070026226195989875e+04
4.916173561722971499e+02 5.071259375000000000e+04 5.070025266044432647e+04
4.916377898757345974e+02 5.069768359375000000e+04 5.070024141384092218e+04
4.916582236788235605e+02 5.069253515625000000e+04 5.070022854250059027e+04
4.916786572816781700e+02 5.068432031250000000e+04 5.070021406699897489e+04
4.916990909846499562e+02 5.071269140625000000e+04 5.070019800750986906e+04
4.917195247868075967e+02 5.068537109375000000e+04 5.070018038438579970e+04
4.917399583887308836e+02 5.069198437500000000e+04 5.070016121827135794e+04
4.917603920907713473e+02 5.072031250000000000e+04 5.070014052927093144e+04
4.917808258919976652e+02 5.071473437500000000e+04 5.070011833773818216e+04
4.918012594934552908e+02 5.069513281250000000e+04 5.070009466438357776e+04
4.918216931945644319e+02 5.068379687500000000e+04 5.070006952924591315e+04
4.918421269948594272e+02 5.069816796875000000e+04 5.070004295267940324e+04
4.918625606955029070e+02 5.071232421875000000e+04 5.070001495531761611e+04
4.918829943956807256e+02 5.069095312500000000e+04 5.069998555740994925e+04
4.919034280953928828e+02 5.069584765625000000e+04 5.069995477933134680e+04
4.919238617951050401e+02 5.069080468750000000e+04 5.069992264145594527e+04
4.919442954943515360e+02 5.069515234375000000e+04 5.069988916415938002e+04
4.919647291935980320e+02 5.070003515625000000e+04 5.069985436781574390e+04
4.919851627922616899e+02 5.069691796875000000e+04 5.069981827298068674e+04
4.920260302890092134e+02 5.069587500000000000e+04 5.069974226825508231e+04
4.920464639868587255e+02 5.070123437500000000e+04 5.069970239947430673e+04
4.920668976842425764e+02 5.070942578125000000e+04 5.069966131352168304e+04
4.920873313816264272e+02 5.071116796875000000e+04 5.069961903077113675e+04
4.921077649788931012e+02 5.068966406250000000e+04 5.069957557181327866e+04
4.921281987759284675e+02 5.071636328125000000e+04 5.069953095637659862e+04
4.921486324723809958e+02 5.069735937500000000e+04 5.069948520548335364e+04
4.921690660687163472e+02 5.069469140625000000e+04 5.069943833952388377e+04
4.921894998648203909e+02 5.067148046875000000e+04 5.069939037817713688e+04
4.922099335603415966e+02 5.070351171875000000e+04 5.069934134251499199e+04
4.922303673559799790e+02 5.070388281250000000e+04 5.069929125243085582e+04
4.922508009509183466e+02 5.069219140625000000e+04 5.069924012904465053e+04
4.922712346459738910e+02 5.071147265625000000e+04 5.069918799198613851e+04
4.922916684406809509e+02 5.069626171875000000e+04 5.069913486161660694e+04
4.923121020346879959e+02 5.070226171875000000e+04 5.069908075909910258e+04
4.923325357288122177e+02 5.070023828125000000e+04 5.069902570401905541e+04
4.923529695225879550e+02 5.070313281250000000e+04 5.069896971673872031e+04
4.923734032162465155e+02 5.070642578125000000e+04 5.069891281818038260e+04
4.923938368097878993e+02 5.068203906250000000e+04 5.069885502873208316e+04
4.924142706026323140e+02 5.070117578125000000e+04 5.069879636791543453e+04
4.924347042953595519e+02 5.069221093750000000e+04 5.069873685695853783e+04
4.924551378875039518e+02 5.069401953125000000e+04 5.069867651624989958e+04
4.924755716798827052e+02 5.068962890625000000e+04 5.069861536527006683e+04
4.924960053716786206e+02 5.069137109375000000e+04 5.069855342528819165e+04
4.925164389633573592e+02 5.069987890625000000e+04 5.069849071668912075e+04
4.925368727548047900e+02 5.070036328125000000e+04 5.069842725892184535e+04
4.925573064456693828e+02 5.071118359375000000e+04 5.069836307328849216e+04
4.925777402366511524e+02 5.069310937500000000e+04 5.069829817953368911e+04
4.925981738269329071e+02 5.070803515625000000e+04 5.069823259899267578e+04
4.926186075173318386e+02 5.070165625000000000e+04 5.069816635107982438e+04
4.926390412072651088e+02 5.070432421875000000e+04 5.069809945649113070e+04
4.926594748967327178e+02 5.069264843750000000e+04 5.069803193560141517e+04
4.926799085862003267e+02 5.070489453125000000e+04 5.069796380878396303e+04
4.927003422756679356e+02 5.068930859375000000e+04 5.069789509641357290e+04
4.927207759646698833e+02 5.071617187500000000e+04 5.069782581886662228e+04
4.927412096527405083e+02 5.069915625000000000e+04 5.069775599651952507e+04
4.927616433412767947e+02 5.071783984375000000e+04 5.069768564974234323e+04
4.927820770293474197e+02 5.068659765625000000e+04 5.069761479891305498e+04
4.928025107169523835e+02 5.070568750000000000e+04 5.069754346440649533e+04
4.928229444045573473e+02 5.070674218750000000e+04 5.069747166659584036e+04
4.928433780916966498e+02 5.069368750000000000e+04 5.069739942585752578e+04
4.928638117788359523e+02 5.069845312500000000e+04 5.069732676256469131e+04
4.928842454650439322e+02 5.069191796875000000e+04 5.069725369709549705e+04
4.929046791517175734e+02 5.070280859375000000e+04 5.069718024981973576e+04
4.929251129375770688e+02 5.070555468750000000e+04 5.069710644075473101e+04
4.929455466233193874e+02 5.069669921875000000e+04 5.069703229099528107e+04
4.929659802089445293e+02 5.069510546875000000e+04 5.069695782092103764e+04
4.929864139943383634e+02 5.071718750000000000e+04 5.069688304981161491e+04
4.930068476791493595e+02 5.069494921875000000e+04 5.069680799913868395e+04
4.930272812643088400e+02 5.069966406250000000e+04 5.069673268927757454e+04
4.930477150487713516e+02 5.070717187500000000e+04 5.069665713949941710e+04
4.930681487326510251e+02 5.068011328125000000e+04 5.069658137128611997e+04
4.930885823168791831e+02 5.069467187500000000e+04 5.069650540501206706e+04
4.931090161004103720e+02 5.069803906250000000e+04 5.069642925993923564e+04
4.931294497838243842e+02 5.070408593750000000e+04 5.069635295755693369e+04
4.931498833666555583e+02 5.069894531250000000e+04 5.069627651824384520e+04
4.931703171492554247e+02 5.069765234375000000e+04 5.069619996125026228e+04
4.931907508322037756e+02 5.069048437500000000e+04 5.069612330807197577e+04
4.932111845142208040e+02 5.069382031250000000e+04 5.069604657871416566e+04
4.932316181962378323e+02 5.070536328125000000e+04 5.069596979354810173e+04
4.932520518777891994e+02 5.068819921875000000e+04 5.069589297295031429e+04
4.932724855593405664e+02 5.070711718750000000e+04 5.069581613729384117e+04
4.932929192404262722e+02 5.068717578125000000e+04 5.069573930659399775e+04
4.933133529210463166e+02 5.069776953125000000e+04 5.069566249394741317e+04
4.933337867017835379e+02 5.067815625000000000e+04 5.069558570584974950e+04
4.933542202822864056e+02 5.069437109375000000e+04 5.069550895008115913e+04
4.933746539624407887e+02 5.069154296875000000e+04 5.069543223216669139e+04
4.933950876416638494e+02 5.069640625000000000e+04 5.069535555913590360e+04
4.934155213213525712e+02 5.068861328125000000e+04 5.069527893763525935e+04
4.934359550005756319e+02 5.068839843750000000e+04 5.069520237431995338e+04
4.934563887794502079e+02 5.068547265625000000e+04 5.069512587546705618e+04
4.934768223580904305e+02 5.068988281250000000e+04 5.069504944885046280e+04
4.934972560368478298e+02 5.070337890625000000e+04 5.069497309999792924e+04
4.935176898147910833e+02 5.069372265625000000e+04 5.069489683556582895e+04
4.935381233924999833e+02 5.071212109375000000e+04 5.069482066332272370e+04
4.935585570698603988e+02 5.070097656250000000e+04 5.069474458880172460e+04
4.935789908473379910e+02 5.071044140625000000e+04 5.069466861865427927e+04
4.935994244245812297e+02 5.068156250000000000e+04 5.069459276064793085e+04
4.936198581010103226e+02 5.068332812500000000e+04 5.069451702032201865e+04
4.936402918775565922e+02 5.069986718750000000e+04 5.069444140432651329e+04
4.936607254538685083e+02 5.069342187500000000e+04 5.069436592042366101e+04
4.936811592294834554e+02 5.068557421875000000e+04 5.069429057378925791e+04
4.937015929054468870e+02 5.068448437500000000e+04 5.069421537217836885e+04
4.937220264803618193e+02 5.068469921875000000e+04 5.069414032224567200e+04
4.937424602555111051e+02 5.070591406250000000e+04 5.069406542953742610e+04
4.937628939305432141e+02 5.068702343750000000e+04 5.069399070180732815e+04
4.937833276051096618e+02 5.068176953125000000e+04 5.069391614534143446e+04
4.938037612792104483e+02 5.070025781250000000e+04 5.069384176679144730e+04
4.938241949533112347e+02 5.068270312500000000e+04 5.069376757280736638e+04
4.938446286269463599e+02 5.068716406250000000e+04 5.069369357004256744e+04
4.938650623001158237e+02 5.070375000000000000e+04 5.069361976514873095e+04
4.938854959732852876e+02 5.068643359375000000e+04 5.069354616477587842e+04
4.939059296459890902e+02 5.068744921875000000e+04 5.069347277557736379e+04
4.939263634188100696e+02 5.069608984375000000e+04 5.069339960384526057e+04
4.939467969913966954e+02 5.071007031250000000e+04 5.069332665730515146e+04
4.939672306631691754e+02 5.069992578125000000e+04 5.069325394153813977e+04
4.939876644350588322e+02 5.068182812500000000e+04 5.069318146319602965e+04
4.940080980062484741e+02 5.069140625000000000e+04 5.069310922999575996e+04
4.940285317776724696e+02 5.068980078125000000e+04 5.069303724717169825e+04
4.940489653488621116e+02 5.069118359375000000e+04 5.069296552278629679e+04
4.940693990192376077e+02 5.070080078125000000e+04 5.069289406243828125e+04
4.940898327897302806e+02 5.068703906250000000e+04 5.069282287278002332e+04
4.941102663599886000e+02 5.067310546875000000e+04 5.069275196150758711e+04
4.941307000294327736e+02 5.068675390625000000e+04 5.069268133423150721e+04
4.941511337989941239e+02 5.068810156250000000e+04 5.069261099760448269e+04
4.941715673683211207e+02 5.070284765625000000e+04 5.069254095930987387e+04
4.941920010372996330e+02 5.069976171875000000e+04 5.069247122496928932e+04
4.942124348059296608e+02 5.069951953125000000e+04 5.069240180123891332e+04
4.942328683743253350e+02 5.068607421875000000e+04 5.069233269578697218e+04
4.942533020428381860e+02 5.069489843750000000e+04 5.069226391424704343e+04
4.942737358105368912e+02 5.069003515625000000e+04 5.069219546327872376e+04
4.942941694781184196e+02 5.069618750000000000e+04 5.069212735020140099e+04
4.943146030455827713e+02 5.071832031250000000e+04 5.069205958166172059e+04
4.943350368123501539e+02 5.068162500000000000e+04 5.069199216332087235e+04
4.943554704794660211e+02 5.067280859375000000e+04 5.069192510281951400e+04
4.943759040459990501e+02 5.049754687500000000e+04 5.069185840680707770e+04
4.943963378123007715e+02 5.027002343750000000e+04 5.069179208095756621e+04
4.944167714780196548e+02 5.024039453125000000e+04 5.069172613290033041e+04
4.944372052438557148e+02 5.023310546875000000e+04 5.069166056863933773e+04
4.944576388089917600e+02 5.024360937500000000e+04 5.069159539578863769e+04
4.944780724742449820e+02 5.035187500000000000e+04 5.069153062003756349e+04
4.944985062391497195e+02 5.064611718750000000e+04 5.069146624804516614e+04
4.945189398038201034e+02 5.070072265625000000e+04 5.069140228740482416e+04
4.945393734681420028e+02 5.069139062500000000e+04 5.069133874382649083e+04
4.945598072321154177e+02 5.069522265625000000e+04 5.069127562396800204e+04
4.945802407958544791e+02 5.070037890625000000e+04 5.069121293540424085e+04
4.946006744592450559e+02 5.068084765625000000e+04 5.069115068386367057e+04
4.946211082222871482e+02 5.069005468750000000e+04 5.069108887600444723e+04
4.946415417855605483e+02 5.068166015625000000e+04 5.069102751938061556e+04
4.946619754480198026e+02 5.070617578125000000e+04 5.069096661974284507e+04
4.946824092101305723e+02 5.069781250000000000e+04 5.069090618374817859e+04
4.947028427724726498e+02 5.069041406250000000e+04 5.069084621893041185e+04
4.947232764340005815e+02 5.070282031250000000e+04 5.069078673106043425e+04
4.947437101956456900e+02 5.068559375000000000e+04 5.069072772679426998e+04
4.947641437570564449e+02 5.069327343750000000e+04 5.069066921364727750e+04
4.947845775177702308e+02 5.068110937500000000e+04 5.069061119712708023e+04
4.948050111788325012e+02 5.068955078125000000e+04 5.069055368473779527e+04
4.948254447393119335e+02 5.067971093750000000e+04 5.069049668312628637e+04
4.948458784990943968e+02 5.069598828125000000e+04 5.069044019811140606e+04
4.948663121592253447e+02 5.068463671875000000e+04 5.069038423717504338e+04
4.948867457187734544e+02 5.069705078125000000e+04 5.069032880696367647e+04
4.949071794780902565e+02 5.069941796875000000e+04 5.069027391331813124e+04
4.949276131368242204e+02 5.068432031250000000e+04 5.069021956370086991e+04
4.949480466959066689e+02 5.068094140625000000e+04 5.069016576475308102e+04
4.949684804542921484e+02 5.070930078125000000e+04 5.069011252234337735e+04
4.950093476707115769e+02 5.068953906250000000e+04 5.069000773608939926e+04
4.950297814281657338e+02 5.069667968750000000e+04 5.068995620478078490e+04
4.950502150855027139e+02 5.068198437500000000e+04 5.068990525739284931e+04
4.950706486427225173e+02 5.067239453125000000e+04 5.068985490056866547e+04
4.950910823992453516e+02 5.067874218750000000e+04 5.068980514022632269e+04
4.951115160561166704e+02 5.069073046875000000e+04 5.068975598374994297e+04
4.951319498121738434e+02 5.068613671875000000e+04 5.068970743731286348e+04
4.951523833684623241e+02 5.067992578125000000e+04 5.068965950827253255e+04
4.951728170239366591e+02 5.068400781250000000e+04 5.068961220257481909e+04
4.951932507795281708e+02 5.068333203125000000e+04 5.068956552687841759e+04
4.952136843348853290e+02 5.070172656250000000e+04 5.068951948851640191e+04
4.952341179894283414e+02 5.067703125000000000e+04 5.068947409346111090e+04
4.952545517440885305e+02 5.068095703125000000e+04 5.068942934837161738e+04
4.952749853986315429e+02 5.069679296875000000e+04 5.068938526033810194e+04
4.952954189525917172e+02 5.068566015625000000e+04 5.068934183600351389e+04
4.953158527063205838e+02 5.069021875000000000e+04 5.068929908138611063e+04
4.953362863599322736e+02 5.067185156250000000e+04 5.068925700376994791e+04
4.953567199129611254e+02 5.068618750000000000e+04 5.068921560979765491e+04
4.953771536662243307e+02 5.069654687500000000e+04 5.068917490658651514e+04
4.953975873189046979e+02 5.069198046875000000e+04 5.068913491375049489e+04
4.954180208710022271e+02 5.068514062500000000e+04 5.068909565705997375e+04
4.954384546233341098e+02 5.069027734375000000e+04 5.068905716181547905e+04
4.954588881754316390e+02 5.070083984375000000e+04 5.068901945464426535e+04
4.954793218267150223e+02 5.069036328125000000e+04 5.068898256086082984e+04
4.954997555781155825e+02 5.069046484375000000e+04 5.068894650634856953e+04
4.955201891292817891e+02 5.068435546875000000e+04 5.068891131750411296e+04
4.955406228797510266e+02 5.070510937500000000e+04 5.068887701951245253e+04
4.955610565301030874e+02 5.070500390625000000e+04 5.068884363875573035e+04
4.955814900803379714e+02 5.069666015625000000e+04 5.068881120109317999e+04
4.956019238303415477e+02 5.069690234375000000e+04 5.068877973192874197e+04
4.956223574797622859e+02 5.068649609375000000e+04 5.068874925760505721e+04
4.956427911291830242e+02 5.067976953125000000e+04 5.068871980383777554e+04
4.956632247781381011e+02 5.067590625000000000e+04 5.068869139650046418e+04
4.956836584270931780e+02 5.069448046875000000e+04 5.068866406146541703e+04
4.957040920755825937e+02 5.067426171875000000e+04 5.068863782460616494e+04
4.957245257240720093e+02 5.069746484375000000e+04 5.068861271179502364e+04
4.957449593720957637e+02 5.068347656250000000e+04 5.068858874890547304e+04
4.957653930196538568e+02 5.067612109375000000e+04 5.068856596181039640e+04
4.957858267668634653e+02 5.069833203125000000e+04 5.068854437627988227e+04
4.958062603143043816e+02 5.069304296875000000e+04 5.068852401849420130e+04
4.958266939609311521e+02 5.069291015625000000e+04 5.068850491401937325e+04
4.958471277076750994e+02 5.066959375000000000e+04 5.068848708874594013e+04
4.958675612541846931e+02 5.070219921875000000e+04 5.068847056879936281e+04
4.958879949999973178e+02 5.069546093750000000e+04 5.068845537972965394e+04
4.959084286456927657e+02 5.070314843750000000e+04 5.068844154764205450e+04
4.959288621912710369e+02 5.069139062500000000e+04 5.068842909838938795e+04
4.959492959366180003e+02 5.069394140625000000e+04 5.068841805767211918e+04
4.959697295813821256e+02 5.069651953125000000e+04 5.068840845153580449e+04
4.959901631260290742e+02 5.068969140625000000e+04 5.068840030583183398e+04
4.960105968704447150e+02 5.067827343750000000e+04 5.068839364632438810e+04
4.960310305142775178e+02 5.069553125000000000e+04 5.068838849899520574e+04
4.960514640584588051e+02 5.067928515625000000e+04 5.068838488969455648e+04
4.960718978019431233e+02 5.069323437500000000e+04 5.068838284425393795e+04
4.960923314448446035e+02 5.069253125000000000e+04 5.068838238858772092e+04
4.961127650882117450e+02 5.069579687500000000e+04 5.068838354855489888e+04
4.961331987306475639e+02 5.068832031250000000e+04 5.068838635002831143e+04
4.961536323735490441e+02 5.070270703125000000e+04 5.068839081888098735e+04
4.961740659154020250e+02 5.069002343750000000e+04 5.068839698095115455e+04
4.961944996574893594e+02 5.070259765625000000e+04 5.068840486221502942e+04
4.962149332989938557e+02 5.070210546875000000e+04 5.068841448844213301e+04
4.962353669404983521e+02 5.069830468750000000e+04 5.068842588553996757e+04
4.962558005810715258e+02 5.069590234375000000e+04 5.068843907938079792e+04
4.962762342221103609e+02 5.068847656250000000e+04 5.068845409583837318e+04
4.962966679623350501e+02 5.070032031250000000e+04 5.068847096087176033e+04
4.963171015027910471e+02 5.069007421875000000e+04 5.068848970009334153e+04
4.963375351424328983e+02 5.068521875000000000e+04 5.068851033963631198e+04
4.963579688826575875e+02 5.067326171875000000e+04 5.068853290540304442e+04
4.963784024217166007e+02 5.069769531250000000e+04 5.068855742291889328e+04
4.963988360608927906e+02 5.068487890625000000e+04 5.068858391840371769e+04
4.964192697997204959e+02 5.069247656250000000e+04 5.068861241775902454e+04
4.964397033383138478e+02 5.070563281250000000e+04 5.068864294642456662e+04
4.964601369765587151e+02 5.068995312500000000e+04 5.068867553070622671e+04
4.964805707144550979e+02 5.070458593750000000e+04 5.068871019650720700e+04
4.965010042521171272e+02 5.069557812500000000e+04 5.068874696917614347e+04
4.965214378898963332e+02 5.068092187500000000e+04 5.068878587511094520e+04
4.965418716268613935e+02 5.066772656250000000e+04 5.068882694021410134e+04
4.965623051635921001e+02 5.069787109375000000e+04 5.068887018974069360e+04
4.965827388004399836e+02 5.068814843750000000e+04 5.068891565018318943e+04
4.966031725369393826e+02 5.068847656250000000e+04 5.068896334744610067e+04
4.966236061728559434e+02 5.069387500000000000e+04 5.068901330693486670e+04
4.966440398087725043e+02 5.068051562500000000e+04 5.068906555475166533e+04
4.966644734442234039e+02 5.067944531250000000e+04 5.068912011676812836e+04
4.966849070792086422e+02 5.067720312500000000e+04 5.068917701885700808e+04
4.967053407141938806e+02 5.069112500000000000e+04 5.068923628689239558e+04
4.967257743487134576e+02 5.068279687500000000e+04 5.068929794674579171e+04
4.967462079832330346e+02 5.068848437500000000e+04 5.068936202429137484e+04
4.967666417174041271e+02 5.066735156250000000e+04 5.068942854573249497e+04
4.967870752513408661e+02 5.068599218750000000e+04 5.068949753594760841e+04
4.968075088849291205e+02 5.067337500000000000e+04 5.068956902180381439e+04
4.968279425180517137e+02 5.066794531250000000e+04 5.068964302884187055e+04
4.968483761511743069e+02 5.069610156250000000e+04 5.068971958293628995e+04
4.968688097838312387e+02 5.067168359375000000e+04 5.068979870995813690e+04
4.968892434164881706e+02 5.068025000000000000e+04 5.068988043578198995e+04
4.969096770486794412e+02 5.066803125000000000e+04 5.068996478627883334e+04
4.969301105802878737e+02 5.069292578125000000e+04 5.069005178688852175e+04
4.969505443121306598e+02 5.068190625000000000e+04 5.069014146478428302e+04
4.969709779433906078e+02 5.067523046875000000e+04 5.069023384453843755e+04
4.969914116743020713e+02 5.069264843750000000e+04 5.069032895292922331e+04
4.970118452049791813e+02 5.069769531250000000e+04 5.069042681441343302e+04
4.970322788357734680e+02 5.069510156250000000e+04 5.069052745628212142e+04
4.970527125657536089e+02 5.067456640625000000e+04 5.069063090444443515e+04
4.970731460959650576e+02 5.068208593750000000e+04 5.069073718323891080e+04
4.970935797253623605e+02 5.068858984375000000e+04 5.069084632007241453e+04
4.971140134548768401e+02 5.068020703125000000e+04 5.069095834086475952e+04
4.971344470842741430e+02 5.068444140625000000e+04 5.069107327039122902e+04
4.971548806130886078e+02 5.069325000000000000e+04 5.069119113447904238e+04
4.971753143416717649e+02 5.070567968750000000e+04 5.069131196075501794e+04
4.971957479696720839e+02 5.067857421875000000e+04 5.069143577333768917e+04
4.972161814980208874e+02 5.069130468750000000e+04 5.069156259806147136e+04
4.972366152256727219e+02 5.068758203125000000e+04 5.069169246267691778e+04
4.972570488532073796e+02 5.069512109375000000e+04 5.069182539117614215e+04
4.972774823801591992e+02 5.069771875000000000e+04 5.069196140938367171e+04
4.972979161068797112e+02 5.069594140625000000e+04 5.069210054519431287e+04
4.973183497339487076e+02 5.069353125000000000e+04 5.069224282246510847e+04
4.973387834602035582e+02 5.069851171875000000e+04 5.069238826845359290e+04
4.973592169862240553e+02 5.069297656250000000e+04 5.069253690687773633e+04
4.973796506118960679e+02 5.070063281250000000e+04 5.069268876576823823e+04
4.974000843372195959e+02 5.068548437500000000e+04 5.069284387104518828e+04
4.974205178627744317e+02 5.068757421875000000e+04 5.069300224628474825e+04
4.974409514875151217e+02 5.069694140625000000e+04 5.069316391965266666e+04
4.974613852123729885e+02 5.071126171875000000e+04 5.069332889495335257e+04
4.974818187369965017e+02 5.069421484375000000e+04 5.069349703252804466e+04
4.975022523612715304e+02 5.069699609375000000e+04 5.069366814229059673e+04
4.975226860847324133e+02 5.068975781250000000e+04 5.069384203161755431e+04
4.975431196084246039e+02 5.070874609375000000e+04 5.069401850528374780e+04
4.975635532317683101e+02 5.069151171875000000e+04 5.069419737319507840e+04
4.975839868546463549e+02 5.069523828125000000e+04 5.069437844183140260e+04
4.976044204775243998e+02 5.071668750000000000e+04 5.069456151853526535e+04
4.976248540999367833e+02 5.068930468750000000e+04 5.069474641064093157e+04
4.976452877223491669e+02 5.068023046875000000e+04 5.069493292549108446e+04
4.976657213438302279e+02 5.069688671875000000e+04 5.069512087041565974e+04
4.976861549657769501e+02 5.068370703125000000e+04 5.069531005276594078e+04
4.977065886869095266e+02 5.069806250000000000e+04 5.069550028080186166e+04
4.977270222082734108e+02 5.068200000000000000e+04 5.069569135907203599e+04
4.977474559289403260e+02 5.070953906250000000e+04 5.069588309864554321e+04
4.977678895494900644e+02 5.069230468750000000e+04 5.069607530405568832e+04
4.977883230694569647e+02 5.070914453125000000e+04 5.069626778263120650e+04
4.978087567896582186e+02 5.069660156250000000e+04 5.069646034454535402e+04
4.978291904092766345e+02 5.068889062500000000e+04 5.069665279430204828e+04
4.978496239287778735e+02 5.071032031250000000e+04 5.069684493924731214e+04
4.978700576475821435e+02 5.070073046875000000e+04 5.069703658953217382e+04
4.978904912667348981e+02 5.063469921875000000e+04 5.069722754968720983e+04
4.979109247853048146e+02 5.029762890625000000e+04 5.069741762705390283e+04
4.979313585036434233e+02 5.027067187500000000e+04 5.069760663175745140e+04
4.979517921213991940e+02 5.025117968750000000e+04 5.069779436835004890e+04
4.979926593569107354e+02 5.030383984375000000e+04 5.069816526935649017e+04
4.980130929742008448e+02 5.054301562500000000e+04 5.069834804844349856e+04
4.980335265910252929e+02 5.070400390625000000e+04 5.069852878970332677e+04
4.980539602073840797e+02 5.070792187500000000e+04 5.069870730047479447e+04
4.980743938237428665e+02 5.069056250000000000e+04 5.069888338810073037e+04
4.980948275397531688e+02 5.070256640625000000e+04 5.069905686075914127e+04
4.981152611556462944e+02 5.069852343750000000e+04 5.069922752409210079e+04
4.981356946714222431e+02 5.070369140625000000e+04 5.069939518548099295e+04
4.981561283865012228e+02 5.070989062500000000e+04 5.069955965469853254e+04
4.981765620014630258e+02 5.070947265625000000e+04 5.069972073664974596e+04
4.981969955163076520e+02 5.071097656250000000e+04 5.069987823872453737e+04
4.982174292304553092e+02 5.070479687500000000e+04 5.070003197054259363e+04
4.982378627448342741e+02 5.070219921875000000e+04 5.070018173644164926e+04
4.982582963583990932e+02 5.070672656250000000e+04 5.070032734598139359e+04
4.982787300720810890e+02 5.071219921875000000e+04 5.070046860644495609e+04
4.982991635855287313e+02 5.069016796875000000e+04 5.070060532312768919e+04
4.983195971986278892e+02 5.070103125000000000e+04 5.070073730540885299e+04
4.983400309113785625e+02 5.068952343750000000e+04 5.070086436055653758e+04
4.983604644238948822e+02 5.070601171875000000e+04 5.070098629408219858e+04
4.983808980360627174e+02 5.071562109375000000e+04 5.070110291515245626e+04
4.984013317478820682e+02 5.069888281250000000e+04 5.070121403102694603e+04
4.984217652594670653e+02 5.071912109375000000e+04 5.070131944745537476e+04
4.984421989708207548e+02 5.069620703125000000e+04 5.070141897383909964e+04
4.984626325820572674e+02 5.071135546875000000e+04 5.070151241601274523e+04
4.984830660927109420e+02 5.071296484375000000e+04 5.070159958140408708e+04
4.985034998031333089e+02 5.070607421875000000e+04 5.070168027858655114e+04
4.985239334134384990e+02 5.070142968750000000e+04 5.070175431366691191e+04
4.985443670232780278e+02 5.071234765625000000e+04 5.070182149439395289e+04
4.985648006331175566e+02 5.070419921875000000e+04 5.070188162810831273e+04
4.985852342424914241e+02 5.069712109375000000e+04 5.070193452214777062e+04
4.986056678513996303e+02 5.069084765625000000e+04 5.070197998385169194e+04
4.986261014607734978e+02 5.070466796875000000e+04 5.070201782056104275e+04
4.986465350692160428e+02 5.068915234375000000e+04 5.070204783961240901e+04
4.986669686776585877e+02 5.070110156250000000e+04 5.070206984834661125e+04
4.986874023852869868e+02 5.071166015625000000e+04 5.070208365414934087e+04
4.987078358931466937e+02 5.069712109375000000e+04 5.070208906421904248e+04
4.987282695006579161e+02 5.068345703125000000e+04 5.070208588603614771e+04
4.987487032078206539e+02 5.070551562500000000e+04 5.070207392681248893e+04
4.987691367147490382e+02 5.069991406250000000e+04 5.070205299412836030e+04
4.987895703213289380e+02 5.069923046875000000e+04 5.070202289508220565e+04
4.988100040275603533e+02 5.070115625000000000e+04 5.070198343687749002e+04
4.988304375340230763e+02 5.069996484375000000e+04 5.070193442750108807e+04
4.988508712397888303e+02 5.070551562500000000e+04 5.070187567333391053e+04
4.988713048454374075e+02 5.070910546875000000e+04 5.070180698250444402e+04
4.988917383505031466e+02 5.068939843750000000e+04 5.070172816250108008e+04
4.989121720553375781e+02 5.067471093750000000e+04 5.070163901942955999e+04
4.989326056600548327e+02 5.069896093750000000e+04 5.070153936186119972e+04
4.989530391646549106e+02 5.070153515625000000e+04 5.070142899729096825e+04
4.989734728685580194e+02 5.068773437500000000e+04 5.070130773136181233e+04
4.989939063722267747e+02 5.068836718750000000e+04 5.070117537378582347e+04
4.990143399760127068e+02 5.068838281250000000e+04 5.070103173003859411e+04
4.990347736794501543e+02 5.069935937500000000e+04 5.070087660729548224e+04
4.990552072823047638e+02 5.069418750000000000e+04 5.070070981441564800e+04
4.990756407850421965e+02 5.069228906250000000e+04 5.070053115890774643e+04
4.990960744875483215e+02 5.069235546875000000e+04 5.070034044540111790e+04
4.991165080899372697e+02 5.068995703125000000e+04 5.070013748394511640e+04
4.991369415917433798e+02 5.068769921875000000e+04 5.069992208206533542e+04
4.991573752933181822e+02 5.070230859375000000e+04 5.069969404384316294e+04
4.991778088947758079e+02 5.070134375000000000e+04 5.069945317987151066e+04
4.991982425958849490e+02 5.070636718750000000e+04 5.069919929513309762e+04
4.992186760967597365e+02 5.070557421875000000e+04 5.069893220079012826e+04
4.992391096972860396e+02 5.068430078125000000e+04 5.069865170035987830e+04
4.992595433974638581e+02 5.071660546875000000e+04 5.069835760098391620e+04
4.992799768974073231e+02 5.071541406250000000e+04 5.069804971441894304e+04
4.993004104970023036e+02 5.069878906250000000e+04 5.069772784358783974e+04
4.993208441962487996e+02 5.069663671875000000e+04 5.069739179562377103e+04
4.993412776957266033e+02 5.070134375000000000e+04 5.069704138289524417e+04
4.993617112943902612e+02 5.071024609375000000e+04 5.069667640772122104e+04
4.993821449931710958e+02 5.070178906250000000e+04 5.069629667720982980e+04
4.994025784912519157e+02 5.069869921875000000e+04 5.069590200440038461e+04
4.994230120894499123e+02 5.070249609375000000e+04 5.069549219093265128e+04
4.994434457872994244e+02 5.067802734375000000e+04 5.069506704393174732e+04
4.994638792844489217e+02 5.069771484375000000e+04 5.069462637710072886e+04
4.994843128817155957e+02 5.069716406250000000e+04 5.069416999140652479e+04
4.995251801754347980e+02 5.070078515625000000e+04 5.069320929673821956e+04
