1.492247075207997113e+03 4.862003515625000000e+04 4.860911886501656409e+04
1.492267509578261524e+03 4.860139843750000000e+04 4.860845216140274715e+04
1.492287944048643112e+03 4.859756640625000000e+04 4.860780976473922783e+04
1.492308378319256008e+03 4.860228515625000000e+04 4.860719136065232306e+04
1.492328812689986080e+03 4.860834765625000000e+04 4.860659661626692105e+04
1.492349247160833329e+03 4.861799218750000000e+04 4.860602520830350113e+04
1.492369681431446224e+03 4.859955859375000000e+04 4.860547682136587537e+04
1.492390115902759135e+03 4.860217187500000000e+04 4.860495112106800661e+04
1.492410550273954868e+03 4.860927343750000000e+04 4.860444779169058893e+04
1.492430984645150602e+03 4.859441406250000000e+04 4.860396650697760924e+04
1.492451419016346335e+03 4.858575781250000000e+04 4.860350694330414262e+04
1.492471853388007730e+03 4.860294531250000000e+04 4.860306877703547070e+04
1.492492287759669125e+03 4.859527734375000000e+04 4.860265168455726962e+04
1.492512722131330520e+03 4.861496875000000000e+04 4.860225534224459261e+04
1.492533156503457576e+03 4.859412109375000000e+04 4.860187942646406009e+04
1.492553590875584632e+03 4.861548046875000000e+04 4.860152361359992938e+04
1.492574025247711688e+03 4.860029687500000000e+04 4.860118758002718096e+04
1.492594459619838744e+03 4.860135156250000000e+04 4.860087100212078803e+04
1.492614893992431462e+03 4.860349218750000000e+04 4.860057355624917545e+04
1.492635328364558518e+03 4.860896093750000000e+04 4.860029491880084970e+04
1.492655762737151235e+03 4.859935546875000000e+04 4.860003476613809471e+04
1.492676197210326791e+03 4.860534765625000000e+04 4.859979277349544282e+04
1.492696631482802331e+03 4.860132031250000000e+04 4.859956862068385817e+04
1.492717065855860710e+03 4.859393359375000000e+04 4.859936198064308701e+04
1.492737500329036266e+03 4.862425781250000000e+04 4.859917253000840719e+04
1.492757934602443129e+03 4.859457421875000000e+04 4.859899994781085843e+04
1.492778369075618684e+03 4.860228125000000000e+04 4.859884390704886755e+04
1.492798803449142724e+03 4.859524218750000000e+04 4.859870408650457102e+04
1.492819237723015249e+03 4.860903906250000000e+04 4.859858016231794318e+04
1.492839672196656466e+03 4.860609375000000000e+04 4.859847180916328216e+04
1.492860106570646167e+03 4.861102343750000000e+04 4.859837870511681831e+04
1.492880540844518691e+03 4.859041796875000000e+04 4.859830052633430023e+04
1.492900975318625569e+03 4.859442578125000000e+04 4.859823694814964256e+04
1.492921409692615271e+03 4.858078906250000000e+04 4.859818764797873155e+04
1.492941844167187810e+03 4.859357421875000000e+04 4.859815230170925497e+04
1.492962278441525996e+03 4.860446093750000000e+04 4.859813058613598696e+04
1.492982712815981358e+03 4.859217968750000000e+04 4.859812217721517663e+04
1.493003147291019559e+03 4.858725000000000000e+04 4.859812675151515577e+04
1.493023581565823406e+03 4.860697656250000000e+04 4.859814398525009165e+04
1.493044015940744430e+03 4.859764062500000000e+04 4.859817355495584343e+04
1.493064450415782630e+03 4.860499218750000000e+04 4.859821513718619826e+04
1.493084884691052139e+03 4.860353125000000000e+04 4.859826840761948552e+04
1.493105319166090339e+03 4.858716406250000000e+04 4.859833304366999073e+04
1.493125753541477025e+03 4.860131640625000000e+04 4.859840872084816510e+04
1.493146187817212194e+03 4.860233984375000000e+04 4.859849511536966020e+04
1.493166622292716056e+03 4.859259375000000000e+04 4.859859190495242365e+04
1.493187056668568403e+03 4.859262890625000000e+04 4.859869876462858520e+04
1.493207490944303572e+03 4.858908984375000000e+04 4.859881537062524876e+04
1.493227925420738757e+03 4.861259375000000000e+04 4.859894140110415174e+04
1.493248359796591103e+03 4.859647265625000000e+04 4.859907653065038903e+04
1.493268794072791934e+03 4.860478906250000000e+04 4.859922043551349634e+04
1.493289228549227118e+03 4.859435156250000000e+04 4.859937279424339067e+04
1.493309662926010787e+03 4.859458203125000000e+04 4.859953328104049433e+04
1.493330097302328795e+03 4.859146484375000000e+04 4.859970157299829589e+04
1.493350531679112464e+03 4.860061718750000000e+04 4.859987734649925551e+04
1.493370966055896133e+03 4.859755468750000000e+04 4.860006027791435190e+04
1.493391400533262640e+03 4.860958984375000000e+04 4.860025004456869647e+04
1.493411834810394794e+03 4.859455078125000000e+04 4.860044631999506964e+04
1.493432269187178463e+03 4.858905468750000000e+04 4.860064878340140422e+04
1.493452703664544970e+03 4.860355078125000000e+04 4.860085711126020760e+04
1.493473137942142785e+03 4.860215625000000000e+04 4.860107097684306791e+04
1.493493572419974953e+03 4.860553515625000000e+04 4.860129006070920150e+04
1.493514006797224283e+03 4.860122265625000000e+04 4.860151403604555526e+04
1.493534441075287759e+03 4.859116015625000000e+04 4.860174257917274372e+04
1.493554875553119928e+03 4.859682031250000000e+04 4.860197536984128237e+04
1.493575309931300581e+03 4.859680859375000000e+04 4.860221208104520338e+04
1.493595744209364057e+03 4.860400781250000000e+04 4.860245238909870386e+04
1.493616178687661886e+03 4.862743750000000000e+04 4.860269597393349250e+04
1.493636613066308200e+03 4.859857812500000000e+04 4.860294250837288564e+04
1.493657047444488853e+03 4.861440234375000000e+04 4.860319166996597050e+04
1.493677481823135167e+03 4.861886718750000000e+04 4.860344313509883068e+04
1.493697916201781482e+03 4.861235156250000000e+04 4.860369658014045854e+04
1.493738784960005432e+03 4.859957812500000000e+04 4.860420811546038021e+04
1.493759219339117408e+03 4.861076953125000000e+04 4.860446555848221760e+04
1.493779653818346560e+03 4.861194531250000000e+04 4.860472368817732786e+04
1.493800088097341359e+03 4.860239843750000000e+04 4.860498217712286714e+04
1.493820522476918995e+03 4.860259375000000000e+04 4.860524070549686439e+04
1.493840956956613809e+03 4.860714453125000000e+04 4.860549894966624561e+04
1.493963563236407936e+03 4.860096484375000000e+04 4.860702428921770479e+04
1.493983997516799718e+03 4.860161718750000000e+04 4.860727147112535022e+04
1.494004431997425854e+03 4.859278515625000000e+04 4.860751578096800222e+04
1.494024866377934813e+03 4.858634765625000000e+04 4.860775689150740072e+04
1.494045300858560950e+03 4.859641796875000000e+04 4.860799448147729709e+04
1.494065735139418393e+03 4.860076953125000000e+04 4.860822822379285208e+04
1.494086169520393014e+03 4.859191015625000000e+04 4.860845779828786908e+04
1.494106604001484811e+03 4.861330078125000000e+04 4.860868288127325650e+04
1.494127038282807916e+03 4.862907421875000000e+04 4.860890314585479064e+04
1.494147472664248198e+03 4.865020703125000000e+04 4.860911827167555748e+04
1.494167907145339996e+03 4.859687890625000000e+04 4.860932793502745335e+04
1.494188341427128762e+03 4.863542578125000000e+04 4.860953180925920606e+04
1.494208775808569044e+03 4.860580078125000000e+04 4.860972957377115381e+04
1.494229210290592164e+03 4.862139843750000000e+04 4.860992090485463996e+04
1.494249644572380930e+03 4.860476562500000000e+04 4.861010547611620859e+04
1.494270079054404050e+03 4.861502343750000000e+04 4.861028296754549956e+04
1.494290513436309993e+03 4.860994921875000000e+04 4.861045307105861139e+04
1.494310947818681598e+03 4.860317187500000000e+04 4.861061571900228591e+04
1.494331382201053202e+03 4.860375781250000000e+04 4.861077100857420737e+04
1.494351816583424807e+03 4.860888671875000000e+04 4.861091904038155917e+04
1.494372250966262072e+03 4.863028125000000000e+04 4.861105991503462428e+04
1.494392685348633677e+03 4.860805468750000000e+04 4.861119373313420510e+04
1.494413119731470942e+03 4.860094531250000000e+04 4.861132059529355320e+04
1.494433554214425385e+03 4.861303906250000000e+04 4.861144060268808971e+04
1.494453988497611135e+03 4.859508984375000000e+04 4.861155385421347455e+04
1.494474422880448401e+03 4.862108203125000000e+04 4.861166045218576619e+04
1.494494857263751328e+03 4.859839843750000000e+04 4.861176049664565653e+04
1.494515291647054255e+03 4.860030468750000000e+04 4.861185408819786971e+04
1.494535726030822843e+03 4.860521875000000000e+04 4.861194132745148818e+04
1.494556160514242947e+03 4.861123437500000000e+04 4.861202231539139757e+04
1.494576594797894359e+03 4.861361718750000000e+04 4.861209715148354007e+04
1.494597029181662947e+03 4.860850781250000000e+04 4.861216593747815205e+04
1.494617463666014373e+03 4.861628906250000000e+04 4.861222877389560745e+04
1.494637897949665785e+03 4.863312500000000000e+04 4.861228576045988302e+04
1.494658332434017211e+03 4.861032812500000000e+04 4.861233699889824493e+04
1.494678766818251461e+03 4.861739453125000000e+04 4.861238258902145026e+04
1.494699201102834195e+03 4.861575781250000000e+04 4.861242263151980296e+04
1.494719635587185621e+03 4.861098828125000000e+04 4.861245722754701274e+04
1.494740069971885532e+03 4.861518750000000000e+04 4.861248647716354753e+04
1.494760504256468266e+03 4.850326953125000000e+04 4.861251048105362861e+04
1.494780938741285354e+03 4.824236718750000000e+04 4.861252934013924096e+04
1.494801373126450926e+03 4.818033593750000000e+04 4.861254315471309383e+04
1.494821807611268014e+03 4.816619921875000000e+04 4.861255202551820548e+04
1.494842241896316409e+03 4.820159765625000000e+04 4.861255605306767393e+04
1.494862676281947643e+03 4.823065625000000000e+04 4.861255533806292078e+04
1.494883110767230392e+03 4.851641015625000000e+04 4.861254998104223341e+04
1.494903545052744448e+03 4.859803906250000000e+04 4.861254008272498322e+04
1.494923979438375682e+03 4.860457031250000000e+04 4.861252574360605649e+04
1.494944413924124092e+03 4.863095703125000000e+04 4.861250706422820804e+04
1.494964848210103810e+03 4.861670703125000000e+04 4.861248414550402958e+04
1.494985282595735043e+03 4.860207812500000000e+04 4.861245708773583465e+04
1.495005717081949115e+03 4.862825000000000000e+04 4.861242599146954308e+04
1.495026151468046010e+03 4.860056250000000000e+04 4.861239095761807403e+04
1.495046585854142904e+03 4.862280468750000000e+04 4.861235208664610400e+04
1.495067020240705460e+03 4.862434765625000000e+04 4.861230947915989964e+04
1.495087454527150840e+03 4.861619140625000000e+04 4.861226323600280739e+04
1.495107889013830572e+03 4.861004687500000000e+04 4.861221345707617002e+04
1.495128323400393128e+03 4.861292187500000000e+04 4.861216024369316438e+04
1.495148757687304169e+03 4.861212500000000000e+04 4.861210369650943903e+04
1.495169192174449563e+03 4.861830468750000000e+04 4.861204391527825646e+04
1.495189626561477780e+03 4.861271484375000000e+04 4.861198100146203069e+04
1.495210061048623174e+03 4.863453125000000000e+04 4.861191505505261011e+04
1.495230495335999876e+03 4.861854296875000000e+04 4.861184617764671566e+04
1.495250929723493755e+03 4.860837890625000000e+04 4.861177446886198595e+04
1.495271364210639149e+03 4.860456250000000000e+04 4.861170002926653979e+04
1.495291798498481512e+03 4.860864843750000000e+04 4.861162296057614731e+04
1.495312232885975391e+03 4.861540625000000000e+04 4.861154336228955799e+04
1.495332667374052107e+03 4.860749218750000000e+04 4.861146133497396659e+04
1.495353101661894470e+03 4.863189453125000000e+04 4.861137698046142759e+04
1.495373536149971187e+03 4.862477343750000000e+04 4.861129039770669624e+04
1.495393970537930727e+03 4.861215234375000000e+04 4.861120168857353565e+04
1.495414404826238751e+03 4.862086718750000000e+04 4.861111095369762916e+04
1.495434839314781129e+03 4.860473046875000000e+04 4.861101829234020261e+04
1.495455273703206331e+03 4.861532812500000000e+04 4.861092380645657249e+04
1.495475707991980016e+03 4.861146875000000000e+04 4.861082759667790378e+04
1.495496142480522394e+03 4.860491406250000000e+04 4.861072976218952681e+04
1.495516576869413257e+03 4.861341796875000000e+04 4.861063040502055082e+04
1.495537011258304119e+03 4.862298046875000000e+04 4.861052962530506193e+04
1.495557445647194982e+03 4.863080468750000000e+04 4.861042752365033812e+04
1.495577880036551505e+03 4.860743750000000000e+04 4.861032420066127088e+04
1.495598314525559545e+03 4.860651953125000000e+04 4.861021975643555925e+04
1.495618748814798892e+03 4.861435937500000000e+04 4.861011429311861866e+04
1.495639183204621077e+03 4.861555468750000000e+04 4.861000790977477300e+04
1.495659617694094777e+03 4.860223046875000000e+04 4.860990070700337674e+04
1.495680052083916962e+03 4.861214062500000000e+04 4.860979278645771410e+04
1.495700486373621970e+03 4.859115234375000000e+04 4.860968424875734490e+04
1.495720920863561332e+03 4.859868750000000000e+04 4.860957519291016797e+04
1.495741355153266340e+03 4.860612890625000000e+04 4.860946572166004626e+04
1.495761789643671364e+03 4.861114843750000000e+04 4.860935593346704263e+04
1.495782224033959210e+03 4.860873437500000000e+04 4.860924593055255536e+04
1.495802658324129879e+03 4.858880468750000000e+04 4.860913581352631445e+04
1.495823092814534903e+03 4.861226171875000000e+04 4.860902568137673370e+04
1.495843527204822749e+03 4.859753515625000000e+04 4.860891563632996986e+04
1.495863961495459080e+03 4.858748828125000000e+04 4.860880577898884076e+04
1.495884395986329764e+03 4.860754687500000000e+04 4.860869620835029491e+04
1.495904830377083272e+03 4.860760156250000000e+04 4.860858702663448639e+04
1.495925264668185264e+03 4.859871093750000000e+04 4.860847833443983109e+04
1.495945699159521610e+03 4.861176562500000000e+04 4.860837023078260245e+04
1.495966133550275117e+03 4.861513281250000000e+04 4.860826281786605250e+04
1.495986568041611463e+03 4.859757421875000000e+04 4.860815619524114300e+04
1.496007002333179116e+03 4.860226171875000000e+04 4.860805046507611405e+04
1.496027436724863946e+03 4.862432421875000000e+04 4.860794572641987907e+04
1.496047871216200292e+03 4.859340625000000000e+04 4.860784207989738206e+04
1.496068305507767946e+03 4.860101953125000000e+04 4.860773962762615702e+04
1.496088739899918437e+03 4.860137500000000000e+04 4.860763846869870758e+04
1.496109174391720444e+03 4.861282812500000000e+04 4.860753870374669350e+04
1.496129608683753759e+03 4.860582031250000000e+04 4.860744043482853886e+04
1.496150043176021427e+03 4.858931250000000000e+04 4.860734376062864612e+04
1.496170477568171918e+03 4.862638671875000000e+04 4.860724878318728588e+04
1.496190911960322410e+03 4.860298437500000000e+04 4.860715560263412044e+04
1.496211346352938563e+03 4.860364843750000000e+04 4.860706431957441237e+04
1.496231780745554715e+03 4.859391406250000000e+04 4.860697503461765154e+04
1.496252215138170868e+03 4.859042187500000000e+04 4.860688784837117419e+04
1.496272649530787021e+03 4.860202734375000000e+04 4.860680286144230922e+04
1.496293083923868835e+03 4.861701171875000000e+04 4.860672017443653021e+04
1.496313518316484988e+03 4.860588281250000000e+04 4.860663988748010161e+04
1.496333952809683979e+03 4.861306640625000000e+04 4.860656205282725568e+04
1.496354387103114277e+03 4.860329296875000000e+04 4.860648663747930550e+04
1.496374821496196091e+03 4.861257812500000000e+04 4.860641359694411949e+04
1.496395255889743567e+03 4.860222656250000000e+04 4.860634288822433882e+04
1.496415690283291042e+03 4.861579687500000000e+04 4.860627446795222932e+04
1.496436124776955694e+03 4.859882421875000000e+04 4.860620829243960907e+04
1.496456559070385993e+03 4.861023437500000000e+04 4.860614431927341502e+04
1.496476993464399129e+03 4.861241406250000000e+04 4.860608250412649068e+04
1.496497427958063781e+03 4.860089062500000000e+04 4.860602280366362538e+04
1.496517862251959741e+03 4.858691406250000000e+04 4.860596517537486216e+04
1.496538296746090055e+03 4.860022265625000000e+04 4.860590957476246695e+04
1.496558731140568852e+03 4.861675000000000000e+04 4.860585595928787370e+04
1.496579165434930474e+03 4.861975781250000000e+04 4.860580428555409890e+04
1.496599599929060787e+03 4.860124609375000000e+04 4.860575450944734621e+04
1.496620034324005246e+03 4.862608984375000000e+04 4.860570658834034839e+04
1.496640468618366867e+03 4.860307421875000000e+04 4.860566047884007276e+04
1.496660903112962842e+03 4.861038281250000000e+04 4.860561613691132516e+04
1.496681337507907301e+03 4.860908593750000000e+04 4.860557351984838897e+04
1.496722206297796220e+03 4.859832421875000000e+04 4.860549328618074651e+04
1.496742640693206340e+03 4.860237890625000000e+04 4.860545558283631544e+04
1.496763075188267976e+03 4.860485156250000000e+04 4.860541943048697431e+04
1.496783509484026581e+03 4.858914453125000000e+04 4.860538478628106532e+04
1.496803943879436702e+03 4.860008203125000000e+04 4.860535160633137275e+04
1.496824378374963999e+03 4.859474609375000000e+04 4.860531984728887619e+04
1.496844812770374119e+03 4.859335156250000000e+04 4.860528946609518607e+04
1.496865247066132724e+03 4.859740234375000000e+04 4.860526041936028196e+04
1.496885681562125683e+03 4.861807812500000000e+04 4.860523266329811304e+04
1.496906115958001465e+03 4.860730078125000000e+04 4.860520615495658421e+04
1.496926550354342908e+03 4.861030859375000000e+04 4.860518085082657490e+04
1.496946984750218689e+03 4.862216015625000000e+04 4.860515670753982704e+04
1.496967419146560133e+03 4.860677734375000000e+04 4.860513368172580522e+04
1.496987853542901576e+03 4.860995703125000000e+04 4.860511173001563293e+04
1.497008287939708680e+03 4.860600000000000000e+04 4.860509080903942231e+04
1.497028722336050123e+03 4.860217187500000000e+04 4.860507087542867521e+04
1.497049156732857227e+03 4.861156640625000000e+04 4.860505188581306720e+04
1.497069591129664332e+03 4.860385546875000000e+04 4.860503379682361992e+04
1.497090025626588613e+03 4.859878906250000000e+04 4.860501656500851095e+04
1.497110459923278540e+03 4.860914062500000000e+04 4.860500014724547509e+04
1.497130894320551306e+03 4.859330859375000000e+04 4.860498449991755479e+04
1.497151328817475587e+03 4.860520703125000000e+04 4.860496957966702030e+04
1.497171763115096837e+03 4.861234765625000000e+04 4.860495534333761316e+04
1.497192197512369603e+03 4.861057421875000000e+04 4.860494174734672561e+04
1.497212632009759545e+03 4.860248828125000000e+04 4.860492874833368114e+04
1.497233066307380795e+03 4.860257031250000000e+04 4.860491630311564950e+04
1.497253500705119222e+03 4.861897656250000000e+04 4.860490436813660199e+04
1.497273935202974826e+03 4.861566406250000000e+04 4.860489290003426868e+04
1.497294369500596076e+03 4.860574609375000000e+04 4.860488185560456623e+04
1.497314803998917341e+03 4.860639843750000000e+04 4.860487119126107427e+04
1.497335238397121429e+03 4.861079687500000000e+04 4.860486086379406333e+04
1.497355672695208341e+03 4.862579687500000000e+04 4.860485082982940366e+04
1.497376107193529606e+03 4.861458203125000000e+04 4.860484104585216119e+04
1.497396541591733694e+03 4.861226171875000000e+04 4.860483146863842558e+04
1.497416975990403444e+03 4.861053515625000000e+04 4.860482205477000389e+04
1.497437410389073193e+03 4.859873828125000000e+04 4.860481276087766310e+04
1.497457844787742943e+03 4.861960937500000000e+04 4.860480354359200282e+04
1.497478279286529869e+03 4.860979687500000000e+04 4.860479435949854087e+04
1.497498713685199618e+03 4.860769921875000000e+04 4.860478516531766218e+04
1.497519147984217852e+03 4.862271093750000000e+04 4.860477591768016282e+04
1.497539582483470440e+03 4.860084765625000000e+04 4.860476657308030553e+04
1.497560016882605851e+03 4.860737500000000000e+04 4.860475708828515781e+04
1.497580451181624085e+03 4.861105468750000000e+04 4.860474741992762574e+04
1.497600885681342334e+03 4.859528515625000000e+04 4.860473752449437598e+04
1.497621320080477744e+03 4.862274218750000000e+04 4.860472735876007937e+04
1.497641754379961640e+03 4.859699218750000000e+04 4.860471687935910450e+04
1.497662188879679888e+03 4.860190625000000000e+04 4.860470604276569793e+04
1.497682623179629445e+03 4.860954687500000000e+04 4.860469480582278629e+04
1.497703057679347694e+03 4.860607421875000000e+04 4.860468312494091515e+04
1.497723492079414427e+03 4.861555859375000000e+04 4.860467095691841678e+04
1.497743926379363984e+03 4.861772656250000000e+04 4.860465825839361059e+04
1.497764360879547894e+03 4.860257421875000000e+04 4.860464498580624058e+04
1.497784795280080289e+03 4.861142578125000000e+04 4.860463109597729635e+04
1.497805229580495507e+03 4.860176953125000000e+04 4.860461654554702545e+04
1.497825664080679417e+03 4.859880078125000000e+04 4.860460129092737043e+04
1.497846098481211811e+03 4.860807031250000000e+04 4.860458528896710777e+04
1.497866532981861383e+03 4.859453125000000000e+04 4.860456849613988015e+04
1.497886967282742262e+03 4.859475000000000000e+04 4.860455086932863924e+04
1.497907401683740318e+03 4.859044921875000000e+04 4.860453236491146527e+04
1.497927836184389889e+03 4.859282812500000000e+04 4.860451293950610852e+04
1.497948270485736430e+03 4.860197656250000000e+04 4.860449255003427970e+04
1.497968704886734486e+03 4.859427734375000000e+04 4.860447115283535095e+04
1.497989139387849718e+03 4.860235546875000000e+04 4.860444870452429313e+04
1.498009573689196259e+03 4.858292187500000000e+04 4.860442516206897562e+04
1.498030008090659976e+03 4.859318359375000000e+04 4.860440048176253185e+04
1.498050442592240870e+03 4.859190625000000000e+04 4.860437462021848478e+04
1.498070876993704587e+03 4.857805078125000000e+04 4.860434753432057914e+04
1.498091311395633966e+03 4.860398437500000000e+04 4.860431918057492294e+04
1.498111745797563344e+03 4.859841796875000000e+04 4.860428951561264694e+04
1.498132180199492723e+03 4.862136328125000000e+04 4.860425849606429256e+04
1.498152614601422101e+03 4.860311328125000000e+04 4.860422607856036484e+04
1.498173049003351480e+03 4.859505468750000000e+04 4.860419221973141975e+04
1.498193483405746520e+03 4.860373046875000000e+04 4.860415687620717654e+04
1.498213917907793075e+03 4.858676562500000000e+04 4.860412000443528814e+04
1.498234352210536599e+03 4.861126953125000000e+04 4.860408156159710052e+04
1.498254786713048816e+03 4.859677343750000000e+04 4.860404150357205799e+04
1.498275221115443856e+03 4.856901562500000000e+04 4.860399978756662313e+04
1.498295655418187380e+03 4.828410546875000000e+04 4.860395637023500603e+04
1.498316089920699596e+03 4.818214062500000000e+04 4.860391120755884913e+04
1.498336524223908782e+03 4.815689062500000000e+04 4.860386425705086731e+04
1.498356958626769483e+03 4.816874218750000000e+04 4.860381548630751786e+04
1.498377393129747361e+03 4.819362500000000000e+04 4.860376492489403608e+04
1.498397827432956547e+03 4.839680078125000000e+04 4.860371262328053126e+04
1.498418261836282909e+03 4.861074609375000000e+04 4.860365863043913123e+04
1.498438696339726448e+03 4.859123437500000000e+04 4.860360299607238267e+04
1.498459130642935634e+03 4.860896484375000000e+04 4.860354577073693508e+04
1.498479565146379173e+03 4.859672265625000000e+04 4.860348700303865917e+04
1.498499999550171196e+03 4.859915625000000000e+04 4.860342674355582858e+04
1.498520433853846043e+03 4.859139453125000000e+04 4.860336504203839286e+04
1.498540868357755244e+03 4.861360156250000000e+04 4.860330194729615323e+04
1.498561302761547267e+03 4.861567187500000000e+04 4.860323750997347088e+04
1.498581737165339291e+03 4.859673437500000000e+04 4.860317177949161851e+04
1.498602171569596976e+03 4.861119531250000000e+04 4.860310480557614937e+04
1.498622605973854661e+03 4.861643750000000000e+04 4.860303663795564353e+04
1.498643040478229523e+03 4.859626171875000000e+04 4.860296732601484109e+04
1.498663474782370031e+03 4.859626953125000000e+04 4.860289692050773738e+04
1.498683909187093377e+03 4.860258593750000000e+04 4.860282547013286967e+04
1.498704343691468239e+03 4.859253515625000000e+04 4.860275302460553939e+04
1.498724778096191585e+03 4.860403125000000000e+04 4.860267963435965066e+04
1.498745212400797755e+03 4.859973046875000000e+04 4.860260534913744777e+04
1.498765646905638278e+03 4.860296484375000000e+04 4.860253021756774979e+04
1.498786081310827285e+03 4.860283203125000000e+04 4.860245429047416837e+04
1.498806515715550631e+03 4.859662890625000000e+04 4.860237761722112191e+04
1.498826950120739639e+03 4.860939453125000000e+04 4.860230024753221369e+04
1.498847384525928646e+03 4.861309375000000000e+04 4.860222223113628570e+04
1.498867819031234831e+03 4.858893359375000000e+04 4.860214361737384024e+04
1.498888253336772323e+03 4.860292968750000000e+04 4.860206445712979621e+04
1.498908687742426991e+03 4.859520703125000000e+04 4.860198479897341167e+04
1.498929122247733176e+03 4.860735156250000000e+04 4.860190469262663100e+04
1.498949556553270668e+03 4.862069921875000000e+04 4.860182418899336335e+04
1.498969990959390998e+03 4.860860546875000000e+04 4.860174333662018762e+04
1.498990425365045667e+03 4.859808984375000000e+04 4.860166218563140137e+04
1.499010859771165997e+03 4.858010546875000000e+04 4.860158078575035324e+04
1.499031294276937842e+03 4.860238671875000000e+04 4.860149918630766479e+04
1.499051728583406657e+03 4.862345312500000000e+04 4.860141743822542048e+04
1.499072162989526987e+03 4.860639843750000000e+04 4.860133559003571281e+04
1.499092597495764494e+03 4.861169531250000000e+04 4.860125369146265439e+04
1.499113031802233309e+03 4.859533593750000000e+04 4.860117179343537282e+04
1.499133466208819300e+03 4.859926953125000000e+04 4.860108994447892474e+04
1.499153900715056807e+03 4.860841796875000000e+04 4.860100819432333810e+04
1.499174335021991283e+03 4.861284765625000000e+04 4.860092659389077744e+04
1.499194769528694451e+03 4.861528906250000000e+04 4.860084519131503475e+04
1.499215203935746104e+03 4.859407031250000000e+04 4.860076403751753242e+04
1.499235638242680579e+03 4.861649609375000000e+04 4.860068318222323433e+04
1.499256072749383748e+03 4.862412500000000000e+04 4.860060267397502321e+04
1.499276507156901062e+03 4.859629687500000000e+04 4.860052256368052622e+04
1.499296941563952714e+03 4.859481250000000000e+04 4.860044290067700786e+04
1.499317375971470028e+03 4.858675000000000000e+04 4.860036373468792590e+04
1.499337810378521681e+03 4.859767968750000000e+04 4.860028511544398498e+04
1.499358244786038995e+03 4.861076171875000000e+04 4.860020709266870108e+04
1.499378679293673486e+03 4.859035937500000000e+04 4.860012971571352682e+04
1.499399113601539284e+03 4.859501953125000000e+04 4.860005303543613991e+04
1.499419548109173775e+03 4.859463671875000000e+04 4.859997710006467969e+04
1.499439982517156750e+03 4.861680859375000000e+04 4.859990196044452023e+04
1.499460416825022548e+03 4.860033984375000000e+04 4.859982766629244725e+04
1.499480851333122700e+03 4.859293359375000000e+04 4.859975426625000546e+04
1.499501285741105676e+03 4.859265234375000000e+04 4.859968181112984166e+04
1.499521720049437135e+03 4.860449218750000000e+04 4.859961035064319731e+04
1.499542154557537287e+03 4.858526171875000000e+04 4.859953993347763026e+04
1.499562588965985924e+03 4.860816796875000000e+04 4.859947061039986147e+04
1.499583023374434561e+03 4.861224218750000000e+04 4.859940243079097127e+04
1.499603457783348858e+03 4.859464453125000000e+04 4.859933544437657110e+04
1.499623892091680318e+03 4.859450390625000000e+04 4.859926970120580518e+04
1.499644326600711793e+03 4.860046093750000000e+04 4.859920525004583760e+04
1.499664761009160429e+03 4.860008203125000000e+04 4.859914214158366667e+04
1.499705629827454686e+03 4.859577343750000000e+04 4.859902015069561457e+04
1.499726064236368984e+03 4.859762890625000000e+04 4.859896136772681348e+04
1.499746498645748943e+03 4.859748046875000000e+04 4.859890412604253652e+04
1.499766933054663241e+03 4.860919140625000000e+04 4.859884847537252062e+04
1.499787367464043200e+03 4.859270703125000000e+04 4.859879446544132952e+04
1.499807801973540336e+03 4.860094531250000000e+04 4.859874214572523488e+04
1.499828236283268780e+03 4.860296875000000000e+04 4.859869156670660595e+04
1.499848670692648739e+03 4.859319531250000000e+04 4.859864277735845099e+04
1.499869105202611536e+03 4.859405859375000000e+04 4.859859582743239298e+04
1.499889539612457156e+03 4.861242968750000000e+04 4.859855076711690344e+04
1.499909973922185600e+03 4.860472656250000000e+04 4.859850764611097111e+04
1.499930408432148397e+03 4.860839453125000000e+04 4.859846651352240588e+04
1.499950842842459679e+03 4.860667187500000000e+04 4.859842741969675990e+04
1.499971277252305299e+03 4.859348437500000000e+04 4.859839041415649990e+04
1.499991711662616581e+03 4.859374218750000000e+04 4.859835554662706272e+04
1.500012146072927862e+03 4.858531250000000000e+04 4.859832286683641723e+04
1.500032580483704805e+03 4.858098437500000000e+04 4.859829242451103346e+04
1.500053014894016087e+03 4.859788671875000000e+04 4.859826426937940414e+04
1.500073449304793030e+03 4.858869140625000000e+04 4.859823845116737357e+04
1.500093883815221488e+03 4.859293750000000000e+04 4.859821501949436060e+04
1.500114318125881255e+03 4.858754687500000000e+04 4.859819402441305283e+04
1.500134752636775374e+03 4.861070312500000000e+04 4.859817551523998554e+04
1.500155187048017979e+03 4.859541796875000000e+04 4.859815954199239786e+04
1.500175621358677745e+03 4.860629687500000000e+04 4.859814615436051099e+04
1.500196055870037526e+03 4.859555078125000000e+04 4.859813540189330524e+04
1.500216490281280130e+03 4.859889843750000000e+04 4.859812733449575171e+04
1.500236924592405558e+03 4.859455078125000000e+04 4.859812200185516849e+04
1.500257359103765339e+03 4.859209765625000000e+04 4.859811945364063286e+04
1.500277793415356427e+03 4.859180468750000000e+04 4.859811973962892807e+04
1.500298227826599032e+03 4.860255078125000000e+04 4.859812290953042975e+04
1.500318662338424474e+03 4.860596093750000000e+04 4.859812901311513997e+04
1.500339096650015563e+03 4.858655859375000000e+04 4.859813809999864316e+04
1.500359531161841005e+03 4.861488671875000000e+04 4.859815022008650703e+04
1.500379965573549271e+03 4.859806250000000000e+04 4.859816542010088597e+04
1.500400399885606021e+03 4.859177343750000000e+04 4.859818369334613089e+04
1.500420834397897124e+03 4.860294140625000000e+04 4.859820498585711175e+04
1.500441268810071051e+03 4.860532031250000000e+04 4.859822924142802367e+04
1.500461703222244978e+03 4.860071484375000000e+04 4.859825640424089215e+04
1.500482137634418905e+03 4.859919531250000000e+04 4.859828641838082694e+04
1.500502572046592832e+03 4.859806250000000000e+04 4.859831922793287958e+04
1.500523006559349597e+03 4.859000390625000000e+04 4.859835477716376772e+04
1.500543440871872008e+03 4.859114062500000000e+04 4.859839300961550180e+04
1.500563875284511596e+03 4.860121093750000000e+04 4.859843386991551961e+04
1.500584309797268361e+03 4.860891015625000000e+04 4.859847730218708602e+04
1.500604744209907949e+03 4.859235156250000000e+04 4.859852325008949992e+04
1.500625178522896022e+03 4.859116796875000000e+04 4.859857165767236438e+04
1.500645613036118448e+03 4.859041015625000000e+04 4.859862246974908339e+04
1.500666047448758036e+03 4.859551562500000000e+04 4.859867562967418053e+04
1.500686481762211770e+03 4.859769921875000000e+04 4.859873108150230109e+04
1.500706916275434196e+03 4.858182031250000000e+04 4.859878877014645695e+04
1.500727350688539445e+03 4.859747265625000000e+04 4.859884863886130915e+04
1.500747785202227533e+03 4.859887500000000000e+04 4.859891063231945736e+04
1.500768219515681267e+03 4.858246093750000000e+04 4.859897469367807935e+04
1.500788653929252177e+03 4.860025781250000000e+04 4.859904076794878347e+04
1.500809088442474604e+03 4.859726562500000000e+04 4.859910879924421897e+04
1.500829522756393999e+03 4.860632812500000000e+04 4.859917873064012383e+04
1.500849957170430571e+03 4.859892968750000000e+04 4.859925050723258755e+04
1.500870391684118658e+03 4.861803125000000000e+04 4.859932407313164731e+04
1.500890825998038054e+03 4.861298046875000000e+04 4.859939937133157946e+04
1.500911260512191802e+03 4.859876171875000000e+04 4.859947634739111527e+04
1.500931694826111197e+03 4.860544140625000000e+04 4.859955494388712395e+04
1.500952129240613431e+03 4.859729296875000000e+04 4.859963510604998010e+04
1.500972563754767179e+03 4.861421484375000000e+04 4.859971677798368910e+04
1.500992998069152236e+03 4.860015234375000000e+04 4.859979990256578458e+04
1.501013432483654469e+03 4.858884375000000000e+04 4.859988442509075685e+04
1.501033866998273879e+03 4.859153906250000000e+04 4.859997028966376092e+04
1.501054301312658936e+03 4.860607031250000000e+04 4.860005743909822195e+04
1.501074735727626830e+03 4.861362109375000000e+04 4.860014581875289878e+04
1.501095170242246240e+03 4.861085937500000000e+04 4.860023537272647081e+04
1.501115604657214135e+03 4.861447265625000000e+04 4.860032604423034354e+04
1.501136039072182029e+03 4.860603125000000000e+04 4.860041777778344112e+04
1.501156473487149924e+03 4.860232421875000000e+04 4.860051051747085876e+04
1.501176907902583480e+03 4.859785937500000000e+04 4.860060420737978711e+04
1.501197342317551374e+03 4.859957421875000000e+04 4.860069879159098491e+04
1.501217776732984930e+03 4.859458203125000000e+04 4.860079421419386927e+04
1.501238211148418486e+03 4.860316015625000000e+04 4.860089041927131620e+04
1.501258645663503557e+03 4.860311718750000000e+04 4.860098735138276243e+04
1.501279079979285598e+03 4.859673437500000000e+04 4.860108495319011854e+04
1.501299514494836330e+03 4.860786718750000000e+04 4.860118317068422039e+04
1.501319948910735548e+03 4.860499609375000000e+04 4.860128194651535887e+04
1.501340383226517588e+03 4.859431250000000000e+04 4.860138122475850105e+04
1.501360817742068321e+03 4.860375390625000000e+04 4.860148095095911412e+04
1.501381252157967538e+03 4.859300390625000000e+04 4.860158106774413318e+04
1.501401686474215239e+03 4.859613671875000000e+04 4.860168151919328375e+04
1.501422120990231633e+03 4.860826953125000000e+04 4.860178225086572638e+04
1.501442555406596512e+03 4.859060156250000000e+04 4.860188320537241816e+04
1.501462989722378552e+03 4.860149218750000000e+04 4.860198432679093094e+04
1.501483424238860607e+03 4.860937109375000000e+04 4.860208556069821498e+04
1.501503858655225486e+03 4.860425390625000000e+04 4.860218684968972957e+04
1.501524293171707541e+03 4.860044531250000000e+04 4.860228813884243573e+04
1.501544727488420904e+03 4.858993750000000000e+04 4.860238937075518334e+04
1.501565161805134267e+03 4.859268359375000000e+04 4.860249049050416943e+04
1.501585596321616322e+03 4.859853515625000000e+04 4.860259144316113088e+04
1.501606030738446862e+03 4.858838671875000000e+04 4.860269217133054917e+04
1.501626465155277401e+03 4.861029687500000000e+04 4.860279261959021096e+04
1.501646899572573602e+03 4.859408984375000000e+04 4.860289273202742334e+04
1.501667333989404142e+03 4.859054296875000000e+04 4.860299245272269764e+04
1.501687768506817520e+03 4.860319531250000000e+04 4.860309172625078645e+04
1.501708202823996544e+03 4.859873046875000000e+04 4.860319049523888680e+04
1.501728637241292745e+03 4.860719921875000000e+04 4.860328870522760553e+04
1.501749071758706123e+03 4.860392968750000000e+04 4.860338630029336491e+04
1.501769506176002324e+03 4.860612109375000000e+04 4.860348322356462450e+04
1.501789940493647009e+03 4.860205078125000000e+04 4.860357941913891409e+04
1.501810375011060387e+03 4.842283984375000000e+04 4.860367483250518853e+04
1.501830809428822249e+03 4.821450781250000000e+04 4.860376940634449420e+04
1.501851243846584111e+03 4.821373437500000000e+04 4.860386308520915918e+04
1.501871678264345974e+03 4.814394921875000000e+04 4.860395581318420591e+04
1.501892112682107836e+03 4.818925781250000000e+04 4.860404753435467137e+04
1.501912547199986875e+03 4.825688671875000000e+04 4.860413819324705401e+04
1.501932981518097222e+03 4.856162109375000000e+04 4.860422773262399278e+04
1.501953415936324745e+03 4.860592578125000000e+04 4.860431609789286449e+04
1.501973850454669446e+03 4.860698437500000000e+04 4.860440323312103283e+04
1.501994284772779793e+03 4.860476953125000000e+04 4.860448908112213394e+04
1.502014719191472977e+03 4.861623828125000000e+04 4.860457358725449012e+04
1.502035153709817678e+03 4.859753125000000000e+04 4.860465669557916408e+04
1.502055588028393686e+03 4.861402343750000000e+04 4.860473834897395864e+04
1.502076022546738386e+03 4.860171484375000000e+04 4.860481849312005215e+04
1.502096456965431571e+03 4.859132812500000000e+04 4.860489707091692253e+04
1.502116891284473240e+03 4.862579296875000000e+04 4.860497402647290437e+04
1.502137325803283602e+03 4.860139453125000000e+04 4.860504930498845351e+04
1.502157760221976787e+03 4.860430468750000000e+04 4.860512284943144186e+04
1.502178194541018456e+03 4.860503515625000000e+04 4.860519460391439497e+04
1.502198629060294479e+03 4.861369531250000000e+04 4.860526451356189500e+04
1.502219063379336149e+03 4.861328515625000000e+04 4.860533252108927991e+04
1.502239497898612171e+03 4.860946484375000000e+04 4.860539857191396004e+04
1.502259932317771018e+03 4.862062500000000000e+04 4.860546260913564765e+04
1.502280366637278348e+03 4.861099609375000000e+04 4.860552457687075366e+04
1.502300801156554371e+03 4.861107421875000000e+04 4.860558442009682039e+04
1.502321235576178879e+03 4.861764843750000000e+04 4.860564208200624853e+04
1.502341669995803386e+03 4.858414453125000000e+04 4.860569750698109419e+04
1.502362104415427893e+03 4.859559765625000000e+04 4.860575063910640893e+04
1.502382538835052401e+03 4.860453125000000000e+04 4.860580142246720789e+04
1.502402973254676908e+03 4.860214843750000000e+04 4.860584980122839625e+04
1.502423407674767077e+03 4.860951562500000000e+04 4.860589574134672148e+04
1.502443842094857246e+03 4.862723828125000000e+04 4.860593926002477383e+04
1.502464276614598930e+03 4.863246093750000000e+04 4.860598038202205498e+04
1.502484711035154760e+03 4.861015625000000000e+04 4.860601913150318433e+04
1.502505145355127752e+03 4.860096093750000000e+04 4.860605553306487855e+04
1.502525579875335097e+03 4.859858984375000000e+04 4.860608961179070320e+04
1.502546014295890927e+03 4.862026953125000000e+04 4.860612139172821480e+04
1.502566448616329581e+03 4.860926562500000000e+04 4.860615089747495949e+04
1.502586883136536926e+03 4.859066015625000000e+04 4.860617815401217376e+04
1.502607317557092756e+03 4.860269531250000000e+04 4.860620318548879004e+04
1.502627752077765763e+03 4.862057421875000000e+04 4.860622601671444136e+04
1.502648186398670077e+03 4.860117187500000000e+04 4.860624667193480127e+04
1.502689055340364575e+03 4.859670703125000000e+04 4.860628155354381306e+04
1.502709489661268890e+03 4.860091015625000000e+04 4.860629582880572707e+04
1.502729924082290381e+03 4.860132031250000000e+04 4.860630802660890913e+04
1.502750358603429049e+03 4.861712500000000000e+04 4.860631817148777191e+04
1.502770792924333364e+03 4.859093359375000000e+04 4.860632628787290014e+04
1.502791227345820516e+03 4.862403515625000000e+04 4.860633240046334686e+04
1.502811661866959184e+03 4.860834765625000000e+04 4.860633653379429597e+04
1.502832096188329160e+03 4.859531250000000000e+04 4.860633871238436404e+04
1.502852530709933490e+03 4.859017578125000000e+04 4.860633896084103617e+04
1.502872965031303465e+03 4.860336718750000000e+04 4.860633730372406717e+04
1.502893399452790618e+03 4.858699609375000000e+04 4.860633376558779128e+04
1.502913833974860609e+03 4.859914062500000000e+04 4.860632837096934963e+04
1.502934268296230584e+03 4.860289062500000000e+04 4.860632114452656242e+04
1.502954702718183398e+03 4.860348046875000000e+04 4.860631211073104350e+04
1.502975137240253389e+03 4.860046484375000000e+04 4.860630129412130918e+04
1.502995571662206203e+03 4.859562109375000000e+04 4.860628871936819633e+04
1.503016006084159017e+03 4.859753906250000000e+04 4.860627441098785494e+04
1.503036440506111830e+03 4.859886328125000000e+04 4.860625839354502386e+04
1.503056874928530306e+03 4.859326953125000000e+04 4.860624069160400541e+04
1.503077309350483119e+03 4.861250000000000000e+04 4.860622132973042608e+04
1.503097743772901595e+03 4.859466406250000000e+04 4.860620033248810796e+04
1.503118178195320070e+03 4.859686718750000000e+04 4.860617772444227012e+04
1.503138612717855722e+03 4.858867968750000000e+04 4.860615353003528435e+04
1.503159047040157020e+03 4.860465234375000000e+04 4.860612777419904887e+04
1.503179481563158333e+03 4.859804296875000000e+04 4.860610048099310370e+04
1.503199915985576808e+03 4.859423437500000000e+04 4.860607167537335044e+04
1.503220350308343768e+03 4.861837890625000000e+04 4.860604138192532992e+04
1.503240784831345081e+03 4.861723828125000000e+04 4.860600962475832785e+04
1.503261219254229218e+03 4.862379296875000000e+04 4.860597642889320559e+04
1.503281653576996177e+03 4.858687890625000000e+04 4.860594181891570042e+04
1.503302088099997491e+03 4.859024609375000000e+04 4.860590581887156441e+04
1.503322522523347288e+03 4.860965234375000000e+04 4.860586845384369371e+04
1.503342956846579909e+03 4.859721484375000000e+04 4.860582974841754185e+04
1.503363391369581223e+03 4.860367968750000000e+04 4.860578972658015846e+04
1.503383825792931020e+03 4.860538281250000000e+04 4.860574841347312031e+04
1.503404260216280818e+03 4.859651171875000000e+04 4.860570583346921194e+04
1.503424694640096277e+03 4.861448828125000000e+04 4.860566201113218267e+04
1.503445129063446075e+03 4.860472265625000000e+04 4.860561697102877952e+04
1.503465563486795872e+03 4.859562109375000000e+04 4.860557073772281728e+04
1.503485997910611331e+03 4.860717578125000000e+04 4.860552333577793615e+04
1.503506432334426790e+03 4.860910156250000000e+04 4.860547478975995909e+04
1.503526866758242249e+03 4.859685156250000000e+04 4.860542512423363223e+04
1.503547301182057709e+03 4.861627343750000000e+04 4.860537436376373807e+04
1.503567735705990344e+03 4.861571875000000000e+04 4.860532253265850159e+04
1.503588170030154288e+03 4.861157812500000000e+04 4.860526965625106823e+04
1.503608604453969747e+03 4.861133984375000000e+04 4.860521575833902170e+04
1.503629038978368044e+03 4.860677343750000000e+04 4.860516086346984957e+04
1.503649473402649164e+03 4.861578125000000000e+04 4.860510499674754101e+04
1.503669907726813108e+03 4.861930078125000000e+04 4.860504818275096477e+04
1.503690342251211405e+03 4.858916406250000000e+04 4.860499044520297321e+04
1.503710776675492525e+03 4.860753125000000000e+04 4.860493180951026443e+04
1.503731211000122130e+03 4.861739062500000000e+04 4.860487230024924793e+04
1.503751645524986088e+03 4.860375390625000000e+04 4.860481194110503566e+04
1.503772079949267209e+03 4.861404296875000000e+04 4.860475075752478733e+04
1.503792514474131167e+03 4.861984375000000000e+04 4.860468877347122179e+04
1.503812948798760772e+03 4.860843750000000000e+04 4.860462601442728919e+04
1.503833383223973215e+03 4.861329687500000000e+04 4.860456250403950253e+04
1.503853817748837173e+03 4.861040234375000000e+04 4.860449826686466986e+04
1.503874252073466778e+03 4.862179687500000000e+04 4.860443332841550000e+04
1.503894686498679221e+03 4.861217187500000000e+04 4.860436771230587328e+04
1.503915121024008840e+03 4.860453125000000000e+04 4.860430144309227762e+04
1.503935555349104106e+03 4.860732421875000000e+04 4.860423454631817003e+04
1.503955989874433726e+03 4.860554687500000000e+04 4.860416704523746739e+04
1.503976424299646169e+03 4.862518750000000000e+04 4.860409896540269256e+04
1.503996858625207096e+03 4.861313281250000000e+04 4.860403033138538012e+04
1.504017293150536716e+03 4.862001562500000000e+04 4.860396116674070072e+04
1.504037727576214820e+03 4.860857421875000000e+04 4.860389149704299052e+04
1.504058161901775748e+03 4.861168750000000000e+04 4.860382134686586505e+04
1.504078596427105367e+03 4.860932421875000000e+04 4.860375073974121187e+04
1.504099030852783471e+03 4.860849218750000000e+04 4.860367970126507134e+04
1.504119465178810060e+03 4.859534375000000000e+04 4.860360825600834505e+04
1.504139899704605341e+03 4.860048437500000000e+04 4.860353642748609127e+04
1.504160334130749106e+03 4.862218359375000000e+04 4.860346424131278764e+04
1.504180768556427211e+03 4.861017578125000000e+04 4.860339172170549864e+04
1.504201202982570976e+03 4.861002343750000000e+04 4.860331889322570350e+04
1.504221637408714741e+03 4.860540625000000000e+04 4.860324578043982910e+04
1.504242071834858507e+03 4.859972656250000000e+04 4.860317240791262157e+04
1.504262506261467934e+03 4.860671093750000000e+04 4.860309880020719720e+04
1.504282940687611699e+03 4.860435156250000000e+04 4.860302498189167818e+04
1.504303375113755465e+03 4.860445703125000000e+04 4.860295097752917354e+04
1.504323809540364891e+03 4.858442968750000000e+04 4.860287681168274139e+04
1.504344244067091495e+03 4.861037109375000000e+04 4.860280250855453778e+04
1.504364678493700922e+03 4.861283984375000000e+04 4.860272809343750123e+04
1.504385112820193172e+03 4.860797656250000000e+04 4.860265359089787671e+04
1.504405547346919775e+03 4.862412890625000000e+04 4.860257902440485486e+04
1.504425981773529202e+03 4.858651953125000000e+04 4.860250441961880279e+04
1.504446416100487113e+03 4.860985937500000000e+04 4.860242980058876128e+04
1.504466850627679378e+03 4.858721484375000000e+04 4.860235518667649740e+04
1.504487285054288805e+03 4.861564062500000000e+04 4.860228059790490079e+04
1.504507719381712377e+03 4.860921875000000000e+04 4.860220605318701564e+04
1.504528153908438981e+03 4.861035156250000000e+04 4.860213157035309268e+04
1.504548588335979730e+03 4.860809375000000000e+04 4.860205716941026913e+04
1.504569022863171995e+03 4.860250000000000000e+04 4.860198286855349579e+04
1.504589457190595567e+03 4.860759765625000000e+04 4.860190868778929871e+04
1.504609891617670655e+03 4.861433984375000000e+04 4.860183464494851796e+04
1.504630326145328581e+03 4.859494531250000000e+04 4.860176075894860696e+04
1.504650760472752154e+03 4.861882421875000000e+04 4.860168704979469476e+04
1.504671194900292903e+03 4.858640234375000000e+04 4.860161353532072098e+04
1.504691629427950829e+03 4.859589453125000000e+04 4.860154023444835912e+04
1.504712063755840063e+03 4.859334765625000000e+04 4.860146716717038362e+04
1.504732498283497989e+03 4.858877734375000000e+04 4.860139435097695969e+04
1.504752932711038738e+03 4.859732812500000000e+04 4.860132180585726746e+04
1.504773367038927972e+03 4.859323828125000000e+04 4.860124955072423472e+04
1.504793801567051560e+03 4.858558984375000000e+04 4.860117760343838017e+04
1.504814235995057970e+03 4.861098828125000000e+04 4.860110598397822469e+04
1.504834670322947204e+03 4.859113281250000000e+04 4.860103471125747456e+04
1.504855104851536453e+03 4.859595703125000000e+04 4.860096380314827547e+04
1.504875539279542863e+03 4.857658593750000000e+04 4.860089327961747767e+04
1.504895973607897758e+03 4.860105078125000000e+04 4.860082315957477840e+04
1.504916408136021346e+03 4.859405468750000000e+04 4.860075346091446409e+04
1.504936842564493418e+03 4.859425390625000000e+04 4.860068420357962168e+04
1.504957277093082666e+03 4.858462890625000000e+04 4.860061540581211739e+04
1.504977711421437562e+03 4.858080859375000000e+04 4.860054708753833256e+04
1.504998145849909633e+03 4.858658984375000000e+04 4.860047926666926651e+04
1.505018580378964543e+03 4.859946484375000000e+04 4.860041196212949581e+04
1.505039014707319438e+03 4.858572656250000000e+04 4.860034519382615690e+04
1.505059449136257172e+03 4.859265234375000000e+04 4.860027897968955222e+04
1.505079883664846420e+03 4.859221093750000000e+04 4.860021333864963526e+04
1.505100317994132638e+03 4.859593750000000000e+04 4.860014829058112809e+04
1.505120752522721887e+03 4.857608593750000000e+04 4.860008385313399049e+04
1.505141186952125281e+03 4.860558984375000000e+04 4.860002004617269267e+04
1.505161621280945837e+03 4.859398046875000000e+04 4.859995688861089002e+04
1.505182055810000747e+03 4.857947265625000000e+04 4.859989439844238223e+04
1.505202490239404142e+03 4.859351562500000000e+04 4.859983259550787625e+04
1.505222924568690360e+03 4.860915625000000000e+04 4.859977149871726579e+04
1.505243359097745270e+03 4.858444140625000000e+04 4.859971112609788543e+04
1.505263793527148664e+03 4.858353125000000000e+04 4.859965149745839881e+04
1.505284227957017720e+03 4.859112890625000000e+04 4.859959263141996780e+04
1.505304662386421114e+03 4.859880468750000000e+04 4.859953454690396029e+04
1.505325096815824509e+03 4.853888281250000000e+04 4.859947726282772783e+04
1.505345531245693564e+03 4.823990234375000000e+04 4.859942079810866562e+04
1.505365965675096959e+03 4.817435546875000000e+04 4.859936517166805424e+04
1.505386400104966015e+03 4.816684375000000000e+04 4.859931040242202289e+04
1.505406834534835070e+03 4.816062109375000000e+04 4.859925650929057156e+04
1.505427268964704126e+03 4.821272656250000000e+04 4.859920351119238330e+04
1.505447703394573182e+03 4.846393750000000000e+04 4.859915142704611935e+04
1.505468137824442238e+03 4.859543359375000000e+04 4.859910027577049914e+04
1.505488572254776955e+03 4.860317968750000000e+04 4.859905007628307794e+04
1.505509006784763187e+03 4.860486328125000000e+04 4.859900084726604109e+04
1.505529441215097904e+03 4.860106640625000000e+04 4.859895260811829939e+04
1.505549875545315444e+03 4.859648046875000000e+04 4.859890537774500990e+04
1.505570310075767338e+03 4.861899609375000000e+04 4.859885917437812896e+04
1.505590744506102055e+03 4.861022265625000000e+04 4.859881401762308087e+04
1.505611178836319596e+03 4.861144140625000000e+04 4.859876992638302909e+04
1.505631613366771489e+03 4.860419921875000000e+04 4.859872691893653246e+04
1.505672482127789408e+03 4.860282031250000000e+04 4.859864423300205817e+04
1.505692916658706963e+03 4.859610937500000000e+04 4.859860459174409334e+04
1.505713351089507341e+03 4.860812109375000000e+04 4.859856611057830014e+04
1.505733785619959235e+03 4.860710546875000000e+04 4.859852880804729648e+04
1.505754219951108098e+03 4.859109765625000000e+04 4.859849270360684022e+04
1.505774654381908476e+03 4.859134765625000000e+04 4.859845781563856872e+04
1.505795088912826031e+03 4.859612109375000000e+04 4.859842416307837993e+04
1.505815523243974894e+03 4.860096484375000000e+04 4.859839176532970305e+04
1.505835957674775273e+03 4.859844921875000000e+04 4.859836064082723897e+04
1.505856392206158489e+03 4.859473828125000000e+04 4.859833080850711849e+04
1.505876826537307352e+03 4.860468359375000000e+04 4.859830228771765542e+04
1.505897261068224907e+03 4.860212109375000000e+04 4.859827509681933589e+04
1.505917695499956608e+03 4.858707031250000000e+04 4.859824925513850758e+04
1.505938129831105471e+03 4.859746484375000000e+04 4.859822478157572914e+04
1.505958564362488687e+03 4.860917578125000000e+04 4.859820169469947723e+04
1.505978998794220388e+03 4.859914062500000000e+04 4.859818001377759356e+04
1.505999433225486428e+03 4.861078906250000000e+04 4.859815975761320442e+04
1.506019867657218128e+03 4.858789453125000000e+04 4.859814094512407610e+04
1.506040302088949829e+03 4.860162890625000000e+04 4.859812359522939369e+04
1.506060736420564353e+03 4.860097265625000000e+04 4.859810772692194587e+04
1.506081170952413231e+03 4.860020703125000000e+04 4.859809335889815702e+04
1.506101605384144932e+03 4.860672656250000000e+04 4.859808051029900525e+04
1.506122039815876633e+03 4.859690234375000000e+04 4.859806919996906072e+04
1.506142474248073995e+03 4.860283203125000000e+04 4.859805944682685367e+04
1.506162908679805696e+03 4.859863671875000000e+04 4.859805126979149645e+04
1.506183343212120235e+03 4.859025000000000000e+04 4.859804468775301939e+04
1.506203777544200420e+03 4.860068750000000000e+04 4.859803971971524879e+04
1.506224211976397783e+03 4.860316796875000000e+04 4.859803638451194274e+04
1.506244646508712322e+03 4.859355859375000000e+04 4.859803470108595502e+04
1.506265080840792507e+03 4.860046484375000000e+04 4.859803468836848333e+04
1.506285515373107046e+03 4.860258203125000000e+04 4.859803636527809431e+04
1.506305949805304408e+03 4.858737500000000000e+04 4.859803975072130561e+04
1.506326384137850255e+03 4.859639453125000000e+04 4.859804486359171278e+04
1.506346818670630455e+03 4.861580468750000000e+04 4.859805172289587063e+04
1.506367253102827817e+03 4.859878515625000000e+04 4.859806034746435034e+04
1.506387687435839325e+03 4.860627734375000000e+04 4.859807075619038369e+04
1.506408121968153864e+03 4.857588671875000000e+04 4.859808296815792710e+04
1.506428556400816888e+03 4.861916796875000000e+04 4.859809700212028110e+04
1.506448990733828396e+03 4.861056250000000000e+04 4.859811287696931686e+04
1.506469425266608596e+03 4.861477343750000000e+04 4.859813061105109227e+04
1.506489859699737281e+03 4.861918750000000000e+04 4.859815019860946632e+04
1.506510294232517481e+03 4.859698437500000000e+04 4.859817160771139606e+04
1.506530728565528989e+03 4.860500781250000000e+04 4.859819480448379181e+04
1.506551162998657674e+03 4.858863671875000000e+04 4.859821975570791255e+04
1.506571597531903535e+03 4.858648046875000000e+04 4.859824642786315962e+04
1.506592031864915043e+03 4.861296093750000000e+04 4.859827478699885251e+04
1.506612466298043728e+03 4.858795703125000000e+04 4.859830479997333896e+04
1.506632900831289589e+03 4.860209765625000000e+04 4.859833643326451420e+04
1.506653335264883935e+03 4.860583984375000000e+04 4.859836965301688906e+04
1.506673769698012620e+03 4.859857812500000000e+04 4.859840442583383992e+04
1.506694204131606966e+03 4.859392187500000000e+04 4.859844071817079384e+04
1.506714638465084136e+03 4.859021484375000000e+04 4.859847849629213306e+04
1.506735072998795658e+03 4.859976171875000000e+04 4.859851772721770976e+04
1.506755507432390004e+03 4.859456250000000000e+04 4.859855837683533900e+04
1.506775941765867174e+03 4.860135937500000000e+04 4.859860041157827800e+04
1.506796376299578696e+03 4.860041406250000000e+04 4.859864379852818092e+04
1.506816810733173043e+03 4.859115625000000000e+04 4.859868850351104629e+04
1.506837245067115873e+03 4.860993359375000000e+04 4.859873449296264153e+04
1.506857679601293057e+03 4.860944140625000000e+04 4.859878173402106040e+04
1.506878114034887403e+03 4.859246484375000000e+04 4.859883019245373725e+04
1.506898548569064587e+03 4.859946093750000000e+04 4.859887983519123372e+04
1.506918982903007418e+03 4.861669531250000000e+04 4.859893062794809521e+04
1.506939417337067425e+03 4.859824609375000000e+04 4.859898253791631578e+04
1.506959851871244609e+03 4.859664843750000000e+04 4.859903553156593989e+04
1.506980286205653101e+03 4.858169531250000000e+04 4.859908957456532517e+04
1.507000720639713109e+03 4.862207031250000000e+04 4.859914463415255887e+04
1.507021155173890293e+03 4.860650000000000000e+04 4.859920067679737986e+04
1.507041589508298784e+03 4.860779296875000000e+04 4.859925766812414804e+04
1.507062024042941630e+03 4.857056250000000000e+04 4.859931557570211589e+04
1.507082458477467299e+03 4.858339062500000000e+04 4.859937436514063302e+04
1.507102892811875790e+03 4.859486328125000000e+04 4.859943400288080738e+04
1.507123327346518636e+03 4.859667968750000000e+04 4.859949445625911176e+04
1.507143761781044304e+03 4.859684765625000000e+04 4.859955569084674789e+04
1.507164196215569973e+03 4.858301953125000000e+04 4.859961767339175276e+04
1.507184630650561303e+03 4.858727343750000000e+04 4.859968037034940789e+04
1.507205065085086972e+03 4.859564843750000000e+04 4.859974374817068019e+04
1.507225499520078301e+03 4.859856250000000000e+04 4.859980777331228455e+04
1.507245933955069631e+03 4.860191015625000000e+04 4.859987241222662851e+04
1.507266368389595300e+03 4.858912890625000000e+04 4.859993763136603229e+04
1.507286802824586630e+03 4.857766015625000000e+04 4.860000339718730538e+04
1.507307237359695137e+03 4.859869140625000000e+04 4.860006967646874546e+04
1.507327671695034951e+03 4.858042578125000000e+04 4.860013643468791270e+04
1.507348106130026281e+03 4.860052734375000000e+04 4.860020363927337166e+04
1.507368540565017611e+03 4.860438671875000000e+04 4.860027125635455013e+04
1.507388975000474602e+03 4.860695312500000000e+04 4.860033925238682423e+04
1.507409409535583109e+03 4.858738281250000000e+04 4.860040759415656066e+04
1.507429843870922923e+03 4.859291796875000000e+04 4.860047624711380922e+04
1.507450278406497091e+03 4.860268359375000000e+04 4.860054517905610555e+04
1.507470712841954082e+03 4.858416406250000000e+04 4.860061435542603431e+04
1.507491147177293897e+03 4.861592578125000000e+04 4.860068374267407489e+04
1.507511581712868065e+03 4.859921875000000000e+04 4.860075330827534344e+04
1.507532016148790717e+03 4.859592968750000000e+04 4.860082301766397723e+04
1.507552450484130532e+03 4.862470312500000000e+04 4.860089283728874580e+04
1.507572885019704700e+03 4.861969140625000000e+04 4.860096273463197576e+04
1.507593319455627352e+03 4.860164062500000000e+04 4.860103267512218736e+04
1.507613753991201520e+03 4.860965234375000000e+04 4.860110262589499325e+04
1.507634188327472657e+03 4.860313281250000000e+04 4.860117255238095822e+04
1.507654622763395309e+03 4.859314843750000000e+04 4.860124242205719202e+04
1.507675057298969477e+03 4.860462500000000000e+04 4.860131220137640776e+04
1.507695491635240614e+03 4.859131250000000000e+04 4.860138185577242984e+04
1.507715926071163267e+03 4.861054296875000000e+04 4.860145135271910112e+04
1.507736360607203096e+03 4.860135937500000000e+04 4.860152065866928024e+04
1.507756794943474233e+03 4.859820312500000000e+04 4.860158973906125902e+04
1.507777229379396886e+03 4.860027343750000000e+04 4.860165856136281218e+04
1.507797663915902376e+03 4.860320703125000000e+04 4.860172709202687111e+04
1.507818098352290690e+03 4.862369140625000000e+04 4.860179529683400324e+04
1.507838532788679004e+03 4.860279687500000000e+04 4.860186314257456979e+04
1.507858967225067317e+03 4.860312109375000000e+04 4.860193059570236073e+04
1.507879401661455631e+03 4.859442968750000000e+04 4.860199762267121696e+04
1.507899836097843945e+03 4.861350390625000000e+04 4.860206418993497209e+04
1.507920270534232259e+03 4.860493359375000000e+04 4.860213026394743065e+04
1.507940704971086234e+03 4.861446093750000000e+04 4.860219581116392510e+04
1.507961139407474548e+03 4.859626562500000000e+04 4.860226079803527682e+04
1.507981573844328523e+03 4.860254296875000000e+04 4.860232519101827347e+04
1.508002008280716836e+03 4.861204687500000000e+04 4.860238895656378736e+04
1.508022442717570812e+03 4.860687109375000000e+04 4.860245206112856977e+04
1.508042877154424787e+03 4.859392187500000000e+04 4.860251447116497729e+04
1.508063311691395938e+03 4.859560937500000000e+04 4.860257615342719509e+04
1.508083746028132737e+03 4.860304296875000000e+04 4.860263707346793672e+04
1.508104180465452373e+03 4.859462109375000000e+04 4.860269719864349463e+04
1.508124615002423525e+03 4.860756250000000000e+04 4.860275649539301230e+04
1.508145049339160323e+03 4.861023828125000000e+04 4.860281492930640525e+04
1.508165483776479959e+03 4.860060546875000000e+04 4.860287246770406637e+04
1.508185918313451111e+03 4.859899218750000000e+04 4.860292907702381490e+04
1.508206352650653571e+03 4.860830859375000000e+04 4.860298472289695201e+04
1.508226787188090384e+03 4.860450390625000000e+04 4.860303937286634027e+04
1.508247221625410020e+03 4.859782031250000000e+04 4.860309299257514067e+04
1.508267655962612480e+03 4.861836718750000000e+04 4.860314554849254637e+04
1.508288090500049293e+03 4.860308593750000000e+04 4.860319700783687585e+04
1.508308524937368929e+03 4.862298046875000000e+04 4.860324733629743423e+04
1.508328959275037050e+03 4.863353125000000000e+04 4.860329650034607039e+04
1.508349393812473863e+03 4.860667578125000000e+04 4.860334446714820660e+04
1.508369828250259161e+03 4.859564062500000000e+04 4.860339120244596415e+04
1.508390262787695974e+03 4.858672265625000000e+04 4.860343667314862250e+04
1.508410697125364095e+03 4.861271093750000000e+04 4.860348084505319275e+04
1.508431131563149393e+03 4.860046875000000000e+04 4.860352368527132785e+04
1.508451566101051867e+03 4.860506250000000000e+04 4.860356516023701988e+04
1.508472000538837165e+03 4.861930468750000000e+04 4.860360523599753651e+04
1.508492434876505286e+03 4.861098437500000000e+04 4.860364387903256284e+04
1.508512869414407760e+03 4.860773437500000000e+04 4.860368106518106651e+04
1.508533303852193058e+03 4.860715234375000000e+04 4.860371679612122534e+04
1.508553738190326840e+03 4.860411718750000000e+04 4.860375107923978067e+04
1.508574172728229314e+03 4.859922265625000000e+04 4.860378392239318782e+04
1.508594607166480273e+03 4.859476953125000000e+04 4.860381533245430910e+04
1.508615041604731232e+03 4.860017187500000000e+04 4.860384531695146870e+04
1.508655910381115973e+03 4.860500781250000000e+04 4.860390103858312068e+04
1.508676344919018447e+03 4.860819531250000000e+04 4.860392679070560553e+04
1.508696779357735068e+03 4.859044921875000000e+04 4.860395114659440878e+04
1.508717213695868850e+03 4.861674609375000000e+04 4.860397411363296851e+04
1.508737648234236985e+03 4.859614843750000000e+04 4.860399569951395097e+04
1.508758082672487944e+03 4.859547265625000000e+04 4.860401591127461870e+04
1.508778517211321741e+03 4.859868750000000000e+04 4.860403475647821324e+04
1.508798951549921185e+03 4.860300000000000000e+04 4.860405224222195102e+04
1.508819385988172144e+03 4.860413281250000000e+04 4.860406837613711832e+04
1.508839820527005941e+03 4.858033984375000000e+04 4.860408316556934733e+04
1.508860254865605384e+03 4.833954296875000000e+04 4.860409661767541547e+04
1.508880689304322004e+03 4.819491015625000000e+04 4.860410874002749915e+04
1.508901123843155801e+03 4.816153125000000000e+04 4.860411953997080855e+04
1.508921558181755245e+03 4.815935156250000000e+04 4.860412902472095448e+04
1.508941992620471865e+03 4.817658593750000000e+04 4.860413720179168740e+04
1.508962427159305662e+03 4.834039843750000000e+04 4.860414407852852310e+04
1.508982861498370767e+03 4.858703125000000000e+04 4.860414966220469796e+04
1.509003296037204564e+03 4.861271093750000000e+04 4.860415396029409021e+04
1.509023730476386845e+03 4.861980078125000000e+04 4.860415698008903564e+04
1.509044164915569127e+03 4.860675781250000000e+04 4.860415872897822555e+04
1.509064599354285747e+03 4.860496875000000000e+04 4.860415921432641335e+04
1.509085033793468028e+03 4.859191406250000000e+04 4.860415844349826511e+04
1.509105468232650310e+03 4.860591796875000000e+04 4.860415642385844694e+04
1.509125902671832591e+03 4.859679687500000000e+04 4.860415316277163220e+04
1.509146337111480534e+03 4.859882812500000000e+04 4.860414866760240693e+04
1.509166771550662816e+03 4.861190234375000000e+04 4.860414294571563369e+04
1.509187206089962274e+03 4.860065625000000000e+04 4.860413600443894393e+04
1.509207640429493040e+03 4.861198046875000000e+04 4.860412785124775837e+04
1.509228074968792498e+03 4.860482421875000000e+04 4.860411849334739236e+04
1.509248509408440441e+03 4.860514062500000000e+04 4.860410793823082349e+04
1.509268943747971207e+03 4.858863671875000000e+04 4.860409619328046392e+04
1.509289378287270665e+03 4.860493359375000000e+04 4.860408326567997574e+04
1.509309812626801431e+03 4.860534375000000000e+04 4.860406916304673359e+04
1.509330247066449374e+03 4.859626953125000000e+04 4.860405389254706097e+04
1.509350681606214494e+03 4.859967187500000000e+04 4.860403746152851090e+04
1.509391550485976040e+03 4.859119140625000000e+04 4.860400114779852447e+04
1.509411984925623983e+03 4.861523828125000000e+04 4.860398127973920782e+04
1.509432419265620410e+03 4.861123437500000000e+04 4.860396028080825636e+04
1.509452853805385530e+03 4.860975000000000000e+04 4.860393815805439226e+04
1.509473288245033473e+03 4.859562500000000000e+04 4.860391491915877850e+04
1.509493722585029900e+03 4.860732031250000000e+04 4.860389057150186272e+04
1.509514157125260681e+03 4.860893359375000000e+04 4.860386512208286877e+04
1.509534591565374285e+03 4.861589062500000000e+04 4.860383857863244339e+04
1.509555026005487889e+03 4.859434765625000000e+04 4.860381094839330763e+04
1.509575460445601493e+03 4.861048046875000000e+04 4.860378223873011302e+04
1.509595894885715097e+03 4.860505468750000000e+04 4.860375245700758387e+04
1.509616329425945878e+03 4.859166796875000000e+04 4.860372161043663073e+04
1.509636763765942305e+03 4.861717578125000000e+04 4.860368970684312808e+04
1.509657198206521571e+03 4.859454687500000000e+04 4.860365675312983512e+04
1.509677632746752352e+03 4.860453125000000000e+04 4.860362275664754270e+04
1.509698067187331617e+03 4.858416406250000000e+04 4.860358772509255505e+04
1.509718501527793705e+03 4.861835156250000000e+04 4.860355166584545077e+04
1.509738936068024486e+03 4.860067187500000000e+04 4.860351458573427226e+04
1.509759370508603752e+03 4.859907031250000000e+04 4.860347649265953805e+04
1.509779804949183017e+03 4.861262500000000000e+04 4.860343739380756597e+04
1.509800239389762282e+03 4.859952343750000000e+04 4.860339729654305847e+04
1.509820673830341548e+03 4.860495312500000000e+04 4.860335620823069621e+04
1.509841108371037990e+03 4.860779687500000000e+04 4.860331413602663088e+04
1.509861542711500078e+03 4.859533593750000000e+04 4.860327108792112995e+04
1.509881977152079344e+03 4.862369140625000000e+04 4.860322707065329450e+04
1.509902411693241447e+03 4.860152734375000000e+04 4.860318209157259116e+04
1.509922846033703536e+03 4.859314843750000000e+04 4.860313615871388174e+04
1.509943280474748462e+03 4.861281250000000000e+04 4.860308927877164388e+04
1.509963714915793389e+03 4.861424218750000000e+04 4.860304145933425752e+04
1.509984149356372654e+03 4.861294531250000000e+04 4.860299270776759658e+04
1.510004583897534758e+03 4.861744921875000000e+04 4.860294303118842072e+04
1.510025018238462508e+03 4.860113671875000000e+04 4.860289243769948371e+04
1.510045452679507434e+03 4.859613671875000000e+04 4.860284093392851355e+04
1.510065887220669538e+03 4.860341406250000000e+04 4.860278852722689044e+04
1.510086321561597288e+03 4.859224609375000000e+04 4.860273522573617811e+04
1.510106756002642214e+03 4.859385937500000000e+04 4.860268103604416683e+04
1.510127190544269979e+03 4.860177734375000000e+04 4.860262596550129820e+04
1.510147624885197729e+03 4.861964843750000000e+04 4.860257002229064528e+04
1.510168059426359832e+03 4.858774609375000000e+04 4.860251321267929598e+04
1.510188493867870420e+03 4.860474218750000000e+04 4.860245554485928733e+04
1.510208928209263831e+03 4.860234375000000000e+04 4.860239702620916069e+04
1.510229362750425935e+03 4.859603125000000000e+04 4.860233766322860174e+04
1.510249797191936523e+03 4.860121093750000000e+04 4.860227746414594003e+04
1.510270231633447111e+03 4.860883203125000000e+04 4.860221643603841949e+04
1.510290666074957699e+03 4.858378515625000000e+04 4.860215458627072803e+04
1.510311100516468287e+03 4.858998046875000000e+04 4.860209192220754630e+04
1.510331534957978874e+03 4.860646093750000000e+04 4.860202845121356950e+04
1.510351969499606639e+03 4.859353906250000000e+04 4.860196418033663940e+04
1.510372403841000050e+03 4.859457421875000000e+04 4.860189911789193866e+04
1.510392838383093476e+03 4.860633593750000000e+04 4.860183326996761753e+04
1.510413272824604064e+03 4.862266796875000000e+04 4.860176664489346149e+04
1.510433707166463137e+03 4.859935546875000000e+04 4.860169925004248216e+04
1.510454141708090901e+03 4.861084375000000000e+04 4.860163109178622835e+04
1.510474576150067151e+03 4.859917578125000000e+04 4.860156217848249071e+04
1.510495010491926223e+03 4.861546093750000000e+04 4.860149251750854455e+04
1.510515445033553988e+03 4.859668359375000000e+04 4.860142211520133424e+04
1.510535879475530237e+03 4.860625390625000000e+04 4.860135098095222202e+04
1.510556313917506486e+03 4.858953125000000000e+04 4.860127913219626498e+04
1.510576748359482735e+03 4.861108984375000000e+04 4.860120659187102865e+04
1.510597182701807469e+03 4.859119921875000000e+04 4.860113338332570856e+04
1.510617617243435234e+03 4.859501953125000000e+04 4.860105952847508161e+04
1.510638051685877144e+03 4.861123046875000000e+04 4.860098505138381734e+04
1.510658486027736217e+03 4.859364843750000000e+04 4.860090997505655105e+04
1.510678920569829643e+03 4.858723437500000000e+04 4.860083432137438649e+04
1.510699355012271553e+03 4.859380468750000000e+04 4.860075811443396378e+04
1.510719789454713464e+03 4.859153906250000000e+04 4.860068137685829424e+04
1.510740223896689713e+03 4.861148437500000000e+04 4.860060413163973135e+04
1.510760658339131624e+03 4.859759765625000000e+04 4.860052640176533896e+04
1.510781092881225049e+03 4.858519921875000000e+04 4.860044820984505350e+04
1.510801527224015445e+03 4.859131250000000000e+04 4.860036958001666062e+04
1.510821961666457355e+03 4.860103906250000000e+04 4.860029053412353096e+04
1.510842396208550781e+03 4.860153125000000000e+04 4.860021109515033459e+04
1.510862830650992692e+03 4.863238281250000000e+04 4.860013128686255368e+04
1.510883264993783087e+03 4.860220703125000000e+04 4.860005113225597597e+04
1.510903699536342174e+03 4.859276562500000000e+04 4.859997065314427891e+04
1.510924133978784084e+03 4.859950000000000000e+04 4.859988987369679671e+04
1.510944568421691656e+03 4.861087890625000000e+04 4.859980881650873926e+04
1.510965002864133567e+03 4.862046875000000000e+04 4.859972750457437360e+04
1.510985437306575477e+03 4.860059375000000000e+04 4.859964596088242251e+04
1.511005871749483049e+03 4.859191796875000000e+04 4.859956420842163061e+04
1.511026306192390621e+03 4.860400390625000000e+04 4.859948227018442412e+04
1.511046740634832531e+03 4.859598437500000000e+04 4.859940016916326567e+04
1.511067175177857280e+03 4.859461328125000000e+04 4.859931792794173816e+04
1.511087609520647675e+03 4.860343750000000000e+04 4.859923557072203403e+04
1.511108043963555247e+03 4.860369921875000000e+04 4.859915311928500887e+04
1.511128478506579995e+03 4.859667968750000000e+04 4.859907059662003303e+04
1.511148912849370390e+03 4.859282421875000000e+04 4.859898802693102334e+04
1.511169347392395139e+03 4.859600781250000000e+04 4.859890543159053777e+04
1.511189781835302711e+03 4.860516796875000000e+04 4.859882283480305341e+04
1.511210216178558767e+03 4.859974609375000000e+04 4.859874025955710385e+04
1.511230650721583515e+03 4.861042187500000000e+04 4.859865772763358837e+04
1.511251085064839572e+03 4.859646875000000000e+04 4.859857526363660872e+04
1.511271519507747144e+03 4.859918359375000000e+04 4.859849288934790093e+04
1.511291954051237553e+03 4.858032421875000000e+04 4.859841062775575847e+04
1.511312388394493610e+03 4.858873437500000000e+04 4.859832850306079490e+04
1.511332822937518358e+03 4.858671875000000000e+04 4.859824653664614016e+04
1.511353257380891591e+03 4.860677343750000000e+04 4.859816475270467345e+04
1.511373691724147648e+03 4.860649218750000000e+04 4.859808317422596156e+04
1.511394126267172396e+03 4.860622656250000000e+04 4.859800182300499000e+04
1.511414560711011291e+03 4.861140625000000000e+04 4.859792072322426247e+04
1.511434995154384524e+03 4.861553125000000000e+04 4.859783989748076419e+04
1.511455429597757757e+03 4.860260546875000000e+04 4.859775936876320338e+04
1.511475864041130990e+03 4.860050781250000000e+04 4.859767916006219457e+04
1.511496298484504223e+03 4.859883984375000000e+04 4.859759929436829407e+04
1.511516732927877456e+03 4.860698437500000000e+04 4.859751979467210185e+04
1.511537167371716350e+03 4.858783593750000000e+04 4.859744068396241346e+04
1.511557601915206760e+03 4.860823046875000000e+04 4.859736198484885972e+04
1.511578036359045655e+03 4.859611328125000000e+04 4.859728372108971234e+04
1.511598470702301711e+03 4.860708593750000000e+04 4.859720591567255906e+04
1.511639339690096676e+03 4.860643750000000000e+04 4.859705176953744376e+04
1.511659774033818394e+03 4.860005078125000000e+04 4.859697547593498894e+04
1.511680208577308804e+03 4.859640234375000000e+04 4.859689973151183221e+04
1.511700643021147698e+03 4.861112109375000000e+04 4.859682456037251541e+04
1.511721077364869416e+03 4.861266406250000000e+04 4.859674998550076998e+04
1.511741511908825487e+03 4.859334375000000000e+04 4.859667602879556216e+04
1.511761946352664381e+03 4.860682421875000000e+04 4.859660271433906746e+04
1.511782380896620452e+03 4.858992968750000000e+04 4.859653006440377794e+04
1.511802815240807831e+03 4.859070312500000000e+04 4.859645810304144106e+04
1.511823249684646726e+03 4.859912109375000000e+04 4.859638685218308819e+04
1.511843684228602797e+03 4.859660937500000000e+04 4.859631633482828329e+04
1.511864118572790176e+03 4.859946484375000000e+04 4.859624657499701425e+04
1.511884553016629070e+03 4.860725781250000000e+04 4.859617759465205017e+04
1.511904987460933626e+03 4.860110937500000000e+04 4.859610941712452768e+04
1.511925421904772520e+03 4.859626953125000000e+04 4.859604206540812447e+04
1.511945856449194252e+03 4.858733203125000000e+04 4.859597556216662633e+04
1.511966290793381631e+03 4.856854296875000000e+04 4.859590993136332690e+04
1.511986725237686187e+03 4.859703515625000000e+04 4.859584519501766772e+04
1.512007159781642258e+03 4.860406640625000000e+04 4.859578137613499712e+04
1.512027594126295298e+03 4.857551953125000000e+04 4.859571849863275565e+04
1.512048028570134193e+03 4.859491015625000000e+04 4.859565658457607788e+04
1.512068463114555925e+03 4.859042187500000000e+04 4.859559565696562640e+04
1.512088897558860481e+03 4.860025390625000000e+04 4.859553573939050693e+04
1.512109331903513521e+03 4.859015234375000000e+04 4.859547685482499946e+04
1.512129766447935253e+03 4.859347656250000000e+04 4.859541902540454612e+04
1.512150200892239809e+03 4.859167968750000000e+04 4.859536227497619984e+04
1.512170635336544365e+03 4.858843359375000000e+04 4.859530662624458637e+04
1.512191069781314582e+03 4.857622265625000000e+04 4.859525210219909786e+04
1.512211504225619137e+03 4.859242578125000000e+04 4.859519872583280085e+04
1.512231938770506531e+03 4.859943359375000000e+04 4.859514651988096011e+04
1.512252373115159571e+03 4.859145703125000000e+04 4.859509550809401844e+04
1.512272807559464127e+03 4.858701562500000000e+04 4.859504571270507586e+04
1.512293242104351521e+03 4.858944921875000000e+04 4.859499715672050661e+04
1.512313676449004561e+03 4.859080078125000000e+04 4.859494986383648938e+04
1.512334110993426293e+03 4.859708203125000000e+04 4.859490385611798411e+04
1.512354545438196510e+03 4.859753125000000000e+04 4.859485915723920334e+04
1.512374979782849550e+03 4.844230859375000000e+04 4.859481579017240438e+04
1.512395414327736944e+03 4.817985156250000000e+04 4.859477377728065039e+04
1.512415848772507161e+03 4.815716015625000000e+04 4.859473314218204177e+04
1.512436283117160201e+03 4.816152343750000000e+04 4.859469390784676943e+04
1.512456717662047595e+03 4.817130468750000000e+04 4.859465609669914556e+04
1.512477152107283473e+03 4.822390625000000000e+04 4.859461973229521391e+04
1.512497586451936513e+03 4.852162890625000000e+04 4.859458483760578383e+04
1.512518020996823907e+03 4.857160937500000000e+04 4.859455143511862116e+04
1.512538455341942608e+03 4.857989843750000000e+04 4.859451954847808520e+04
1.512558889886830002e+03 4.858194921875000000e+04 4.859448919964527886e+04
1.512579324332065880e+03 4.859129296875000000e+04 4.859446039184516121e+04
1.512599758776836097e+03 4.859604296875000000e+04 4.859443309934831632e+04
1.512620193222071975e+03 4.858782031250000000e+04 4.859440729439379356e+04
1.512640627666842192e+03 4.859753125000000000e+04 4.859438294922312343e+04
1.512661062112078071e+03 4.860146875000000000e+04 4.859436003607544990e+04
1.512681496557313949e+03 4.859944531250000000e+04 4.859433852719172137e+04
1.512701931002549827e+03 4.859064062500000000e+04 4.859431839481217321e+04
1.512722365547437221e+03 4.859873828125000000e+04 4.859429961108884891e+04
1.512742799992673099e+03 4.859192578125000000e+04 4.859428214844511240e+04
1.512763234338257462e+03 4.858999609375000000e+04 4.859426597910215060e+04
1.512783668883144855e+03 4.859757421875000000e+04 4.859425107507304347e+04
1.512804103328380734e+03 4.857656250000000000e+04 4.859423740882534184e+04
1.512824537673965096e+03 4.860254296875000000e+04 4.859422495258146955e+04
1.512844972219318151e+03 4.857525781250000000e+04 4.859421367840797029e+04
1.512865406664554030e+03 4.860290625000000000e+04 4.859420355871917855e+04
1.512885841010138392e+03 4.861500390625000000e+04 4.859419456573846401e+04
1.512906275555491447e+03 4.859706640625000000e+04 4.859418667158250901e+04
1.512926710000727326e+03 4.860017187500000000e+04 4.859417984861545847e+04
1.512947144546080381e+03 4.859730468750000000e+04 4.859417406901046343e+04
1.512967578891664743e+03 4.859505468750000000e+04 4.859416930508515361e+04
1.512988013337366283e+03 4.858975000000000000e+04 4.859416552900258102e+04
1.513008447882719338e+03 4.860605468750000000e+04 4.859416271301741654e+04
1.513028882228303701e+03 4.861082421875000000e+04 4.859416082940431806e+04
1.513049316674005240e+03 4.858773437500000000e+04 4.859415985036920029e+04
1.513069751219358295e+03 4.862918750000000000e+04 4.859415974816548260e+04
1.513090185564942658e+03 4.858540625000000000e+04 4.859416049502862734e+04
1.513110620010644197e+03 4.860156640625000000e+04 4.859416206320379570e+04
1.513131054556462914e+03 4.860349218750000000e+04 4.859416442494315561e+04
1.513151488902047276e+03 4.859646093750000000e+04 4.859416755244662636e+04
1.513171923447865993e+03 4.859281640625000000e+04 4.859417141801559774e+04
1.513192357793450356e+03 4.860538671875000000e+04 4.859417599381484615e+04
1.513212792239151895e+03 4.858058984375000000e+04 4.859418125214677275e+04
1.513233226784970611e+03 4.859245703125000000e+04 4.859418716526149365e+04
1.513253661131020635e+03 4.860903515625000000e+04 4.859419370530793094e+04
1.513274095576722175e+03 4.859477734375000000e+04 4.859420084461766237e+04
1.513294530122540891e+03 4.860781250000000000e+04 4.859420855543974176e+04
1.513314964568242431e+03 4.861468750000000000e+04 4.859421680993882183e+04
1.513335399014409631e+03 4.859428515625000000e+04 4.859422558039183787e+04
1.513355833460111171e+03 4.858881250000000000e+04 4.859423483903865417e+04
1.513376267906278372e+03 4.862519921875000000e+04 4.859424455812005181e+04
1.513396702351979911e+03 4.859423828125000000e+04 4.859425470987588051e+04
1.513417136798147112e+03 4.860728515625000000e+04 4.859426526654691406e+04
1.513437571244314313e+03 4.859588671875000000e+04 4.859427620037324959e+04
1.513458005790133029e+03 4.860421093750000000e+04 4.859428748365098727e+04
1.513478440136183053e+03 4.859984765625000000e+04 4.859429908845272439e+04
1.513498874582350254e+03 4.860223046875000000e+04 4.859431098718677094e+04
1.513519309128634632e+03 4.859332812500000000e+04 4.859432315209756780e+04
1.513539743474684656e+03 4.858144921875000000e+04 4.859433555524477561e+04
1.513560178020503372e+03 4.858801953125000000e+04 4.859434816911134112e+04
1.513580612466670573e+03 4.859233593750000000e+04 4.859436096575421107e+04
1.513601046813186258e+03 4.859062890625000000e+04 4.859437391741121974e+04
1.513621481359004974e+03 4.858830859375000000e+04 4.859438699651316711e+04
1.513641915805637836e+03 4.860785546875000000e+04 4.859440017511018959e+04
1.513662350151687860e+03 4.858944531250000000e+04 4.859441342544041981e+04
1.513682784697972238e+03 4.859124609375000000e+04 4.859442671993963449e+04
1.513703219144139439e+03 4.859617578125000000e+04 4.859444003065300058e+04
1.513723653690423816e+03 4.858533203125000000e+04 4.859445332995094941e+04
1.513744088036939502e+03 4.858505859375000000e+04 4.859446658987884439e+04
1.513764522483106703e+03 4.859680859375000000e+04 4.859447978287162550e+04
1.513784957029391080e+03 4.858480078125000000e+04 4.859449288116875687e+04
1.513805391375906765e+03 4.858284375000000000e+04 4.859450585681913071e+04
1.513825825822073966e+03 4.859965234375000000e+04 4.859451868225415092e+04
1.513846260268706828e+03 4.858415234375000000e+04 4.859453132965081750e+04
1.513866694715339690e+03 4.860972656250000000e+04 4.859454377124914754e+04
1.513887129161506891e+03 4.860341796875000000e+04 4.859455597928917996e+04
1.513907563608139753e+03 4.858470312500000000e+04 4.859456792601177585e+04
1.513927998054772615e+03 4.859000390625000000e+04 4.859457958365695958e+04
1.513948432601056993e+03 4.860728515625000000e+04 4.859459092451953620e+04
1.513968867047689855e+03 4.859729296875000000e+04 4.859460192072908831e+04
1.513989301394205540e+03 4.860491796875000000e+04 4.859461254453090078e+04
1.514009735940955579e+03 4.858986718750000000e+04 4.859462276831861527e+04
1.514030170387122780e+03 4.859719140625000000e+04 4.859463256417901721e+04
1.514050604734104127e+03 4.858844921875000000e+04 4.859464190435955243e+04
1.514071039280388504e+03 4.859143359375000000e+04 4.859465076123349718e+04
1.514091473727021366e+03 4.859332812500000000e+04 4.859465910690795863e+04
1.514111908273771405e+03 4.858644531250000000e+04 4.859466691370455374e+04
1.514132342620752752e+03 4.857516796875000000e+04 4.859467415375308337e+04
1.514152777067385614e+03 4.859198437500000000e+04 4.859468079940415919e+04
1.514173211614135653e+03 4.859721875000000000e+04 4.859468682288934360e+04
1.514193645960651338e+03 4.858600390625000000e+04 4.859469219636511116e+04
1.514214080407749861e+03 4.859762109375000000e+04 4.859469689215569815e+04
1.514234514954499900e+03 4.858932031250000000e+04 4.859470088249104447e+04
1.514254949301015586e+03 4.859617187500000000e+04 4.859470413955820550e+04
1.514275383748114109e+03 4.858810156250000000e+04 4.859470663565090217e+04
1.514295818294864148e+03 4.858505468750000000e+04 4.859470834299792477e+04
1.514316252641379833e+03 4.859607812500000000e+04 4.859470923382049659e+04
1.514336687188595533e+03 4.859580859375000000e+04 4.859470928037618432e+04
1.514357121635228395e+03 4.859523046875000000e+04 4.859470845489834028e+04
1.514377556082326919e+03 4.858611328125000000e+04 4.859470672962956451e+04
1.514397990528959781e+03 4.859988671875000000e+04 4.859470407681023062e+04
1.514418424976058304e+03 4.861133203125000000e+04 4.859470046868051577e+04
1.514438859423156828e+03 4.860225000000000000e+04 4.859469587748079357e+04
1.514459293869789690e+03 4.860112890625000000e+04 4.859469027545150311e+04
1.514479728316888213e+03 4.858680859375000000e+04 4.859468363483269059e+04
1.514500162763986737e+03 4.858580078125000000e+04 4.859467592786480964e+04
1.514520597211085260e+03 4.859999609375000000e+04 4.859466712678811746e+04
1.514541031658183783e+03 4.861020312500000000e+04 4.859465720384295128e+04
1.514561466105282307e+03 4.867066015625000000e+04 4.859464613126961194e+04
1.514581900552380830e+03 4.859495703125000000e+04 4.859463388130841486e+04
