2.143522052173502743e+02 8.236977539062500000e+03 8.331782131310184923e+03
2.143726382227614522e+02 8.268044921875000000e+03 8.331886679242104947e+03
2.143930712277069688e+02 8.331665039062500000e+03 8.331989665077559039e+03
2.144135042326524854e+02 8.329927734375000000e+03 8.332091097505037396e+03
2.144339372371323407e+02 8.334213867187500000e+03 8.332190985208368147e+03
2.144543702420778573e+02 8.325397460937500000e+03 8.332289336878198810e+03
2.144748031464405358e+02 8.336161132812500000e+03 8.332386160725440277e+03
2.144952362510375679e+02 8.341505859375000000e+03 8.332481466850513243e+03
2.145156692555174232e+02 8.338288085937500000e+03 8.332575262527436280e+03
2.145361021594144404e+02 8.331876953125000000e+03 8.332667556462343782e+03
2.145565352635458112e+02 8.331585937500000000e+03 8.332758358689152374e+03
2.145769682675600052e+02 8.333006835937500000e+03 8.332847676548281015e+03
2.145974011714570224e+02 8.334185546875000000e+03 8.332935518747561218e+03
2.146178341750055552e+02 8.329765625000000000e+03 8.333021894831917962e+03
2.146382672786712646e+02 8.332165039062500000e+03 8.333106813467955362e+03
2.146587001821026206e+02 8.331722656250000000e+03 8.333190282104202197e+03
2.146791331856511533e+02 8.331210937500000000e+03 8.333272310664309771e+03
2.146995662888512015e+02 8.333164062500000000e+03 8.333352907811438854e+03
2.147199992919340730e+02 8.335149414062500000e+03 8.333432081443781499e+03
2.147404321953654289e+02 8.333185546875000000e+03 8.333509840270040513e+03
2.147608652980998158e+02 8.330939453125000000e+03 8.333586194103685557e+03
2.147812983011826873e+02 8.334248046875000000e+03 8.333661150503417957e+03
2.148017312036827207e+02 8.334338867187500000e+03 8.333734718172385328e+03
2.148221642062999308e+02 8.330820312500000000e+03 8.333806906519292170e+03
2.148425973085686564e+02 8.341189453125000000e+03 8.333877724208408836e+03
2.148630302110686898e+02 8.334579101562500000e+03 8.333947178898117272e+03
2.148834632132202387e+02 8.334491210937500000e+03 8.334015280302273823e+03
2.149038963154889643e+02 8.331710937500000000e+03 8.334082037088726793e+03
2.149243292175233364e+02 8.337076171875000000e+03 8.334147456972134023e+03
2.149447622196748853e+02 8.326926757812500000e+03 8.334211549610008660e+03
2.149651952213607728e+02 8.341263671875000000e+03 8.334274323363209987e+03
2.149856283226981759e+02 8.334879882812500000e+03 8.334335787215883101e+03
2.150060612247325480e+02 8.338786132812500000e+03 8.334395948964376657e+03
2.150264942259527743e+02 8.332100585937500000e+03 8.334454818183181487e+03
2.150469273272901773e+02 8.333421875000000000e+03 8.334512403542215907e+03
2.150673602283932269e+02 8.331501953125000000e+03 8.334568712890491952e+03
2.150877932296134531e+02 8.329453125000000000e+03 8.334623755751166755e+03
2.151082261307165027e+02 8.339495117187500000e+03 8.334677540270837198e+03
2.151286592315882444e+02 8.337539062500000000e+03 8.334730075915800626e+03
2.151490922323428094e+02 8.332257812500000000e+03 8.334781370591983432e+03
2.151695251329801977e+02 8.336666015625000000e+03 8.334831433003644634e+03
2.151899582338519394e+02 8.339619140625000000e+03 8.334880272563745166e+03
2.152103912341408432e+02 8.336429687500000000e+03 8.334927897230420058e+03
2.152308242344297469e+02 8.336487304687500000e+03 8.334974315933177422e+03
2.152512572347186506e+02 8.332357421875000000e+03 8.335019537358091839e+03
2.152716902350075543e+02 8.335760742187500000e+03 8.335063570191254257e+03
2.152921232348307967e+02 8.335280273437500000e+03 8.335106423117782469e+03
2.153125561345368624e+02 8.330652343750000000e+03 8.335148104623400286e+03
2.153534222343005240e+02 8.339149414062500000e+03 8.335227989324495866e+03
2.153738551335409284e+02 8.338444335937500000e+03 8.335266209304048971e+03
2.153942882330156863e+02 8.331379882812500000e+03 8.335303293177414162e+03
2.154147211327217519e+02 8.334049804687500000e+03 8.335339248904609121e+03
2.154351541316136718e+02 8.333420898437500000e+03 8.335374085706100232e+03
2.154555871309712529e+02 8.339816406250000000e+03 8.335407812091447340e+03
2.154760201298631728e+02 8.349648437500000000e+03 8.335440436745204352e+03
2.154964531287550926e+02 8.334981445312500000e+03 8.335471968354231649e+03
2.155168861276470125e+02 8.332147460937500000e+03 8.335502415604609268e+03
2.155373191260732710e+02 8.330109375000000000e+03 8.335531787181767868e+03
2.155577521244995296e+02 8.331464843750000000e+03 8.335560091772484157e+03
2.155781851229257882e+02 8.342338867187500000e+03 8.335587338062850904e+03
2.155986180217005312e+02 8.327199218750000000e+03 8.335613534613728916e+03
2.156190511197783053e+02 8.331409179687500000e+03 8.335638690486841369e+03
2.156394841177389026e+02 8.334690429687500000e+03 8.335662813992095835e+03
2.156599170155823231e+02 8.332861328125000000e+03 8.335685913830675418e+03
2.156803501136600971e+02 8.339636718750000000e+03 8.335707999020734860e+03
2.157007831116206944e+02 8.339491210937500000e+03 8.335729077916283131e+03
2.157212161091156304e+02 8.334613281250000000e+03 8.335749159313640121e+03
2.157416491066105664e+02 8.341617187500000000e+03 8.335768251899384268e+03
2.157620821041055024e+02 8.337507812500000000e+03 8.335786364359597428e+03
2.157825151016004384e+02 8.332764648437500000e+03 8.335803505380354181e+03
2.158029479985125363e+02 8.325916015625000000e+03 8.335819683570451161e+03
2.158233810956589878e+02 8.332020507812500000e+03 8.335834907847151044e+03
2.158438140926882625e+02 8.332702148437500000e+03 8.335849186665755042e+03
2.158642469896003604e+02 8.334564453125000000e+03 8.335862528726171149e+03
2.158846800862811506e+02 8.341292968750000000e+03 8.335874942903492411e+03
2.159051130833104253e+02 8.335889648437500000e+03 8.335886437695076893e+03
2.159255459797568619e+02 8.327660156250000000e+03 8.335897021799937647e+03
2.159459789763204753e+02 8.328597656250000000e+03 8.335906704008106317e+03
2.159664120725356042e+02 8.344516601562500000e+03 8.335915492992278814e+03
2.159868449685163796e+02 8.334384765625000000e+03 8.335923397316093542e+03
2.160072779646143317e+02 8.341354492187500000e+03 8.335930425788297725e+03
2.160277110608294606e+02 8.335764648437500000e+03 8.335936587082162077e+03
2.160481440564617515e+02 8.332607421875000000e+03 8.335941889823310703e+03
2.160685769524425268e+02 8.332693359375000000e+03 8.335946342710616591e+03
2.160890100481919944e+02 8.332427734375000000e+03 8.335949954489202355e+03
2.161094430438242853e+02 8.341087890625000000e+03 8.335952733786018143e+03
2.161298759393393993e+02 8.339868164062500000e+03 8.335954689299305755e+03
2.161503089345060289e+02 8.335106445312500000e+03 8.335955829734255531e+03
2.161707420297898352e+02 8.334958007812500000e+03 8.335956163765076781e+03
2.161911749248392880e+02 8.339890625000000000e+03 8.335955700078829977e+03
2.162116079200059175e+02 8.333996093750000000e+03 8.335954447360611084e+03
2.162320410148240626e+02 8.337306640625000000e+03 8.335952414285020495e+03
2.162524739098735154e+02 8.330035156250000000e+03 8.335949609573621274e+03
2.162729069045744836e+02 8.340660156250000000e+03 8.335946041877035896e+03
2.162933398988097906e+02 8.333422851562500000e+03 8.335941719893256959e+03
2.163137728935107589e+02 8.348377929687500000e+03 8.335936652308162593e+03
2.163342058877460659e+02 8.333632812500000000e+03 8.335930847808060207e+03
2.163546388819813728e+02 8.334936523437500000e+03 8.335924315078915242e+03
2.163750718762166798e+02 8.332938476562500000e+03 8.335917062806805916e+03
2.163955048704519868e+02 8.341482421875000000e+03 8.335909099677812264e+03
2.164159378642216325e+02 8.338267578125000000e+03 8.335900434378210775e+03
2.164363708579912782e+02 8.336077148437500000e+03 8.335891075593903224e+03
2.164568038517609239e+02 8.340238281250000000e+03 8.335881032010967829e+03
2.164772367454133928e+02 8.336854492187500000e+03 8.335870312369646854e+03
2.164976697391830385e+02 8.335147460937500000e+03 8.335858925250926404e+03
2.165181028321385384e+02 8.332832031250000000e+03 8.335846879331704258e+03
2.165385357257910073e+02 8.334782226562500000e+03 8.335834183478820705e+03
2.165589687186293304e+02 8.333473632812500000e+03 8.335820846197644642e+03
2.165794018120504916e+02 8.336608398437500000e+03 8.335806876163993365e+03
2.165998348048888147e+02 8.335701171875000000e+03 8.335792282201515263e+03
2.166202676976099610e+02 8.343157226562500000e+03 8.335777073005081547e+03
2.166407006904482841e+02 8.323057617187500000e+03 8.335761257111686064e+03
2.166611337834037840e+02 8.333466796875000000e+03 8.335744843198552189e+03
2.166815666756592691e+02 8.339567382812500000e+03 8.335727840197767364e+03
2.167019996680319309e+02 8.339904296875000000e+03 8.335710256549420592e+03
2.167224327605217695e+02 8.329290039062500000e+03 8.335692100931111781e+03
2.167428656527772546e+02 8.340371093750000000e+03 8.335673382299946752e+03
2.167632986446842551e+02 8.334319335937500000e+03 8.335654109071416315e+03
2.167837317367084324e+02 8.332397460937500000e+03 8.335634289923080360e+03
2.168041646284982562e+02 8.331477539062500000e+03 8.335613933836310025e+03
2.168245976204052567e+02 8.341295898437500000e+03 8.335593049201881513e+03
2.168450306123122573e+02 8.335237304687500000e+03 8.335571644804302196e+03
2.168654636037535965e+02 8.334756835937500000e+03 8.335549729330146874e+03
2.168858965951949358e+02 8.335374023437500000e+03 8.335527311465009916e+03
2.169063295866362751e+02 8.342982421875000000e+03 8.335504399894960443e+03
2.169267626777291298e+02 8.336960937500000000e+03 8.335481003190801857e+03
2.169471955690532923e+02 8.329666015625000000e+03 8.335457130384967968e+03
2.169676285600289702e+02 8.338238281250000000e+03 8.335432789817192315e+03
2.169880614508874714e+02 8.333182617187500000e+03 8.335407990411436913e+03
2.170084945419803262e+02 8.331638671875000000e+03 8.335382740485907561e+03
2.170289275324903429e+02 8.336261718750000000e+03 8.335357049095131515e+03
2.170493605230003595e+02 8.327357421875000000e+03 8.335330924801994115e+03
2.170697935135103762e+02 8.327185546875000000e+03 8.335304376292557208e+03
2.170902265040203929e+02 8.331958984375000000e+03 8.335277412252900831e+03
2.171106594945304096e+02 8.333862304687500000e+03 8.335250041369094106e+03
2.171310923844575882e+02 8.335816406250000000e+03 8.335222272464859998e+03
2.171515254746191204e+02 8.335111328125000000e+03 8.335194113814593948e+03
2.171719584646634758e+02 8.338425781250000000e+03 8.335165574515425760e+03
2.171923913545906544e+02 8.333236328125000000e+03 8.335136663258965200e+03
2.172128244442865252e+02 8.339022460937500000e+03 8.335107388304282722e+03
2.172332574338652194e+02 8.335367187500000000e+03 8.335077758764462487e+03
2.172536903237923980e+02 8.330766601562500000e+03 8.335047783330039238e+03
2.172741234130226076e+02 8.340470703125000000e+03 8.335017470246020821e+03
2.172945564026013017e+02 8.334912109375000000e+03 8.334986828639541272e+03
2.173149892915971577e+02 8.340096679687500000e+03 8.334955867202832451e+03
2.173558553699404001e+02 8.341525390625000000e+03 8.334893018666072749e+03
2.173762882589362562e+02 8.328478515625000000e+03 8.334861149399966962e+03
2.173967212475836277e+02 8.345551757812500000e+03 8.334828994739997142e+03
2.174171543363481760e+02 8.335492187500000000e+03 8.334796563367375711e+03
2.174375872248783708e+02 8.336235351562500000e+03 8.334763864446877051e+03
2.174580202135257423e+02 8.339330078125000000e+03 8.334730906185866843e+03
2.174784532017074525e+02 8.332675781250000000e+03 8.334697697430743574e+03
2.174988861898891628e+02 8.340120117187500000e+03 8.334664246866825124e+03
2.175193191785365343e+02 8.336875976562500000e+03 8.334630563179405726e+03
2.175397520666010678e+02 8.337639648437500000e+03 8.334596655222774643e+03
2.175601851544342935e+02 8.335716796875000000e+03 8.334562531182975363e+03
2.175806181421503425e+02 8.332017578125000000e+03 8.334528200245342305e+03
2.176010510302148759e+02 8.327851562500000000e+03 8.334493671098132836e+03
2.176214841175824404e+02 8.330706054687500000e+03 8.334458951920807522e+03
2.176419171052984893e+02 8.340640625000000000e+03 8.334424051906042223e+03
2.176623500925488770e+02 8.336542968750000000e+03 8.334388979571838718e+03
2.176827829801477492e+02 8.340285156250000000e+03 8.334353743775693147e+03
2.177032160675153136e+02 8.333715820312500000e+03 8.334318352686183061e+03
2.177236490547657013e+02 8.339632812500000000e+03 8.334282815507674968e+03
2.177440819414332509e+02 8.333703125000000000e+03 8.334247140929135639e+03
2.177645150288008153e+02 8.331750976562500000e+03 8.334211337109645683e+03
2.177849480155855417e+02 8.329611328125000000e+03 8.334175413262262737e+03
2.178053809022530913e+02 8.330708007812500000e+03 8.334139378073945409e+03
2.178258138890378177e+02 8.336608398437500000e+03 8.334103239877595115e+03
2.178462469754740596e+02 8.328514648437500000e+03 8.334067007358653427e+03
2.178666798616759479e+02 8.334378906250000000e+03 8.334030689735609485e+03
2.178871128479950130e+02 8.331549804687500000e+03 8.333994295161282935e+03
2.179075459344312549e+02 8.333912109375000000e+03 8.333957832320676971e+03
2.179279789207503200e+02 8.333959960937500000e+03 8.333921310257213918e+03
2.179484118064865470e+02 8.334135742187500000e+03 8.333884737658599988e+03
2.179688448924571276e+02 8.338048828125000000e+03 8.333848122672143290e+03
2.179892778783105314e+02 8.337371093750000000e+03 8.333811474521837226e+03
2.180097107640467584e+02 8.337023437500000000e+03 8.333774801894169286e+03
2.180301437494345009e+02 8.332570312500000000e+03 8.333738113116633031e+03
2.180505768349394202e+02 8.340729492187500000e+03 8.333701416874280767e+03
2.180710097206756473e+02 8.329074218750000000e+03 8.333664722391764371e+03
2.180914427055977285e+02 8.328887695312500000e+03 8.333628037818238226e+03
2.181118757911026478e+02 8.325503906250000000e+03 8.333591371837468614e+03
2.181323086759075522e+02 8.329317382812500000e+03 8.333554733675975513e+03
2.181527416612952948e+02 8.332729492187500000e+03 8.333518131479368094e+03
2.181731746462173760e+02 8.336607421875000000e+03 8.333481574114975956e+03
2.181936076306737959e+02 8.335776367187500000e+03 8.333445070268859126e+03
2.182140406155958772e+02 8.330052734375000000e+03 8.333408628625416895e+03
2.182344736000522971e+02 8.332186523437500000e+03 8.333372257872375485e+03
2.182549066846258938e+02 8.327518554687500000e+03 8.333335966517355700e+03
2.182753395689651370e+02 8.336916015625000000e+03 8.333299763779250497e+03
2.182957725534215569e+02 8.326794921875000000e+03 8.333263657811297890e+03
2.183366385214030743e+02 8.334961914062500000e+03 8.333191771464551493e+03
2.183570715053938329e+02 8.334800781250000000e+03 8.333156008457062853e+03
2.183775043892674148e+02 8.336907226562500000e+03 8.333120377315830410e+03
2.183979374733753502e+02 8.330622070312500000e+03 8.333084886204169379e+03
2.184183704569004476e+02 8.335171875000000000e+03 8.333049544331694051e+03
2.184388034404255450e+02 8.337036132812500000e+03 8.333014360209406732e+03
2.184592364239506423e+02 8.336172851562500000e+03 8.332979342523369269e+03
2.184796694074757397e+02 8.343010742187500000e+03 8.332944499959645327e+03
2.185001023905351758e+02 8.332987304687500000e+03 8.332909841205084376e+03
2.185205352734774351e+02 8.330690429687500000e+03 8.332875375113340851e+03
2.185409683566540480e+02 8.333308593750000000e+03 8.332841109865306862e+03
2.185614012395963073e+02 8.335655273437500000e+03 8.332807054818551478e+03
2.185818342226557434e+02 8.331046875000000000e+03 8.332773218156980874e+03
2.186022673053666949e+02 8.333544921875000000e+03 8.332739608570700511e+03
2.186227001883089542e+02 8.325102539062500000e+03 8.332706235236561042e+03
2.186431331704370677e+02 8.336985351562500000e+03 8.332673106350574017e+03
2.186635661530308425e+02 8.330492187500000000e+03 8.332640230760636769e+03
2.186839991356246173e+02 8.343205078125000000e+03 8.332607617153564206e+03
2.187044321177527308e+02 8.328955078125000000e+03 8.332575274216156686e+03
2.187248650998808444e+02 8.336666015625000000e+03 8.332543210633722992e+03
2.187452980820089579e+02 8.330733398437500000e+03 8.332511435092328611e+03
2.187657310641370714e+02 8.330935546875000000e+03 8.332479956278031750e+03
2.187861640457995236e+02 8.331737304687500000e+03 8.332448782877596386e+03
2.188065971275791526e+02 8.325222656250000000e+03 8.332417923425949994e+03
2.188270300091244280e+02 8.331583007812500000e+03 8.332387387060403853e+03
2.188474629907868803e+02 8.332886718750000000e+03 8.332357182015764920e+03
2.188678958723321557e+02 8.333199218750000000e+03 8.332327317273991866e+03
2.188883289536461234e+02 8.337913085937500000e+03 8.332297801085367610e+03
2.189087619348429143e+02 8.333221679687500000e+03 8.332268642571712917e+03
2.189291948163881898e+02 8.336110351562500000e+03 8.332239850413114254e+03
2.189496278972364962e+02 8.333840820312500000e+03 8.332211432877098559e+03
2.189700608784332871e+02 8.332337890625000000e+03 8.332183399068262588e+03
2.189904938591644168e+02 8.331854492187500000e+03 8.332155755687750570e+03
2.190109267397783697e+02 8.330788085937500000e+03 8.332128502326570015e+03
2.190313598206266761e+02 8.333683593750000000e+03 8.332101636201583460e+03
2.190517928008921444e+02 8.332779296875000000e+03 8.332075155325750529e+03
2.190722256815060973e+02 8.333792968750000000e+03 8.332049057306834584e+03
2.191130917421542108e+02 8.327370117187500000e+03 8.331997999539522425e+03
2.191335246223025024e+02 8.337835937500000000e+03 8.331973035395032639e+03
2.191539577026851475e+02 8.339453125000000000e+03 8.331948444196752462e+03
2.191743906824849546e+02 8.340325195312500000e+03 8.331924223924044782e+03
2.191948235621675849e+02 8.336079101562500000e+03 8.331900372185526066e+03
2.192152565424330533e+02 8.328299804687500000e+03 8.331876886361549623e+03
2.192356896218843758e+02 8.337872070312500000e+03 8.331853764073681305e+03
2.192561226016841829e+02 8.335806640625000000e+03 8.331831003161521949e+03
2.192765554809011519e+02 8.329179687500000000e+03 8.331808601235421520e+03
2.192969885603524745e+02 8.333990234375000000e+03 8.331786555582804795e+03
2.193174215396866202e+02 8.336559570312500000e+03 8.331764864144950479e+03
2.193378544189035892e+02 8.330934570312500000e+03 8.331743524531284493e+03
2.193582873977720737e+02 8.329497070312500000e+03 8.331722534147780607e+03
2.193787204772233963e+02 8.330010742187500000e+03 8.331701890613214346e+03
2.193991533559747040e+02 8.332845703125000000e+03 8.331681591844044306e+03
2.194195863343775272e+02 8.332184570312500000e+03 8.331661635153952375e+03
2.194400194133631885e+02 8.332111328125000000e+03 8.331642018161654050e+03
2.194604522921144962e+02 8.328450195312500000e+03 8.331622738768090130e+03
2.194808852705173194e+02 8.328754882812500000e+03 8.331603794302427559e+03
2.195013183490373194e+02 8.334331054687500000e+03 8.331585182383743813e+03
2.195217512273229659e+02 8.323644531250000000e+03 8.331566900897805681e+03
2.195421842052601278e+02 8.332081054687500000e+03 8.331548947188473903e+03
2.195626171836629510e+02 8.329229492187500000e+03 8.331531318959929195e+03
2.195830501616001129e+02 8.328846679687500000e+03 8.331514013827589224e+03
2.196034831395372748e+02 8.335025390625000000e+03 8.331497029405658395e+03
2.196239161174744368e+02 8.324006835937500000e+03 8.331480363308746746e+03
2.196443490949459374e+02 8.329470703125000000e+03 8.331464013151842664e+03
2.196647820728830993e+02 8.327821289062500000e+03 8.331447976548804945e+03
2.196852149502374232e+02 8.323392578125000000e+03 8.331432251191279647e+03
2.197056479277089238e+02 8.328290039062500000e+03 8.331416834539408228e+03
2.197260810052976012e+02 8.323996093750000000e+03 8.331401724212331828e+03
2.197465138821862638e+02 8.336044921875000000e+03 8.331386918044863705e+03
2.197669468596577644e+02 8.331412109375000000e+03 8.331372413431072346e+03
2.197873799367807806e+02 8.327355468750000000e+03 8.331358207990642768e+03
2.198078128136694431e+02 8.324774414062500000e+03 8.331344299544487512e+03
2.198282457906752825e+02 8.329548828125000000e+03 8.331330685500586696e+03
2.198486788673326373e+02 8.328500000000000000e+03 8.331317363478166953e+03
2.198691118438728154e+02 8.334923828125000000e+03 8.331304331222070687e+03
2.198895447207614779e+02 8.324770507812500000e+03 8.331291586342380469e+03
2.199099776968359947e+02 8.333744140625000000e+03 8.331279126329684004e+03
2.199304107734933496e+02 8.332530273437500000e+03 8.331266948801905528e+03
2.199508436499163508e+02 8.339441406250000000e+03 8.331255051550881035e+03
2.199712766259908676e+02 8.328853515625000000e+03 8.331243432014545760e+03
2.199917097021825612e+02 8.329745117187500000e+03 8.331232087811309611e+03
2.200121425781399012e+02 8.334096679687500000e+03 8.331221016720521220e+03
2.200325755537487566e+02 8.329505859375000000e+03 8.331210216192299413e+03
2.200530085298232734e+02 8.326605468750000000e+03 8.331199683895676571e+03
2.200734415054321289e+02 8.322655273437500000e+03 8.331189417445744766e+03
2.200938744810409844e+02 8.324924804687500000e+03 8.331179414456879385e+03
2.201143074566498399e+02 8.337478515625000000e+03 8.331169672543688648e+03
2.201347405319102108e+02 8.325173828125000000e+03 8.331160189275165976e+03
2.201551734074018896e+02 8.337035156250000000e+03 8.331150962402994992e+03
2.201756063825450838e+02 8.345283203125000000e+03 8.331141989404710330e+03
2.201960394578054547e+02 8.331677734375000000e+03 8.331133267898419945e+03
2.202164723328314722e+02 8.332928710937500000e+03 8.331124795625104525e+03
2.202369053079746664e+02 8.326890625000000000e+03 8.331116570073010735e+03
2.202573381825350225e+02 8.325458007812500000e+03 8.331108588937568129e+03
2.202777712573297322e+02 8.337635742187500000e+03 8.331100849717662641e+03
2.202982042320072651e+02 8.331235351562500000e+03 8.331093350143442876e+03
2.203186372066847980e+02 8.329989257812500000e+03 8.331086087791010868e+03
2.203390701813623309e+02 8.331864257812500000e+03 8.331079060274980293e+03
2.203595031555742025e+02 8.334895507812500000e+03 8.331072265210117621e+03
2.203799361297860742e+02 8.330746093750000000e+03 8.331065700210871000e+03
2.204003690043464303e+02 8.326321289062500000e+03 8.331059362922213040e+03
2.204208020782098174e+02 8.331269531250000000e+03 8.331053250867691531e+03
2.204412350524216890e+02 8.333152343750000000e+03 8.331047361752982397e+03
2.204616679260507226e+02 8.329175781250000000e+03 8.331041693189712532e+03
2.204821009999141097e+02 8.329118164062500000e+03 8.331036242710641091e+03
2.205025339736603200e+02 8.326583984375000000e+03 8.331031008012103484e+03
2.205229668472893536e+02 8.331797851562500000e+03 8.331025986705550167e+03
2.205433999211527407e+02 8.326561523437500000e+03 8.331021176333350013e+03
2.205638328944332898e+02 8.332773437500000000e+03 8.331016574582468820e+03
2.205842657680623233e+02 8.330760742187500000e+03 8.331012179064260636e+03
2.206046987413428724e+02 8.336363281250000000e+03 8.331007987350480107e+03
2.206251317141577601e+02 8.326254882812500000e+03 8.331003997077765234e+03
2.206455647875554860e+02 8.330177734375000000e+03 8.331000205842454307e+03
2.206659976602531970e+02 8.326765625000000000e+03 8.330996611313612448e+03
2.206864306330680847e+02 8.329299804687500000e+03 8.330993211051489197e+03
2.207068636063486338e+02 8.322185546875000000e+03 8.330990002688720779e+03
2.207272965786978602e+02 8.333516601562500000e+03 8.330986983840131870e+03
2.207477294513955712e+02 8.334517578125000000e+03 8.330984152133545649e+03
2.207681625238619745e+02 8.326044921875000000e+03 8.330981505143447066e+03
2.207885954966768622e+02 8.333359375000000000e+03 8.330979040524583979e+03
2.208090283689089119e+02 8.325746093750000000e+03 8.330976755889027118e+03
2.208294614409096539e+02 8.332029296875000000e+03 8.330974648819101276e+03
2.208498944132588804e+02 8.328258789062500000e+03 8.330972716961601691e+03
2.208703273851424456e+02 8.338817382812500000e+03 8.330970957920470028e+03
2.208907602573744953e+02 8.331936523437500000e+03 8.330969369317614110e+03
2.209316263007931411e+02 8.331606445312500000e+03 8.330966693841159213e+03
2.209520591725595295e+02 8.330763671875000000e+03 8.330965602216419938e+03
2.209724922440946102e+02 8.326780273437500000e+03 8.330964671471188922e+03
2.209929252155125141e+02 8.329783203125000000e+03 8.330963899234913697e+03
2.210133580872789025e+02 8.343541992187500000e+03 8.330963283119885091e+03
2.210337911583483219e+02 8.331782226562500000e+03 8.330962820732833279e+03
2.210542241297662258e+02 8.331218750000000000e+03 8.330962509696255438e+03
2.210746570010669529e+02 8.331348632812500000e+03 8.330962347622575180e+03
2.210950899720191956e+02 8.333223632812500000e+03 8.330962332124821842e+03
2.211155230430886149e+02 8.331282226562500000e+03 8.330962460819750049e+03
2.211359559139236808e+02 8.331832031250000000e+03 8.330962731319024897e+03
2.211563888844102621e+02 8.322673828125000000e+03 8.330963141240197729e+03
2.211768219554796815e+02 8.334484375000000000e+03 8.330963688199932221e+03
2.211972549259662628e+02 8.335671875000000000e+03 8.330964369807448747e+03
2.212176877963356674e+02 8.332160156250000000e+03 8.330965183675409207e+03
2.212381207668222487e+02 8.334483398437500000e+03 8.330966127426418097e+03
2.212585538374260068e+02 8.329921875000000000e+03 8.330967198676975386e+03
2.212789867073297501e+02 8.326030273437500000e+03 8.330968395025001882e+03
2.213198527474887669e+02 8.335062500000000000e+03 8.330971153523791145e+03
2.213402856178581715e+02 8.328609375000000000e+03 8.330972710883575928e+03
2.213607185874134302e+02 8.336784179687500000e+03 8.330974383817694616e+03
2.213811516575515270e+02 8.328803710937500000e+03 8.330976169942554407e+03
2.214015845269896090e+02 8.328766601562500000e+03 8.330978066845618741e+03
2.214220174965448678e+02 8.334595703125000000e+03 8.330980072168611514e+03
2.214424504661001265e+02 8.335988281250000000e+03 8.330982183517127851e+03
2.214628835353069007e+02 8.336962890625000000e+03 8.330984398516831789e+03
2.214833164047449827e+02 8.330137695312500000e+03 8.330986714749131352e+03
2.215037493738345802e+02 8.339293945312500000e+03 8.330989129861849506e+03
2.215241824435070157e+02 8.335776367187500000e+03 8.330991641471138792e+03
2.215446153124794364e+02 8.325814453125000000e+03 8.330994247153892502e+03
2.215650482811033726e+02 8.331942382812500000e+03 8.330996944562331919e+03
2.215854811500757933e+02 8.328047851562500000e+03 8.330999731284784502e+03
2.216059142188169062e+02 8.336732421875000000e+03 8.331002604977355077e+03
2.216263471874408424e+02 8.329355468750000000e+03 8.331005563213104324e+03
2.216467801565304399e+02 8.334552734375000000e+03 8.331008603620597569e+03
2.216672131246887147e+02 8.331356445312500000e+03 8.331011723814230209e+03
2.216876459931954741e+02 8.332593750000000000e+03 8.331014921392983524e+03
2.217080790614709258e+02 8.328964843750000000e+03 8.331018194018881331e+03
2.217285120300948620e+02 8.333177734375000000e+03 8.331021539259130805e+03
2.217489449982531369e+02 8.329017578125000000e+03 8.331024954744050774e+03
2.217693778662942350e+02 8.332489257812500000e+03 8.331028438071098208e+03
2.217898108339868486e+02 8.335574218750000000e+03 8.331031986888956453e+03
2.218102439022623003e+02 8.327582031250000000e+03 8.331035598813346951e+03
2.218306767698377371e+02 8.335919921875000000e+03 8.331039271405174077e+03
2.218511097375303507e+02 8.332099609375000000e+03 8.331043002332680771e+03
2.218715428053401411e+02 8.334616210937500000e+03 8.331046789211326541e+03
2.218919756729155779e+02 8.333436523437500000e+03 8.331050629599660169e+03
2.219124086401425302e+02 8.331326171875000000e+03 8.331054521168272913e+03
2.219328416073694825e+02 8.324851562500000000e+03 8.331058461513179282e+03
2.219532745750620961e+02 8.333566406250000000e+03 8.331062448249087538e+03
2.219737075422890484e+02 8.328702148437500000e+03 8.331066478990434916e+03
2.219941405090503395e+02 8.332700195312500000e+03 8.331070551351829636e+03
2.220145734762772918e+02 8.335195312500000000e+03 8.331074662948070909e+03
2.220350064430385828e+02 8.331498046875000000e+03 8.331078811393601427e+03
2.220554394097998738e+02 8.330463867187500000e+03 8.331082994303116720e+03
2.220758724766783416e+02 8.331846679687500000e+03 8.331087209311966944e+03
2.220963053433224559e+02 8.325320312500000000e+03 8.331091453972587260e+03
2.221167383100837469e+02 8.329960937500000000e+03 8.331095725961768039e+03
2.221371711767278612e+02 8.329893554687500000e+03 8.331100022852298935e+03
2.221576042431406677e+02 8.335543945312500000e+03 8.331104342322021694e+03
2.221780372094362974e+02 8.330291992187500000e+03 8.331108681922323740e+03
2.221984701757319272e+02 8.336771484375000000e+03 8.331113039288928121e+03
2.222189031415618956e+02 8.330669921875000000e+03 8.331117412036353926e+03
2.222393361078575253e+02 8.340520507812500000e+03 8.331121797779413100e+03
2.222597690736874938e+02 8.328761718750000000e+03 8.331126194132528326e+03
2.222802019394002855e+02 8.328629882812500000e+03 8.331130598688814644e+03
2.223006350053474307e+02 8.329989257812500000e+03 8.331135009127681769e+03
2.223210679711773992e+02 8.322732421875000000e+03 8.331139422998954615e+03
2.223415008368901908e+02 8.332210937500000000e+03 8.331143837917214114e+03
2.223619339023716748e+02 8.329281250000000000e+03 8.331148251561875441e+03
2.223823668677359819e+02 8.330977539062500000e+03 8.331152661482756230e+03
2.224027997329831123e+02 8.328665039062500000e+03 8.331157065294548374e+03
2.224232327984645963e+02 8.330085937500000000e+03 8.331161460676546994e+03
2.224436657633632421e+02 8.322968750000000000e+03 8.331165845178587915e+03
2.224640986286103725e+02 8.322047851562500000e+03 8.331170216415670438e+03
2.224845315935090184e+02 8.337088867187500000e+03 8.331174572045054447e+03
2.225049646585248411e+02 8.331450195312500000e+03 8.331178909681213554e+03
2.225253976234234869e+02 8.336088867187500000e+03 8.331183226896240740e+03
2.225458304882049561e+02 8.332864257812500000e+03 8.331187521305077098e+03
2.225662635527551174e+02 8.333036132812500000e+03 8.331191790585184208e+03
2.225866965176537633e+02 8.331855468750000000e+03 8.331196032288436982e+03
2.226071293819695711e+02 8.333023437500000000e+03 8.331200244029671012e+03
2.226275623464025557e+02 8.333583007812500000e+03 8.331204423464885622e+03
2.226479954104870558e+02 8.325443359375000000e+03 8.331208568208114229e+03
2.226684282748028636e+02 8.336085937500000000e+03 8.331212675813503665e+03
2.226888612392358482e+02 8.335628906250000000e+03 8.331216743956236314e+03
2.227092942032031715e+02 8.328277343750000000e+03 8.331220770230615017e+03
2.227297271671704948e+02 8.333738281250000000e+03 8.331224752251355312e+03
2.227501601311378181e+02 8.332885742187500000e+03 8.331228687633069057e+03
2.227705930951051414e+02 8.328744140625000000e+03 8.331232573990375386e+03
2.227910260586068034e+02 8.331069335937500000e+03 8.331236408937806118e+03
2.228114590221084654e+02 8.328474609375000000e+03 8.331240190090069518e+03
2.228318918859586120e+02 8.335222656250000000e+03 8.331243915043753077e+03
2.228523249491117895e+02 8.329011718750000000e+03 8.331247581467552664e+03
2.228727579126134515e+02 8.325050781250000000e+03 8.331251186922010675e+03
2.228931907759979367e+02 8.335276367187500000e+03 8.331254729022570245e+03
2.229136238391511142e+02 8.336266601562500000e+03 8.331258205435364289e+03
2.229340568021871150e+02 8.327805664062500000e+03 8.331261613723501796e+03
2.229544896655716002e+02 8.332820312500000000e+03 8.331264951502689655e+03
2.229749226286076009e+02 8.330681640625000000e+03 8.331268216420116005e+03
2.229953556912951171e+02 8.329510742187500000e+03 8.331271406089315860e+03
2.230157885542139411e+02 8.327347656250000000e+03 8.331274518078727851e+03
2.230362215167842805e+02 8.332798828125000000e+03 8.331277550049149795e+03
2.230566545794717968e+02 8.328757812500000000e+03 8.331280499614076689e+03
2.230770875420421362e+02 8.329450195312500000e+03 8.331283364359218467e+03
2.230975204044952989e+02 8.332165039062500000e+03 8.331286141900447547e+03
2.231179534667171538e+02 8.332125000000000000e+03 8.331288829892506328e+03
2.231383864292874932e+02 8.327847656250000000e+03 8.331291425909952522e+03
2.231588192912749946e+02 8.330854492187500000e+03 8.331293927568658546e+03
2.231792522533796728e+02 8.327426757812500000e+03 8.331296332507825355e+03
2.231996853156015277e+02 8.330221679687500000e+03 8.331298638340635080e+03
2.232201181775890291e+02 8.333748046875000000e+03 8.331300842648546677e+03
2.232405511392280459e+02 8.329527343750000000e+03 8.331302943079293982e+03
2.232609842014499009e+02 8.330189453125000000e+03 8.331304937246033660e+03
2.232814170629717410e+02 8.327870117187500000e+03 8.331306822734781235e+03
2.233018500246107578e+02 8.341930664062500000e+03 8.331308597188723070e+03
2.233222829862497747e+02 8.332643554687500000e+03 8.331310258212964982e+03
2.233427159474231303e+02 8.332700195312500000e+03 8.331311803422093362e+03
2.233631489090621471e+02 8.331934570312500000e+03 8.331313230430798285e+03
2.233835818702355027e+02 8.333467773437500000e+03 8.331314536853631580e+03
2.234040149315260351e+02 8.334518554687500000e+03 8.331315720310740289e+03
2.234244477925822139e+02 8.325584960937500000e+03 8.331316778400261683e+03
2.234448807537555695e+02 8.333157226562500000e+03 8.331317708753291299e+03
2.234653138145804405e+02 8.324461914062500000e+03 8.331318508982540152e+03
2.235061796363443136e+02 8.330222656250000000e+03 8.331319709506655272e+03
2.235266124969348311e+02 8.335254882812500000e+03 8.331320105036338646e+03
2.235470455577597022e+02 8.330187500000000000e+03 8.331320360900335800e+03
