1.519832872000522912e+03 8.055802734375000000e+03 8.056883855787276843e+03
1.519853306315839291e+03 8.061363281250000000e+03 8.057017484594513007e+03
1.519873740431386977e+03 8.056016601562500000e+03 8.057150515342524159e+03
1.519894174746703357e+03 8.060899902343750000e+03 8.057282950429232187e+03
1.519914608962368220e+03 8.052391601562500000e+03 8.057414787706540665e+03
1.519935043077915907e+03 8.052071289062500000e+03 8.057546026977041947e+03
1.519955477393232286e+03 8.056205566406250000e+03 8.057676669959239007e+03
1.519975911608897150e+03 8.067855468750000000e+03 8.057806714531292528e+03
1.519996345825027674e+03 8.064373046875000000e+03 8.057936161131546214e+03
1.520016780040692538e+03 8.053179199218750000e+03 8.058065009550936338e+03
1.520037214256823063e+03 8.068472167968750000e+03 8.058193259592178947e+03
1.520057648572605103e+03 8.050905761718750000e+03 8.058320911670220994e+03
1.520078082788735628e+03 8.062577148437500000e+03 8.058447964336874065e+03
1.520098516904748976e+03 8.057108886718750000e+03 8.058574417394857846e+03
1.520118951220996678e+03 8.061889160156250000e+03 8.058700272495283571e+03
1.520139385437127203e+03 8.056811523437500000e+03 8.058825527580725065e+03
1.520159819553606212e+03 8.056801269531250000e+03 8.058950182459658208e+03
1.520180253869853914e+03 8.068451171875000000e+03 8.059074238751082703e+03
1.520200688086450100e+03 8.066533203125000000e+03 8.059197694429655712e+03
1.520221122303046286e+03 8.051081054687500000e+03 8.059320549898657191e+03
1.520241556519642472e+03 8.063523437500000000e+03 8.059442804954930580e+03
1.520261990636121482e+03 8.054531738281250000e+03 8.059564458800739885e+03
1.520282424953300506e+03 8.066504882812500000e+03 8.059685513019394421e+03
1.520302859169896692e+03 8.058572753906250000e+03 8.059805965618495975e+03
1.520323293286841363e+03 8.050924316406250000e+03 8.059925816409214349e+03
1.520343727603554726e+03 8.057128417968750000e+03 8.060045066940136167e+03
1.520364161820616573e+03 8.058178710937500000e+03 8.060163715256321666e+03
1.520384596137795597e+03 8.063193359375000000e+03 8.060281762314514708e+03
1.520405030254740268e+03 8.044670898437500000e+03 8.060399206180880356e+03
1.520425464472267777e+03 8.052102050781250000e+03 8.060516048385590693e+03
1.520445898789446801e+03 8.069047363281250000e+03 8.060632288711301044e+03
1.520466332906857133e+03 8.066087890625000000e+03 8.060747925256036979e+03
1.520507201441563666e+03 8.057473144531250000e+03 8.060977391282855933e+03
1.520527635558973998e+03 8.057419433593750000e+03 8.061091218674839183e+03
1.520548069876618683e+03 8.058743652343750000e+03 8.061204443719067058e+03
1.520568504094611853e+03 8.050766113281250000e+03 8.061317064546272377e+03
1.520588938312139362e+03 8.051726562500000000e+03 8.061429081504384158e+03
1.520609372530132532e+03 8.076562988281250000e+03 8.061540494395347196e+03
1.520629806747660041e+03 8.070304687500000000e+03 8.061651303010921765e+03
1.520650240965653211e+03 8.056811035156250000e+03 8.061761507152999911e+03
1.520670675183646381e+03 8.065929199218750000e+03 8.061871106615883946e+03
1.520691109401639551e+03 8.057283203125000000e+03 8.061980101196416399e+03
1.520711543720215559e+03 8.056649414062500000e+03 8.062088491223467827e+03
1.520731977838091552e+03 8.064242675781250000e+03 8.062196274900230492e+03
1.520752412056550384e+03 8.067225097656250000e+03 8.062303453617161722e+03
1.520772846374660730e+03 8.058083496093750000e+03 8.062410027157317018e+03
1.520793280593119562e+03 8.061829589843750000e+03 8.062515994278087419e+03
1.520813714711461216e+03 8.057108886718750000e+03 8.062621354782777416e+03
1.520834149030037224e+03 8.069477539062500000e+03 8.062726110012423305e+03
1.520854583148844540e+03 8.047395019531250000e+03 8.062830257713250830e+03
1.520875017467420548e+03 8.068479492187500000e+03 8.062933799718441151e+03
1.520895451686345041e+03 8.064526367187500000e+03 8.063036734303194862e+03
1.520915885805152357e+03 8.058769042968750000e+03 8.063139061270903767e+03
1.520936320123728365e+03 8.070764648437500000e+03 8.063240781915693333e+03
1.520956754342652857e+03 8.073247070312500000e+03 8.063341894539441455e+03
1.520977188461460173e+03 8.060838378906250000e+03 8.063442398945595414e+03
1.520997622780501842e+03 8.061268554687500000e+03 8.063542296403795262e+03
1.521018056999891996e+03 8.071186523437500000e+03 8.063641585240331551e+03
1.521038491119164973e+03 8.060469238281250000e+03 8.063740265258704312e+03
1.521058925438206643e+03 8.050331054687500000e+03 8.063838337699502517e+03
1.521079359657596797e+03 8.065148437500000000e+03 8.063935800918055975e+03
1.521099793977104127e+03 8.070331054687500000e+03 8.064032655663999321e+03
1.521120228096377105e+03 8.058808105468750000e+03 8.064128900315038663e+03
1.521140662315767258e+03 8.058575195312500000e+03 8.064224536087145680e+03
1.521161096635274589e+03 8.063993652343750000e+03 8.064319562768201649e+03
1.521181530755013227e+03 8.056070312500000000e+03 8.064413978764932835e+03
1.521201964974869043e+03 8.069991699218750000e+03 8.064507785264260747e+03
1.521222399294376373e+03 8.078225585937500000e+03 8.064600982051944811e+03
1.521242833414115012e+03 8.062231933593750000e+03 8.064693567563712350e+03
1.521263267734088004e+03 8.065295898437500000e+03 8.064785543408764170e+03
1.521283701953943819e+03 8.067502441406250000e+03 8.064876908027556965e+03
1.521304136174265295e+03 8.060182128906250000e+03 8.064967661671118549e+03
1.521324570394121110e+03 8.066451660156250000e+03 8.065057804132150522e+03
1.521345004614442587e+03 8.075084960937500000e+03 8.065147335211602694e+03
1.521365438834764063e+03 8.068324218750000000e+03 8.065236254704251223e+03
1.521385873054619879e+03 8.070199707031250000e+03 8.065324562404929566e+03
1.521406307274941355e+03 8.078154296875000000e+03 8.065412258114502038e+03
1.521426741495728493e+03 8.070476074218750000e+03 8.065499341629765695e+03
1.521447175816167146e+03 8.055837890625000000e+03 8.065585813165753279e+03
1.521467609936371446e+03 8.059103027343750000e+03 8.065671671254807734e+03
1.521488044257275760e+03 8.066176269531250000e+03 8.065756917378346770e+03
1.521508478377945721e+03 8.067787597656250000e+03 8.065841549660612145e+03
1.521528912598267198e+03 8.058119628906250000e+03 8.065925569145010741e+03
1.521549346919171512e+03 8.064843750000000000e+03 8.066008975623194601e+03
1.521569781039841473e+03 8.060634277343750000e+03 8.066091767668649481e+03
1.521590215261094272e+03 8.074867675781250000e+03 8.066173946301511933e+03
1.521610649581998587e+03 8.061198242187500000e+03 8.066255511305853361e+03
1.521631083702668548e+03 8.076788574218750000e+03 8.066336461286031408e+03
1.521651518024038523e+03 8.068082031250000000e+03 8.066416797627163760e+03
1.521671952245291322e+03 8.063652832031250000e+03 8.066496518938913141e+03
1.521692386366426945e+03 8.073613769531250000e+03 8.066575625027154274e+03
1.521712820687796921e+03 8.065222656250000000e+03 8.066654116846943907e+03
1.521733254909049720e+03 8.073110839843750000e+03 8.066731993036902168e+03
1.521753689030185342e+03 8.060658203125000000e+03 8.066809253402912873e+03
1.521774123351555318e+03 8.068139648437500000e+03 8.066885898872902544e+03
1.521794557573273778e+03 8.069887695312500000e+03 8.066961928114347756e+03
1.521814991794992238e+03 8.077697753906250000e+03 8.067037341299363106e+03
1.521835426016245037e+03 8.072825683593750000e+03 8.067112138223090369e+03
1.521855860237963498e+03 8.071462890625000000e+03 8.067186318685778133e+03
1.521876294559799135e+03 8.059375488281250000e+03 8.067259882841465696e+03
1.521896728681866080e+03 8.061332519531250000e+03 8.067332829411908278e+03
1.521917162903584540e+03 8.050638183593750000e+03 8.067405159267356794e+03
1.521937597225420177e+03 8.072301269531250000e+03 8.067476872197256853e+03
1.521958031447604299e+03 8.066440917968750000e+03 8.067547967297341529e+03
1.521978465569671243e+03 8.059681640625000000e+03 8.067618444371891201e+03
1.521998899891972542e+03 8.066738769531250000e+03 8.067688304249111752e+03
1.522019334114156663e+03 8.061402343750000000e+03 8.067757545694472356e+03
1.522039768236223608e+03 8.063045898437500000e+03 8.067826168513902303e+03
1.522060202558524907e+03 8.070322265625000000e+03 8.067894173508346285e+03
1.522080636780709028e+03 8.068246093750000000e+03 8.067961559470536486e+03
1.522101071103475988e+03 8.068900878906250000e+03 8.068028326859133813e+03
1.522121505226008594e+03 8.072355468750000000e+03 8.068094474492612790e+03
1.522141939448192716e+03 8.070537597656250000e+03 8.068160003143153517e+03
1.522162373670842499e+03 8.064533203125000000e+03 8.068224912284967104e+03
1.522182807893492281e+03 8.072172363281250000e+03 8.068289201713395414e+03
1.522203242016490549e+03 8.071420410156250000e+03 8.068352870916294705e+03
1.522223676339257509e+03 8.064471191406250000e+03 8.068415920618884229e+03
1.522244110561907291e+03 8.073074707031250000e+03 8.068478349688177332e+03
1.522264544885139912e+03 8.071131347656250000e+03 8.068540158534153306e+03
1.522284979008138180e+03 8.064983886718750000e+03 8.068601346048289088e+03
1.522305413231253624e+03 8.059205566406250000e+03 8.068661912931353982e+03
1.522325847554020584e+03 8.074799804687500000e+03 8.068721858969702225e+03
1.522346281677484512e+03 8.077384765625000000e+03 8.068781183087703539e+03
1.522366715900599957e+03 8.082977050781250000e+03 8.068839885954664169e+03
1.522387150223832577e+03 8.084187500000000000e+03 8.068897967359644099e+03
1.522407584347296506e+03 8.067459960937500000e+03 8.068955426251653989e+03
1.522428018570411950e+03 8.063368652343750000e+03 8.069012263274044017e+03
1.522448452894110233e+03 8.075963378906250000e+03 8.069068478217102893e+03
1.522468887117691338e+03 8.060480957031250000e+03 8.069124070325511639e+03
1.522489321341272444e+03 8.064957519531250000e+03 8.069179039673063016e+03
1.522509755564853549e+03 8.071059082031250000e+03 8.069233386056596828e+03
1.522530189788434654e+03 8.079531738281250000e+03 8.069287109272946509e+03
1.522550624012015760e+03 8.068636230468750000e+03 8.069340209118958228e+03
1.522571058236062527e+03 8.075980468750000000e+03 8.069392685392653220e+03
1.522591492459643632e+03 8.066186523437500000e+03 8.069444537888482955e+03
1.522611926783807576e+03 8.062402343750000000e+03 8.069495766655110856e+03
1.522632360907737166e+03 8.067933105468750000e+03 8.069546370739798476e+03
1.522652795131783932e+03 8.077776855468750000e+03 8.069596350687772429e+03
1.522673229455947876e+03 8.064903320312500000e+03 8.069645706286695713e+03
1.522693663579877466e+03 8.065390136718750000e+03 8.069694436612551726e+03
1.522714097904507071e+03 8.074174804687500000e+03 8.069742542418282028e+03
1.522734532128553838e+03 8.068073730468750000e+03 8.069790022786866757e+03
1.522754966252949089e+03 8.066064941406250000e+03 8.069836877526495300e+03
1.522775400577113032e+03 8.075944824218750000e+03 8.069883107115972962e+03
1.522795834801625460e+03 8.060719726562500000e+03 8.069928710670148575e+03
1.522816268926486373e+03 8.070022949218750000e+03 8.069973687995010550e+03
1.522857137375511229e+03 8.067267089843750000e+03 8.070061764239355398e+03
1.522877571700140834e+03 8.070456054687500000e+03 8.070104862741267425e+03
1.522898005925118923e+03 8.064186523437500000e+03 8.070147334207307722e+03
1.522918440049979836e+03 8.067559082031250000e+03 8.070189178442540651e+03
1.522938874374609441e+03 8.060523437500000000e+03 8.070230395853312075e+03
1.522959308599587530e+03 8.066774414062500000e+03 8.070270985627901609e+03
1.522979742724448442e+03 8.061145507812500000e+03 8.070310947571424549e+03
1.523000177049543709e+03 8.073115234375000000e+03 8.070350282063484883e+03
1.523020611274521798e+03 8.071947753906250000e+03 8.070388988318158226e+03
1.523041045499965549e+03 8.077546875000000000e+03 8.070427066327398279e+03
1.523061479724943638e+03 8.067985351562500000e+03 8.070464515886307709e+03
1.523081913950387388e+03 8.060995605468750000e+03 8.070501336793431619e+03
1.523102348275482655e+03 8.067105957031250000e+03 8.070537529019715294e+03
1.523122782400809228e+03 8.068378417968750000e+03 8.070573091836297863e+03
1.523143216626252979e+03 8.062955566406250000e+03 8.070608025566536526e+03
1.523163650951813906e+03 8.058314941406250000e+03 8.070642329998015157e+03
1.523184085177723318e+03 8.072369628906250000e+03 8.070676004592187383e+03
1.523204519303049892e+03 8.065231933593750000e+03 8.070709049153612796e+03
1.523224953628610820e+03 8.078723144531250000e+03 8.070741463960981491e+03
1.523245387854520231e+03 8.072563964843750000e+03 8.070773248330774550e+03
1.523265821980312467e+03 8.073355957031250000e+03 8.070804402068350100e+03
1.523286256305873394e+03 8.069435546875000000e+03 8.070834925423137975e+03
1.523306690531782806e+03 8.067995117187500000e+03 8.070864817740088256e+03
1.523327124857809395e+03 8.073646972656250000e+03 8.070894079108247752e+03
1.523347558984067291e+03 8.064615722656250000e+03 8.070922708899647660e+03
1.523367993209976703e+03 8.069634765625000000e+03 8.070950707335276093e+03
1.523388427536003292e+03 8.075999023437500000e+03 8.070978074203347205e+03
1.523408861662261188e+03 8.074044433593750000e+03 8.071004808903696357e+03
1.523429295888636261e+03 8.075238769531250000e+03 8.071030911630141418e+03
1.523449730115011334e+03 8.068186523437500000e+03 8.071056382046979707e+03
1.523470164340920746e+03 8.069416503906250000e+03 8.071081219950494415e+03
1.523490598667412996e+03 8.070432128906250000e+03 8.071105425255700538e+03
1.523511032794136554e+03 8.078229980468750000e+03 8.071128997408264695e+03
1.523531467020511627e+03 8.069639160156250000e+03 8.071151936555077555e+03
1.523551901347003877e+03 8.071986816406250000e+03 8.071174242484215938e+03
1.523572335473727435e+03 8.077129394531250000e+03 8.071195914669800004e+03
1.523592769700568169e+03 8.074078613281250000e+03 8.071216953231360094e+03
1.523613204027060419e+03 8.084535156250000000e+03 8.071237357955959851e+03
1.523633638153783977e+03 8.073370605468750000e+03 8.071257128346109312e+03
1.523654072380624712e+03 8.077735351562500000e+03 8.071276264493434610e+03
1.523674506707582623e+03 8.075008300781250000e+03 8.071294766185448680e+03
1.523694940934423357e+03 8.072142089843750000e+03 8.071312633037691739e+03
1.523715375161729753e+03 8.081912109375000000e+03 8.071329864939591971e+03
1.523735809388570487e+03 8.056888671875000000e+03 8.071346461687202464e+03
1.523756243615876883e+03 8.073093261718750000e+03 8.071362423078120628e+03
1.523776677843183279e+03 8.077716308593750000e+03 8.071377748908795184e+03
1.523797112070024014e+03 8.075723144531250000e+03 8.071392438975742152e+03
1.523817546297330409e+03 8.077551269531250000e+03 8.071406493076465267e+03
1.523837980624753982e+03 8.070586425781250000e+03 8.071419911071649949e+03
1.523858414752408862e+03 8.064800292968750000e+03 8.071432692565866091e+03
1.523878848979715258e+03 8.070750976562500000e+03 8.071444837547918723e+03
1.523899283307138830e+03 8.074274902343750000e+03 8.071456345805589990e+03
1.523919717434793711e+03 8.072761718750000000e+03 8.071467216971483140e+03
1.523940151762217283e+03 8.062480468750000000e+03 8.071477451054995072e+03
1.523960585989989340e+03 8.073861816406250000e+03 8.071487047698325114e+03
1.523981020117644221e+03 8.062879394531250000e+03 8.071496006707438028e+03
1.524001454445533454e+03 8.065699707031250000e+03 8.071504328006172727e+03
