2.565465386551804841e+02 9.065094726562500000e+03 9.074648043265566230e+03
2.565669714366085827e+02 9.070907226562500000e+03 9.071168199967280088e+03
2.565874041179195046e+02 9.073383789062500000e+03 9.067853409231860496e+03
2.566078369989991188e+02 9.065127929687500000e+03 9.064699338291306049e+03
2.566282697804272175e+02 9.061375976562500000e+03 9.061701749231860958e+03
2.566487024622038007e+02 9.059450195312500000e+03 9.058856354491514139e+03
2.566691353432834148e+02 9.056319335937500000e+03 9.056158828227053164e+03
2.566895681247115135e+02 9.057363281250000000e+03 9.053604925673531397e+03
2.567100008060224354e+02 9.055188476562500000e+03 9.051190359510506823e+03
2.567304336875677109e+02 9.049004882812500000e+03 9.048910809943838103e+03
2.567508664689958096e+02 9.056440429687500000e+03 9.046762026159503876e+03
2.567712991507723927e+02 9.054541992187500000e+03 9.044739720918223611e+03
2.567917319322004914e+02 9.038632812500000000e+03 9.042839589207505924e+03
2.568121648137457669e+02 9.036312500000000000e+03 9.041057347440291778e+03
2.568325975951738656e+02 9.031341796875000000e+03 9.039388727760289839e+03
2.568530302769504488e+02 9.036351562500000000e+03 9.037829443190530583e+03
2.568734631584957242e+02 9.033112304687500000e+03 9.036375186359662621e+03
2.569143286217004061e+02 9.027839843750000000e+03 9.033764679525611427e+03
2.569347615032456815e+02 9.028904296875000000e+03 9.032599839704793339e+03
2.569551942846737802e+02 9.034187500000000000e+03 9.031522907058364581e+03
2.569756269664503634e+02 9.026731445312500000e+03 9.030529594999916299e+03
2.569960598479956388e+02 9.033083984375000000e+03 9.029615604262859051e+03
2.570164926298893988e+02 9.032174804687500000e+03 9.028776663508946513e+03
2.570369253116659820e+02 9.022092773437500000e+03 9.028008486383883792e+03
2.570573580930940807e+02 9.025677734375000000e+03 9.027306780088150845e+03
2.570777909751050174e+02 9.025185546875000000e+03 9.026667260231119144e+03
2.570982236568816006e+02 9.035046875000000000e+03 9.026085650489638283e+03
2.571186564387753606e+02 9.016824218750000000e+03 9.025557656594844957e+03
2.571390893203206360e+02 9.020536132812500000e+03 9.025078994009418238e+03
2.571595221022143960e+02 9.020287109375000000e+03 9.024645382080454510e+03
2.571799547839909792e+02 9.033083984375000000e+03 9.024252534884350098e+03
2.572003876660019159e+02 9.031733398437500000e+03 9.023896161620639759e+03
2.572208204478956759e+02 9.026676757812500000e+03 9.023571982481043960e+03
2.572412531296722591e+02 9.023898437500000000e+03 9.023275711719463288e+03
2.572616860116831958e+02 9.018560546875000000e+03 9.023003059860593567e+03
2.572821187935769558e+02 9.027673828125000000e+03 9.022749745770992376e+03
2.573025514753535390e+02 9.015741210937500000e+03 9.022511751206409826e+03
2.573229842572472990e+02 9.018970703125000000e+03 9.022287682557311200e+03
2.573434171392582357e+02 9.018874023437500000e+03 9.022077639900780923e+03
2.573638498215004802e+02 9.023226562500000000e+03 9.021881743212386937e+03
2.573842826033942401e+02 9.020822265625000000e+03 9.021700106513284481e+03
2.574047154854051769e+02 9.025485351562500000e+03 9.021532847005380972e+03
2.574251481676474214e+02 9.031615234375000000e+03 9.021380084033784442e+03
2.574660137314349413e+02 9.031754882812500000e+03 9.021118509427968092e+03
2.574864465137943625e+02 9.031138671875000000e+03 9.021009932564020346e+03
2.575068792956881225e+02 9.028090820312500000e+03 9.020916318658295495e+03
2.575273120780475438e+02 9.027674804687500000e+03 9.020837784702585850e+03
2.575477448604069650e+02 9.021192382812500000e+03 9.020774447695248455e+03
2.575681776423007250e+02 9.018373046875000000e+03 9.020726424633261558e+03
2.575886103245429695e+02 9.018021484375000000e+03 9.020693832632197882e+03
2.576090432070195675e+02 9.015712890625000000e+03 9.020676788324277368e+03
2.576294759893789887e+02 9.009549804687500000e+03 9.020675409070659953e+03
2.576499086716212332e+02 9.016425781250000000e+03 9.020689811636279046e+03
2.576703415536321700e+02 9.009716796875000000e+03 9.020720113344599667e+03
2.576907743359915912e+02 9.019102539062500000e+03 9.020766430864776339e+03
2.577112071183510125e+02 9.020071289062500000e+03 9.020828881301789806e+03
2.577316399007104337e+02 9.019679687500000000e+03 9.020907581651692453e+03
2.577520726830698550e+02 9.021782226562500000e+03 9.021002648910543940e+03
2.577725054654292762e+02 9.025565429687500000e+03 9.021114200074403925e+03
2.577929381481371820e+02 9.015913085937500000e+03 9.021242351473652889e+03
2.578133710306137800e+02 9.032416015625000000e+03 9.021387222104867760e+03
2.578338038129732013e+02 9.015439453125000000e+03 9.021548926960484096e+03
2.578542364952154458e+02 9.011619140625000000e+03 9.021727582788229483e+03
2.578746693776920438e+02 9.022736328125000000e+03 9.021923309335496015e+03
2.578951021605171263e+02 9.017207031250000000e+03 9.022136220852058614e+03
2.579155348432250321e+02 9.018413085937500000e+03 9.022366434076233418e+03
2.579359677257016301e+02 9.017107421875000000e+03 9.022614069510029367e+03
2.579564005080610514e+02 9.021044921875000000e+03 9.022879240642767400e+03
2.579768331907689571e+02 9.026239257812500000e+03 9.023162064218511659e+03
2.579972660737112164e+02 9.021016601562500000e+03 9.023462661515195578e+03
2.580176988560706377e+02 9.025428710937500000e+03 9.023781145233708230e+03
2.580381316388957202e+02 9.020787109375000000e+03 9.024117622102006862e+03
2.580585643216036260e+02 9.028609375000000000e+03 9.024471808416870772e+03
2.580789972045458853e+02 9.026112304687500000e+03 9.024842960793306702e+03
2.580994299869053066e+02 9.032364257812500000e+03 9.025230297365567822e+03
2.581198626700788736e+02 9.027084960937500000e+03 9.025633041404664255e+03
2.581402955525554717e+02 9.019009765625000000e+03 9.026050422379725205e+03
2.581607283353805542e+02 9.026062500000000000e+03 9.026481657765403725e+03
2.581811610185541213e+02 9.030980468750000000e+03 9.026925970840849914e+03
2.582015939010307193e+02 9.038827148437500000e+03 9.027382591675010190e+03
2.582220266843214631e+02 9.025787109375000000e+03 9.027850737162158111e+03
2.582424593670293689e+02 9.027466796875000000e+03 9.028329630583149992e+03
2.582628921498544514e+02 9.023345703125000000e+03 9.028818500120933095e+03
2.582833250327967107e+02 9.036284179687500000e+03 9.029316569392613019e+03
2.583037578160874546e+02 9.027919921875000000e+03 9.029823057001982306e+03
2.583241904992610216e+02 9.026209960937500000e+03 9.030337186295877473e+03
2.583446233822032809e+02 9.028706054687500000e+03 9.030858188348360272e+03
2.583650561650283635e+02 9.027555664062500000e+03 9.031385279037427608e+03
2.583854888482019305e+02 9.025179687500000000e+03 9.031917681767648901e+03
2.584059217316098511e+02 9.036393554687500000e+03 9.032454627864573922e+03
2.584263545144349337e+02 9.039737304687500000e+03 9.032995332930666336e+03
2.584467871976085007e+02 9.044158203125000000e+03 9.033539020417156280e+03
2.584672200810164213e+02 9.042106445312500000e+03 9.034084921798017604e+03
2.584876527641899884e+02 9.047127929687500000e+03 9.034632249855245391e+03
2.585080855474807322e+02 9.033942382812500000e+03 9.035180236101854462e+03
2.585285182306542993e+02 9.033260742187500000e+03 9.035728098652165500e+03
2.585489511140622199e+02 9.033159179687500000e+03 9.036275069030993109e+03
2.585693838973529637e+02 9.040424804687500000e+03 9.036820362665839639e+03
2.585898166806437075e+02 9.037148437500000000e+03 9.037363205715751974e+03
2.586102494639344513e+02 9.039667968750000000e+03 9.037902821656887681e+03
2.586306822472251952e+02 9.035081054687500000e+03 9.038438433965398872e+03
2.586511150309816003e+02 9.051412109375000000e+03 9.038969266129490279e+03
2.586715478142723441e+02 9.038306640625000000e+03 9.039494541601110541e+03
2.586919805975630879e+02 9.037658203125000000e+03 9.040013483868566254e+03
2.587124133813194931e+02 9.044316406250000000e+03 9.040525316419598312e+03
2.587328460649587214e+02 9.035138671875000000e+03 9.041029260269751830e+03
2.587532789483666420e+02 9.043750976562500000e+03 9.041524546229926273e+03
2.587737117321230471e+02 9.041274414062500000e+03 9.042010391981559223e+03
2.587941444157622755e+02 9.043817382812500000e+03 9.042486802101278954e+03
2.588145772991701961e+02 9.042151367187500000e+03 9.042955834426940783e+03
2.588350100829266012e+02 9.042497070312500000e+03 9.043419864754883747e+03
2.588554427665658295e+02 9.037916992187500000e+03 9.043881275848261794e+03
2.588758756504394114e+02 9.039755859375000000e+03 9.044342457199985802e+03
2.588963084341958165e+02 9.043775390625000000e+03 9.044805784753010812e+03
2.589167412179522216e+02 9.046302734375000000e+03 9.045273643483593332e+03
2.589371739015914500e+02 9.035423828125000000e+03 9.045748413762534256e+03
2.589576067854650319e+02 9.041873046875000000e+03 9.046232485349166382e+03
2.589780395692214370e+02 9.038097656250000000e+03 9.046728233920026469e+03
2.589984722533263266e+02 9.040171875000000000e+03 9.047238042015644169e+03
2.590189051371999085e+02 9.046746093750000000e+03 9.047764299939744888e+03
2.590393379209563136e+02 9.045221679687500000e+03 9.048309382812725744e+03
2.590597706050612032e+02 9.048911132812500000e+03 9.048875673071426718e+03
2.590802034889347851e+02 9.046582031250000000e+03 9.049465561899787645e+03
2.591006362731568515e+02 9.051869140625000000e+03 9.050081423550967884e+03
2.591210689572617412e+02 9.050580078125000000e+03 9.050725640330558235e+03
2.591415018411353230e+02 9.054177734375000000e+03 9.051400604630704038e+03
2.591619346253573895e+02 9.050477539062500000e+03 9.052108689510421755e+03
2.591823674095794559e+02 9.050313476562500000e+03 9.052852280902712664e+03
2.592028000936843455e+02 9.056081054687500000e+03 9.053633757599838646e+03
2.592232329780235887e+02 9.058365234375000000e+03 9.054455514097408013e+03
2.592436657622456551e+02 9.055036132812500000e+03 9.055319921336005791e+03
2.592640984463505447e+02 9.056179687500000000e+03 9.056229361389207043e+03
2.592845313306897879e+02 9.066876953125000000e+03 9.057186230686169438e+03
2.593049641149118543e+02 9.062593750000000000e+03 9.058192898233930464e+03
2.593253967994824052e+02 9.065528320312500000e+03 9.059251746025738612e+03
2.593458296838216484e+02 9.065111328125000000e+03 9.060365172691303087e+03
2.593662624680437148e+02 9.062998046875000000e+03 9.061535545012417060e+03
2.593866951526142657e+02 9.061630859375000000e+03 9.062765244881231411e+03
2.594071279368363321e+02 9.064233398437500000e+03 9.064056667000815651e+03
2.594275608216412365e+02 9.069493164062500000e+03 9.065412195072949544e+03
2.594479935062117875e+02 9.065187500000000000e+03 9.066834191378917239e+03
2.594684262904338539e+02 9.063401367187500000e+03 9.068325059010458062e+03
2.594888590751215816e+02 9.075816406250000000e+03 9.069887173950983197e+03
2.595092918598093092e+02 9.069298828125000000e+03 9.071522918885570107e+03
2.595297246444970369e+02 9.077890625000000000e+03 9.073234048857890230e+03
2.595501575293019414e+02 9.081868164062500000e+03 9.075018451136184012e+03
2.595705902138724923e+02 9.066377929687500000e+03 9.076872498829045071e+03
2.595910229985602200e+02 9.075647460937500000e+03 9.078792615621645382e+03
2.596114556835964322e+02 9.079719726562500000e+03 9.080775179716274579e+03
2.596318885679356754e+02 9.080392578125000000e+03 9.082816617494216189e+03
2.596523213530890644e+02 9.084994140625000000e+03 9.084913296491902656e+03
2.596727540376596153e+02 9.087868164062500000e+03 9.087061612716817763e+03
2.596931869229301810e+02 9.090316406250000000e+03 9.089257995142623258e+03
2.597136197076179087e+02 9.088633789062500000e+03 9.091498808662550800e+03
2.597340523926541209e+02 9.089422851562500000e+03 9.093780449686433712e+03
2.597544852774590254e+02 9.103860351562500000e+03 9.096099348866495347e+03
2.597749180626124144e+02 9.099827148437500000e+03 9.098451869421291121e+03
2.597953508477658033e+02 9.097252929687500000e+03 9.100834419506680206e+03
2.598157835328020155e+02 9.098090820312500000e+03 9.103243384194644023e+03
2.598362164180725813e+02 9.109977539062500000e+03 9.105675196006905026e+03
2.598566492032259703e+02 9.106686523437500000e+03 9.108126216290580487e+03
2.598770818882621825e+02 9.106585937500000000e+03 9.110592841724039317e+03
2.598975147735327482e+02 9.109384765625000000e+03 9.113071505597148644e+03
2.599179475586861372e+02 9.113732421875000000e+03 9.115558568488875608e+03
2.599383802441880107e+02 9.115985351562500000e+03 9.118050427293303073e+03
2.599588131294585764e+02 9.124074218750000000e+03 9.120543515478118934e+03
2.599792459146119654e+02 9.123207031250000000e+03 9.123034193387569758e+03
2.599996786001138389e+02 9.135461914062500000e+03 9.125518858074337913e+03
2.600201114853844047e+02 9.132245117187500000e+03 9.127993942821245582e+03
2.600405442710034549e+02 9.128093750000000000e+03 9.130455808213620912e+03
2.600609770566225052e+02 9.135918945312500000e+03 9.132900863283015497e+03
2.600814097421243787e+02 9.134284179687500000e+03 9.135325493139167520e+03
2.601018426273949444e+02 9.136238281250000000e+03 9.137726130135144558e+03
2.601222754130139947e+02 9.134159179687500000e+03 9.140099135841301177e+03
2.601427080985158682e+02 9.143220703125000000e+03 9.142440907569285628e+03
2.601631409842520952e+02 9.138792968750000000e+03 9.144747876429159078e+03
2.601835737698711455e+02 9.143440429687500000e+03 9.147016405179201683e+03
2.602040064558386803e+02 9.147859375000000000e+03 9.149242891395186234e+03
2.602244393415749073e+02 9.158720703125000000e+03 9.151423764311530249e+03
2.602448721271939576e+02 9.152223632812500000e+03 9.153555388511846104e+03
2.602653048131614923e+02 9.153049804687500000e+03 9.155634252773945263e+03
2.602857375992462039e+02 9.153925781250000000e+03 9.157658396795461158e+03
2.603061704849824309e+02 9.155182617187500000e+03 9.159627110868337695e+03
2.603266031709499657e+02 9.162559570312500000e+03 9.161539696264220765e+03
2.603470359570346773e+02 9.165739257812500000e+03 9.163395511175916909e+03
2.603674688427709043e+02 9.177331054687500000e+03 9.165193884433638232e+03
2.603879015287384391e+02 9.173037109375000000e+03 9.166934119819958141e+03
2.604083343148231506e+02 9.179908203125000000e+03 9.168615573012848472e+03
2.604491998869925737e+02 9.177123046875000000e+03 9.171799425649245677e+03
2.604696326735429466e+02 9.166473632812500000e+03 9.173300484546465668e+03
2.604900654596276581e+02 9.168071289062500000e+03 9.174740071385907868e+03
2.605104982457123697e+02 9.179406250000000000e+03 9.176117515912586896e+03
2.605309310322627425e+02 9.171627929687500000e+03 9.177432147865836669e+03
2.605513637182302773e+02 9.172772460937500000e+03 9.178683290922033848e+03
2.605717966048978269e+02 9.179617187500000000e+03 9.179870292769659500e+03
2.605922293909825385e+02 9.182433593750000000e+03 9.180992465143321169e+03
2.606126621775329113e+02 9.186542968750000000e+03 9.182049143778021971e+03
2.606330949640832841e+02 9.182555664062500000e+03 9.183039658357511144e+03
2.606535277506336570e+02 9.180249023437500000e+03 9.183963338591838692e+03
2.606739605371840298e+02 9.180176757812500000e+03 9.184819514191065537e+03
2.606943933237344027e+02 9.183243164062500000e+03 9.185607514865252597e+03
2.607148261102847755e+02 9.185190429687500000e+03 9.186326670324449879e+03
2.607352588968351483e+02 9.184855468750000000e+03 9.186976310278716483e+03
2.607556915837340057e+02 9.196666992187500000e+03 9.187555761784326023e+03
2.607761244704015553e+02 9.188427734375000000e+03 9.188064362523462478e+03
2.607965572569519281e+02 9.189172851562500000e+03 9.188501434221640011e+03
2.608169899438507855e+02 9.185832031250000000e+03 9.188866307652726391e+03
2.608374228305183351e+02 9.185842773437500000e+03 9.189158317339712085e+03
2.608578556175343692e+02 9.188415039062500000e+03 9.189376788176352420e+03
2.608782883044332266e+02 9.186094726562500000e+03 9.189521050951061625e+03
2.608987211915664375e+02 9.198250000000000000e+03 9.189590436945760302e+03
2.609191539785824716e+02 9.191425781250000000e+03 9.189584274298551463e+03
2.609395867655985057e+02 9.192833007812500000e+03 9.189501893243410450e+03
2.609600194524973631e+02 9.185642578125000000e+03 9.189342624460212392e+03
2.609804523396305740e+02 9.186376953125000000e+03 9.189105794749384586e+03
2.610008851266466081e+02 9.188567382812500000e+03 9.188790750920066785e+03
2.610213178140111268e+02 9.184315429687500000e+03 9.188398078299047484e+03
2.610417507011443377e+02 9.188573242187500000e+03 9.187930542230138599e+03
2.610621834886260331e+02 9.185829101562500000e+03 9.187391143634755281e+03
2.610826161759905517e+02 9.192090820312500000e+03 9.186782878170210097e+03
2.611030490631237626e+02 9.186354492187500000e+03 9.186108731032993092e+03
2.611234818506054580e+02 9.196341796875000000e+03 9.185371706238187471e+03
2.611439145379699767e+02 9.188659179687500000e+03 9.184574799315862037e+03
2.611643473254516721e+02 9.185004882812500000e+03 9.183720997057473141e+03
2.611847802125848830e+02 9.173395507812500000e+03 9.182813293283157691e+03
2.612052129004150629e+02 9.177224609375000000e+03 9.181854696266394967e+03
2.612256456878967583e+02 9.177087890625000000e+03 9.180848186959981831e+03
2.612460785754956305e+02 9.183796875000000000e+03 9.179796759273558564e+03
2.612665113629773259e+02 9.163729492187500000e+03 9.178703418136083201e+03
2.612869440508075058e+02 9.177828125000000000e+03 9.177571158728625960e+03
2.613073769384063780e+02 9.178539062500000000e+03 9.176402958800863416e+03
2.613278097263537347e+02 9.167592773437500000e+03 9.175201829827959955e+03
2.613482424141839147e+02 9.179631835937500000e+03 9.173970766911592364e+03
2.613686752021312714e+02 9.182574218750000000e+03 9.172712752588817239e+03
2.613891080897301435e+02 9.172069335937500000e+03 9.171430781128359740e+03
2.614095407780259848e+02 9.176308593750000000e+03 9.170127866060760425e+03
2.614299735659733415e+02 9.169635742187500000e+03 9.168806983082162333e+03
2.614504063539206982e+02 9.163613281250000000e+03 9.167471133111635936e+03
2.614708391418680549e+02 9.171831054687500000e+03 9.166123310762519395e+03
2.614912719298154116e+02 9.173592773437500000e+03 9.164766510648156327e+03
2.615117047182284296e+02 9.159099609375000000e+03 9.163403727350781992e+03
2.615321375061757863e+02 9.163625976562500000e+03 9.162037955545903969e+03
2.615525702945888042e+02 9.154674804687500000e+03 9.160672189784763759e+03
2.615730030830018222e+02 9.156275390625000000e+03 9.159309424712004329e+03
2.615934358709491789e+02 9.156686523437500000e+03 9.157952654972001255e+03
2.616138686593621969e+02 9.149690429687500000e+03 9.156604875116399853e+03
2.616343013476580381e+02 9.155217773437500000e+03 9.155269086300664640e+03
2.616547342361882329e+02 9.153661132812500000e+03 9.153948263605585453e+03
2.616751670246012509e+02 9.156686523437500000e+03 9.152645421177458047e+03
2.616955997133627534e+02 9.140260742187500000e+03 9.151363553314658930e+03
2.617160326018929482e+02 9.158351562500000000e+03 9.150105636015116033e+03
2.617364653903059661e+02 9.159961914062500000e+03 9.148874682537008994e+03
2.617568981791846454e+02 9.151781250000000000e+03 9.147672725579550388e+03
2.617773309675976634e+02 9.142271484375000000e+03 9.146497976497261334e+03
2.617977637564763427e+02 9.143246093750000000e+03 9.145347688371584809e+03
2.618181965453550220e+02 9.140735351562500000e+03 9.144219114364528650e+03
2.618386292341165245e+02 9.148848632812500000e+03 9.143109513005929330e+03
2.618590621231123805e+02 9.146392578125000000e+03 9.142016121246011608e+03
2.618794949119910598e+02 9.136881835937500000e+03 9.140936208404418721e+03
2.618999276007525623e+02 9.137277343750000000e+03 9.139867027438223886e+03
2.619203604897484183e+02 9.136253906250000000e+03 9.138805815831245127e+03
2.619407932786270976e+02 9.130612304687500000e+03 9.137749842369526959e+03
2.619612259678542614e+02 9.134101562500000000e+03 9.136696360107272994e+03
2.619816588568501174e+02 9.126225585937500000e+03 9.135642606746472666e+03
2.620020916461944580e+02 9.139257812500000000e+03 9.134585850854804448e+03
2.620225243354216218e+02 9.133405273437500000e+03 9.133523345655416051e+03
2.620429571247659624e+02 9.140991210937500000e+03 9.132452333882032690e+03
2.620633900137618184e+02 9.138764648437500000e+03 9.131370068549058487e+03
2.620838228031061590e+02 9.139184570312500000e+03 9.130273813336527382e+03
2.621042554927989841e+02 9.134228515625000000e+03 9.129160821604044031e+03
2.621246883817948401e+02 9.127270507812500000e+03 9.128028330066092167e+03
2.621451211716048419e+02 9.129138671875000000e+03 9.126873608251091355e+03
2.621655538608320057e+02 9.120423828125000000e+03 9.125693909718986106e+03
2.621859867502935231e+02 9.117800781250000000e+03 9.124486470040350468e+03
2.622064195401035249e+02 9.115842773437500000e+03 9.123248559859472152e+03
2.622268522297963500e+02 9.121060546875000000e+03 9.121977432806277648e+03
2.622472850196063519e+02 9.125079101562500000e+03 9.120670329569868045e+03
2.622677179090678692e+02 9.118676757812500000e+03 9.119324502767010927e+03
2.622881505987606943e+02 9.121656250000000000e+03 9.117937225551853771e+03
2.623085833885706961e+02 9.117945312500000000e+03 9.116505731008292059e+03
2.623290162784978747e+02 9.115728515625000000e+03 9.115027271600825770e+03
2.623494489686563611e+02 9.106337890625000000e+03 9.113499122519668163e+03
2.623698817584663630e+02 9.109498046875000000e+03 9.111918514877908819e+03
2.623903146483935416e+02 9.108925781250000000e+03 9.110282700984660551e+03
2.624107473385520279e+02 9.104264648437500000e+03 9.108588958399857802e+03
2.624311801288276911e+02 9.101281250000000000e+03 9.106834515829857992e+03
2.624516130187548697e+02 9.101500000000000000e+03 9.105016625538873996e+03
2.624720457089133561e+02 9.099220703125000000e+03 9.103132567780110548e+03
2.624924784991890192e+02 9.098040039062500000e+03 9.101179872071981663e+03
2.625129112894646823e+02 9.102452148437500000e+03 9.099159091207586243e+03
2.625333440797403455e+02 9.092820312500000000e+03 9.097072466572644771e+03
2.625537768704816699e+02 9.092443359375000000e+03 9.094922259069782740e+03
2.625742095606401563e+02 9.095555664062500000e+03 9.092710740732047270e+03
2.625946424510329962e+02 9.088648437500000000e+03 9.090440139515514602e+03
2.626150752417743206e+02 9.101737304687500000e+03 9.088112749266816536e+03
2.626355080320499837e+02 9.097568359375000000e+03 9.085730820061768100e+03
2.626559408227913082e+02 9.088623046875000000e+03 9.083296612744241429e+03
2.626763736135326326e+02 9.075550781250000000e+03 9.080812388320398895e+03
2.626968064042739570e+02 9.091936523437500000e+03 9.078280407742739044e+03
2.627172390948981047e+02 9.081153320312500000e+03 9.075702944700706212e+03
2.627376719857566059e+02 9.066899414062500000e+03 9.073082221935921552e+03
2.627581047764979303e+02 9.068192382812500000e+03 9.070420538611742813e+03
2.627785374675877392e+02 9.072310546875000000e+03 9.067720156204373779e+03
2.627989703584462404e+02 9.061619140625000000e+03 9.064983295821548381e+03
2.628194031496532261e+02 9.067287109375000000e+03 9.062212258259005466e+03
2.628398358407430351e+02 9.056441406250000000e+03 9.059409305017317820e+03
2.628602687316015363e+02 9.051070312500000000e+03 9.056576655688240862e+03
2.628807015228085220e+02 9.052488281250000000e+03 9.053716612521033312e+03
2.629011342138983309e+02 9.044223632812500000e+03 9.050831436918831969e+03
2.629215670051053166e+02 9.046290039062500000e+03 9.047923361551176640e+03
2.629419998964294791e+02 9.042735351562500000e+03 9.044994647050920321e+03
2.629624326881021261e+02 9.042790039062500000e+03 9.042047583012852556e+03
2.629828653791919351e+02 9.035622070312500000e+03 9.039084430777300440e+03
2.630032982705160975e+02 9.040215820312500000e+03 9.036107407565652466e+03
2.630237310621887445e+02 9.028590820312500000e+03 9.033118817926626434e+03
2.630441637537442148e+02 9.029252929687500000e+03 9.030120923034341104e+03
2.630645966455340385e+02 9.022527343750000000e+03 9.027115939716442881e+03
2.630850294367410243e+02 9.022121093750000000e+03 9.024106173119515006e+03
2.631054621287621558e+02 9.022997070312500000e+03 9.021093884044377774e+03
2.631258950205519795e+02 9.015259765625000000e+03 9.018081289362839016e+03
2.631463278122246265e+02 9.023874023437500000e+03 9.015070694245951017e+03
2.631667605037800968e+02 9.020767578125000000e+03 9.012064359600724856e+03
2.631871932959184051e+02 9.012356445312500000e+03 9.009064516841259319e+03
2.632076261877082288e+02 9.003590820312500000e+03 9.006073427169396382e+03
2.632280588797293603e+02 9.000395507812500000e+03 9.003093390918435034e+03
2.632484916718676686e+02 9.000183593750000000e+03 9.000126475862751249e+03
2.632689245636574924e+02 8.998149414062500000e+03 8.997174618896009633e+03
2.632893573557958007e+02 8.993862304687500000e+03 8.994239774996694905e+03
2.633097900482825935e+02 9.002538085937500000e+03 8.991323870080181223e+03
2.633302229405380785e+02 8.997250000000000000e+03 8.988428787743576322e+03
2.633506557326763868e+02 8.984574218750000000e+03 8.985556496812359910e+03
2.633710884251631796e+02 8.978428710937500000e+03 8.982708923051115562e+03
2.633915212173014879e+02 8.975891601562500000e+03 8.979887964854588063e+03
2.634119540099054575e+02 8.972977539062500000e+03 8.977095562287238863e+03
2.634528195946477354e+02 8.981603515625000000e+03 8.971604129008872405e+03
2.634732523872517049e+02 8.964729492187500000e+03 8.968908950591816392e+03
2.634936851803213358e+02 8.967329101562500000e+03 8.966250032521498724e+03
2.635141179729253054e+02 8.961584960937500000e+03 8.963629301097444113e+03
2.635345507655292749e+02 8.966799804687500000e+03 8.961048682436921808e+03
2.635549835581332445e+02 8.952313476562500000e+03 8.958510102718231792e+03
2.635754163512028754e+02 8.954074218750000000e+03 8.956015488063327211e+03
2.635958490441553295e+02 8.946160156250000000e+03 8.953566776591724192e+03
2.636162819368764758e+02 8.949655273437500000e+03 8.951165858887750801e+03
2.636367147299461067e+02 8.953066406250000000e+03 8.948814696668614488e+03
2.636571474228985608e+02 8.942049804687500000e+03 8.946515215422648907e+03
2.636775803160853684e+02 8.944768554687500000e+03 8.944269307916114485e+03
2.636980131096206605e+02 8.943872070312500000e+03 8.942078933690325357e+03
2.637184458025731146e+02 8.941032226562500000e+03 8.939946018193273630e+03
2.637388786957599223e+02 8.944084960937500000e+03 8.937872456631579553e+03
2.637593114892952144e+02 8.933458984375000000e+03 8.935860206059769553e+03
2.637797441827133298e+02 8.927901367187500000e+03 8.933911191789091390e+03
2.638001770759001374e+02 8.924905273437500000e+03 8.932027311864772855e+03
2.638206098694354296e+02 8.917158203125000000e+03 8.930210520554974210e+03
2.638410426629707217e+02 8.918993164062500000e+03 8.928462734690096113e+03
2.638614753568544984e+02 8.915495117187500000e+03 8.926785888450678613e+03
2.638819082505069673e+02 8.922280273437500000e+03 8.925181883973622462e+03
2.639023410440422595e+02 8.932448242187500000e+03 8.923652671516570990e+03
2.639227737379260361e+02 8.928987304687500000e+03 8.922200176112433837e+03
2.639432066315785050e+02 8.922964843750000000e+03 8.920826303228206598e+03
2.639636394255794585e+02 8.934517578125000000e+03 8.919532998239985318e+03
2.639840721194632351e+02 8.918224609375000000e+03 8.918321405058217351e+03
2.640045050131157041e+02 8.925271484375000000e+03 8.917190602381428107e+03
2.640249378071166575e+02 8.920040039062500000e+03 8.916139370591652551e+03
2.640453705014660954e+02 8.909572265625000000e+03 8.915166471754404483e+03
2.640658032954670489e+02 8.909981445312500000e+03 8.914270659605508627e+03
2.640862361895851791e+02 8.899910156250000000e+03 8.913450698466607719e+03
2.641271016784012318e+02 8.900927734375000000e+03 8.912033405075128030e+03
2.641475345725193620e+02 8.912929687500000000e+03 8.911433588864032572e+03
2.641679673669859767e+02 8.911819335937500000e+03 8.910904683476439459e+03
2.641884000613354146e+02 8.923173828125000000e+03 8.910445451114119351e+03
2.642088329559192061e+02 8.915708984375000000e+03 8.910054648753059155e+03
2.642292657503858209e+02 8.916955078125000000e+03 8.909731045858265134e+03
2.642496984452009201e+02 8.907495117187500000e+03 8.909473404666428905e+03
2.642701312396675348e+02 8.912171875000000000e+03 8.909280485890010823e+03
2.642905641347169876e+02 8.912577148437500000e+03 8.909151053682970087e+03
2.643109968295320868e+02 8.914572265625000000e+03 8.909083872712875745e+03
2.643314296244643629e+02 8.900414062500000000e+03 8.909077704758117761e+03
2.643518625190481544e+02 8.913135742187500000e+03 8.909131313924990536e+03
2.643722952143289149e+02 8.912372070312500000e+03 8.909243462218282730e+03
2.643927280092611909e+02 8.914803710937500000e+03 8.909412914074029686e+03
2.644131609043106437e+02 8.916689453125000000e+03 8.909638433547781460e+03
2.644335935995914042e+02 8.921532226562500000e+03 8.909918780145937490e+03
2.644540263945236802e+02 8.914062500000000000e+03 8.910252720797121583e+03
2.644744591899216175e+02 8.917767578125000000e+03 8.910639017496570887e+03
2.644948919853195548e+02 8.906450195312500000e+03 8.911076433457610619e+03
2.645153247807174921e+02 8.906996093750000000e+03 8.911563731900565472e+03
2.645357574759982526e+02 8.909622070312500000e+03 8.912099673302578594e+03
2.645561903715133667e+02 8.908538085937500000e+03 8.912683029113548400e+03
2.645766231669113040e+02 8.907526367187500000e+03 8.913312554324233133e+03
2.645970558626577258e+02 8.911994140625000000e+03 8.913987011501216330e+03
2.646174887581728399e+02 8.902199218750000000e+03 8.914705174072487353e+03
2.646379215540364385e+02 8.912685546875000000e+03 8.915465795052616159e+03
2.646583543494343758e+02 8.910486328125000000e+03 8.916267641040059971e+03
2.646787871452979743e+02 8.916353515625000000e+03 8.917109475291621493e+03
2.646992199411615729e+02 8.917517578125000000e+03 8.917990061009741112e+03
2.647196527374908328e+02 8.920264648437500000e+03 8.918908160331939143e+03
2.647400854332372546e+02 8.922749023437500000e+03 8.919862523742383928e+03
2.647605183292180300e+02 8.926786132812500000e+03 8.920851918233300239e+03
2.647809511255472898e+02 8.923852539062500000e+03 8.921875082216569353e+03
2.648013838217593729e+02 8.919375976562500000e+03 8.922930767860016203e+03
2.648218167177401483e+02 8.926625976562500000e+03 8.924017743566855643e+03
2.648422495140694082e+02 8.929352539062500000e+03 8.925134746312873176e+03
2.648626822102814913e+02 8.923910156250000000e+03 8.926280528318626239e+03
2.648831151067279279e+02 8.924994140625000000e+03 8.927453859309329346e+03
2.649035479035228491e+02 8.928850585937500000e+03 8.928653474941947934e+03
2.649239805997349322e+02 8.919913085937500000e+03 8.929878127461770418e+03
2.649444133965298533e+02 8.932085937500000000e+03 8.931126581608148626e+03
2.649648462929762900e+02 8.923212890625000000e+03 8.932397590342052354e+03
2.649852789896540344e+02 8.923099609375000000e+03 8.933689887555934547e+03
2.650057117864489555e+02 8.936142578125000000e+03 8.935002244740953756e+03
2.650261446833610535e+02 8.940898437500000000e+03 8.936333414859916957e+03
2.650465774801559746e+02 8.931038085937500000e+03 8.937682137539977703e+03
2.650670101772993803e+02 8.936878906250000000e+03 8.939047165240666800e+03
2.650874430742114782e+02 8.948454101562500000e+03 8.940427270756008511e+03
2.651078758714720607e+02 8.957117187500000000e+03 8.941821186646955539e+03
2.651283085686154664e+02 8.949350585937500000e+03 8.943227665365397115e+03
2.651487413654103875e+02 8.954173828125000000e+03 8.944645473344166021e+03
2.651691742627881467e+02 8.942093750000000000e+03 8.946073363482284549e+03
2.651896069603972137e+02 8.941996093750000000e+03 8.947510067400422486e+03
2.652100397576577961e+02 8.953589843750000000e+03 8.948954358767248777e+03
2.652304726550355554e+02 8.950897460937500000e+03 8.950404990394785273e+03
2.652509053526446223e+02 8.949707031250000000e+03 8.951860693629489106e+03
2.652713381499052048e+02 8.948332031250000000e+03 8.953320242445954136e+03
2.652917710477486253e+02 8.956035156250000000e+03 8.954782389635007348e+03
2.653122038454748690e+02 8.957707031250000000e+03 8.956245873506883072e+03
2.653326365430839360e+02 8.964337890625000000e+03 8.957709446728011244e+03
2.653530694409273565e+02 8.958170898437500000e+03 8.959171883483882993e+03
2.653735021385364234e+02 8.949536132812500000e+03 8.960631907797058375e+03
2.653939349367283285e+02 8.955617187500000000e+03 8.962088293860080739e+03
2.654143677344545722e+02 8.969392578125000000e+03 8.963539787122772395e+03
2.654348005326464772e+02 8.967984375000000000e+03 8.964985140328237321e+03
2.654552333308383822e+02 8.969411132812500000e+03 8.966423178315344558e+03
2.654756661290302873e+02 8.965693359375000000e+03 8.967853942012898187e+03
2.654960989272221923e+02 8.987378906250000000e+03 8.969278483186990343e+03
2.655165317254140973e+02 8.984249023437500000e+03 8.970697884314820840e+03
2.655369645236060023e+02 8.972789062500000000e+03 8.972113227873589494e+03
2.655573973222635686e+02 8.971543945312500000e+03 8.973525596372644941e+03
2.655778301204554737e+02 8.972863281250000000e+03 8.974936072224834788e+03
2.655982629191130400e+02 8.970424804687500000e+03 8.976345737971692870e+03
2.656186956176534295e+02 8.967950195312500000e+03 8.977755669147438311e+03
2.656391285164281726e+02 8.971184570312500000e+03 8.979166968962006649e+03
2.656595613150857389e+02 8.975952148437500000e+03 8.980580699159998403e+03
2.656799940140917897e+02 8.972782226562500000e+03 8.981997942207253800e+03
2.657004269128665328e+02 8.984499023437500000e+03 8.983419801380470744e+03
2.657208597115240991e+02 8.984186523437500000e+03 8.984847338325165765e+03
2.657412924105301499e+02 8.981871093750000000e+03 8.986281635459858080e+03
2.657617253097705543e+02 8.992704101562500000e+03 8.987723796367998148e+03
2.657821581088937819e+02 8.989020507812500000e+03 8.989174882388357219e+03
2.658025908078998327e+02 8.992062500000000000e+03 8.990635975859027894e+03
2.658230236070230603e+02 8.995881835937500000e+03 8.992108173571210500e+03
2.658434565067291260e+02 9.005409179687500000e+03 8.993592558207305046e+03
2.658638893058523536e+02 8.997739257812500000e+03 8.995090197635056029e+03
2.658843220053240657e+02 8.999295898437500000e+03 8.996602174197210843e+03
2.659047549050301313e+02 8.998372070312500000e+03 8.998129592673332809e+03
2.659251877041533589e+02 8.995896484375000000e+03 8.999673513169340367e+03
2.659456204040907323e+02 9.014028320312500000e+03 9.001235018018160190e+03
2.659660533037967980e+02 9.005811523437500000e+03 9.002815212679084652e+03
2.659864861033856869e+02 9.010684570312500000e+03 9.004415156576895242e+03
2.660069188033230603e+02 8.999455078125000000e+03 9.006035931927812271e+03
2.660273517030291259e+02 9.013264648437500000e+03 9.007678645118547138e+03
2.660477845030836761e+02 9.010483398437500000e+03 9.009344354718297836e+03
2.660682172030210495e+02 9.018039062500000000e+03 9.011034142821266869e+03
2.660886500030755997e+02 9.010653320312500000e+03 9.012749108459946001e+03
2.661090829032473266e+02 9.021645507812500000e+03 9.014490334489753877e+03
2.661295156036503613e+02 9.013536132812500000e+03 9.016258877635569661e+03
2.661499484037049115e+02 9.017890625000000000e+03 9.018055846087532700e+03
2.661703813043422997e+02 9.013781250000000000e+03 9.019882322830764679e+03
2.661908141043968499e+02 9.017212890625000000e+03 9.021739363897642761e+03
2.662112468047998846e+02 9.019418945312500000e+03 9.023627300722477230e+03
2.662316797054372728e+02 9.033166992187500000e+03 9.025545182870635472e+03
2.662521125059574842e+02 9.031224609375000000e+03 9.027491870311239836e+03
2.662725452068261802e+02 9.028991210937500000e+03 9.029466250617824699e+03
2.662929780073463917e+02 9.032958007812500000e+03 9.031467230996880971e+03
2.663134109084494412e+02 9.029976562500000000e+03 9.033493699865874078e+03
2.663338436093181372e+02 9.030412109375000000e+03 9.035544515153340399e+03
2.663542764103040099e+02 9.024314453125000000e+03 9.037618594772528013e+03
2.663747092112898827e+02 9.035969726562500000e+03 9.039714816677087583e+03
2.664155748132616282e+02 9.040960937500000000e+03 9.043969239116499011e+03
2.664360076147131622e+02 9.037252929687500000e+03 9.046125215587784623e+03
2.664564404156990349e+02 9.052274414062500000e+03 9.048298886069673244e+03
2.664768732171505690e+02 9.045872070312500000e+03 9.050489138604734762e+03
2.664973059184849262e+02 9.050349609375000000e+03 9.052694850243358815e+03
2.665177388195879757e+02 9.057545898437500000e+03 9.054914941409480889e+03
2.665381716215051711e+02 9.051094726562500000e+03 9.057148267667607797e+03
2.665586043228395283e+02 9.058203125000000000e+03 9.059393716622422289e+03
2.665790372244082391e+02 9.063450195312500000e+03 9.061650209358966094e+03
2.665994700263254344e+02 9.069613281250000000e+03 9.063916600781645684e+03
2.666199027281254530e+02 9.072012695312500000e+03 9.066191778645055820e+03
2.666403356301598251e+02 9.080572265625000000e+03 9.068474664395889704e+03
2.666607684320770204e+02 9.079657226562500000e+03 9.070764112474249487e+03
2.666812011338770390e+02 9.071186523437500000e+03 9.073059010735065385e+03
2.667016339362598956e+02 9.070280273437500000e+03 9.075358269668033245e+03
2.667220668382942677e+02 9.066125976562500000e+03 9.077660777167486231e+03
2.667424996402114630e+02 9.074992187500000000e+03 9.079965398660966457e+03
2.667629323429428041e+02 9.077639648437500000e+03 9.082271022173903475e+03
2.667833652449771762e+02 9.088381835937500000e+03 9.084576569333095904e+03
2.668037980473600328e+02 9.098085937500000000e+03 9.086880894345868001e+03
2.668242307500913739e+02 9.096671875000000000e+03 9.089182885181404345e+03
2.668446636525914073e+02 9.085508789062500000e+03 9.091481463493775664e+03
2.668650964554399252e+02 9.094325195312500000e+03 9.093775483515310043e+03
2.668855291577056050e+02 9.089855468750000000e+03 9.096063833159760179e+03
2.669059620606712997e+02 9.097400390625000000e+03 9.098345434065351583e+03
2.669263948635198176e+02 9.097096679687500000e+03 9.100619140532444362e+03
2.669468275662511587e+02 9.102432617187500000e+03 9.102883695170527062e+03
2.669672603695653379e+02 9.107334960937500000e+03 9.105137279585509532e+03
2.669876932725310326e+02 9.109305664062500000e+03 9.107377906748133682e+03
2.670081260758452117e+02 9.102635742187500000e+03 9.109603568044571148e+03
2.670285587790422142e+02 9.114014648437500000e+03 9.111812276907427076e+03
2.670489916820079088e+02 9.119230468750000000e+03 9.114002078869176330e+03
2.670694244853220880e+02 9.123550781250000000e+03 9.116170954946277561e+03
2.670898571889847517e+02 9.121822265625000000e+03 9.118316918708660523e+03
2.671102900924161077e+02 9.123567382812500000e+03 9.120438014674500664e+03
2.671307228957302868e+02 9.127749023437500000e+03 9.122532224775712166e+03
2.671511555993929505e+02 9.132185546875000000e+03 9.124597562718057816e+03
2.671715884031727910e+02 9.125272460937500000e+03 9.126632061950553179e+03
2.671920213070698082e+02 9.124245117187500000e+03 9.128633735254372368e+03
2.672124540107324719e+02 9.133351562500000000e+03 9.130600566706430982e+03
2.672328868145123124e+02 9.135419921875000000e+03 9.132530598728309997e+03
2.672533197188749909e+02 9.133482421875000000e+03 9.134421844056225382e+03
2.672737524225376546e+02 9.143932617187500000e+03 9.136272288347881840e+03
2.672941852267831564e+02 9.128867187500000000e+03 9.138079972442072176e+03
2.673146180310286582e+02 9.140466796875000000e+03 9.139842900376828766e+03
2.673350509353913367e+02 9.138492187500000000e+03 9.141559093692510942e+03
2.673554836395196617e+02 9.136768554687500000e+03 9.143226540764491801e+03
2.673759164442308247e+02 9.136571289062500000e+03 9.144843279751868977e+03
2.673963492484763265e+02 9.144859375000000000e+03 9.146407315538788680e+03
2.674167820531874895e+02 9.143669921875000000e+03 9.147916661445542559e+03
2.674372148574329913e+02 9.145766601562500000e+03 9.149369330652414646e+03
2.674576476621441543e+02 9.149804687500000000e+03 9.150763336474628886e+03
2.674780804673209786e+02 9.146194335937500000e+03 9.152096692157079815e+03
2.674985132720321417e+02 9.158708007812500000e+03 9.153367410887934966e+03
2.675189460767433047e+02 9.150928710937500000e+03 9.154573505947249942e+03
2.675393788819201291e+02 9.152904296875000000e+03 9.155712990609201370e+03
2.675598115869797766e+02 9.158981445312500000e+03 9.156783873018533995e+03
2.675802443921566010e+02 9.161206054687500000e+03 9.157784176926525106e+03
2.676006772974506021e+02 9.163368164062500000e+03 9.158711914529865680e+03
2.676211101026274264e+02 9.157357421875000000e+03 9.159565089977822936e+03
2.676415428076870739e+02 9.158435546875000000e+03 9.160341717629791674e+03
2.676619757134467363e+02 9.159290039062500000e+03 9.161039821593381930e+03
2.676824085186235607e+02 9.159479492187500000e+03 9.161657651502893714e+03
2.677028412246145308e+02 9.163957031250000000e+03 9.162195904573523876e+03
2.677232741299085319e+02 9.168198242187500000e+03 9.162656669326495830e+03
2.677437069355510175e+02 9.162855468750000000e+03 9.163042035694677907e+03
2.677641396415419877e+02 9.167140625000000000e+03 9.163354102001969295e+03
2.677845725473016500e+02 9.165828125000000000e+03 9.163594969529094669e+03
2.678050053534097970e+02 9.166467773437500000e+03 9.163766731464476834e+03
2.678254380594007671e+02 9.160180664062500000e+03 9.163871486038469811e+03
2.678458708655089140e+02 9.165470703125000000e+03 9.163911331505336420e+03
2.678663037717342377e+02 9.171966796875000000e+03 9.163888364162623475e+03
2.678867365778423846e+02 9.164348632812500000e+03 9.163804681480225554e+03
2.679071692842990160e+02 9.161765625000000000e+03 9.163662381567582997e+03
2.679276021905243397e+02 9.161836914062500000e+03 9.163463559155192343e+03
2.679480349970981479e+02 9.163559570312500000e+03 9.163210313982654043e+03
2.679684677035547793e+02 9.161330078125000000e+03 9.162904744074859991e+03
2.679889006102457643e+02 9.159098632812500000e+03 9.162548941802167974e+03
2.680093334168195724e+02 9.157630859375000000e+03 9.162145009267042042e+03
2.680297661237418652e+02 9.088683593750000000e+03 9.161695044387217422e+03
2.680501989303156734e+02 9.077714843750000000e+03 9.161201140001576277e+03
2.680706318374723196e+02 9.124649414062500000e+03 9.160665392693674221e+03
2.680910645443946123e+02 9.173649414062500000e+03 9.160089907883226260e+03
2.681114973514340818e+02 9.163415039062500000e+03 9.159476774634389585e+03
2.681319302585907280e+02 9.157467773437500000e+03 9.158828089645754517e+03
2.681523629659786820e+02 9.151796875000000000e+03 9.158145959924238923e+03
2.681727957730181515e+02 9.153566406250000000e+03 9.157432472951248201e+03
2.681932286806404591e+02 9.150500976562500000e+03 9.156689725485452072e+03
2.682136614881455898e+02 9.156866210937500000e+03 9.155919822066638517e+03
2.682340941955335438e+02 9.154382812500000000e+03 9.155124860315328988e+03
2.682545270030386746e+02 9.156118164062500000e+03 9.154306929669270176e+03
2.682749599106609821e+02 9.162948242187500000e+03 9.153468127042993729e+03
2.682953926185145974e+02 9.158015625000000000e+03 9.152610562126450532e+03
2.683158254264853895e+02 9.148548828125000000e+03 9.151736319702371475e+03
2.683362583341076970e+02 9.144048828125000000e+03 9.150847496798325665e+03
2.683566910424269736e+02 9.149882812500000000e+03 9.149946203751955181e+03
2.683771238503977656e+02 9.142008789062500000e+03 9.149034524699298345e+03
2.683975566583685577e+02 9.145940429687500000e+03 9.148114561244128708e+03
2.684179894668050110e+02 9.155235351562500000e+03 9.147188380539208083e+03
2.684384222752414644e+02 9.154814453125000000e+03 9.146257052296559777e+03
2.684588549835607409e+02 9.149126953125000000e+03 9.145320446212688694e+03
2.684792878916487098e+02 9.146546875000000000e+03 9.144378341647112393e+03
2.684997207005508244e+02 9.142377929687500000e+03 9.143430545488245116e+03
2.685201534088701010e+02 9.136276367187500000e+03 9.142476851031438855e+03
2.685405863178893924e+02 9.129069335937500000e+03 9.141517037315443304e+03
2.685610191263258457e+02 9.138091796875000000e+03 9.140550911592772536e+03
2.685814518351107836e+02 9.138041015625000000e+03 9.139578267059254358e+03
2.686018847441300750e+02 9.135874023437500000e+03 9.138598882535927260e+03
2.686223175530321896e+02 9.143438476562500000e+03 9.137612565514667949e+03
2.686427502622827888e+02 9.137871093750000000e+03 9.136619109221734107e+03
2.686631831713020802e+02 9.137970703125000000e+03 9.135618292191009459e+03
2.686836159806698561e+02 9.137679687500000000e+03 9.134609922179228306e+03
2.687040486899204552e+02 9.143324218750000000e+03 9.133593792467207095e+03
2.687244814992882311e+02 9.127600585937500000e+03 9.132569686243496108e+03
2.687449144087731838e+02 9.129972656250000000e+03 9.131537396534866275e+03
2.687653472186066210e+02 9.126234375000000000e+03 9.130496726578159723e+03
2.687857799278572202e+02 9.119007812500000000e+03 9.129447469691054721e+03
2.688062128378078341e+02 9.128497070312500000e+03 9.128389403483426577e+03
2.688266456476412714e+02 9.133134765625000000e+03 9.127322336612309300e+03
2.688470783573575318e+02 9.129435546875000000e+03 9.126246062357058690e+03
2.688675112673081458e+02 9.126889648437500000e+03 9.125160357973662030e+03
2.688879440776072443e+02 9.116458007812500000e+03 9.124065032471977247e+03
2.689083767873235047e+02 9.128254882812500000e+03 9.122959879190400898e+03
2.689288095976226032e+02 9.116838867187500000e+03 9.121844680394682655e+03
2.689492425080388784e+02 9.118286132812500000e+03 9.120719229106238345e+03
2.689696752182208002e+02 9.110722656250000000e+03 9.119583335090293986e+03
2.689901080289855599e+02 9.120406250000000000e+03 9.118436774846253684e+03
2.690105409394018352e+02 9.109966796875000000e+03 9.117279341413588554e+03
2.690309736500494182e+02 9.121465820312500000e+03 9.116110844979446483e+03
2.690514064603485167e+02 9.120344726562500000e+03 9.114931061648056129e+03
2.690718393712304533e+02 9.120766601562500000e+03 9.113739784343730207e+03
2.690922721819952130e+02 9.114734375000000000e+03 9.112536817911848630e+03
2.691127048931084573e+02 9.115826171875000000e+03 9.111321955643448746e+03
2.691331377038732171e+02 9.111897460937500000e+03 9.110094978834893482e+03
2.691535706152208149e+02 9.117920898437500000e+03 9.108855680185708479e+03
2.691740033263340592e+02 9.114934570312500000e+03 9.107603762468083005e+03
2.691944361375644803e+02 9.111423828125000000e+03 9.106338606449789950e+03
2.692148690489120781e+02 9.104393554687500000e+03 9.105059564652992776e+03
2.692353017604909837e+02 9.102690429687500000e+03 9.103766008675785997e+03
2.692557345717214048e+02 9.100319335937500000e+03 9.102457272392202867e+03
2.692761674835346639e+02 9.091613281250000000e+03 9.101132708236173130e+03
2.692966001951135695e+02 9.091846679687500000e+03 9.099791688548475577e+03
2.693170330068096519e+02 9.091175781250000000e+03 9.098433546460732032e+03
2.693374658185057342e+02 9.090019531250000000e+03 9.097057641224231702e+03
2.693578986306674778e+02 9.100625000000000000e+03 9.095663325528359564e+03
2.693987642545253038e+02 9.098116210937500000e+03 9.092816873770163511e+03
2.694191970666870475e+02 9.094091796875000000e+03 9.091363443118083524e+03
2.694396298788487911e+02 9.103858398437500000e+03 9.089889012923118571e+03
2.694600625913590193e+02 9.094219726562500000e+03 9.088392943256852959e+03
2.694804955036379397e+02 9.087287109375000000e+03 9.086874564754987659e+03
2.695009283162653446e+02 9.083458984375000000e+03 9.085333252223423187e+03
2.695213610287755728e+02 9.068443359375000000e+03 9.083768358759778494e+03
2.695417939410544932e+02 9.087340820312500000e+03 9.082179213942070419e+03
2.695622267541475594e+02 9.074077148437500000e+03 9.080565193561857086e+03
2.695826594666577876e+02 9.072070312500000000e+03 9.078925650820445298e+03
2.696030922797508538e+02 9.078160156250000000e+03 9.077259922299977916e+03
2.696235251924954355e+02 9.067964843750000000e+03 9.075567360408098466e+03
2.696439580055885017e+02 9.070589843750000000e+03 9.073847334372700061e+03
2.696643907190300524e+02 9.067208984375000000e+03 9.072099197321709653e+03
2.697052564453333616e+02 9.072661132812500000e+03 9.068515949444079524e+03
2.697256891587749124e+02 9.068543945312500000e+03 9.066679570322003201e+03
2.697461220724508166e+02 9.065042968750000000e+03 9.064812464327114867e+03
2.697665548860095441e+02 9.064703125000000000e+03 9.062914011398665025e+03
2.697869875994510949e+02 9.056854492187500000e+03 9.060983564723524978e+03
2.698074204134754837e+02 9.061949218750000000e+03 9.059020458062625039e+03
2.698278533271513879e+02 9.067190429687500000e+03 9.057024043741930655e+03
2.698482860410585999e+02 9.050988281250000000e+03 9.054993703985601314e+03
2.698687188550829887e+02 9.062001953125000000e+03 9.052928761965915328e+03
2.698891517692245543e+02 9.056875000000000000e+03 9.050828569890776635e+03
2.699095845832489431e+02 9.040952148437500000e+03 9.048692863332893467e+03
2.699300172976218164e+02 9.045922851562500000e+03 9.046523599307281984e+03
2.699504502117633820e+02 9.048116210937500000e+03 9.044323558680500355e+03
2.699708830262534320e+02 9.029933593750000000e+03 9.042095588072461396e+03
2.699913157406263053e+02 9.039337890625000000e+03 9.039842502523106305e+03
2.700117485551163554e+02 9.036394531250000000e+03 9.037567094541502229e+03
2.700321814701892436e+02 9.036505859375000000e+03 9.035272178367984452e+03
2.700526141845621169e+02 9.036796875000000000e+03 9.032960602570712581e+03
2.700730469995178282e+02 9.036300781250000000e+03 9.030635147781184060e+03
2.700934799145907164e+02 9.025776367187500000e+03 9.028298628469052346e+03
2.701139126294292510e+02 9.024416015625000000e+03 9.025953893647489167e+03
2.701343454448506236e+02 9.020573242187500000e+03 9.023603723450334655e+03
2.701547783599235117e+02 9.019882812500000000e+03 9.021250932526025281e+03
2.701752110752277076e+02 9.006619140625000000e+03 9.018898369957762043e+03
2.701956438906490803e+02 9.024919921875000000e+03 9.016548815809650478e+03
2.702160767060704529e+02 9.022225585937500000e+03 9.014205096212186618e+03
2.702365095214918256e+02 9.020041992187500000e+03 9.011870025765871105e+03
2.702569423373788595e+02 9.013108398437500000e+03 9.009546419018401139e+03
2.702773751528002322e+02 9.002972656250000000e+03 9.007237090676235312e+03
2.702978080688044429e+02 9.006891601562500000e+03 9.004944844049681706e+03
2.703182407845743001e+02 8.995516601562500000e+03 9.002672527347454889e+03
2.703386736004613340e+02 8.999979492187500000e+03 9.000422921615023370e+03
2.703591064168140292e+02 9.004567382812500000e+03 8.998198852587780493e+03
2.703795392327010632e+02 8.989593750000000000e+03 8.996003134967846563e+03
2.703999720490537584e+02 9.000148437500000000e+03 8.993838583255961566e+03
2.704204048654064536e+02 8.995894531250000000e+03 8.991708012103397778e+03
2.704408376817591488e+02 8.989035156250000000e+03 8.989614236111028731e+03
2.704612704981118441e+02 8.987638671875000000e+03 8.987560069879740695e+03
2.704817032148130238e+02 8.982621093750000000e+03 8.985548337713720684e+03
2.705021361312828958e+02 8.984405273437500000e+03 8.983581825059663970e+03
2.705225689481012523e+02 8.975728515625000000e+03 8.981663375674897907e+03
2.705430016652680933e+02 8.982589843750000000e+03 8.979795803436834831e+03
2.705634345822036266e+02 8.970593750000000000e+03 8.977981895966928278e+03
2.705838673990219831e+02 8.979541992187500000e+03 8.976224494887903347e+03
2.706043001161888242e+02 8.968675781250000000e+03 8.974526413911660711e+03
2.706247330335900187e+02 8.976130859375000000e+03 8.972890443168886122e+03
2.706451658508740366e+02 8.969936523437500000e+03 8.971319324149455497e+03
2.706655985680408776e+02 8.974358398437500000e+03 8.969814127342198844e+03
2.706860313857905567e+02 8.964081054687500000e+03 8.968374540957725912e+03
2.707064643031917512e+02 8.959303710937500000e+03 8.967000227400078074e+03
2.707268970208242536e+02 8.971982421875000000e+03 8.965690867706416611e+03
2.707473298385739326e+02 8.958336914062500000e+03 8.964446103561696873e+03
2.707677627564407885e+02 8.969745117187500000e+03 8.963265597289399011e+03
2.707881955741904676e+02 8.967455078125000000e+03 8.962149021832969083e+03
2.708086282922886312e+02 8.962974609375000000e+03 8.961096037608303959e+03
2.708290612106211483e+02 8.968505859375000000e+03 8.960106291005206003e+03
2.708494940288364887e+02 8.960140625000000000e+03 8.959179458412691019e+03
2.708699267469346523e+02 8.963980468750000000e+03 8.958315200284847378e+03
2.708903595651499927e+02 8.964080078125000000e+03 8.957513169529913284e+03
2.709107924839481711e+02 8.951542968750000000e+03 8.956773028420335322e+03
2.709312252025119960e+02 8.955234375000000000e+03 8.956094448777785146e+03
2.709516580211929977e+02 8.949954101562500000e+03 8.955477081552173331e+03
2.709720909399911761e+02 8.955254882812500000e+03 8.954920589017154271e+03
2.709925236585550010e+02 8.946135742187500000e+03 8.954424640283359622e+03
2.710129564777016640e+02 8.958499023437500000e+03 8.953988888983514698e+03
2.710333893964998424e+02 8.943762695312500000e+03 8.953612997396183346e+03
2.710538221155293286e+02 8.952091796875000000e+03 8.953296631967597932e+03
2.710742549346759915e+02 8.950461914062500000e+03 8.953039448996205465e+03
2.710946878539398313e+02 8.956885742187500000e+03 8.952841110725772523e+03
2.711151206735521555e+02 8.948032226562500000e+03 8.952701280472305370e+03
2.711355533930473030e+02 8.949004882812500000e+03 8.952619618759714285e+03
2.711559862126596272e+02 8.943984375000000000e+03 8.952595786165373283e+03
2.711764191323891282e+02 8.949624023437500000e+03 8.952629444913116458e+03
2.711968518518842757e+02 8.957756835937500000e+03 8.952720255463549620e+03
2.712172846719622612e+02 8.958904296875000000e+03 8.952867880112578860e+03
2.712377175916917622e+02 8.955738281250000000e+03 8.953071981062375926e+03
2.712581503116525710e+02 8.950047851562500000e+03 8.953332216284890819e+03
2.712785831317305565e+02 8.956812500000000000e+03 8.953648250565931448e+03
2.712990160519257188e+02 8.954259765625000000e+03 8.954019746099434997e+03
2.713194487723521888e+02 8.953616210937500000e+03 8.954446358405271894e+03
2.713398809926584363e+02 8.950901367187500000e+03 8.954927739775654118e+03
2.713603138132020831e+02 8.966308593750000000e+03 8.955463577922591867e+03
2.713807467338629067e+02 8.947740234375000000e+03 8.956053516252715781e+03
2.714011795544065535e+02 8.960711914062500000e+03 8.956696530878802150e+03
2.714216122752986848e+02 8.957870117187500000e+03 8.957390416493160956e+03
2.714420451959595084e+02 8.958979492187500000e+03 8.958132857929327656e+03
2.714624780169688165e+02 8.950340820312500000e+03 8.958921518961598849e+03
2.714829107378609478e+02 8.966059570312500000e+03 8.959754073213964148e+03
2.715033436589874327e+02 8.967009765625000000e+03 8.960628207538557035e+03
2.715237764804624021e+02 8.960747070312500000e+03 8.961541583709946281e+03
2.715442092018201947e+02 8.956663085937500000e+03 8.962491875451445594e+03
2.715646420232951641e+02 8.962429687500000000e+03 8.963476766387686439e+03
2.715850749444216490e+02 8.967868164062500000e+03 8.964493931289134707e+03
2.716055076662451029e+02 8.968212890625000000e+03 8.965541029351476027e+03
2.716259404877200723e+02 8.966141601562500000e+03 8.966615749984164722e+03
2.716463734097778797e+02 8.975371093750000000e+03 8.967715767927513298e+03
2.716668061316013336e+02 8.960758789062500000e+03 8.968838741115654557e+03
2.716872389535419643e+02 8.967942382812500000e+03 8.969982360195088404e+03
2.717076717754825950e+02 8.978922851562500000e+03 8.971144294020199595e+03
2.717281045978888869e+02 8.973284179687500000e+03 8.972322216920401843e+03
2.717485374202951789e+02 8.981465820312500000e+03 8.973513803171668769e+03
2.717689701425842941e+02 8.969941406250000000e+03 8.974716721158165456e+03
2.717894030651077628e+02 8.970682617187500000e+03 8.975928662936406909e+03
2.718098358875140548e+02 8.972125000000000000e+03 8.977147285054381427e+03
2.718302686102688313e+02 8.977098632812500000e+03 8.978370261761050642e+03
2.718507015327923000e+02 8.975505859375000000e+03 8.979595285300722026e+03
2.718711343556642532e+02 8.976875976562500000e+03 8.980820012033525927e+03
2.718915671785362065e+02 8.983970703125000000e+03 8.982042122232931433e+03
2.719120000014081597e+02 8.983518554687500000e+03 8.983259290201029216e+03
2.719324328247457743e+02 8.984206054687500000e+03 8.984469190267389422e+03
2.719528656480833888e+02 8.984086914062500000e+03 8.985669496706141217e+03
2.719732984714210033e+02 8.997441406250000000e+03 8.986857883819213384e+03
2.719937312947586179e+02 8.989814453125000000e+03 8.988032025908545620e+03
2.720141641180962324e+02 8.994580078125000000e+03 8.989189597276068525e+03
2.720345968417823315e+02 8.991800781250000000e+03 8.990328266720220199e+03
2.720550297657027841e+02 8.989543945312500000e+03 8.991445725103834775e+03
2.720754625895060599e+02 8.992895507812500000e+03 8.992539630141047382e+03
2.720958953131921589e+02 8.992642578125000000e+03 8.993607656496871641e+03
2.721163282371126115e+02 8.997175781250000000e+03 8.994647493971013319e+03
2.721367610613815486e+02 9.001041015625000000e+03 8.995657515637574761e+03
2.721571937855333090e+02 8.999172851562500000e+03 8.996638974880217575e+03
2.721776267099194229e+02 8.995836914062500000e+03 8.997593856884255729e+03
2.721980595341883600e+02 8.997471679687500000e+03 8.998524118381481458e+03
2.722184923584572971e+02 8.996763671875000000e+03 8.999431735072703304e+03
2.722389250830747187e+02 9.007960937500000000e+03 9.000318673638035762e+03
2.722593580079264939e+02 8.998666992187500000e+03 9.001186917910521515e+03
2.722797908326610923e+02 9.001723632812500000e+03 9.002038425953560363e+03
2.723002235572785139e+02 8.996906250000000000e+03 9.002875168957300048e+03
2.723206564821302891e+02 8.997370117187500000e+03 9.003699130081335170e+03
2.723615220324136317e+02 9.000312500000000000e+03 9.005316554103357703e+03
2.723819549577310681e+02 9.008095703125000000e+03 9.006113970811884428e+03
2.724023877829313278e+02 9.008571289062500000e+03 9.006906477419013754e+03
2.724228205084800720e+02 9.022947265625000000e+03 9.007696044959175197e+03
2.724432533341459930e+02 9.005502929687500000e+03 9.008484652102686596e+03
2.724636862599290907e+02 9.011266601562500000e+03 9.009274269808818644e+03
2.724841189854778349e+02 9.007619140625000000e+03 9.010066857412570243e+03
2.725045518116094172e+02 9.010308593750000000e+03 9.010864397515106248e+03
2.725249846372753382e+02 9.003876953125000000e+03 9.011668857164411747e+03
2.725454174634069204e+02 9.008570312500000000e+03 9.012482207356213621e+03
2.725658502895385027e+02 9.014973632812500000e+03 9.013306419031356199e+03
2.725862832157872617e+02 9.003722656250000000e+03 9.014143467284953658e+03
2.726067159422673285e+02 9.015273437500000000e+03 9.014995310687627352e+03
2.726271487683989108e+02 9.006190429687500000e+03 9.015863932567748634e+03
2.726475816951133311e+02 9.019194335937500000e+03 9.016751304185158006e+03
2.726680144215933979e+02 9.019553710937500000e+03 9.017659383288237223e+03
2.726884472481906414e+02 9.019529296875000000e+03 9.018590154027460812e+03
2.727088799751363695e+02 9.021311523437500000e+03 9.019545578241986732e+03
2.727293129023164511e+02 9.020158203125000000e+03 9.020527641105407383e+03
2.727497457293793559e+02 9.016095703125000000e+03 9.021538299341900711e+03
2.727701785564422607e+02 9.021901367187500000e+03 9.022579528655898685e+03
2.727906113835051656e+02 9.022916015625000000e+03 9.023653300006753852e+03
2.728110442110337317e+02 9.027999023437500000e+03 9.024761584379495616e+03
2.728314770380966365e+02 9.027769531250000000e+03 9.025906352683014120e+03
2.728519098656252027e+02 9.024468750000000000e+03 9.027089575928939666e+03
2.728723426936194301e+02 9.029854492187500000e+03 9.028313052735393285e+03
2.728927755211479962e+02 9.026636718750000000e+03 9.029576883554924279e+03
2.729132082490250468e+02 9.027418945312500000e+03 9.030880196408486881e+03
2.729336411771364510e+02 9.039064453125000000e+03 9.032222133987066627e+03
2.729540740051306784e+02 9.034578125000000000e+03 9.033601800121945416e+03
2.729745067330077291e+02 9.039248046875000000e+03 9.035018317540187127e+03
2.729949396615847945e+02 9.036524414062500000e+03 9.036470830639351334e+03
2.730153724895790219e+02 9.041500000000000000e+03 9.037958441539773048e+03
2.730358052183873951e+02 9.045360351562500000e+03 9.039480273110013513e+03
2.730562381464987993e+02 9.043782226562500000e+03 9.041035471104090902e+03
2.730766709754243493e+02 9.047411132812500000e+03 9.042623136321517450e+03
2.730971038038842380e+02 9.038358398437500000e+03 9.044242399469250813e+03
2.731175365331582725e+02 9.036060546875000000e+03 9.045892375775785695e+03
2.731379694617353380e+02 9.043812500000000000e+03 9.047572212841299915e+03
2.731584022911265492e+02 9.047926757812500000e+03 9.049281009618711323e+03
2.731788350199349225e+02 9.045851562500000000e+03 9.051017888847989525e+03
2.731992679494433105e+02 9.051706054687500000e+03 9.052781999616916437e+03
2.732197007788345218e+02 9.051671875000000000e+03 9.054572439427880454e+03
2.732401335081085563e+02 9.061815429687500000e+03 9.056388331175297935e+03
2.732605664376169443e+02 9.059783203125000000e+03 9.058228825009889988e+03
2.732809992674738169e+02 9.053749023437500000e+03 9.060093017373939801e+03
2.733014319972135127e+02 9.066559570312500000e+03 9.061980031158804195e+03
2.733218649271875620e+02 9.071647460937500000e+03 9.063889017541263456e+03
2.733422977570444345e+02 9.074440429687500000e+03 9.065819071894669833e+03
2.733627304872497916e+02 9.072894531250000000e+03 9.067769317235375638e+03
2.733831633171066642e+02 9.085262695312500000e+03 9.069738895864913502e+03
2.734035961474291980e+02 9.078481445312500000e+03 9.071726921640954970e+03
2.734240289777517319e+02 9.077873046875000000e+03 9.073732517793834631e+03
2.734444618085399270e+02 9.070559570312500000e+03 9.075754807644834727e+03
2.734648947389796376e+02 9.079046875000000000e+03 9.077792924400439006e+03
2.734853274696506560e+02 9.075058593750000000e+03 9.079845961357492342e+03
2.735057603004388511e+02 9.080418945312500000e+03 9.081913071815679359e+03
2.735261932313442230e+02 9.077467773437500000e+03 9.083993379250237922e+03
2.735466259624809027e+02 9.094889648437500000e+03 9.086085976312069761e+03
2.735670587932690978e+02 9.083980468750000000e+03 9.088190016852591725e+03
2.735874915248714387e+02 9.085487304687500000e+03 9.090304603681379376e+03
2.736079244557768106e+02 9.085507812500000000e+03 9.092428879539218542e+03
2.736283572874963284e+02 9.079857421875000000e+03 9.094561543627372885e+03
2.736487901187501848e+02 9.101040039062500000e+03 9.096700875439140873e+03
2.736692229504697025e+02 9.097746093750000000e+03 9.098845116789969325e+03
2.736896557821892202e+02 9.099436523437500000e+03 9.100992509349074680e+03
2.737100886143743992e+02 9.105104492187500000e+03 9.103141294883334922e+03
2.737305214460939169e+02 9.112258789062500000e+03 9.105289715012677334e+03
2.737509542782790959e+02 9.114549804687500000e+03 9.107436011552843411e+03
2.737713871104642749e+02 9.112595703125000000e+03 9.109578426172640320e+03
2.737918198425322771e+02 9.117363281250000000e+03 9.111715190136730598e+03
2.738122527748346329e+02 9.115566406250000000e+03 9.113844576522253192e+03
2.738326856074854732e+02 9.109564453125000000e+03 9.115964795735835651e+03
2.738531183400191367e+02 9.117127929687500000e+03 9.118074089594045290e+03
2.738735512727871537e+02 9.118071289062500000e+03 9.120170730731331787e+03
2.738939841054379940e+02 9.118857421875000000e+03 9.122252929948568635e+03
2.739144168384373188e+02 9.120919921875000000e+03 9.124318929235363612e+03
2.739348497712053359e+02 9.126508789062500000e+03 9.126367000456786627e+03
2.739552826043218374e+02 9.125236328125000000e+03 9.128395355182150524e+03
2.739757154374383390e+02 9.129311523437500000e+03 9.130402245162655163e+03
2.739961481709033251e+02 9.134111328125000000e+03 9.132385902500922384e+03
2.740165811046026647e+02 9.131873046875000000e+03 9.134344597847913974e+03
2.740370139377191663e+02 9.132614257812500000e+03 9.136276543897816737e+03
2.740574466716498137e+02 9.138999023437500000e+03 9.138179982905159704e+03
2.740778796053491533e+02 9.140585937500000000e+03 9.140053184217824310e+03
2.740983124389313161e+02 9.133716796875000000e+03 9.141894361835355085e+03
2.741187451728619635e+02 9.138852539062500000e+03 9.143701757999482652e+03
2.741391781070269644e+02 9.143980468750000000e+03 9.145473640696209259e+03
2.741596109415404499e+02 9.145741210937500000e+03 9.147208225370894070e+03
2.741800436754710972e+02 9.146994140625000000e+03 9.148903754222801581e+03
2.742004766101017594e+02 9.154114257812500000e+03 9.150558493674296187e+03
2.742209094446152449e+02 9.149559570312500000e+03 9.152170660775596843e+03
2.742413421790115535e+02 9.155574218750000000e+03 9.153738497882479351e+03
2.742617750139907002e+02 9.148844726562500000e+03 9.155260262117753882e+03
2.742822078485041857e+02 9.151451171875000000e+03 9.156734187337029653e+03
2.743026406834833324e+02 9.161820312500000000e+03 9.158158515324586915e+03
2.743230735184624791e+02 9.165523437500000000e+03 9.159531487763335463e+03
2.743435064535588026e+02 9.157518554687500000e+03 9.160851353375894178e+03
2.743639391888864338e+02 9.161457031250000000e+03 9.162116681824441912e+03
2.743843720243312418e+02 9.166947265625000000e+03 9.163326991394904326e+03
2.744048049598932266e+02 9.168527343750000000e+03 9.164481928528402932e+03
2.744252376952208579e+02 9.166115234375000000e+03 9.165581123909374583e+03
2.744456705311313272e+02 9.174499023437500000e+03 9.166624241381623506e+03
2.744661033665761352e+02 9.173349609375000000e+03 9.167610922627445689e+03
2.744865362024866045e+02 9.165167968750000000e+03 9.168540814944353770e+03
2.745069690388627350e+02 9.173164062500000000e+03 9.169413565580978684e+03
2.745274018747732043e+02 9.163422851562500000e+03 9.170228821750069983e+03
2.745478347111493349e+02 9.175175781250000000e+03 9.170986230741295003e+03
2.745682675475254655e+02 9.174119140625000000e+03 9.171685439787928772e+03
2.745887003839015961e+02 9.171441406250000000e+03 9.172326096142478491e+03
2.746091332202777267e+02 9.175535156250000000e+03 9.172907847057442268e+03
2.746295660571195185e+02 9.175058593750000000e+03 9.173430339796563203e+03
2.746499988934956491e+02 9.168961914062500000e+03 9.173893221588528831e+03
2.746704318304546177e+02 9.171935546875000000e+03 9.174296141533661284e+03
2.746908645676448941e+02 9.173658203125000000e+03 9.174638741400109211e+03
2.747112974044866860e+02 9.172907226562500000e+03 9.174920673904958676e+03
2.747317301416769624e+02 9.177512695312500000e+03 9.175141583554432145e+03
2.747521630791015923e+02 9.172398437500000000e+03 9.175301120390911819e+03
2.747725959164090455e+02 9.165660156250000000e+03 9.175398928869823067e+03
2.747930287541821599e+02 9.180605468750000000e+03 9.175434657176067049e+03
2.748134615919552743e+02 9.174450195312500000e+03 9.175407952559144178e+03
2.748338944297283888e+02 9.188223632812500000e+03 9.175318462271492535e+03
2.748543272675015032e+02 9.179458007812500000e+03 9.175165833565542925e+03
2.748747601052746177e+02 9.178391601562500000e+03 9.174949713693735248e+03
2.748951929435133934e+02 9.183007812500000000e+03 9.174669749901386240e+03
2.749156257817521691e+02 9.173558593750000000e+03 9.174325589445108562e+03
2.749360585198737681e+02 9.179833007812500000e+03 9.173916881738634402e+03
2.749564914582297206e+02 9.178397460937500000e+03 9.173443267550410383e+03
2.749769242969341576e+02 9.181578125000000000e+03 9.172904400603783870e+03
2.749973570355214179e+02 9.171637695312500000e+03 9.172299929122995309e+03
2.750177899743430316e+02 9.168211914062500000e+03 9.171629490991059356e+03
2.750382228130474687e+02 9.170590820312500000e+03 9.170892742829732015e+03
2.750586555521003902e+02 9.163119140625000000e+03 9.170089332849685889e+03
2.750790884913876653e+02 9.170053710937500000e+03 9.169218896017870065e+03
2.750995213305577636e+02 9.171230468750000000e+03 9.168281389404881338e+03
2.751199540696106851e+02 9.161749023437500000e+03 9.167278599223527635e+03
2.751403869092464447e+02 9.161143554687500000e+03 9.166213003810047667e+03
2.751608198485337198e+02 9.162029296875000000e+03 9.165087091910285380e+03
2.751812525885179639e+02 9.161228515625000000e+03 9.163903370028761856e+03
2.752016854281537235e+02 9.153994140625000000e+03 9.162664310865417065e+03
2.752221183679066598e+02 9.160092773437500000e+03 9.161372403201097768e+03
2.752425511078909039e+02 9.164285156250000000e+03 9.160030155973310684e+03
2.752629839479923248e+02 9.156336914062500000e+03 9.158640039446889205e+03
2.752834168882109225e+02 9.156386718750000000e+03 9.157204542538969690e+03
2.753038496286608279e+02 9.146701171875000000e+03 9.155726176239988490e+03
2.753242824692279100e+02 9.144206054687500000e+03 9.154207408762520572e+03
2.753651481503620744e+02 9.156252929687500000e+03 9.151058650104618209e+03
2.753855809909291565e+02 9.150177734375000000e+03 9.149433638129317842e+03
2.754060138319619000e+02 9.149046875000000000e+03 9.147778190488490509e+03
2.754264466729946434e+02 9.147657226562500000e+03 9.146094796821542332e+03
2.754468795140273869e+02 9.146703125000000000e+03 9.144385946731214062e+03
2.754673123555257916e+02 9.147895507812500000e+03 9.142654129780537914e+03
2.754877451965585351e+02 9.139744140625000000e+03 9.140901835651231522e+03
2.755081780380569398e+02 9.140691406250000000e+03 9.139131553866292961e+03
2.755286108795553446e+02 9.146874023437500000e+03 9.137345774068340688e+03
2.755490438211709261e+02 9.135100585937500000e+03 9.135546977018744656e+03
2.755694765630178154e+02 9.144433593750000000e+03 9.133737678803694507e+03
2.755899094049818814e+02 9.123842773437500000e+03 9.131920342542516664e+03
2.756103421472944319e+02 9.118256835937500000e+03 9.130097475579499587e+03
2.756307750893756747e+02 9.120387695312500000e+03 9.128271540777073824e+03
2.756512079313397408e+02 9.120485351562500000e+03 9.126445054520612757e+03
2.756716407737694681e+02 9.118148437500000000e+03 9.124620497430396426e+03
2.756920736161991954e+02 9.121684570312500000e+03 9.122800359151304292e+03
2.757125064590945840e+02 9.127387695312500000e+03 9.120987129245357210e+03
2.757329393015243113e+02 9.117449218750000000e+03 9.119183297398503782e+03
2.757533721444196999e+02 9.106318359375000000e+03 9.117391353131899450e+03
2.757738049873150885e+02 9.114345703125000000e+03 9.115613786090187205e+03
2.757942378306761384e+02 9.111042968750000000e+03 9.113853085836874016e+03
2.758146705734543502e+02 9.116166015625000000e+03 9.112111750536460022e+03
2.758351035169325769e+02 9.118318359375000000e+03 9.110392121193945059e+03
2.758555363602936268e+02 9.111613281250000000e+03 9.108694516236446361e+03
2.758759691040031612e+02 9.107224609375000000e+03 9.107017504363813714e+03
2.758964020474813879e+02 9.113039062500000000e+03 9.105359577803921638e+03
2.759168348913080990e+02 9.104582031250000000e+03 9.103719277647069248e+03
2.759372676350176334e+02 9.105406250000000000e+03 9.102095120341782604e+03
2.759577005789615214e+02 9.099234375000000000e+03 9.100485598783645401e+03
2.759781334232538939e+02 9.103236328125000000e+03 9.098889253358029237e+03
2.759985661674290895e+02 9.107010742187500000e+03 9.097304600577617748e+03
2.760189991118386388e+02 9.106066406250000000e+03 9.095730133885888790e+03
2.760394319561310112e+02 9.094151367187500000e+03 9.094164393156363076e+03
2.760598647007718682e+02 9.095815429687500000e+03 9.092605894894837547e+03
2.760802975455299020e+02 9.094567382812500000e+03 9.091053140528765653e+03
2.761007304904051125e+02 9.094606445312500000e+03 9.089504646790188417e+03
2.761211632350459695e+02 9.084905273437500000e+03 9.087958953075292811e+03
2.761415960802696645e+02 9.077789062500000000e+03 9.086414553269496537e+03
2.761620290251448750e+02 9.085612304687500000e+03 9.084869964109790089e+03
2.761824617707170546e+02 9.078218750000000000e+03 9.083323724861929804e+03
2.762028946159407496e+02 9.078931640625000000e+03 9.081774329576755918e+03
2.762233275612816215e+02 9.078218750000000000e+03 9.080220294820164781e+03
2.762437603073194623e+02 9.082465820312500000e+03 9.078660160063838703e+03
2.762641931530088186e+02 9.071506835937500000e+03 9.077092419187754786e+03
2.762846259986981750e+02 9.072763671875000000e+03 9.075515596442852257e+03
2.763050588448531926e+02 9.069935546875000000e+03 9.073928208451012324e+03
2.763254916910082102e+02 9.060687500000000000e+03 9.072328771906164548e+03
2.763663574834354222e+02 9.070276367187500000e+03 9.069087811773770227e+03
2.763867902299389243e+02 9.067083984375000000e+03 9.067443337496799359e+03
2.764072230765596032e+02 9.065501953125000000e+03 9.065780873282310495e+03
2.764276560228317976e+02 9.066563476562500000e+03 9.064098935551633986e+03
2.764480887698009610e+02 9.061463867187500000e+03 9.062396065720837214e+03
2.764685216168873012e+02 9.063704101562500000e+03 9.060670755650251522e+03
2.764889545636251569e+02 9.058730468750000000e+03 9.058921521697277058e+03
2.765093873110599816e+02 9.066033203125000000e+03 9.057146906295049121e+03
2.765298201581463218e+02 9.056769531250000000e+03 9.055345400326214076e+03
2.765502530056983232e+02 9.061828125000000000e+03 9.053515528998379523e+03
2.765706858532503247e+02 9.043599609375000000e+03 9.051655822258915578e+03
2.765911187008023262e+02 9.052935546875000000e+03 9.049765971101882315e+03
2.766115515483543277e+02 9.047721679687500000e+03 9.047847715969666751e+03
2.766319843963719904e+02 9.047640625000000000e+03 9.045903006369549985e+03
2.766524172443896532e+02 9.043775390625000000e+03 9.043933791896966795e+03
2.766728500924073160e+02 9.039665039062500000e+03 9.041942022103941781e+03
2.766932830405421555e+02 9.038468750000000000e+03 9.039929636634937197e+03
2.767137157889083028e+02 9.034907226562500000e+03 9.037898614718193130e+03
2.767341486373916268e+02 9.021846679687500000e+03 9.035850876228809284e+03
2.767545813862234354e+02 9.031170898437500000e+03 9.033788390718167648e+03
2.767750143348239362e+02 9.039488281250000000e+03 9.031713077416032320e+03
2.767954471837729216e+02 9.032207031250000000e+03 9.029626916196510138e+03
2.768158799326047301e+02 9.024648437500000000e+03 9.027531856804333074e+03
2.768363128816708922e+02 9.024750000000000000e+03 9.025429817939515488e+03
2.768567457306198776e+02 9.027382812500000000e+03 9.023322780006630637e+03
2.768771784799173474e+02 9.019270507812500000e+03 9.021212692569173669e+03
2.768976114294491708e+02 9.024227539062500000e+03 9.019101474197337666e+03
2.769180442793294787e+02 9.017870117187500000e+03 9.016991105425680871e+03
2.769384770286269486e+02 9.013815429687500000e+03 9.014883535876193491e+03
2.769589098785072565e+02 9.008988281250000000e+03 9.012780694343871801e+03
2.769793428285047412e+02 9.019154296875000000e+03 9.010684530513330174e+03
2.769997755787335336e+02 9.010426757812500000e+03 9.008597024643255281e+03
2.770202084286138415e+02 9.015731445312500000e+03 9.006520095627800401e+03
2.770406413790769875e+02 9.001072265625000000e+03 9.004455693094918388e+03
2.770610741293057799e+02 9.001531250000000000e+03 9.002405796888488112e+03
2.770815069796517491e+02 9.000051757812500000e+03 9.000372326317474290e+03
2.771019399305805564e+02 8.998916015625000000e+03 8.998357231144800608e+03
2.771223726812750101e+02 8.987684570312500000e+03 8.996362490445782896e+03
2.771428055320866406e+02 8.996252929687500000e+03 8.994390024297295895e+03
2.771632384830154479e+02 8.997318359375000000e+03 8.992441782594061806e+03
2.771836712341755629e+02 8.987505859375000000e+03 8.990519743295681110e+03
2.772041040854528546e+02 8.983514648437500000e+03 8.988625827549538371e+03
2.772245369367301464e+02 8.983032226562500000e+03 8.986761994392014458e+03
2.772449698885902762e+02 8.985606445312500000e+03 8.984930184440874655e+03
2.772654026402160525e+02 8.982365234375000000e+03 8.983132373973519861e+03
2.772858354919590056e+02 8.983631835937500000e+03 8.981370485861565612e+03
2.773062684438191354e+02 8.976998046875000000e+03 8.979646470200606927e+03
2.773267011954449117e+02 8.973794921875000000e+03 8.977962008159101970e+03
2.773471340476535261e+02 8.972815429687500000e+03 8.976317554786081018e+03
2.773675669999793172e+02 8.980431640625000000e+03 8.974713296300331422e+03
2.773879997525364161e+02 8.971727539062500000e+03 8.973149441542234854e+03
2.774084326047450304e+02 8.976744140625000000e+03 8.971626152888236902e+03
2.774288654574193060e+02 8.969809570312500000e+03 8.970143623621006554e+03
2.774492983100935817e+02 8.965155273437500000e+03 8.968702039366089593e+03
2.774697311627678573e+02 9.021430664062500000e+03 8.967301585713863460e+03
2.774901640159077942e+02 8.966776367187500000e+03 8.965942448224193868e+03
2.775105969691649079e+02 8.966905273437500000e+03 8.964624806165658811e+03
2.775310297221876681e+02 8.961229492187500000e+03 8.963348864191219036e+03
2.775514625757932663e+02 8.955750976562500000e+03 8.962114788801034592e+03
2.775718955290503800e+02 8.963248046875000000e+03 8.960922766258623597e+03
2.775923282825388014e+02 8.951135742187500000e+03 8.959772999311990134e+03
2.776127611366100609e+02 8.958373046875000000e+03 8.958665656342480361e+03
2.776331939902156591e+02 8.956418945312500000e+03 8.957600928728279541e+03
2.776536268442869186e+02 8.957029296875000000e+03 8.956579002011270859e+03
2.776740596983581781e+02 8.959464843750000000e+03 8.955600061806604572e+03
2.776944924523122609e+02 8.967625000000000000e+03 8.954664298183721257e+03
2.777149254069663584e+02 8.949470703125000000e+03 8.953771883276120207e+03
2.777353582615032792e+02 8.953615234375000000e+03 8.952923016133103374e+03
2.777557910159230232e+02 8.955986328125000000e+03 8.952117881703670719e+03
2.777762239705771208e+02 8.951128906250000000e+03 8.951356654065459225e+03
2.777966568255797029e+02 8.949737304687500000e+03 8.950639530305836161e+03
2.778170895804651082e+02 8.948219726562500000e+03 8.949966695383471233e+03
2.778375225355848670e+02 8.948827148437500000e+03 8.949338325324853940e+03
2.778579553905874491e+02 8.951886718750000000e+03 8.948754615284367901e+03
2.778783881459385157e+02 8.959031250000000000e+03 8.948215750182878764e+03
2.778988210014067590e+02 8.947552734375000000e+03 8.947721910343194395e+03
2.779192539569921792e+02 8.947526367187500000e+03 8.947273282019010367e+03
2.779396867128089070e+02 8.948989257812500000e+03 8.946870057053436540e+03
2.779601195687428117e+02 8.946633789062500000e+03 8.946512414786340742e+03
2.779805525247938931e+02 8.951292968750000000e+03 8.946200541479616732e+03
2.780009852806106210e+02 8.947094726562500000e+03 8.945934626970756653e+03
2.780214181370101869e+02 8.943510742187500000e+03 8.945714852598703146e+03
2.780418510935269296e+02 8.946680664062500000e+03 8.945541404640143810e+03
2.780622838498093188e+02 8.949072265625000000e+03 8.945414409775603417e+03
2.780827167062088847e+02 8.945125976562500000e+03 8.945333388670032946e+03
2.781031495630741119e+02 8.944998046875000000e+03 8.945297522945740639e+03
2.781235825200565159e+02 8.945581054687500000e+03 8.945305989696085817e+03
2.781440152768045664e+02 8.939638671875000000e+03 8.945357965417046216e+03
2.781644481341354549e+02 8.945929687500000000e+03 8.945452627499749724e+03
2.781848810911178589e+02 8.947353515625000000e+03 8.945589153503515263e+03
2.782053138487972319e+02 8.942938476562500000e+03 8.945766718070775823e+03
2.782257467061281204e+02 8.940352539062500000e+03 8.945984500443457364e+03
2.782461796635761857e+02 8.943364257812500000e+03 8.946241678152440727e+03
2.782666124217212200e+02 8.941126953125000000e+03 8.946537424088401167e+03
2.782870452795177698e+02 8.946115234375000000e+03 8.946870919240403964e+03
2.783074782374314964e+02 8.942403320312500000e+03 8.947241341105698666e+03
2.783483438538387418e+02 8.952766601562500000e+03 8.948089661340934981e+03
2.783687767121009529e+02 8.952357421875000000e+03 8.948565917395204451e+03
2.783892096704803407e+02 8.947265625000000000e+03 8.949075808608040461e+03
2.784096424290910363e+02 8.952476562500000000e+03 8.949618504196007052e+03
2.784300752882845700e+02 8.953148437500000000e+03 8.950193188841569281e+03
2.784505082471296191e+02 8.943153320312500000e+03 8.950799039924657336e+03
2.784709410062059760e+02 8.944977539062500000e+03 8.951435225284225453e+03
2.784913738649338484e+02 8.949996093750000000e+03 8.952100930963903011e+03
2.785118067245930433e+02 8.947994140625000000e+03 8.952795330908604228e+03
2.785322395837865770e+02 8.959589843750000000e+03 8.953517602013782380e+03
2.785526724434457719e+02 8.950616210937500000e+03 8.954266921254267800e+03
2.785731053031049669e+02 8.974883789062500000e+03 8.955042465555814488e+03
2.785935381627641618e+02 8.956900390625000000e+03 8.955843411860319975e+03
2.786139710228890181e+02 8.958506835937500000e+03 8.956668937128773905e+03
2.786344037828966975e+02 8.953719726562500000e+03 8.957518214066873043e+03
2.786548367431387305e+02 8.952743164062500000e+03 8.958390432270978636e+03
2.786752696032635868e+02 8.960053710937500000e+03 8.959284756028417178e+03
2.786957023637369275e+02 8.957561523437500000e+03 8.960200361983177572e+03
2.787161353244446218e+02 8.962130859375000000e+03 8.961136440668291471e+03
2.787365681850351393e+02 8.969875000000000000e+03 8.962092155414164154e+03
2.787570009459741414e+02 8.969039062500000000e+03 8.963066682902348475e+03
2.787774339066818357e+02 8.966515625000000000e+03 8.964059214489538135e+03
2.787978667677380145e+02 8.965341796875000000e+03 8.965068924090983273e+03
2.788182995291426778e+02 8.963007812500000000e+03 8.966095377015848499e+03
2.788387323906645179e+02 8.964223632812500000e+03 8.967138604064473839e+03
2.788591653518378735e+02 8.966732421875000000e+03 8.968198653379495227e+03
2.788795981137081981e+02 8.969437500000000000e+03 8.969275557248216501e+03
2.789000309752300382e+02 8.977400390625000000e+03 8.970369379223606302e+03
2.789204639373347163e+02 8.970189453125000000e+03 8.971480167524627177e+03
2.789408967993222177e+02 8.988970703125000000e+03 8.972607959161621693e+03
2.789613295611925423e+02 8.968476562500000000e+03 8.973752801804361297e+03
2.789817625237628818e+02 8.975987304687500000e+03 8.974914760353884049e+03
2.790021953862160444e+02 8.984775390625000000e+03 8.976093865750211990e+03
2.790226281485520303e+02 8.982923828125000000e+03 8.977290165661011997e+03
2.790430610114708543e+02 8.979202148437500000e+03 8.978503719757427461e+03
2.790634939740411937e+02 8.980290039062500000e+03 8.979734576158183700e+03
2.790839267368428409e+02 8.984535156250000000e+03 8.980982764619364389e+03
2.791043596002273262e+02 8.986678710937500000e+03 8.982248351282469230e+03
2.791247925632633269e+02 8.985467773437500000e+03 8.983531384265967063e+03
2.791452253265306354e+02 8.977244140625000000e+03 8.984831892560303459e+03
2.791656581899151206e+02 8.987941406250000000e+03 8.986149943044769316e+03
2.791860911534167826e+02 8.986588867187500000e+03 8.987485583897640026e+03
2.792065239171497524e+02 8.987349609375000000e+03 8.988838843307561547e+03
2.792269567809998989e+02 8.990222656250000000e+03 8.990209788926991678e+03
2.792473897449672222e+02 8.985746093750000000e+03 8.991598468936314021e+03
2.792678226092830300e+02 8.991634765625000000e+03 8.993004917679663777e+03
2.792882553734816611e+02 8.990731445312500000e+03 8.994429182784109798e+03
2.793086882377974689e+02 8.993054687500000000e+03 8.995871326126940403e+03
2.793291212022304535e+02 8.991835937500000000e+03 8.997331395891362263e+03
2.793495539668947458e+02 9.001966796875000000e+03 8.998809418437394925e+03
2.793699868316762149e+02 9.003004882812500000e+03 9.000305463246157160e+03
2.793904196964576840e+02 9.008247070312500000e+03 9.001819571039797665e+03
2.794108525617048144e+02 9.011829101562500000e+03 9.003351789773605560e+03
2.794312854269519448e+02 9.009312500000000000e+03 9.004902167333439138e+03
2.794517182921990752e+02 9.011085937500000000e+03 9.006470751639462833e+03
2.794721511574462056e+02 9.007427734375000000e+03 9.008057590611842897e+03
2.794925840231589973e+02 8.998337890625000000e+03 9.009662732207529189e+03
2.795130167887546122e+02 9.000296875000000000e+03 9.011286216310900272e+03
2.795334497545845807e+02 9.015796875000000000e+03 9.012928114540718525e+03
2.795538826207630336e+02 9.012832031250000000e+03 9.014588296519392316e+03
2.795743153868243098e+02 9.025275390625000000e+03 9.016266250859634965e+03
2.795947483531199396e+02 9.017783203125000000e+03 9.017961425612109451e+03
2.796151812192983925e+02 9.014829101562500000e+03 9.019673219241580227e+03
2.796356139858253300e+02 9.013920898437500000e+03 9.021401054805146487e+03
2.796560469525866210e+02 9.026396484375000000e+03 9.023144381035126571e+03
2.796764798192307353e+02 9.026146484375000000e+03 9.024902595675721386e+03
2.796969125862233341e+02 9.021817382812500000e+03 9.026675121810432756e+03
2.797173454533331096e+02 9.024894531250000000e+03 9.028461400029511424e+03
2.797377784205600619e+02 9.026808593750000000e+03 9.030260853788382519e+03
2.797582111880183220e+02 9.036899414062500000e+03 9.032072879841349277e+03
2.797786440551280975e+02 9.037909179687500000e+03 9.033896927908206635e+03
2.797990770228207111e+02 9.045420898437500000e+03 9.035732421502050784e+03
2.798195098903961480e+02 9.031785156250000000e+03 9.037578765849633783e+03
2.798399426583200693e+02 9.044567382812500000e+03 9.039435384095588233e+03
2.798808084945194423e+02 9.032768554687500000e+03 9.043177189915191775e+03
2.799012412629090250e+02 9.044167968750000000e+03 9.045061196552906040e+03
2.799216742310672998e+02 9.050185546875000000e+03 9.046953197658442150e+03
2.799421070995740592e+02 9.044419921875000000e+03 9.048852588821569952e+03
2.799625398684293032e+02 9.054567382812500000e+03 9.050758793195760518e+03
2.799829727374017239e+02 9.049336914062500000e+03 9.052671252677821030e+03
2.800034057060256600e+02 9.058524414062500000e+03 9.054589390569017269e+03
2.800238384753465652e+02 9.050958984375000000e+03 9.056512602023922227e+03
2.800442713443189859e+02 9.064214843750000000e+03 9.058440338402919224e+03
2.800647043138742447e+02 9.056337890625000000e+03 9.060372023113464820e+03
2.800851370831951499e+02 9.070402343750000000e+03 9.062307050948467804e+03
2.801055699530988932e+02 9.074610351562500000e+03 9.064244873630199436e+03
2.801260029226541519e+02 9.066691406250000000e+03 9.066184914364468568e+03
2.801464357925578952e+02 9.076082031250000000e+03 9.068126577483184519e+03
2.801668685628101230e+02 9.069205078125000000e+03 9.070069286224099415e+03
2.801873014327138662e+02 9.070042968750000000e+03 9.072012482796297263e+03
2.802077344032004476e+02 9.071414062500000000e+03 9.073955590548514010e+03
2.802281671734526753e+02 9.077038085937500000e+03 9.075898004134945950e+03
2.802486000442877412e+02 9.068679687500000000e+03 9.077839175416051148e+03
2.802690329146571457e+02 9.075071289062500000e+03 9.079778518041079224e+03
2.802894657854922116e+02 9.079908203125000000e+03 9.081715388038031961e+03
2.803098986567929387e+02 9.082408203125000000e+03 9.083648725491331788e+03
2.803303315276280046e+02 9.080686523437500000e+03 9.085577311769819062e+03
2.803507643989287317e+02 9.083701171875000000e+03 9.087499928104174614e+03
2.803711972702294588e+02 9.086241210937500000e+03 9.089415355593147979e+03
2.803916301419958472e+02 9.097500000000000000e+03 9.091322375422860205e+03
2.804120630137622356e+02 9.090184570312500000e+03 9.093219768692244543e+03
2.804324958855286241e+02 9.090352539062500000e+03 9.095106316543982757e+03
2.804529286576434970e+02 9.099311523437500000e+03 9.096980791010255416e+03
2.804733616295270622e+02 9.099035156250000000e+03 9.098842000607477530e+03
2.804937945017591119e+02 9.094402343750000000e+03 9.100688699103904582e+03
2.805142272743396461e+02 9.111455078125000000e+03 9.102519667863221912e+03
2.805346602466888726e+02 9.103935546875000000e+03 9.104333714737356786e+03
2.805550931193865836e+02 9.106590820312500000e+03 9.106129594158714099e+03
2.805755258919671178e+02 9.109415039062500000e+03 9.107906087504146853e+03
2.805959588647820055e+02 9.110131835937500000e+03 9.109662001881342803e+03
2.806163917379453778e+02 9.103968750000000000e+03 9.111396092506893183e+03
2.806368245114572346e+02 9.116401367187500000e+03 9.113107140851325312e+03
2.806572573846206069e+02 9.115327148437500000e+03 9.114793944751731033e+03
2.806776903579011559e+02 9.125098632812500000e+03 9.116455285024338082e+03
2.806981232315301895e+02 9.118775390625000000e+03 9.118089926563121480e+03
2.807185560055077076e+02 9.121618164062500000e+03 9.119696650909847449e+03
2.807389889792539179e+02 9.124032226562500000e+03 9.121274262540546260e+03
2.807594218533486128e+02 9.132778320312500000e+03 9.122821519262466609e+03
2.807798546277917922e+02 9.123235351562500000e+03 9.124337202670796614e+03
2.808002876020036638e+02 9.119675781250000000e+03 9.125820115880498633e+03
2.808207204760983586e+02 9.135470703125000000e+03 9.127269018026934646e+03
2.808411532510071993e+02 9.126250000000000000e+03 9.128682690824767633e+03
2.808615862256847322e+02 9.133208007812500000e+03 9.130059935833733107e+03
2.808820191007107496e+02 9.132375976562500000e+03 9.131399513743295756e+03
2.809024518756195903e+02 9.126057617187500000e+03 9.132700206226283626e+03
2.809228847506456077e+02 9.132287109375000000e+03 9.133960807176119488e+03
2.809433177257888019e+02 9.143709960937500000e+03 9.135180097136517361e+03
2.809637505016289651e+02 9.129252929687500000e+03 9.136356839689089611e+03
2.809841833771206439e+02 9.144791015625000000e+03 9.137489833507057483e+03
2.810046163527294993e+02 9.137555664062500000e+03 9.138577859107612312e+03
2.810250492286868393e+02 9.131781250000000000e+03 9.139619720199134463e+03
2.810454820045270026e+02 9.142738281250000000e+03 9.140614790130759502e+03
2.810659149806015193e+02 9.143980468750000000e+03 9.141562919439522375e+03
2.810863477569073439e+02 9.130915039062500000e+03 9.142463939867237059e+03
2.811067806333303452e+02 9.149724609375000000e+03 9.143317715286189923e+03
2.811272135102190077e+02 9.141108398437500000e+03 9.144124091487206897e+03
2.811476463866420090e+02 9.144005859375000000e+03 9.144882918736879219e+03
2.811680792635306716e+02 9.144720703125000000e+03 9.145594047373129797e+03
2.811885121404193342e+02 9.137876953125000000e+03 9.146257327681458264e+03
2.812089450177736580e+02 9.147426757812500000e+03 9.146872609978683613e+03
2.812293778951279819e+02 9.153872070312500000e+03 9.147439744552466436e+03
2.812498107724823058e+02 9.150062500000000000e+03 9.147958581706134282e+03
2.812702436498366296e+02 9.141301757812500000e+03 9.148428971743012880e+03
2.813111094054765999e+02 9.219392578125000000e+03 9.149223811695606855e+03
2.813315422832965851e+02 9.152652343750000000e+03 9.149547962206681404e+03
2.813519751615822315e+02 9.148455078125000000e+03 9.149823066817742074e+03
2.813724080398678780e+02 9.149892578125000000e+03 9.150048975824143781e+03
2.813928408180363476e+02 9.146499023437500000e+03 9.150225538785205572e+03
2.814132737969048321e+02 9.151473632812500000e+03 9.150352608238545145e+03
2.814337066756561399e+02 9.153546875000000000e+03 9.150430032250887962e+03
2.814541394542902708e+02 9.148175781250000000e+03 9.150457661856384220e+03
2.814745724331587553e+02 9.156245117187500000e+03 9.150435347397758960e+03
2.814950053123757243e+02 9.143583007812500000e+03 9.150362939136652130e+03
2.815154381915926933e+02 9.145435546875000000e+03 9.150240287389444347e+03
2.815358710712753236e+02 9.141541992187500000e+03 9.150067242454886582e+03
2.815563039504922926e+02 9.148828125000000000e+03 9.149843654644158960e+03
2.815767368301749229e+02 9.158199218750000000e+03 9.149569374250346300e+03
2.815971696102060378e+02 9.154749023437500000e+03 9.149244253291097266e+03
2.816176025900058448e+02 9.146606445312500000e+03 9.148868136930977926e+03
2.816380354701541364e+02 9.158383789062500000e+03 9.148440880609636224e+03
2.816584682506509125e+02 9.146175781250000000e+03 9.147962335379692377e+03
2.816789012309163809e+02 9.155553710937500000e+03 9.147432344154136445e+03
2.816993341115303338e+02 9.144634765625000000e+03 9.146850764624150543e+03
2.817197668924927711e+02 9.147159179687500000e+03 9.146217447848917800e+03
2.817401998732239008e+02 9.140674804687500000e+03 9.145532234470107142e+03
2.817606327543035150e+02 9.148546875000000000e+03 9.144794991337741521e+03
2.817810655352659523e+02 9.145091796875000000e+03 9.144006177086939715e+03
2.818014985164627433e+02 9.145416015625000000e+03 9.143167296225776226e+03
2.818219313980080187e+02 9.129733398437500000e+03 9.142279984976481501e+03
2.818423641794361174e+02 9.146991210937500000e+03 9.141345868333681210e+03
2.818627970609813929e+02 9.142751953125000000e+03 9.140366561412753072e+03
2.818832300431095064e+02 9.140660156250000000e+03 9.139343687813678116e+03
2.819036629251204431e+02 9.134899414062500000e+03 9.138278881864764116e+03
2.819240957070142031e+02 9.135584960937500000e+03 9.137173768446678878e+03
2.819445286896079779e+02 9.138618164062500000e+03 9.136029955276149849e+03
2.819649615720845759e+02 9.136976562500000000e+03 9.134849083187105862e+03
2.819853943544439971e+02 9.127734375000000000e+03 9.133632776988699334e+03
2.820058273375034332e+02 9.129874023437500000e+03 9.132382642796728760e+03
2.820262602199800313e+02 9.138712890625000000e+03 9.131100323076072527e+03
2.820466930032707751e+02 9.133303710937500000e+03 9.129787442475630087e+03
2.820671258862130344e+02 9.131843750000000000e+03 9.128445612488092593e+03
2.820875587696209550e+02 9.128237304687500000e+03 9.127076463688088552e+03
2.821079916530288756e+02 9.117167968750000000e+03 9.125681620382360052e+03
2.821284245369024575e+02 9.128284179687500000e+03 9.124262706814794001e+03
2.821488574203103781e+02 9.121036132812500000e+03 9.122821347326582327e+03
2.821692903041839600e+02 9.108064453125000000e+03 9.121359166128593642e+03
2.821897231885232031e+02 9.112663085937500000e+03 9.119877787496057863e+03
2.822101560723967850e+02 9.120676757812500000e+03 9.118378835773124592e+03
2.822305889567360282e+02 9.115216796875000000e+03 9.116863935168144963e+03
2.822510218415409327e+02 9.118812500000000000e+03 9.115334709956794541e+03
2.822714548259973526e+02 9.114286132812500000e+03 9.113792776901918842e+03
2.822918876106850803e+02 9.113602539062500000e+03 9.112239782960821685e+03
2.823123204959556460e+02 9.110217773437500000e+03 9.110677329658818053e+03
2.823327532806433737e+02 9.111633789062500000e+03 9.109107056638171343e+03
2.823531862660311162e+02 9.114709960937500000e+03 9.107530564972425054e+03
2.823736191513016820e+02 9.112346679687500000e+03 9.105949502105999272e+03
2.823940520370379090e+02 9.103563476562500000e+03 9.104365484569099863e+03
2.824144849227741361e+02 9.106557617187500000e+03 9.102780136674766254e+03
2.824553506942465901e+02 9.088778320312500000e+03 9.099611946921937488e+03
2.824757835804484785e+02 9.099465820312500000e+03 9.098032353581582356e+03
2.824962164666503668e+02 9.095532226562500000e+03 9.096457926992221473e+03
