1.405117914223112166e+03 8.976928710937500000e+03 8.974953402074181213e+03
1.405138347263447940e+03 8.971042968750000000e+03 8.975810838354494990e+03
1.405158780104480684e+03 8.971593750000000000e+03 8.976634166657346213e+03
1.405179213145282120e+03 8.976146484375000000e+03 8.977424493495429488e+03
1.405199646085966378e+03 8.978679687500000000e+03 8.978182897457074432e+03
1.405220078926999122e+03 8.976651367187500000e+03 8.978910469446071147e+03
1.405240511968266219e+03 8.985421875000000000e+03 8.979608310344901838e+03
1.405260944909881800e+03 8.984511718750000000e+03 8.980277500121279445e+03
1.405281377751845866e+03 8.985491210937500000e+03 8.980919129612897450e+03
1.405301810793578625e+03 8.983492187500000000e+03 8.981534298451466384e+03
1.405322243735659868e+03 8.983718750000000000e+03 8.982124087857200720e+03
1.405342676677741110e+03 8.983797851562500000e+03 8.982689591320517138e+03
1.405363109620288014e+03 8.987986328125000000e+03 8.983231899280122889e+03
1.405383542562834918e+03 8.978853515625000000e+03 8.983752102149534039e+03
1.405403975605498999e+03 8.975726562500000000e+03 8.984251292751641813e+03
1.405424408448394388e+03 8.987723632812500000e+03 8.984730554335177658e+03
1.405444841391406953e+03 8.984537109375000000e+03 8.985190984503929940e+03
1.405465274434536695e+03 8.987197265625000000e+03 8.985633673415817611e+03
1.405485707378014922e+03 8.989986328125000000e+03 8.986059707173426432e+03
1.405506140221841633e+03 8.986178710937500000e+03 8.986470176439252100e+03
1.405526573265437037e+03 9.004105468750000000e+03 8.986866177546067775e+03
1.405547006209380925e+03 8.986235351562500000e+03 8.987248795014169445e+03
1.405567439153790474e+03 8.983445312500000000e+03 8.987619121244453709e+03
1.405587872098200023e+03 8.989063476562500000e+03 8.987978246655027760e+03
1.405608305042609572e+03 8.985842773437500000e+03 8.988327261672868190e+03
1.405628737987484783e+03 8.999256835937500000e+03 8.988667256732602254e+03
1.405649170932359993e+03 8.991407226562500000e+03 8.988999322253213904e+03
1.405669603877235204e+03 8.982034179687500000e+03 8.989324548661752488e+03
1.405690036822576076e+03 8.984329101562500000e+03 8.989644026392488740e+03
1.405710469767916948e+03 8.993945312500000000e+03 8.989958845865063267e+03
1.405730902613606304e+03 8.984237304687500000e+03 8.990270095995554584e+03
1.405751335659064353e+03 8.991583984375000000e+03 8.990578871751236875e+03
1.405771768605336547e+03 8.983073242187500000e+03 8.990886259026039625e+03
1.405792201651260257e+03 8.993799804687500000e+03 8.991193351249952684e+03
1.405812634497415274e+03 8.994386718750000000e+03 8.991501234347026184e+03
1.405833067444153130e+03 8.996182617187500000e+03 8.991811003261816950e+03
1.405853500490542501e+03 8.984312500000000000e+03 8.992123748443224031e+03
1.405873933337628841e+03 8.984866210937500000e+03 8.992440407381229306e+03
1.405894366284832358e+03 8.997683593750000000e+03 8.992760469352866494e+03
1.405914799331687391e+03 8.988445312500000000e+03 8.993082591753776796e+03
1.405935232179239392e+03 8.996969726562500000e+03 8.993405417727197346e+03
1.405976098174694926e+03 8.989322265625000000e+03 8.994047786016901227e+03
1.405996531122364104e+03 8.992298828125000000e+03 8.994364620899690635e+03
1.406016964070498943e+03 8.989044921875000000e+03 8.994676753961342911e+03
1.406037397019099444e+03 8.997702148437500000e+03 8.994982833065962041e+03
1.406057829967234284e+03 8.997130859375000000e+03 8.995281506064042333e+03
1.406078262915834785e+03 8.994574218750000000e+03 8.995571420833603042e+03
1.406098695864900947e+03 9.003983398437500000e+03 8.995851225238373445e+03
1.406119128813967109e+03 9.000280273437500000e+03 8.996119567135929174e+03
1.406139561863150448e+03 8.994580078125000000e+03 8.996375095608986157e+03
1.406159994712099433e+03 9.003115234375000000e+03 8.996616454866549248e+03
1.406180427761748433e+03 9.000784179687500000e+03 8.996842297499488268e+03
1.406200860711745918e+03 8.996130859375000000e+03 8.997051267933795316e+03
1.406221293561626226e+03 8.998115234375000000e+03 8.997242014286171980e+03
1.406241726611740887e+03 8.991348632812500000e+03 8.997413187084026504e+03
1.406262159561738372e+03 9.003079101562500000e+03 8.997563431528151341e+03
1.406282592412550002e+03 8.998021484375000000e+03 8.997691395805515640e+03
1.406303025463130325e+03 8.995682617187500000e+03 8.997795729481225862e+03
1.406323458414059132e+03 9.001815429687500000e+03 8.997875078713357652e+03
1.406343891264870763e+03 9.003666992187500000e+03 8.997928091740352102e+03
1.406364324315916747e+03 8.995250000000000000e+03 8.997953417005206575e+03
1.406384757167194039e+03 9.001037109375000000e+03 8.997949701883888338e+03
1.406405190218705684e+03 9.002459960937500000e+03 8.997915594157682790e+03
1.406425623170565814e+03 9.010141601562500000e+03 8.997849741963207634e+03
1.406446056022774428e+03 8.993968750000000000e+03 8.997750793638544565e+03
1.406466489074751735e+03 8.993051757812500000e+03 8.997617395347548154e+03
1.406486922027077526e+03 8.994060546875000000e+03 8.997448196652163460e+03
1.406507354979403317e+03 8.998976562500000000e+03 8.997241844850550478e+03
1.406527787932194769e+03 8.996899414062500000e+03 8.996996987800317584e+03
1.406548220884986222e+03 8.992287109375000000e+03 8.996712273369292234e+03
1.406568653937894851e+03 8.996376953125000000e+03 8.996386347720886988e+03
1.406589086791034788e+03 8.998738281250000000e+03 8.996017863810138806e+03
1.406609519744291902e+03 8.988335937500000000e+03 8.995605510853338274e+03
1.406650385751854628e+03 8.991887695312500000e+03 8.994651967694235282e+03
1.406670818605460227e+03 8.984343750000000000e+03 8.994115051724427758e+03
1.406691251659765840e+03 8.994450195312500000e+03 8.993540951062497697e+03
1.406711684613954276e+03 8.990262695312500000e+03 8.992931863557052566e+03
1.406732117468491197e+03 8.990250000000000000e+03 8.992289979357175980e+03
1.406752550523262471e+03 8.987630859375000000e+03 8.991617478476671749e+03
1.406772983477916569e+03 8.996650390625000000e+03 8.990916560247200323e+03
1.406793416433036327e+03 8.990305664062500000e+03 8.990189411096005642e+03
1.406813849388156086e+03 8.984575195312500000e+03 8.989438220704880223e+03
1.406834282343741506e+03 8.985440429687500000e+03 8.988665178722108976e+03
1.406854715398978442e+03 8.990532226562500000e+03 8.987872470920432534e+03
1.406875148254912347e+03 8.985541992187500000e+03 8.987062298697343067e+03
1.406895581210963428e+03 8.986274414062500000e+03 8.986236839968947606e+03
1.406916014167014509e+03 8.984222656250000000e+03 8.985398288330361538e+03
1.406936447123065591e+03 8.987049804687500000e+03 8.984548833448017831e+03
1.406956880179699510e+03 8.991026367187500000e+03 8.983690660746098729e+03
1.406977313036564738e+03 8.986888671875000000e+03 8.982825972558512149e+03
1.406997745993081480e+03 8.981353515625000000e+03 8.981956945923453532e+03
1.407018179050181061e+03 8.985980468750000000e+03 8.981085770420391782e+03
1.407038611907511950e+03 8.975293945312500000e+03 8.980214648526683959e+03
1.407059044864960015e+03 8.973622070312500000e+03 8.979345757118353504e+03
1.407079477922525257e+03 8.980140625000000000e+03 8.978481285911235318e+03
1.407099910780321807e+03 8.986692382812500000e+03 8.977623437216616367e+03
1.407120343738235533e+03 8.977886718750000000e+03 8.976774388057432589e+03
1.407140776796266437e+03 8.977919921875000000e+03 8.975936328246210905e+03
1.407161209654994309e+03 8.970485351562500000e+03 8.975111459640087560e+03
1.407181642713490874e+03 8.976627929687500000e+03 8.974301955810618892e+03
1.407202075671870261e+03 8.968421875000000000e+03 8.973510018423512520e+03
1.407222508630715311e+03 8.965838867187500000e+03 8.972737833122773736e+03
1.407242941590026021e+03 8.971625976562500000e+03 8.971987589577158360e+03
1.407263374549336731e+03 8.968209960937500000e+03 8.971261477471982289e+03
1.407283807508647442e+03 8.981626953125000000e+03 8.970561686474724411e+03
1.407304240568540990e+03 8.967386718750000000e+03 8.969890403022214741e+03
1.407324673428200185e+03 8.972485351562500000e+03 8.969249826445455255e+03
1.407345106488093734e+03 8.968522460937500000e+03 8.968642132493991085e+03
1.407365539448335767e+03 8.970080078125000000e+03 8.968068817830730040e+03
1.407385972308926284e+03 8.969588867187500000e+03 8.967529530157191402e+03
1.407406405369285494e+03 8.972130859375000000e+03 8.967023611905604412e+03
1.407426838329993188e+03 8.969267578125000000e+03 8.966550420821222360e+03
1.407447271191049367e+03 8.960236328125000000e+03 8.966109306517962978e+03
1.407467704252339900e+03 8.972303710937500000e+03 8.965699612843320210e+03
1.407488137213513255e+03 8.963069335937500000e+03 8.965320696136785045e+03
1.407508570075035095e+03 8.957597656250000000e+03 8.964971906031070830e+03
1.407529003136791289e+03 8.959419921875000000e+03 8.964652587714232141e+03
1.407549436098430306e+03 8.963703125000000000e+03 8.964362096182938330e+03
1.407569869060534984e+03 8.963757812500000000e+03 8.964099779883128576e+03
1.407590302022639662e+03 8.964014648437500000e+03 8.963864988909583190e+03
1.407610734985210001e+03 8.968070312500000000e+03 8.963657073345679237e+03
1.407631167947780341e+03 8.970137695312500000e+03 8.963475383284872805e+03
1.407651600910350680e+03 8.968098632812500000e+03 8.963319268814935640e+03
1.407672033873386681e+03 8.958007812500000000e+03 8.963188080020943744e+03
1.407692466836888343e+03 8.960529296875000000e+03 8.963081166992313229e+03
1.407712899799924344e+03 8.963892578125000000e+03 8.962997879821647075e+03
1.407733332863543183e+03 8.969620117187500000e+03 8.962937568352564995e+03
1.407753765727393329e+03 8.963550781250000000e+03 8.962899583395163063e+03
1.407774198691360652e+03 8.958884765625000000e+03 8.962883274317868199e+03
1.407794631755445153e+03 8.957833984375000000e+03 8.962887991522180528e+03
1.407815064619760960e+03 8.957163085937500000e+03 8.962913084875854111e+03
1.407835497584193945e+03 8.963583007812500000e+03 8.962957904687315022e+03
1.407855930648744106e+03 8.951492187500000000e+03 8.963021801329350637e+03
1.407876363613642752e+03 8.958744140625000000e+03 8.963104124262843470e+03
1.407896796478889883e+03 8.957061523437500000e+03 8.963204223310500311e+03
1.407917229543905705e+03 8.960336914062500000e+03 8.963321450154184276e+03
1.407937662509735674e+03 8.967717773437500000e+03 8.963455153291113675e+03
1.407958095475099981e+03 8.964593750000000000e+03 8.963604683333185676e+03
1.407978528440929949e+03 8.960264648437500000e+03 8.963769390374694922e+03
1.407998961406759918e+03 8.963666992187500000e+03 8.963948624499880680e+03
1.408019394473172724e+03 8.972543945312500000e+03 8.964141736779911298e+03
1.408039827339351177e+03 8.963887695312500000e+03 8.964348074360861574e+03
1.408060260306112468e+03 8.972227539062500000e+03 8.964566990272720432e+03
1.408080693372990936e+03 8.968490234375000000e+03 8.964797834778404649e+03
1.408101126239635050e+03 8.971281250000000000e+03 8.965039970477129827e+03
1.408121559306979179e+03 8.974265625000000000e+03 8.965292866894662438e+03
1.408141992274206132e+03 8.965317382812500000e+03 8.965556022786378890e+03
1.408162425141781569e+03 8.966522460937500000e+03 8.965828940485920612e+03
1.408182858209591359e+03 8.962589843750000000e+03 8.966111126542902639e+03
1.408203291177283973e+03 8.967740234375000000e+03 8.966402079350720669e+03
1.408223724045325071e+03 8.967309570312500000e+03 8.966701301265500661e+03
1.408244157113600522e+03 8.967575195312500000e+03 8.967008299211858684e+03
1.408264589982107282e+03 8.965774414062500000e+03 8.967322569657837448e+03
1.408285022950731218e+03 8.961858398437500000e+03 8.967643619638241944e+03
1.408305456019472331e+03 8.969953125000000000e+03 8.967970951723427788e+03
1.408325888888444752e+03 8.965353515625000000e+03 8.968304063540159405e+03
1.408346321957651526e+03 8.974249023437500000e+03 8.968642464080876380e+03
1.408366754927206784e+03 8.972569335937500000e+03 8.968985650891176192e+03
1.408387187896762043e+03 8.968048828125000000e+03 8.969333128083255360e+03
1.408407620866782963e+03 8.968183593750000000e+03 8.969684398139470431e+03
1.408428053836338222e+03 8.973684570312500000e+03 8.970038963518109085e+03
1.408448486806824803e+03 8.972275390625000000e+03 8.970396326717789634e+03
1.408468919777311385e+03 8.964873046875000000e+03 8.970755990196666971e+03
1.408489352747797966e+03 8.967396484375000000e+03 8.971117456428983132e+03
1.408509785818401724e+03 8.967748046875000000e+03 8.971480229668861284e+03
1.408530218789353967e+03 8.972081054687500000e+03 8.971843808841811551e+03
1.408550651660189033e+03 8.965330078125000000e+03 8.972207696405555907e+03
1.408571084731724113e+03 8.979768554687500000e+03 8.972571400191378416e+03
1.408591517703142017e+03 8.975036132812500000e+03 8.972934417316375402e+03
1.408611950574908406e+03 8.968695312500000000e+03 8.973296250276676801e+03
1.408632383646909148e+03 8.973856445312500000e+03 8.973656406845746460e+03
1.408652816618792713e+03 8.974523437500000000e+03 8.974014384190113560e+03
1.408673249491024762e+03 8.970837890625000000e+03 8.974369684827648598e+03
1.408693682563491166e+03 8.974746093750000000e+03 8.974721816424889766e+03
1.408714115536306053e+03 8.971226562500000000e+03 8.975070276263219057e+03
1.408734548609238118e+03 8.971942382812500000e+03 8.975414570218123117e+03
1.408754981481935829e+03 8.974112304687500000e+03 8.975754195735862595e+03
1.408775414455216378e+03 8.981708007812500000e+03 8.976088660325884121e+03
1.408795847528614104e+03 8.980128906250000000e+03 8.976417466374881769e+03
1.408816280402243137e+03 8.974019531250000000e+03 8.976740111574992625e+03
1.408836713375989348e+03 8.977533203125000000e+03 8.977056152091321565e+03
1.408857146350201219e+03 8.971088867187500000e+03 8.977365959465876585e+03
1.408877579324413091e+03 8.980743164062500000e+03 8.977670588799028337e+03
1.408898012298624963e+03 8.984427734375000000e+03 8.977971115848595218e+03
1.408918445273302495e+03 8.982089843750000000e+03 8.978268616379147716e+03
1.408938878247980028e+03 8.976494140625000000e+03 8.978564166141693931e+03
1.408959311322774738e+03 8.978829101562500000e+03 8.978858842337569513e+03
1.408979744197800756e+03 9.012820312500000000e+03 8.979153716401040583e+03
1.409000177173409611e+03 8.979036132812500000e+03 8.979449868420484563e+03
1.409020610248669982e+03 8.974517578125000000e+03 8.979748374167062138e+03
1.409041043124627322e+03 8.980734375000000000e+03 8.980050305008948271e+03
1.409061476100701839e+03 8.984187500000000000e+03 8.980356741101089938e+03
1.409081909176427871e+03 8.980568359375000000e+03 8.980668758268526290e+03
1.409102342152968049e+03 8.979539062500000000e+03 8.980987429237689867e+03
1.409122775129508227e+03 8.980403320312500000e+03 8.981313831266948910e+03
1.409143208106048405e+03 8.982672851562500000e+03 8.981649040114481977e+03
1.409163641083054245e+03 8.991907226562500000e+03 8.981994131546465724e+03
1.409184074160177261e+03 8.981900390625000000e+03 8.982350183086793550e+03
1.409204507037531585e+03 8.987487304687500000e+03 8.982718265182749747e+03
1.409224940015003085e+03 8.977116210937500000e+03 8.983099458904191124e+03
1.409245373092591763e+03 8.976864257812500000e+03 8.983494840210069015e+03
1.409265805970411748e+03 8.982140625000000000e+03 8.983905478946904623e+03
1.409286238948348910e+03 8.983541015625000000e+03 8.984332456785607064e+03
1.409306672026403248e+03 8.987026367187500000e+03 8.984776849732639675e+03
1.409327104905154556e+03 8.987606445312500000e+03 8.985239726902438633e+03
1.409347537983674556e+03 8.990533203125000000e+03 8.985722173101547014e+03
1.409367970962543041e+03 8.987063476562500000e+03 8.986225257165300718e+03
1.409388403841294348e+03 8.981716796875000000e+03 8.986750054530182751e+03
1.409408836920745671e+03 8.986313476562500000e+03 8.987297648846595621e+03
1.409429269900079817e+03 8.985400390625000000e+03 8.987869107982358400e+03
1.409449702779762447e+03 8.988863281250000000e+03 8.988465507351238557e+03
1.409470135859213769e+03 8.993728515625000000e+03 8.989087931640029637e+03
1.409490568839479238e+03 8.999937500000000000e+03 8.989737447695573792e+03
1.409511001819744706e+03 8.988593750000000000e+03 8.990415134233988283e+03
1.409531434800010175e+03 8.993114257812500000e+03 8.991122067014046479e+03
1.409551867780275643e+03 8.995821289062500000e+03 8.991859321794519929e+03
1.409572300761472434e+03 8.992238281250000000e+03 8.992627954665766083e+03
1.409592733742203563e+03 8.989014648437500000e+03 8.993427304111150079e+03
1.409633599704597145e+03 8.991679687500000000e+03 8.995103093103454739e+03
1.409654032686259598e+03 8.992449218750000000e+03 8.995971540612379613e+03
1.409674465667922050e+03 8.995497070312500000e+03 8.996855028757028776e+03
1.409694898749701679e+03 8.997165039062500000e+03 8.997749565920630630e+03
1.409715331632178277e+03 8.995773437500000000e+03 8.998651142913413423e+03
1.409735764714423567e+03 8.999408203125000000e+03 8.999555781297443900e+03
1.409756197697017342e+03 8.991007812500000000e+03 9.000459471808280796e+03
1.409776630579493940e+03 8.996161132812500000e+03 9.001358218447692707e+03
1.409797063662670553e+03 8.999344726562500000e+03 9.002248038370134964e+03
1.409817496645729989e+03 9.009166992187500000e+03 9.003124922378739939e+03
1.409837929529137909e+03 9.011403320312500000e+03 9.003984874691195728e+03
1.409858362612314522e+03 9.004463867187500000e+03 9.004823911743900680e+03
1.409878795596305281e+03 8.999541992187500000e+03 9.005638025075184487e+03
1.409899228679947555e+03 9.010489257812500000e+03 9.006423226542614429e+03
1.409919661564286798e+03 9.013717773437500000e+03 9.007175508867312601e+03
1.409940094548277557e+03 9.009870117187500000e+03 9.007890887284780547e+03
1.409960527632851154e+03 9.011980468750000000e+03 9.008565365233853299e+03
1.409980960517656058e+03 9.005141601562500000e+03 9.009194937095508067e+03
1.410001393502578139e+03 9.009235351562500000e+03 9.009775616425788030e+03
1.410021826587617397e+03 9.007728515625000000e+03 9.010303406454357173e+03
1.410042259472887963e+03 9.005653320312500000e+03 9.010774303819214765e+03
1.410062692458275706e+03 9.010878906250000000e+03 9.011184319835027054e+03
1.410083125543780625e+03 9.013019531250000000e+03 9.011529457554965120e+03
1.410103558429516852e+03 9.017857421875000000e+03 9.011805716385155392e+03
1.410123991515953094e+03 9.007096679687500000e+03 9.012009105686318435e+03
1.410144424501806498e+03 9.009710937500000000e+03 9.012135625891285599e+03
1.410164857488591224e+03 9.014348632812500000e+03 9.012181282161283889e+03
1.410185290474910289e+03 9.019066406250000000e+03 9.012142078467324609e+03
1.410205723362043500e+03 9.013539062500000000e+03 9.012014019632093550e+03
1.410226156348828226e+03 9.010828125000000000e+03 9.011793108399318953e+03
1.410246589436195791e+03 9.011373046875000000e+03 9.011475347341181987e+03
1.410267022423446178e+03 9.019561523437500000e+03 9.011056743535624264e+03
1.410287455411162227e+03 9.007479492187500000e+03 9.010533299629480098e+03
1.410307888399343938e+03 9.001884765625000000e+03 9.009901019591561635e+03
