1.338302209354005754e+03 7.980202148437500000e+03 7.978137252243830517e+03
1.338322642036713660e+03 7.978256347656250000e+03 7.978169973566130466e+03
1.338343074519187212e+03 7.975606933593750000e+03 7.978202557449333653e+03
1.338363507102243602e+03 7.981566406250000000e+03 7.978235004312772617e+03
1.338383939784485847e+03 7.976556152343750000e+03 7.978267314090831860e+03
1.338404372266959399e+03 7.978643554687500000e+03 7.978299486250408336e+03
1.338424804849084467e+03 7.988655761718750000e+03 7.978331521202574550e+03
1.338445237531792372e+03 7.979681640625000000e+03 7.978363418885387546e+03
1.338465670013800263e+03 7.986545898437500000e+03 7.978395178768130791e+03
1.338486102695576847e+03 7.968884765625000000e+03 7.978426801411915221e+03
1.338506535177584738e+03 7.981640136718750000e+03 7.978458286137001778e+03
1.338526967759709805e+03 7.973551269531250000e+03 7.978489633345110633e+03
1.338547400441020727e+03 7.983196777343750000e+03 7.978520842971417551e+03
1.338567833023145795e+03 7.983170898437500000e+03 7.978551914651523475e+03
1.338588265504222363e+03 7.985283691406250000e+03 7.978582848323246253e+03
1.338608698185998946e+03 7.973804199218750000e+03 7.978613644381013728e+03
1.338629130767192692e+03 7.976622558593750000e+03 7.978644302308332044e+03
1.338649563248269260e+03 7.974307617187500000e+03 7.978674822046550617e+03
1.338669995929580182e+03 7.984716308593750000e+03 7.978705203981898194e+03
1.338690428510773927e+03 7.984704589843750000e+03 7.978735447605367881e+03
1.338710861091502011e+03 7.978924804687500000e+03 7.978765553004094727e+03
1.338731293672230095e+03 7.979096191406250000e+03 7.978795520117387241e+03
1.338751726253423840e+03 7.971900390625000000e+03 7.978825348884530285e+03
1.338772158933803439e+03 7.975219238281250000e+03 7.978855039387243778e+03
1.338792591414414346e+03 7.983715332031250000e+03 7.978884591130756235e+03
1.338813023994676769e+03 7.982590820312500000e+03 7.978914004487750390e+03
1.338833456675522029e+03 7.973229492187500000e+03 7.978943279396147773e+03
1.338853889155667275e+03 7.973866210937500000e+03 7.978972415363914479e+03
1.338874321735929698e+03 7.980832031250000000e+03 7.979001412759645063e+03
1.338894754415843636e+03 7.972143554687500000e+03 7.979030271519250164e+03
1.338915186895988882e+03 7.979673828125000000e+03 7.979058991159471589e+03
1.338935619475785643e+03 7.982562500000000000e+03 7.979087572040805753e+03
1.338956052155699581e+03 7.978296386718750000e+03 7.979116014100475695e+03
1.338976484634913504e+03 7.987203613281250000e+03 7.979144316859387800e+03
1.338996917314827442e+03 7.972238281250000000e+03 7.979172480812168942e+03
1.339017349894158542e+03 7.971776367187500000e+03 7.979200505481125219e+03
1.339037782473489642e+03 7.980435546875000000e+03 7.979228390943855629e+03
1.339058215052820742e+03 7.970976562500000000e+03 7.979256137138974736e+03
1.339078647632151842e+03 7.969760742187500000e+03 7.979283744005088920e+03
1.339099080211017281e+03 7.973138671875000000e+03 7.979311211480193379e+03
1.339119512790348381e+03 7.968991210937500000e+03 7.979338539504147775e+03
1.339139945369213820e+03 7.982095214843750000e+03 7.979365728014325214e+03
1.339160377948079258e+03 7.979420410156250000e+03 7.979392776949955078e+03
1.339180810526944697e+03 7.981532226562500000e+03 7.979419686249657389e+03
1.339201243105344474e+03 7.976237304687500000e+03 7.979446455851435530e+03
1.339221675783861428e+03 7.975340332031250000e+03 7.979473085824653026e+03
1.339242108262144029e+03 7.978730957031250000e+03 7.979499575717505650e+03
1.339262540840543807e+03 7.977502441406250000e+03 7.979525925859024937e+03
1.339282973519060761e+03 7.981619140625000000e+03 7.979552136185771815e+03
1.339303405997343361e+03 7.971175781250000000e+03 7.979578206252102973e+03
1.339323838575277478e+03 7.982702636718750000e+03 7.979604136380296040e+03
1.339344271253328770e+03 7.989316406250000000e+03 7.979629926507497657e+03
1.339364703731145710e+03 7.982569824218750000e+03 7.979655576194249988e+03
1.339385136309079826e+03 7.983178222656250000e+03 7.979681085757238179e+03
1.339405568986665457e+03 7.984448730468750000e+03 7.979706455132436531e+03
1.339426001464016736e+03 7.978386718750000000e+03 7.979731683887152030e+03
1.339446434141602367e+03 7.981819824218750000e+03 7.979756772454473321e+03
1.339466866719070822e+03 7.973345703125000000e+03 7.979781720403190775e+03
1.339487299196422100e+03 7.965663085937500000e+03 7.979806527673979872e+03
1.339507731873542070e+03 7.977499023437500000e+03 7.979831194568521823e+03
1.339528164450544864e+03 7.979255859375000000e+03 7.979855720662369094e+03
1.339548596927896142e+03 7.981818359375000000e+03 7.979880105896758323e+03
1.339569029604550451e+03 7.973824707031250000e+03 7.979904350566057474e+03
1.339589462181553245e+03 7.987994628906250000e+03 7.979928454253124073e+03
1.339609894758090377e+03 7.983369140625000000e+03 7.979952417014613275e+03
1.339630327335093170e+03 7.982653320312500000e+03 7.979976238790228308e+03
1.339650759911630303e+03 7.981926757812500000e+03 7.979999919517495073e+03
1.339671192488167435e+03 7.976376953125000000e+03 7.980023459135574740e+03
1.339691625164356083e+03 7.980711425781250000e+03 7.980046857696851475e+03
1.339712057640776038e+03 7.983481933593750000e+03 7.980070114798090799e+03
1.339732490316964686e+03 7.984809082031250000e+03 7.980093230832677364e+03
1.339752922792918980e+03 7.976497070312500000e+03 7.980116205286694822e+03
1.339773355368990451e+03 7.987208496093750000e+03 7.980139038437513591e+03
1.339793788044713438e+03 7.972639648437500000e+03 7.980161730221150719e+03
1.339814220620784909e+03 7.990267578125000000e+03 7.980184280354880684e+03
1.339834653096739203e+03 7.978155761718750000e+03 7.980206688778881471e+03
1.339875518247950822e+03 7.976360351562500000e+03 7.980251080799779629e+03
1.339895950823090971e+03 7.996817871093750000e+03 7.980273064163769959e+03
1.339916383498813957e+03 7.979119140625000000e+03 7.980294905789115546e+03
1.339936815973836929e+03 7.984032714843750000e+03 7.980316605293415705e+03
1.339957248649094254e+03 7.983188476562500000e+03 7.980338163041080406e+03
1.339977681224234402e+03 7.987345214843750000e+03 7.980359578652793061e+03
1.339998113699257374e+03 7.975604980468750000e+03 7.980380852069250977e+03
1.340018546374049038e+03 7.983093261718750000e+03 7.980401983540255969e+03
1.340038978949189186e+03 7.991412109375000000e+03 7.980422972693718293e+03
1.340059411523863673e+03 7.978788574218750000e+03 7.980443819571183667e+03
1.340079844098538160e+03 7.973858886718750000e+03 7.980464524111743231e+03
1.340100276672746986e+03 7.981875000000000000e+03 7.980485086253542249e+03
1.340120709247421473e+03 7.994640136718750000e+03 7.980505505936132977e+03
1.340141141821630299e+03 7.976077148437500000e+03 7.980525783097196836e+03
1.340161574396304786e+03 7.984988281250000000e+03 7.980545917676270619e+03
1.340182007070165128e+03 7.987832519531250000e+03 7.980565909708204344e+03
1.340202439644373953e+03 7.973525390625000000e+03 7.980585758937064384e+03
1.340222872118465602e+03 7.981311035156250000e+03 7.980605465303109668e+03
1.340243304792325944e+03 7.986357910156250000e+03 7.980625029033130886e+03
1.340263737366534770e+03 7.978992187500000000e+03 7.980644449778008493e+03
1.340284169840160757e+03 7.976413085937500000e+03 7.980663727477570319e+03
1.340304602513555437e+03 7.981205078125000000e+03 7.980682862352765369e+03
1.340325035087298602e+03 7.982456054687500000e+03 7.980701854060749611e+03
1.340345467560924590e+03 7.988592285156250000e+03 7.980720702541804712e+03
1.340365900234319270e+03 7.976298339843750000e+03 7.980739408010136685e+03
1.340386332807596773e+03 7.975685546875000000e+03 7.980757970128766829e+03
1.340406765280757099e+03 7.972926269531250000e+03 7.980776388838421553e+03
1.340427197954151779e+03 7.981775390625000000e+03 7.980794664347406069e+03
1.340447630526963621e+03 7.978508300781250000e+03 7.980812796324228657e+03
1.340468063100241125e+03 7.975816894531250000e+03 7.980830784798226887e+03
1.340488495673052967e+03 7.979352539062500000e+03 7.980848629707191321e+03
1.340508928155060858e+03 7.980419433593750000e+03 7.980866330911798286e+03
1.340529360827989876e+03 7.980173339843750000e+03 7.980883888593675692e+03
1.340549793400336057e+03 7.981630859375000000e+03 7.980901302439994652e+03
1.340570225873030722e+03 7.976224609375000000e+03 7.980918572392272836e+03
1.340590658545494080e+03 7.983287109375000000e+03 7.980935698641143972e+03
1.340611091117840260e+03 7.988112304687500000e+03 7.980952680872808742e+03
1.340631523690186441e+03 7.977514160156250000e+03 7.980969519110150941e+03
1.340651956262066960e+03 7.990633789062500000e+03 7.980986213291402237e+03
1.340672388834413141e+03 7.984038085937500000e+03 7.981002763355938441e+03
1.340692821506410837e+03 7.978805664062500000e+03 7.981019169321651134e+03
1.340713253978174180e+03 7.984480468750000000e+03 7.981035430887430266e+03
1.340733686550054699e+03 7.986512695312500000e+03 7.981051548231989727e+03
1.340754119222052395e+03 7.983150878906250000e+03 7.981067521291823141e+03
1.340774551793467253e+03 7.983227539062500000e+03 7.981083349848649050e+03
1.340794984265230596e+03 7.973581054687500000e+03 7.981099033843929647e+03
1.340815416936762631e+03 7.974305175781250000e+03 7.981114573445047427e+03
1.340835849508177489e+03 7.976684082031250000e+03 7.981129968361487045e+03
1.340856281979475170e+03 7.977961425781250000e+03 7.981145218533988555e+03
1.340876714651007205e+03 7.977907714843750000e+03 7.981160324124275576e+03
1.340897147221956402e+03 7.975928710937500000e+03 7.981175284847509829e+03
1.340917579893022776e+03 7.983088867187500000e+03 7.981190100789262033e+03
1.340938012363854796e+03 7.980500000000000000e+03 7.981204771671422350e+03
1.340958444934803993e+03 7.983440917968750000e+03 7.981219297649323380e+03
1.340978877605870366e+03 7.980495605468750000e+03 7.981233678659455109e+03
1.340999310076236725e+03 7.975174804687500000e+03 7.981247914429770390e+03
1.341019742647185922e+03 7.982557617187500000e+03 7.981262005109861093e+03
1.341040175317786634e+03 7.984698242187500000e+03 7.981275950635567824e+03
1.341060607788152993e+03 7.972565917968750000e+03 7.981289750741897478e+03
1.341081040358636528e+03 7.985149414062500000e+03 7.981303405571390613e+03
1.341101473028771579e+03 7.975879882812500000e+03 7.981316915060215251e+03
1.341121905499137938e+03 7.987229492187500000e+03 7.981330278950083084e+03
1.341142338169272989e+03 7.979322265625000000e+03 7.981343497440932879e+03
1.341162770639639348e+03 7.983812988281250000e+03 7.981356570212897168e+03
1.341183203209657222e+03 7.975895507812500000e+03 7.981369497397233317e+03
1.341203635879326612e+03 7.978005859375000000e+03 7.981382278930423126e+03
1.341224068349227309e+03 7.978649414062500000e+03 7.981394914564845749e+03
1.341244500918779522e+03 7.986145019531250000e+03 7.981407404425354798e+03
1.341264933588448912e+03 7.975060546875000000e+03 7.981419748448707651e+03
1.341285366158001125e+03 7.984835449218750000e+03 7.981431946452548800e+03
1.341305798627901822e+03 7.983830566406250000e+03 7.981443998377912067e+03
1.341326231297105551e+03 7.971495605468750000e+03 7.981455904338672553e+03
1.341346663866657764e+03 7.986608886718750000e+03 7.981467664098181558e+03
1.341367096335627139e+03 7.992895507812500000e+03 7.981479277596661632e+03
1.341387529004830867e+03 7.972864746093750000e+03 7.981490744942635502e+03
1.341407961573917419e+03 7.983730468750000000e+03 7.981502065905077870e+03
1.341428394243121147e+03 7.974965820312500000e+03 7.981513240533541648e+03
1.341448826712090522e+03 7.983130371093750000e+03 7.981524268603456221e+03
1.341469259280711412e+03 7.980653808593750000e+03 7.981535150216372131e+03
1.341489691949449480e+03 7.982316406250000000e+03 7.981545885309003097e+03
1.341510124417953193e+03 7.985955566406250000e+03 7.981556473663236829e+03
1.341530556986574084e+03 7.983226074218750000e+03 7.981566915374408381e+03
1.341550989655312151e+03 7.986357421875000000e+03 7.981577210378976815e+03
1.341571422123815864e+03 7.983970214843750000e+03 7.981587358465302714e+03
1.341591854691971093e+03 7.982271484375000000e+03 7.981597359722023612e+03
1.341612287360243499e+03 7.978612792968750000e+03 7.981607214085825944e+03
1.341632719828747213e+03 7.976377929687500000e+03 7.981616921351769633e+03
1.341653152496553957e+03 7.981382324218750000e+03 7.981626481648065237e+03
1.341673585064709187e+03 7.988006835937500000e+03 7.981635894772371103e+03
1.341694017532747239e+03 7.975947753906250000e+03 7.981645160665246294e+03
1.341714450200553983e+03 7.985854980468750000e+03 7.981654279400217092e+03
1.341734882768243551e+03 7.990054687500000000e+03 7.981663250780991802e+03
1.341755315335933119e+03 7.971864257812500000e+03 7.981672074791218620e+03
1.341775747903622687e+03 7.975663085937500000e+03 7.981680751369511199e+03
1.341796180471312255e+03 7.978700195312500000e+03 7.981689280454489563e+03
1.341816612938884646e+03 7.981683593750000000e+03 7.981697661944050196e+03
1.341837045606225729e+03 7.987891113281250000e+03 7.981705895898747258e+03
1.341857478173449636e+03 7.986709960937500000e+03 7.981713982135262086e+03
1.341877910740673542e+03 7.980866210937500000e+03 7.981721920632917318e+03
1.341898343307897449e+03 7.980154785156250000e+03 7.981729711330323880e+03
1.341918775875121355e+03 7.985263183593750000e+03 7.981737354166096338e+03
1.341939208541996777e+03 7.979956542968750000e+03 7.981744849115037141e+03
1.341959641009103507e+03 7.979214843750000000e+03 7.981752196007021666e+03
1.341980073575861752e+03 7.984562988281250000e+03 7.981759394889408213e+03
1.342000506242737174e+03 7.986220703125000000e+03 7.981766445698804091e+03
1.342020938709378242e+03 7.972289062500000000e+03 7.981773348271264695e+03
1.342041371275670826e+03 7.974644531250000000e+03 7.981780102647810054e+03
1.342061803942546248e+03 7.990812988281250000e+03 7.981786708765177536e+03
1.342082236408721656e+03 7.972015625000000000e+03 7.981793166465666218e+03
1.342102669075131416e+03 7.985004394531250000e+03 7.981799475814606922e+03
1.342123101641424000e+03 7.975453613281250000e+03 7.981805636656776187e+03
1.342143534107599407e+03 7.976676269531250000e+03 7.981811648932972275e+03
1.342163966774009168e+03 7.977658691406250000e+03 7.981817512669093048e+03
1.342184399339836091e+03 7.970750488281250000e+03 7.981823227716337897e+03
1.342225264471955597e+03 7.977526367187500000e+03 7.981834211586461606e+03
1.342245697037782520e+03 7.976218261718750000e+03 7.981839480286442267e+03
1.342266129603609443e+03 7.984014160156250000e+03 7.981844600081230055e+03
1.342286562169436365e+03 7.978596191406250000e+03 7.981849570909436807e+03
1.342306994734797627e+03 7.987829589843750000e+03 7.981854392709566127e+03
1.342327427300624549e+03 7.981196289062500000e+03 7.981859065420452680e+03
1.342347859865985811e+03 7.976222167968750000e+03 7.981863588980495479e+03
1.342368292431347072e+03 7.980194824218750000e+03 7.981867963328416408e+03
1.342388725096825510e+03 7.984763671875000000e+03 7.981872188423163607e+03
1.342409157661721110e+03 7.984100585937500000e+03 7.981876264161856852e+03
1.342429590126965195e+03 7.974130371093750000e+03 7.981880190485488129e+03
1.342450022791977972e+03 7.989306152343750000e+03 7.981883967389108875e+03
1.342470455257222056e+03 7.990783203125000000e+03 7.981887594737481777e+03
1.342490887822117656e+03 7.983783203125000000e+03 7.981891072523471848e+03
1.342511320487130433e+03 7.979940917968750000e+03 7.981894400683579079e+03
1.342531752951908857e+03 7.976466796875000000e+03 7.981897579108592254e+03
1.342552185516338795e+03 7.983259277343750000e+03 7.981900607784882595e+03
1.342572618180885911e+03 7.988509765625000000e+03 7.981903486648929174e+03
1.342593050645664334e+03 7.983473632812500000e+03 7.981906215598195558e+03
1.342613483310211450e+03 7.981829101562500000e+03 7.981908794624654547e+03
1.342654348338954151e+03 7.979380371093750000e+03 7.981913502548959514e+03
1.342674781003035605e+03 7.968439941406250000e+03 7.981915631358585415e+03
1.342695213567465544e+03 7.985057128906250000e+03 7.981917609963162249e+03
1.342715646031312644e+03 7.990274902343750000e+03 7.981919438303420975e+03
1.342736078695394099e+03 7.992501953125000000e+03 7.981921116343792164e+03
1.342756511259358376e+03 7.983558593750000000e+03 7.981922643997120758e+03
1.342776943823322654e+03 7.982011718750000000e+03 7.981924021210605133e+03
1.342797376387286931e+03 7.990909667968750000e+03 7.981925247922859853e+03
1.342817808950785547e+03 7.986967773437500000e+03 7.981926324072478565e+03
1.342858674078248441e+03 7.983542480468750000e+03 7.981928024438353532e+03
1.342879106641747057e+03 7.980082031250000000e+03 7.981928648531820727e+03
1.342899539305362850e+03 7.983749023437500000e+03 7.981929121819077409e+03
1.342919971868861467e+03 7.978262207031250000e+03 7.981929444234105176e+03
1.342940404332242906e+03 7.980106933593750000e+03 7.981929615717729575e+03
1.342960836995393038e+03 7.984129394531250000e+03 7.981929636209977616e+03
1.342981269558425993e+03 7.981139160156250000e+03 7.981929505648055056e+03
1.343001702021341771e+03 7.977104492187500000e+03 7.981929223972801992e+03
1.343022134684491903e+03 7.975448730468750000e+03 7.981928791117572473e+03
1.343042567247524858e+03 7.980255859375000000e+03 7.981928207026237033e+03
1.343062999810557812e+03 7.984749023437500000e+03 7.981927471635654001e+03
1.343083432373125106e+03 7.980946289062500000e+03 7.981926584884460681e+03
1.343103864836040884e+03 7.977526855468750000e+03 7.981925546716685858e+03
1.343124297498725355e+03 7.979321777343750000e+03 7.981924357054618667e+03
1.343144730061292648e+03 7.987694824218750000e+03 7.981923015853221841e+03
1.343165162523742765e+03 7.983389648437500000e+03 7.981921523053335477e+03
1.343185595186427236e+03 7.995067871093750000e+03 7.981919878570518449e+03
1.343206027748528868e+03 7.994512207031250000e+03 7.981918082366481030e+03
1.343226460210978985e+03 7.989342285156250000e+03 7.981916134381985103e+03
1.343246892873197794e+03 7.979670410156250000e+03 7.981914034525985699e+03
1.343267325435299426e+03 7.986992187500000000e+03 7.981911782766798751e+03
1.343287757997401059e+03 7.976620117187500000e+03 7.981909379033124424e+03
1.343308190559502691e+03 7.979047851562500000e+03 7.981906823263573642e+03
1.343328623121604323e+03 7.991547363281250000e+03 7.981904115396760972e+03
1.343349055783357471e+03 7.971372558593750000e+03 7.981901255356978254e+03
1.343369488245341927e+03 7.992373535156250000e+03 7.981898243125867339e+03
1.343389920806977898e+03 7.986365234375000000e+03 7.981895078599021872e+03
1.343410353468731046e+03 7.988158691406250000e+03 7.981891761712744483e+03
1.343430785930249840e+03 7.986382812500000000e+03 7.981888292455530973e+03
1.343451218491885811e+03 7.982350585937500000e+03 7.981884670716111941e+03
1.343471651153173298e+03 7.977365722656250000e+03 7.981880896430949178e+03
1.343492083714809269e+03 7.991771972656250000e+03 7.981876969575469957e+03
1.343512516176328063e+03 7.984878906250000000e+03 7.981872890090616238e+03
1.343532948837615550e+03 7.982674316406250000e+03 7.981868657854006415e+03
1.343553381398785859e+03 7.972958007812500000e+03 7.981864272865254861e+03
1.343573813959956169e+03 7.985586914062500000e+03 7.981859735042611646e+03
1.343594246520660818e+03 7.980707519531250000e+03 7.981855044324795927e+03
1.343614679081831127e+03 7.973812011718750000e+03 7.981850200650210354e+03
1.343635111742652953e+03 7.979832031250000000e+03 7.981845203932825825e+03
1.343655544203706086e+03 7.987363769531250000e+03 7.981840054185606277e+03
1.343675976764410734e+03 7.980024414062500000e+03 7.981834751272823269e+03
1.343696409425232559e+03 7.977500000000000000e+03 7.981829295130722130e+03
1.343716841885820031e+03 7.973279785156250000e+03 7.981823685779248990e+03
1.343737274446524680e+03 7.980553710937500000e+03 7.981817923075683211e+03
1.343757707007229328e+03 7.977531250000000000e+03 7.981812006985748667e+03
1.343778139567468315e+03 7.991854003906250000e+03 7.981805937448198165e+03
1.343798572227824479e+03 7.985340332031250000e+03 7.981799714370644324e+03
1.343819004688411951e+03 7.974415039062500000e+03 7.981793337784158211e+03
1.343839437248650938e+03 7.987231933593750000e+03 7.981786807535037951e+03
1.343859869908541441e+03 7.988580078125000000e+03 7.981780123559648928e+03
1.343880302369128913e+03 7.991000976562500000e+03 7.981773285895522349e+03
1.343900734928902239e+03 7.983735839843750000e+03 7.981766294382514388e+03
1.343921167588792741e+03 7.984730468750000000e+03 7.981759148956667559e+03
1.343941600048914552e+03 7.990301757812500000e+03 7.981751849662590757e+03
1.343962032608687878e+03 7.982815429687500000e+03 7.981744396333069744e+03
1.343982465268578380e+03 7.989057617187500000e+03 7.981736788904283458e+03
1.344002897828351706e+03 7.991125000000000000e+03 7.981729027389395924e+03
1.344023330388125032e+03 7.980871582031250000e+03 7.981721111690124417e+03
1.344043762947432697e+03 7.983320312500000000e+03 7.981713041745265400e+03
1.344064195507206023e+03 7.984592773437500000e+03 7.981704817493067821e+03
1.344084628066513687e+03 7.970855468750000000e+03 7.981696438872514591e+03
1.344105060625821352e+03 7.975931640625000000e+03 7.981687905822035646e+03
1.344125493185594678e+03 7.973374023437500000e+03 7.981679218280045461e+03
1.344145925844553858e+03 7.978410644531250000e+03 7.981670376142052191e+03
1.344166358303744346e+03 7.983935058593750000e+03 7.981661379477178343e+03
1.344186790863052011e+03 7.975268066406250000e+03 7.981652228093127633e+03
1.344207223522011191e+03 7.986736816406250000e+03 7.981642921926451891e+03
1.344227655981201679e+03 7.979276367187500000e+03 7.981633461053275823e+03
1.344248088640160859e+03 7.989074707031250000e+03 7.981623845227212769e+03
1.344268521199002862e+03 7.986076171875000000e+03 7.981614074526869445e+03
1.344288953657727689e+03 7.986808105468750000e+03 7.981604148893140518e+03
1.344309386316686869e+03 7.977971679687500000e+03 7.981594068117595270e+03
1.344329818875528872e+03 7.982550781250000000e+03 7.981583832285888093e+03
1.344350251333788037e+03 7.984474609375000000e+03 7.981573441339151941e+03
1.344370683992281556e+03 7.969319824218750000e+03 7.981562895061884774e+03
1.344391116551123559e+03 7.977317382812500000e+03 7.981552193546338458e+03
1.344411549009382725e+03 7.974750000000000000e+03 7.981541336733895150e+03
1.344431981667876244e+03 7.977463867187500000e+03 7.981530324402190672e+03
1.344452414226252586e+03 7.980963378906250000e+03 7.981519156650578225e+03
1.344472846784628928e+03 7.976719726562500000e+03 7.981507833364085855e+03
1.344493279342539608e+03 7.987254394531250000e+03 7.981496354481594608e+03
1.344513711900915951e+03 7.979985839843750000e+03 7.981484719941192452e+03
1.344534144458826631e+03 7.977415039062500000e+03 7.981472929682024187e+03
1.344554577017202973e+03 7.980287109375000000e+03 7.981460983642162319e+03
1.344575009575113654e+03 7.980757324218750000e+03 7.981448881760768018e+03
1.344595442133024335e+03 7.972808593750000000e+03 7.981436623976183000e+03
1.344615874690469354e+03 7.980126464843750000e+03 7.981424210227303774e+03
1.344636307248380035e+03 7.977660156250000000e+03 7.981411640452177380e+03
1.344656739905942231e+03 7.976049804687500000e+03 7.981398914527253510e+03
1.344677172363735735e+03 7.975716796875000000e+03 7.981386032578780032e+03
1.344697604921180755e+03 7.986156250000000000e+03 7.981372994357740026e+03
1.344718037578742951e+03 7.979915039062500000e+03 7.981359799800158726e+03
1.344738470036536455e+03 7.973982421875000000e+03 7.981346449039447180e+03
1.344758902693632990e+03 7.968614746093750000e+03 7.981332941753467821e+03
1.344779335251078010e+03 7.968830566406250000e+03 7.981319278077316994e+03
1.344799767708405852e+03 7.994116699218750000e+03 7.981305457952213146e+03
1.344820200365502387e+03 7.999723632812500000e+03 7.981291481112786641e+03
1.344840632922947407e+03 7.984997070312500000e+03 7.981277347701317012e+03
1.344861065379809588e+03 7.980469238281250000e+03 7.981263057659361948e+03
1.344881498036906123e+03 7.974113769531250000e+03 7.981248610714006645e+03
1.344901930593885481e+03 7.977972656250000000e+03 7.981234007015075804e+03
1.344922363050747663e+03 7.979046875000000000e+03 7.981219246503484101e+03
1.344942795707844198e+03 7.979963378906250000e+03 7.981204328899718348e+03
1.344963228264357895e+03 7.984553710937500000e+03 7.981189254360866471e+03
1.344983660920988768e+03 7.983912597656250000e+03 7.981174022677474568e+03
1.345004093377850950e+03 7.979302734375000000e+03 7.981158634012857874e+03
1.345024525934364647e+03 7.978131835937500000e+03 7.981143088081274982e+03
1.345044958490878344e+03 7.984339843750000000e+03 7.981127384896009971e+03
1.345065391047392040e+03 7.985735839843750000e+03 7.981111524395676497e+03
1.345085823603905737e+03 7.978203125000000000e+03 7.981095506518887305e+03
1.345106256160419434e+03 7.983585937500000000e+03 7.981079331204253322e+03
1.345126688716933131e+03 7.977117187500000000e+03 7.981062998390389112e+03
1.345147121272981167e+03 7.979856933593750000e+03 7.981046508016285770e+03
1.345167553929146379e+03 7.989001464843750000e+03 7.981029859938225854e+03
1.345187986385542899e+03 7.979609863281250000e+03 7.981013054340319286e+03
1.345208419041242450e+03 7.978096679687500000e+03 7.980996090832943992e+03
1.345228851597756147e+03 8.002834960937500000e+03 7.980978969601367680e+03
1.345249284053687006e+03 7.974257812500000000e+03 7.980961690587684643e+03
1.345269716709386557e+03 7.976264160156250000e+03 7.980944253475367077e+03
1.345290149265434593e+03 7.979879882812500000e+03 7.980926658457387020e+03
1.345310581720899791e+03 7.976049804687500000e+03 7.980908905475482243e+03
1.345331014376599342e+03 7.986897460937500000e+03 7.980890994205745301e+03
1.345351446932647377e+03 7.983723144531250000e+03 7.980872924848494222e+03
1.345371879388112575e+03 7.977103027343750000e+03 7.980854697345494969e+03
1.345392312043812126e+03 7.980926757812500000e+03 7.980836311365848815e+03
1.345433177254628390e+03 7.984571777343750000e+03 7.980799064357072893e+03
1.345453609710093588e+03 7.975642089843750000e+03 7.980780203299101231e+03
1.345474042265210301e+03 7.993595703125000000e+03 7.980761183606742634e+03
1.345494474920909852e+03 7.993442382812500000e+03 7.980742005215411154e+03
1.345514907375909388e+03 7.981777832031250000e+03 7.980722668347674698e+03
1.345535339931026101e+03 7.977107421875000000e+03 7.980703172658632866e+03
1.345576205041259527e+03 7.975913085937500000e+03 7.980663704854157913e+03
1.345596637596376240e+03 7.984727539062500000e+03 7.980643732615953013e+03
1.345617070251610130e+03 7.980789062500000000e+03 7.980623601306223463e+03
1.345657935361377895e+03 7.984150878906250000e+03 7.980582861720697110e+03
1.345678367916028947e+03 7.979626953125000000e+03 7.980562253223887637e+03
1.345698800470679998e+03 7.976406738281250000e+03 7.980541485509043923e+03
1.345719233025331050e+03 7.992670410156250000e+03 7.980520558514775985e+03
1.345739665579982102e+03 7.969766113281250000e+03 7.980499472179699296e+03
1.345760098134633154e+03 7.981314453125000000e+03 7.980478226442425694e+03
1.345780530689284205e+03 7.987251953125000000e+03 7.980456821241568832e+03
1.345800963243469596e+03 7.984255371093750000e+03 7.980435256516236223e+03
