1.338302439671475440e+03 7.604195312500000000e+03 7.610366583296785393e+03
1.338322872388642281e+03 7.616532226562500000e+03 7.610392689401245661e+03
1.338343304905574769e+03 7.605310546875000000e+03 7.610418417014880106e+03
1.338363737522624433e+03 7.620887695312500000e+03 7.610443768228987210e+03
1.338384170239325613e+03 7.606903808593750000e+03 7.610468744747815435e+03
1.338404602755792439e+03 7.612633300781250000e+03 7.610493347917879873e+03
1.338425035372376442e+03 7.613210449218750000e+03 7.610517579813916200e+03
1.338445468088611960e+03 7.608163574218750000e+03 7.610541442140267463e+03
1.338465900604613125e+03 7.610607421875000000e+03 7.610564936259770548e+03
1.338486333320848644e+03 7.621972656250000000e+03 7.610588064343242877e+03
1.338506765836849809e+03 7.608293457031250000e+03 7.610610827647716178e+03
1.338527198452502489e+03 7.614003906250000000e+03 7.610633228220298406e+03
1.338547631168272346e+03 7.609204589843750000e+03 7.610655267766532234e+03
1.338568063783925027e+03 7.597649902343750000e+03 7.610676947780772934e+03
1.338588496299460530e+03 7.614134277343750000e+03 7.610698269978628559e+03
1.338608929014764726e+03 7.606509765625000000e+03 7.610719236380766233e+03
1.338629361629951745e+03 7.600683105468750000e+03 7.610739848387201164e+03
1.338649794145021588e+03 7.611611328125000000e+03 7.610760107713460457e+03
1.338670226859860122e+03 7.606310546875000000e+03 7.610780016364657968e+03
1.338690659474581480e+03 7.609487304687500000e+03 7.610799575756360355e+03
1.338711092089302838e+03 7.603464355468750000e+03 7.610818787697314292e+03
1.338731524703558534e+03 7.611356445312500000e+03 7.610837653897427117e+03
1.338751957318279892e+03 7.611316406250000000e+03 7.610856176067891283e+03
1.338772390032652766e+03 7.617553222656250000e+03 7.610874356006438575e+03
1.338792822546791285e+03 7.615068847656250000e+03 7.610892195159098264e+03
1.338813255160581321e+03 7.613610351562500000e+03 7.610909695500540693e+03
1.338833687874488533e+03 7.614766113281250000e+03 7.610926858736541362e+03
1.338854120388161391e+03 7.613131835937500000e+03 7.610943686327607793e+03
1.338874553001951426e+03 7.608719238281250000e+03 7.610960180233894789e+03
1.338894985715392977e+03 7.613823242187500000e+03 7.610976342160483910e+03
1.338915418229065835e+03 7.605653320312500000e+03 7.610992173583298609e+03
1.338935850842390209e+03 7.617229003906250000e+03 7.611007676447090489e+03
1.338956283555366099e+03 7.612387207031250000e+03 7.611022852457399495e+03
1.338976716068573296e+03 7.613828125000000000e+03 7.611037703104567299e+03
1.338997148781549186e+03 7.613321777343750000e+03 7.611052230389322176e+03
1.339017581393942237e+03 7.609480468750000000e+03 7.611066435806105801e+03
1.339038014006800950e+03 7.618296875000000000e+03 7.611080321137868850e+03
1.339058446619194001e+03 7.609650390625000000e+03 7.611093888094310387e+03
1.339078879231587052e+03 7.611982910156250000e+03 7.611107138386086262e+03
1.339099311843980104e+03 7.611297363281250000e+03 7.611120073723527639e+03
1.339119744455907494e+03 7.614471679687500000e+03 7.611132695816682826e+03
1.339140177067834884e+03 7.608901367187500000e+03 7.611145006376187666e+03
1.339160609679762274e+03 7.608071777343750000e+03 7.611157007112367864e+03
1.339181042291689664e+03 7.611141113281250000e+03 7.611168699735561859e+03
1.339201474903151393e+03 7.610776367187500000e+03 7.611180085955841605e+03
1.339221907614730299e+03 7.611199218750000000e+03 7.611191167537368528e+03
1.339242340126074851e+03 7.611250976562500000e+03 7.611201946029812461e+03
1.339262772737536579e+03 7.610073730468750000e+03 7.611212423304165895e+03
1.339283205448649824e+03 7.615548828125000000e+03 7.611222601066117932e+03
1.339303637959528714e+03 7.610188964843750000e+03 7.611232480878828937e+03
1.339324070570524782e+03 7.615626464843750000e+03 7.611242064600046433e+03
1.339344503281172365e+03 7.611564453125000000e+03 7.611251353935555926e+03
1.339364935792051256e+03 7.611541015625000000e+03 7.611260350461718190e+03
1.339385368402581662e+03 7.613518066406250000e+03 7.611269056022847508e+03
1.339405801112763584e+03 7.606096191406250000e+03 7.611277472325034068e+03
1.339426233623176813e+03 7.617354003906250000e+03 7.611285600957394308e+03
1.339446666333358735e+03 7.595732910156250000e+03 7.611293443789219964e+03
1.339467098943423480e+03 7.620291992187500000e+03 7.611301002413646529e+03
1.339487531453371048e+03 7.613714355468750000e+03 7.611308278545175199e+03
1.339507964163087308e+03 7.606552734375000000e+03 7.611315273998869088e+03
1.339528396772686392e+03 7.608973144531250000e+03 7.611321990380338320e+03
1.339548829282168299e+03 7.609043457031250000e+03 7.611328429404006783e+03
1.339569261991884559e+03 7.608939941406250000e+03 7.611334592872829489e+03
1.339589694601017982e+03 7.610430175781250000e+03 7.611340482404384602e+03
1.339610127210151404e+03 7.607095214843750000e+03 7.611346099740017962e+03
1.339630559819284827e+03 7.609592285156250000e+03 7.611351446590066189e+03
1.339650992427952588e+03 7.609100585937500000e+03 7.611356524664748576e+03
1.339671425037086010e+03 7.608603515625000000e+03 7.611361335674629117e+03
1.339691857745405287e+03 7.607686035156250000e+03 7.611365881351342978e+03
1.339712290253955871e+03 7.607904296875000000e+03 7.611370163340666295e+03
1.339732722962740809e+03 7.619523437500000000e+03 7.611374183436760177e+03
1.339753155470825732e+03 7.600033691406250000e+03 7.611377943271072581e+03
1.339773588079027832e+03 7.611431152343750000e+03 7.611381444611204643e+03
1.339794020787347108e+03 7.609900878906250000e+03 7.611384689163704934e+03
1.339814453395083547e+03 7.602674804687500000e+03 7.611387678607045018e+03
1.339834885902702808e+03 7.614012695312500000e+03 7.611390414655375935e+03
1.339875751118175685e+03 7.615085449218750000e+03 7.611395133474727118e+03
1.339896183725912124e+03 7.610558593750000000e+03 7.611397119652382571e+03
1.339916616432834417e+03 7.614596679687500000e+03 7.611398859296983574e+03
1.339937048940453678e+03 7.610061523437500000e+03 7.611400354095251714e+03
1.339957481647375971e+03 7.618141601562500000e+03 7.611401605786692016e+03
1.339977914254646748e+03 7.614187011718750000e+03 7.611402616061546723e+03
1.339998346761334687e+03 7.608296875000000000e+03 7.611403386633638547e+03
1.340018779467791319e+03 7.607494140625000000e+03 7.611403919222888362e+03
1.340039212074596435e+03 7.613871093750000000e+03 7.611404215530077636e+03
1.340059644681401551e+03 7.609056640625000000e+03 7.611404277268715305e+03
1.340080077287275344e+03 7.612657226562500000e+03 7.611404106149146173e+03
1.340100509893614799e+03 7.618208007812500000e+03 7.611403703881700494e+03
1.340120942499954253e+03 7.607709960937500000e+03 7.611403072176703063e+03
1.340141375105828047e+03 7.603975585937500000e+03 7.611402212744515055e+03
1.340161807711701840e+03 7.614398437500000000e+03 7.611401127295452170e+03
1.340182240417692810e+03 7.610300292968750000e+03 7.611399817532883390e+03
1.340202673023100942e+03 7.611479003906250000e+03 7.611398285180020139e+03
1.340223105528857559e+03 7.613352539062500000e+03 7.611396531950380449e+03
1.340243538234382868e+03 7.606937011718750000e+03 7.611394559526991543e+03
1.340263970839791000e+03 7.613081054687500000e+03 7.611392369647530359e+03
1.340284403344616294e+03 7.616399414062500000e+03 7.611389964025574955e+03
1.340304836049675941e+03 7.607939453125000000e+03 7.611387344334465524e+03
1.340325268655084074e+03 7.611831542968750000e+03 7.611384512321405964e+03
1.340345701159443706e+03 7.598162597656250000e+03 7.611381469700037997e+03
1.340366133864503354e+03 7.617561035156250000e+03 7.611378218134224880e+03
1.340386566468980163e+03 7.606711425781250000e+03 7.611374759380712931e+03
1.340406998973339796e+03 7.612641113281250000e+03 7.611371095152795533e+03
1.340427431677933782e+03 7.613250488281250000e+03 7.611367227105435632e+03
1.340447864281944931e+03 7.608049804687500000e+03 7.611363157004425375e+03
1.340468296886421740e+03 7.608494628906250000e+03 7.611358886541455831e+03
1.340488729489967227e+03 7.617920898437500000e+03 7.611354417427157387e+03
1.340509162003174424e+03 7.603931640625000000e+03 7.611349751392728649e+03
1.340529594707302749e+03 7.615321777343750000e+03 7.611344890082835263e+03
1.340550027310848236e+03 7.601990722656250000e+03 7.611339835275863152e+03
1.340570459814276546e+03 7.613359375000000000e+03 7.611334588684870141e+03
1.340590892517939210e+03 7.606502929687500000e+03 7.611329151941661621e+03
1.340611325121019036e+03 7.614006347656250000e+03 7.611323526835223674e+03
1.340631757724098861e+03 7.608138183593750000e+03 7.611317715049590333e+03
1.340652190327178687e+03 7.614805175781250000e+03 7.611311718295093669e+03
1.340672622930258512e+03 7.613813964843750000e+03 7.611305538282060297e+03
1.340693055632989854e+03 7.615384765625000000e+03 7.611299176689358319e+03
1.340713488135952502e+03 7.612493164062500000e+03 7.611292635321864509e+03
1.340733920738566667e+03 7.610909179687500000e+03 7.611285915795371693e+03
1.340754353440832347e+03 7.608503906250000000e+03 7.611279019817615335e+03
1.340774786043446511e+03 7.600254882812500000e+03 7.611271949166196464e+03
1.340795218545477837e+03 7.610975585937500000e+03 7.611264705554323882e+03
1.340815651247743517e+03 7.608135253906250000e+03 7.611257290584429029e+03
1.340836083849892020e+03 7.614204589843750000e+03 7.611249706074581809e+03
1.340856516351923347e+03 7.615784179687500000e+03 7.611241953737591757e+03
1.340876949053723365e+03 7.608372558593750000e+03 7.611234035168792616e+03
1.340897381655406207e+03 7.615328613281250000e+03 7.611225952193517514e+03
1.340917814356740564e+03 7.603198730468750000e+03 7.611217706443097086e+03
1.340938246858306229e+03 7.623150878906250000e+03 7.611209299749882121e+03
1.340958679459523410e+03 7.606829101562500000e+03 7.611200733702188700e+03
1.340979112160857767e+03 7.605977539062500000e+03 7.611192010007825957e+03
1.340999544661957771e+03 7.606211914062500000e+03 7.611183130506512498e+03
1.341019977263174951e+03 7.606675292968750000e+03 7.611174096779192041e+03
1.341040409964043647e+03 7.607149414062500000e+03 7.611164910534153023e+03
1.341060842464677989e+03 7.616431640625000000e+03 7.611155573617665141e+03
1.341081275065429509e+03 7.619406738281250000e+03 7.611146087603912747e+03
1.341101707765832543e+03 7.607635742187500000e+03 7.611136454201268862e+03
1.341122140266466886e+03 7.605300292968750000e+03 7.611126675262310528e+03
1.341142572966869920e+03 7.620540039062500000e+03 7.611116752306150374e+03
1.341163005467038602e+03 7.611845703125000000e+03 7.611106687237381266e+03
1.341183438066858798e+03 7.607328613281250000e+03 7.611096481619648330e+03
1.341203870766796172e+03 7.618971679687500000e+03 7.611086137161004444e+03
1.341224303266964853e+03 7.608103027343750000e+03 7.611075655724607714e+03
1.341244735866319388e+03 7.621731445312500000e+03 7.611065038868438933e+03
1.341265168566256762e+03 7.613927734375000000e+03 7.611054288300127155e+03
1.341285601165611297e+03 7.614713378906250000e+03 7.611043405835855083e+03
1.341306033665314317e+03 7.605700195312500000e+03 7.611032393187380876e+03
1.341326466364320368e+03 7.606347167968750000e+03 7.611021251902961922e+03
1.341346898963674903e+03 7.614748046875000000e+03 7.611009983855001337e+03
1.341367331462912261e+03 7.616433593750000000e+03 7.610998590755932128e+03
1.341387764161918312e+03 7.607895996093750000e+03 7.610987074147964449e+03
1.341408196760341525e+03 7.615200683593750000e+03 7.610975435909816952e+03
1.341428629459347576e+03 7.607684082031250000e+03 7.610963677637259934e+03
1.341449061958119273e+03 7.616097167968750000e+03 7.610951801214599982e+03
1.341469494556542486e+03 7.613961425781250000e+03 7.610939808178725798e+03
1.341489927255082875e+03 7.611476074218750000e+03 7.610927700237997669e+03
1.341510359752923250e+03 7.616335449218750000e+03 7.610915479281840817e+03
1.341530792351346463e+03 7.612682617187500000e+03 7.610903146841214038e+03
1.341551225049421191e+03 7.607043457031250000e+03 7.610890704625377111e+03
1.341571657547261566e+03 7.613568359375000000e+03 7.610878154528079904e+03
1.341592090145219117e+03 7.607326171875000000e+03 7.610865498075953838e+03
1.341612522842828184e+03 7.606379882812500000e+03 7.610852736978070425e+03
1.341632955340668559e+03 7.618725097656250000e+03 7.610839873132523280e+03
1.341653388038277626e+03 7.611736816406250000e+03 7.610826907998110983e+03
1.341673820635769516e+03 7.617911621093750000e+03 7.610813843474710666e+03
1.341694253132678568e+03 7.602841308593750000e+03 7.610800681274406088e+03
1.341714685829821974e+03 7.612846679687500000e+03 7.610787422913037517e+03
1.341735118427313864e+03 7.606936523437500000e+03 7.610774070294821286e+03
1.341755551023874432e+03 7.611712402343750000e+03 7.610760625066266584e+03
1.341775983620900661e+03 7.611013183593750000e+03 7.610747088936792352e+03
1.341796416217926890e+03 7.616218261718750000e+03 7.610733463617030793e+03
1.341816848714370281e+03 7.624828125000000000e+03 7.610719750885025860e+03
1.341837281411048025e+03 7.616058593750000000e+03 7.610705952248591529e+03
1.341857714007608593e+03 7.609151367187500000e+03 7.610692069620263283e+03
1.341878146603703499e+03 7.608988281250000000e+03 7.610678104643287952e+03
1.341898579199798405e+03 7.610441894531250000e+03 7.610664059027675648e+03
1.341919011795893312e+03 7.606905273437500000e+03 7.610649934483760262e+03
1.341939444492105395e+03 7.611680175781250000e+03 7.610635732652094703e+03
1.341959876987617463e+03 7.614767089843750000e+03 7.610621455452652299e+03
1.341980309583712369e+03 7.600181152343750000e+03 7.610607104385793718e+03
1.342000742279458791e+03 7.607592285156250000e+03 7.610592681161429937e+03
1.342021174774970859e+03 7.613516113281250000e+03 7.610578187702096329e+03
1.342041607370134443e+03 7.611949707031250000e+03 7.610563625505919845e+03
1.342062040065415204e+03 7.616123046875000000e+03 7.610548996281906511e+03
1.342082472560927272e+03 7.610123535156250000e+03 7.610534301955570299e+03
1.342102905255742371e+03 7.608366699218750000e+03 7.610519543950258594e+03
1.342123337850905955e+03 7.614421875000000000e+03 7.610504724191767309e+03
1.342143770345952362e+03 7.597805664062500000e+03 7.610489844391651786e+03
1.342164203040767461e+03 7.605407714843750000e+03 7.610474906041426038e+03
1.342184635635465384e+03 7.612662597656250000e+03 7.610459911070238377e+03
1.342225500824395567e+03 7.614867187500000000e+03 7.610429757887474807e+03
1.342245933419093490e+03 7.604804199218750000e+03 7.610414603096213796e+03
1.342266366012860090e+03 7.613132812500000000e+03 7.610399398452945206e+03
1.342286798607092351e+03 7.610636230468750000e+03 7.610384145666961558e+03
1.342307231201324612e+03 7.607749511718750000e+03 7.610368846448934164e+03
1.342327663795091212e+03 7.608301757812500000e+03 7.610353502509542523e+03
1.342348096388857812e+03 7.608638671875000000e+03 7.610338115558769459e+03
1.342368528983090073e+03 7.611187500000000000e+03 7.610322687306589614e+03
1.342388961676508188e+03 7.612854980468750000e+03 7.610307219388500926e+03
1.342409394269809127e+03 7.612264160156250000e+03 7.610291713665719726e+03
1.342429826763458550e+03 7.606396972656250000e+03 7.610276171848761805e+03
1.342450259456411004e+03 7.613703613281250000e+03 7.610260595420302707e+03
1.342470691950060427e+03 7.610637207031250000e+03 7.610244986394529406e+03
1.342491124542895705e+03 7.630373046875000000e+03 7.610229346253979202e+03
1.342511557235848159e+03 7.609444335937500000e+03 7.610213676707828199e+03
1.342531989729031920e+03 7.610466796875000000e+03 7.610197979696584298e+03
1.342552422321867198e+03 7.617219238281250000e+03 7.610182256700756625e+03
1.342572855014353991e+03 7.610479492187500000e+03 7.610166509430298902e+03
1.342593287507072091e+03 7.608687500000000000e+03 7.610150739826470272e+03
1.342613720199558884e+03 7.619974609375000000e+03 7.610134949291254088e+03
1.342654585284180939e+03 7.609518066406250000e+03 7.610103312963051394e+03
1.342675017976202071e+03 7.607060546875000000e+03 7.610087470358581413e+03
1.342695450568106025e+03 7.610649902343750000e+03 7.610071613895906921e+03
1.342715883060358465e+03 7.608825683593750000e+03 7.610055745285186276e+03
1.342736315751913935e+03 7.614381835937500000e+03 7.610039866004492069e+03
1.342756748343817890e+03 7.612983886718750000e+03 7.610023977996404938e+03
1.342777180935256183e+03 7.618427246093750000e+03 7.610008082894200925e+03
1.342797613527160138e+03 7.608303710937500000e+03 7.609992182407478140e+03
1.342818046118132770e+03 7.601879882812500000e+03 7.609976278247657319e+03
1.342858911301009357e+03 7.614684082031250000e+03 7.609944465747121285e+03
1.342879343891981989e+03 7.602836425781250000e+03 7.609928560827787805e+03
1.342899776583071798e+03 7.608881835937500000e+03 7.609912658998031475e+03
1.342920209174044430e+03 7.604201171875000000e+03 7.609896762124026282e+03
1.342940641664899886e+03 7.611235839843750000e+03 7.609880871916005162e+03
1.342961074355524033e+03 7.615872558593750000e+03 7.609864989851141218e+03
1.342981506946031004e+03 7.611504394531250000e+03 7.609849117872920033e+03
1.343001939436420798e+03 7.614457031250000000e+03 7.609833257691512699e+03
1.343022372127044946e+03 7.605064941406250000e+03 7.609817410784202366e+03
1.343042804717086256e+03 7.604801757812500000e+03 7.609801579094714725e+03
1.343063237307593226e+03 7.603818359375000000e+03 7.609785764254982496e+03
1.343083669897634536e+03 7.610552246093750000e+03 7.609769967976046246e+03
1.343104102387558669e+03 7.607340820312500000e+03 7.609754192045128548e+03
1.343124535077251494e+03 7.605742187500000000e+03 7.609738437941165103e+03
1.343144967667292804e+03 7.602001464843750000e+03 7.609722707605513278e+03
1.343165400156751275e+03 7.606179687500000000e+03 7.609707002748854393e+03
1.343185832846444100e+03 7.609621582031250000e+03 7.609691324850493402e+03
1.343206265436019748e+03 7.609872558593750000e+03 7.609675675851425694e+03
1.343226697925478220e+03 7.605709960937500000e+03 7.609660057461535871e+03
1.343247130614705384e+03 7.616172851562500000e+03 7.609644471162154332e+03
1.343267563203815371e+03 7.610337890625000000e+03 7.609628918892607544e+03
1.343287995792925358e+03 7.604584472656250000e+03 7.609613402286768178e+03
1.343308428382035345e+03 7.613017089843750000e+03 7.609597923054967396e+03
1.343328860970679671e+03 7.607593261718750000e+03 7.609582482907881058e+03
1.343349293659441173e+03 7.609334472656250000e+03 7.609567083480127621e+03
1.343369726147968322e+03 7.612602539062500000e+03 7.609551726708098613e+03
1.343390158736612648e+03 7.607444824218750000e+03 7.609536414076059373e+03
1.343410591425374150e+03 7.602740722656250000e+03 7.609521147294994989e+03
1.343431023913435638e+03 7.606973144531250000e+03 7.609505928299658081e+03
1.343451456501614302e+03 7.616594726562500000e+03 7.609490758575950167e+03
1.343471889189910144e+03 7.609720703125000000e+03 7.609475639834937283e+03
1.343492321778088808e+03 7.612232910156250000e+03 7.609460573935117282e+03
1.343512754266150296e+03 7.618207031250000000e+03 7.609445562586024607e+03
1.343533186953980476e+03 7.602812500000000000e+03 7.609430607278071875e+03
1.343553619541693479e+03 7.610797363281250000e+03 7.609415709941499699e+03
1.343574052129406482e+03 7.619618164062500000e+03 7.609400872213216644e+03
1.343594484717119485e+03 7.604375488281250000e+03 7.609386095803545686e+03
1.343614917304366827e+03 7.609680664062500000e+03 7.609371382423150862e+03
1.343635349991731346e+03 7.609872558593750000e+03 7.609356733710406843e+03
1.343655782479327172e+03 7.607865722656250000e+03 7.609342151590155481e+03
1.343676215066108853e+03 7.611642089843750000e+03 7.609327637558868446e+03
1.343696647753473371e+03 7.608895996093750000e+03 7.609313193326894179e+03
1.343717080240603536e+03 7.607270019531250000e+03 7.609298820816695297e+03
1.343737512827385217e+03 7.602291503906250000e+03 7.609284521527119068e+03
1.343757945414166898e+03 7.612322753906250000e+03 7.609270297238759667e+03
1.343778378000948578e+03 7.620920898437500000e+03 7.609256149661954623e+03
1.343798810687381774e+03 7.604643066406250000e+03 7.609242080438600169e+03
1.343819243174046278e+03 7.616114746093750000e+03 7.609228091484608740e+03
1.343839675760362297e+03 7.609805175781250000e+03 7.609214184304718401e+03
1.343860108446329832e+03 7.610165039062500000e+03 7.609200360610469033e+03
1.343880540932994336e+03 7.612032714843750000e+03 7.609186622313818589e+03
1.343900973518844694e+03 7.611211425781250000e+03 7.609172970923769753e+03
1.343921406204812229e+03 7.603108398437500000e+03 7.609159408151312164e+03
1.343941838691011071e+03 7.606623046875000000e+03 7.609145935905169608e+03
1.343962271276861429e+03 7.607517578125000000e+03 7.609132555697578937e+03
1.343982703962363303e+03 7.609023437500000000e+03 7.609119269240223730e+03
1.344003136548213661e+03 7.609801757812500000e+03 7.609106078373039963e+03
1.344023569133598357e+03 7.605483398437500000e+03 7.609092984741616419e+03
1.344044001718983054e+03 7.601858886718750000e+03 7.609079990055979579e+03
1.344064434304367751e+03 7.614395996093750000e+03 7.609067096026456056e+03
1.344084866889752448e+03 7.599041015625000000e+03 7.609054304363374285e+03
1.344105299474671483e+03 7.603133789062500000e+03 7.609041616777344643e+03
1.344125732060056180e+03 7.605080566406250000e+03 7.609029034978115305e+03
1.344146164744626731e+03 7.611417480468750000e+03 7.609016560616015340e+03
1.344166597229894251e+03 7.605112792968750000e+03 7.609004195582800094e+03
1.344187029814347625e+03 7.612476562500000000e+03 7.608991941407355625e+03
1.344207462498918176e+03 7.615022949218750000e+03 7.608979799801081754e+03
1.344227894983720034e+03 7.602665039062500000e+03 7.608967772651677478e+03
1.344248327668290585e+03 7.607983398437500000e+03 7.608955861434293183e+03
1.344268760252278298e+03 7.612536132812500000e+03 7.608944068035199962e+03
1.344289192737080157e+03 7.609934082031250000e+03 7.608932394162176934e+03
1.344309625421185046e+03 7.614429687500000000e+03 7.608920841355892662e+03
1.344330058005172759e+03 7.613501953125000000e+03 7.608909411496860230e+03
1.344350490489043295e+03 7.613935546875000000e+03 7.608898106293585442e+03
1.344370923173148185e+03 7.612385253906250000e+03 7.608886927291131542e+03
1.344391355756670237e+03 7.616653320312500000e+03 7.608875876365336808e+03
1.344411788240540773e+03 7.604511230468750000e+03 7.608864955224132245e+03
1.344432220924180001e+03 7.605732421875000000e+03 7.608854165418757475e+03
1.344452653507702053e+03 7.613227050781250000e+03 7.608843508818868031e+03
1.344473086091224104e+03 7.604599121093750000e+03 7.608832987081599640e+03
1.344493518674280494e+03 7.601763183593750000e+03 7.608822601917510838e+03
1.344513951257802546e+03 7.610865234375000000e+03 7.608812355036452573e+03
1.344534383840858936e+03 7.605474121093750000e+03 7.608802248149219849e+03
1.344554816423915327e+03 7.603903320312500000e+03 7.608792282965901904e+03
1.344575249006971717e+03 7.608629394531250000e+03 7.608782461196825352e+03
1.344595681590028107e+03 7.616149414062500000e+03 7.608772784552316807e+03
1.344616114172618836e+03 7.598195800781250000e+03 7.608763254742912977e+03
1.344636546755209565e+03 7.603510253906250000e+03 7.608753873478720379e+03
1.344656979437917471e+03 7.601089843750000000e+03 7.608744642425204802e+03
1.344677411920391023e+03 7.608716796875000000e+03 7.608735563427269881e+03
1.344697844502981752e+03 7.611061523437500000e+03 7.608726638060663390e+03
1.344718277185223997e+03 7.606616210937500000e+03 7.608717868038177585e+03
1.344738709667697549e+03 7.610473144531250000e+03 7.608709255197507446e+03
1.344759142349939793e+03 7.607162597656250000e+03 7.608700801080571182e+03
1.344779574931599200e+03 7.610522460937500000e+03 7.608692507523124732e+03
1.344800007413607091e+03 7.606589843750000000e+03 7.608684376232744398e+03
1.344820440095383674e+03 7.602107910156250000e+03 7.608676408801800790e+03
1.344840872677508742e+03 7.614184082031250000e+03 7.608668607058582893e+03
1.344861305159050971e+03 7.604739746093750000e+03 7.608660972711321847e+03
1.344881737840827554e+03 7.616794921875000000e+03 7.608653507359183095e+03
1.344902170422021300e+03 7.612051269531250000e+03 7.608646212823634414e+03
1.344922602903563529e+03 7.608267578125000000e+03 7.608639090812150243e+03
1.344943035584874451e+03 7.602243652343750000e+03 7.608632142931962335e+03
1.344963468166068196e+03 7.605537597656250000e+03 7.608625370996651327e+03
1.344983900847379118e+03 7.601514648437500000e+03 7.608618776650191649e+03
1.345004333328455687e+03 7.606805175781250000e+03 7.608612361698529639e+03
1.345024765909183770e+03 7.605934570312500000e+03 7.608606127756514070e+03
1.345045198490377516e+03 7.617341796875000000e+03 7.608600076566053758e+03
1.345065631071105599e+03 7.613843261718750000e+03 7.608594209837754534e+03
1.345086063651833683e+03 7.611817382812500000e+03 7.608588529281796582e+03
1.345106496232096106e+03 7.610934082031250000e+03 7.608583036608632028e+03
1.345126928812824190e+03 7.609072753906250000e+03 7.608577733528336466e+03
1.345147361393086612e+03 7.605663574218750000e+03 7.608572621751472980e+03
1.345167794073466212e+03 7.609707519531250000e+03 7.608567702964617638e+03
1.345188226554077119e+03 7.612992675781250000e+03 7.608562978948869386e+03
1.345208659233991057e+03 7.610800292968750000e+03 7.608558451322289329e+03
1.345229091814253479e+03 7.616599121093750000e+03 7.608554121862889588e+03
1.345249524293933064e+03 7.612347167968750000e+03 7.608549992278269201e+03
1.345269956973847002e+03 7.614112792968750000e+03 7.608546064219420259e+03
1.345290389553643763e+03 7.608329589843750000e+03 7.608542339455898400e+03
1.345310822033323348e+03 7.605567871093750000e+03 7.608538819695026177e+03
1.345331254713237286e+03 7.610218261718750000e+03 7.608535506596902451e+03
1.345351687292568386e+03 7.615118652343750000e+03 7.608532401922149802e+03
1.345372119772247970e+03 7.608698730468750000e+03 7.608529507377870686e+03
1.345392552451230586e+03 7.603104003906250000e+03 7.608526824633583601e+03
1.345433417710009962e+03 7.615580566406250000e+03 7.608522101484593804e+03
1.345453850189223886e+03 7.602698242187500000e+03 7.608520064507963980e+03
1.345474282768089324e+03 7.601193359375000000e+03 7.608518246189355523e+03
1.345494715447071940e+03 7.605809570312500000e+03 7.608516648242271003e+03
1.345515147925820202e+03 7.607008789062500000e+03 7.608515272398894012e+03
1.345535580504685640e+03 7.608397949218750000e+03 7.608514120347694188e+03
1.345576445661950856e+03 7.604220703125000000e+03 7.608512494484980380e+03
1.345596878240350634e+03 7.616032714843750000e+03 7.608512024094106891e+03
1.345617310918867588e+03 7.610265136718750000e+03 7.608511784343375439e+03
1.345658176075201482e+03 7.606391601562500000e+03 7.608512003608949271e+03
1.345678608653135598e+03 7.618624511718750000e+03 7.608512466044154280e+03
1.345699041231535375e+03 7.604792968750000000e+03 7.608513165961419872e+03
1.345719473809469491e+03 7.605515625000000000e+03 7.608514105071039012e+03
1.345739906387403607e+03 7.611414550781250000e+03 7.608515285083350136e+03
1.345760338964872062e+03 7.606670410156250000e+03 7.608516707708641661e+03
1.345780771542806178e+03 7.605468261718750000e+03 7.608518374657298409e+03
1.345801204120274633e+03 7.605655273437500000e+03 7.608520287639576964e+03
