1.492246381322387606e+03 8.164556152343750000e+03 8.161156316831696131e+03
1.492266815299168229e+03 8.163255371093750000e+03 8.161175801314406272e+03
1.492287249376531690e+03 8.156083496093750000e+03 8.161195166503848668e+03
1.492307683254126459e+03 8.163112792968750000e+03 8.161214412431672827e+03
1.492328117231838405e+03 8.163538085937500000e+03 8.161233539696624575e+03
1.492348551310133189e+03 8.164880859375000000e+03 8.161252548612814280e+03
1.492368985188193619e+03 8.164341796875000000e+03 8.161271439216692670e+03
1.492389419266488403e+03 8.163331054687500000e+03 8.161290212193907792e+03
1.492409853245131671e+03 8.166020507812500000e+03 8.161308867583503343e+03
1.492430287223774940e+03 8.156958496093750000e+03 8.161327405792741956e+03
1.492450721202883869e+03 8.162272460937500000e+03 8.161345827137463857e+03
1.492471155181992799e+03 8.161359375000000000e+03 8.161364131932664350e+03
1.492491589161567390e+03 8.158823242187500000e+03 8.161382320494187297e+03
1.492512023141141981e+03 8.160607421875000000e+03 8.161400393137026185e+03
1.492532457120716572e+03 8.158821289062500000e+03 8.161418350176610147e+03
1.492552891100756824e+03 8.163486328125000000e+03 8.161436191928765766e+03
1.492573325081262738e+03 8.154179687500000000e+03 8.161453918708912170e+03
1.492593759061768651e+03 8.166415527343750000e+03 8.161471530832055578e+03
1.492614193042274565e+03 8.160834472656250000e+03 8.161489028613622395e+03
1.492634627023246139e+03 8.165187500000000000e+03 8.161506412369433747e+03
1.492655061004217714e+03 8.162379394531250000e+03 8.161523682414506766e+03
1.492675495085306466e+03 8.159071289062500000e+03 8.161540839148050509e+03
1.492695928966626525e+03 8.159263183593750000e+03 8.161557882634524503e+03
1.492716362948529422e+03 8.151945800781250000e+03 8.161574813440690377e+03
1.492736797030083835e+03 8.162043457031250000e+03 8.161591631879545275e+03
1.492757230912335217e+03 8.156523437500000000e+03 8.161608338021278541e+03
1.492777664994820952e+03 8.172948242187500000e+03 8.161624932507952508e+03
1.492798098977189511e+03 8.158405273437500000e+03 8.161641415410260379e+03
1.492818532859906554e+03 8.152364257812500000e+03 8.161657787045623991e+03
1.492838966942857951e+03 8.168066894531250000e+03 8.161674047968922423e+03
1.492859400925692171e+03 8.155397460937500000e+03 8.161690198255750147e+03
1.492879834809340537e+03 8.159349609375000000e+03 8.161706238223884611e+03
1.492900268892757595e+03 8.172686523437500000e+03 8.161722168422597861e+03
1.492920702876523137e+03 8.164992187500000000e+03 8.161737988933087763e+03
1.492941136960405856e+03 8.165898437500000000e+03 8.161753700225442117e+03
1.492961570844519883e+03 8.160486328125000000e+03 8.161769302385302581e+03
1.492982004828751087e+03 8.161774414062500000e+03 8.161784795957865754e+03
1.493002438913099468e+03 8.160257812500000000e+03 8.161800181256960968e+03
1.493022872798144817e+03 8.165214843750000000e+03 8.161815458373357615e+03
1.493043306782841682e+03 8.163675781250000000e+03 8.161830627846777134e+03
1.493063740868121386e+03 8.164323730468750000e+03 8.161845689991750987e+03
1.493084174753632396e+03 8.168734863281250000e+03 8.161860644903094908e+03
1.493104608838912100e+03 8.157351562500000000e+03 8.161875493188636028e+03
1.493125042824540287e+03 8.162869628906250000e+03 8.161890234945445627e+03
1.493145476710516959e+03 8.161017578125000000e+03 8.161904870490501708e+03
1.493165910796727985e+03 8.154947265625000000e+03 8.161919400353235687e+03
1.493186344783287495e+03 8.170021484375000000e+03 8.161933824635052588e+03
1.493206778669729829e+03 8.164531250000000000e+03 8.161948143652590261e+03
1.493227212756406516e+03 8.155298339843750000e+03 8.161962357930970029e+03
1.493247646743431687e+03 8.160883789062500000e+03 8.161976467576238065e+03
1.493268080630805343e+03 8.166300781250000000e+03 8.161990472905343267e+03
1.493288514717947692e+03 8.154879394531250000e+03 8.162004374438166451e+03
1.493308948705438524e+03 8.157330566406250000e+03 8.162018172285668697e+03
1.493329382693395019e+03 8.161270507812500000e+03 8.162031866831628577e+03
1.493349816681351513e+03 8.164774902343750000e+03 8.162045458391157808e+03
1.493370250669773668e+03 8.165224121093750000e+03 8.162058947279983840e+03
1.493390684757847339e+03 8.170324218750000000e+03 8.162072333878249083e+03
1.493411118646617979e+03 8.163867675781250000e+03 8.162085618306278775e+03
1.493431552635505795e+03 8.161924804687500000e+03 8.162098801074897892e+03
1.493451986724510789e+03 8.162625488281250000e+03 8.162111882498031264e+03
1.493472420613747090e+03 8.164437988281250000e+03 8.162124862699867663e+03
1.493492854703217745e+03 8.168374511718750000e+03 8.162137742249920848e+03
1.493513288692571223e+03 8.160822753906250000e+03 8.162150521273560116e+03
1.493533722582738847e+03 8.160781738281250000e+03 8.162163200088261874e+03
1.493554156672675163e+03 8.160639160156250000e+03 8.162175779194202732e+03
1.493574590662959963e+03 8.166999511718750000e+03 8.162188258721757848e+03
1.493595024553127587e+03 8.165524902343750000e+03 8.162200638987515049e+03
1.493615458643995225e+03 8.163122070312500000e+03 8.162212920488427699e+03
1.493635892634745687e+03 8.160547851562500000e+03 8.162225103358390697e+03
1.493656326625496149e+03 8.148737792968750000e+03 8.162237187973238179e+03
1.493676760617177933e+03 8.158880859375000000e+03 8.162249174648937696e+03
1.493697194608394057e+03 8.162454589843750000e+03 8.162261063700090745e+03
1.493738062591757625e+03 8.159098144531250000e+03 8.162284550191807284e+03
1.493758496583905071e+03 8.154420410156250000e+03 8.162296148263203577e+03
1.493778930676169693e+03 8.154598632812500000e+03 8.162307650028129501e+03
1.493799364568665624e+03 8.165081054687500000e+03 8.162319055633915923e+03
1.493819798561278731e+03 8.163269531250000000e+03 8.162330365564070235e+03
1.493840232654009014e+03 8.165194335937500000e+03 8.162341580132617310e+03
1.493962836615741253e+03 8.168902343750000000e+03 8.162406881136888842e+03
1.493983270510099828e+03 8.157897949218750000e+03 8.162417436517288479e+03
1.494003704604227096e+03 8.168798339843750000e+03 8.162427899107477060e+03
1.494024138599168509e+03 8.185015136718750000e+03 8.162438269069121816e+03
1.494044572693761438e+03 8.157657714843750000e+03 8.162448546818550312e+03
1.494065006589051336e+03 8.156320800781250000e+03 8.162458732521497041e+03
1.494085440584458411e+03 8.177622070312500000e+03 8.162468826643307693e+03
1.494105874679982662e+03 8.164394531250000000e+03 8.162478829498057166e+03
1.494126308575272560e+03 8.164703613281250000e+03 8.162488741254810520e+03
1.494146742571145296e+03 8.154923828125000000e+03 8.162498562375574693e+03
1.494167176667600870e+03 8.161796875000000000e+03 8.162508293174435494e+03
1.494187610563822091e+03 8.144050292968750000e+03 8.162517933824225111e+03
1.494208044560160488e+03 8.167849121093750000e+03 8.162527484782732245e+03
1.494228478657081723e+03 8.162521972656250000e+03 8.162536946364278265e+03
1.494248912553768605e+03 8.164190429687500000e+03 8.162546318745650751e+03
1.494269346650689840e+03 8.167655273437500000e+03 8.162555602425960387e+03
1.494289780647959560e+03 8.157736816406250000e+03 8.162564797583730979e+03
1.494310214645694941e+03 8.165775390625000000e+03 8.162573904580076487e+03
1.494330648643430322e+03 8.163074707031250000e+03 8.162582923730218681e+03
1.494351082641165704e+03 8.168917480468750000e+03 8.162591855349573962e+03
1.494371516639366746e+03 8.161445312500000000e+03 8.162600699753767913e+03
1.494391950637567788e+03 8.161005371093750000e+03 8.162609457258019575e+03
1.494412384636234492e+03 8.163272460937500000e+03 8.162618128177953622e+03
1.494432818735018373e+03 8.161960449218750000e+03 8.162626712870636766e+03
1.494453252633567899e+03 8.159933105468750000e+03 8.162635211525943305e+03
1.494473686632700264e+03 8.164577636718750000e+03 8.162643624585040016e+03
1.494494120632298291e+03 8.162427734375000000e+03 8.162651952321491990e+03
1.494514554631896317e+03 8.155312011718750000e+03 8.162660195050533730e+03
1.494534988631494343e+03 8.158770019531250000e+03 8.162668353087584364e+03
1.494555422731209546e+03 8.158538085937500000e+03 8.162676426787420496e+03
1.494575856631621718e+03 8.150407714843750000e+03 8.162684416347774459e+03
1.494596290631685406e+03 8.167431640625000000e+03 8.162692322201573916e+03
1.494616724732331932e+03 8.153612792968750000e+03 8.162700144663373067e+03
1.494637158632744104e+03 8.157228027343750000e+03 8.162707883934047459e+03
1.494657592733856291e+03 8.155783691406250000e+03 8.162715540480874552e+03
1.494678026734851301e+03 8.162901855468750000e+03 8.162723114505950434e+03
1.494698460636194795e+03 8.162594238281250000e+03 8.162730606326080306e+03
1.494718894737772644e+03 8.158825683593750000e+03 8.162738016366029115e+03
1.494739328739233315e+03 8.175140136718750000e+03 8.162745344831704642e+03
1.494759762641508132e+03 8.161054199218750000e+03 8.162752592040052150e+03
1.494780196743551642e+03 8.166409667968750000e+03 8.162759758411932125e+03
1.494800630745943636e+03 8.165477050781250000e+03 8.162766844157162268e+03
1.494821064848452806e+03 8.159341308593750000e+03 8.162773849660436099e+03
1.494841498750727624e+03 8.159872070312500000e+03 8.162780775134801843e+03
1.494861932754050940e+03 8.169333007812500000e+03 8.162787620998368766e+03
1.494882366857025772e+03 8.173306152343750000e+03 8.162794387564925273e+03
1.494902800760231912e+03 8.164704589843750000e+03 8.162801075051324005e+03
1.494923234763555229e+03 8.161142578125000000e+03 8.162807683871713380e+03
1.494943668867461383e+03 8.158561035156250000e+03 8.162814214340508443e+03
1.494964102771133184e+03 8.151113281250000000e+03 8.162820666677569534e+03
1.494984536775387824e+03 8.163527832031250000e+03 8.162827041293876391e+03
1.495004970879759640e+03 8.164120605468750000e+03 8.162833338503563937e+03
1.495025404884014279e+03 8.165857421875000000e+03 8.162839558560352998e+03
1.495045838888734579e+03 8.165692382812500000e+03 8.162845701810847459e+03
1.495066272893920541e+03 8.160060058593750000e+03 8.162851768570466447e+03
1.495086706798989326e+03 8.172407226562500000e+03 8.162857759125326993e+03
1.495107140904292464e+03 8.160077636718750000e+03 8.162863673878347072e+03
1.495127574909478426e+03 8.160203125000000000e+03 8.162869513057459699e+03
1.495148008815478534e+03 8.154049316406250000e+03 8.162875276979452792e+03
1.495168442921247333e+03 8.167864257812500000e+03 8.162880966043525405e+03
1.495188876927364618e+03 8.159003906250000000e+03 8.162886580481192141e+03
1.495209311033599079e+03 8.161893066406250000e+03 8.162892120662763773e+03
1.495229744940064847e+03 8.162997070312500000e+03 8.162897586822899029e+03
1.495250178946647793e+03 8.171587890625000000e+03 8.162902979357786535e+03
1.495270613053813577e+03 8.158854980468750000e+03 8.162908298581884083e+03
1.495291046960745007e+03 8.167632812500000000e+03 8.162913544732851733e+03
1.495311480967793614e+03 8.164376953125000000e+03 8.162918718203754906e+03
1.495331915075425059e+03 8.183389648437500000e+03 8.162923819309068676e+03
1.495352348983287811e+03 8.160106445312500000e+03 8.162928848289762755e+03
1.495372783090919256e+03 8.163189453125000000e+03 8.162933805559590837e+03
1.495393217098899186e+03 8.161772460937500000e+03 8.162938691360821394e+03
1.495413651007227600e+03 8.160500488281250000e+03 8.162943506009907651e+03
1.495434085115790367e+03 8.163013671875000000e+03 8.162948249892420790e+03
1.495454519124235958e+03 8.167274414062500000e+03 8.162952923253529661e+03
1.495474953033495694e+03 8.158043457031250000e+03 8.162957526409902130e+03
1.495495387142524123e+03 8.165034179687500000e+03 8.162962059743789723e+03
1.495515821151435375e+03 8.162162597656250000e+03 8.162966523503580902e+03
1.495536255161277950e+03 8.168739257812500000e+03 8.162970918027275729e+03
1.495556689170654863e+03 8.163827148437500000e+03 8.162975243629993201e+03
1.495577123180497438e+03 8.179801269531250000e+03 8.162979500627361631e+03
1.495597557290457189e+03 8.172197753906250000e+03 8.162983689355058232e+03
1.495617991200648248e+03 8.161130371093750000e+03 8.162987810067530518e+03
1.495638425211422145e+03 8.160575195312500000e+03 8.162991863141263821e+03
1.495658859321847558e+03 8.157736816406250000e+03 8.162995848890511297e+03
1.495679293332621455e+03 8.162505859375000000e+03 8.162999767591821183e+03
1.495699727243743837e+03 8.164102050781250000e+03 8.163003619561595769e+03
1.495720161355100572e+03 8.181553222656250000e+03 8.163007405171295432e+03
1.495740595266222954e+03 8.159295898437500000e+03 8.163011124662155453e+03
1.495761029378045350e+03 8.159528320312500000e+03 8.163014778422579184e+03
1.495781463389750570e+03 8.155200683593750000e+03 8.163018366713717114e+03
1.495801897301804274e+03 8.168553222656250000e+03 8.163021889852033382e+03
1.495822331414092332e+03 8.166444824218750000e+03 8.163025348204178044e+03
1.495842765426263213e+03 8.166300292968750000e+03 8.163028742034264724e+03
1.495863199339248240e+03 8.160250000000000000e+03 8.163032071658813948e+03
1.495883633452001959e+03 8.166264648437500000e+03 8.163035337441491720e+03
1.495904067464638501e+03 8.161979003906250000e+03 8.163038539649331142e+03
1.495924501378089190e+03 8.167967285156250000e+03 8.163041678598826365e+03
1.495944935491308570e+03 8.164663574218750000e+03 8.163044754650856703e+03
1.495965369504876435e+03 8.161017578125000000e+03 8.163047768075319254e+03
1.495985803618561476e+03 8.155821289062500000e+03 8.163050719217093501e+03
1.496006237532943487e+03 8.171065429687500000e+03 8.163053608348811395e+03
1.496026671546977013e+03 8.165691406250000000e+03 8.163056435828625581e+03
1.496047105661127716e+03 8.165502441406250000e+03 8.163059201971114817e+03
1.496067539575975388e+03 8.153526367187500000e+03 8.163061907051622256e+03
1.496087973590474576e+03 8.161508300781250000e+03 8.163064551425590253e+03
1.496108407705556601e+03 8.152967773437500000e+03 8.163067135407673959e+03
1.496128841620869935e+03 8.155768554687500000e+03 8.163069659275757658e+03
1.496149275735951960e+03 8.158469238281250000e+03 8.163072123394615119e+03
1.496169709751382470e+03 8.162678222656250000e+03 8.163074528043120154e+03
1.496190143767278641e+03 8.163157226562500000e+03 8.163076873548920048e+03
1.496210577783174813e+03 8.161931640625000000e+03 8.163079160227378452e+03
1.496231011799536645e+03 8.166387207031250000e+03 8.163081388393971793e+03
1.496251445815898478e+03 8.167741699218750000e+03 8.163083558364070996e+03
1.496271879832260311e+03 8.160529785156250000e+03 8.163085670453097009e+03
1.496292313849087805e+03 8.162240234375000000e+03 8.163087724976524441e+03
1.496312747865915298e+03 8.165708496093750000e+03 8.163089722249729675e+03
1.496333181982859969e+03 8.163549316406250000e+03 8.163091662597502363e+03
1.496353615900501609e+03 8.164962402343750000e+03 8.163093546307248289e+03
1.496374049917794764e+03 8.161248535156250000e+03 8.163095373722363547e+03
1.496394483935553581e+03 8.167779785156250000e+03 8.163097145148989512e+03
1.496414917953312397e+03 8.172056640625000000e+03 8.163098860902508932e+03
1.496435352071654052e+03 8.162289062500000000e+03 8.163100521306379051e+03
1.496455785989761353e+03 8.163988769531250000e+03 8.163102126651991057e+03
1.496476220008451492e+03 8.163091308593750000e+03 8.163103677278797477e+03
1.496496654126793146e+03 8.161874023437500000e+03 8.163105173501352510e+03
1.496517088045831770e+03 8.167482910156250000e+03 8.163106615613588474e+03
1.496537522165104747e+03 8.161722656250000000e+03 8.163108003959123380e+03
1.496557956184260547e+03 8.159954589843750000e+03 8.163109338832582580e+03
1.496578390103764832e+03 8.163525390625000000e+03 8.163110620550201020e+03
1.496598824223037809e+03 8.171122558593750000e+03 8.163111849445795087e+03
1.496619258243124932e+03 8.158539062500000000e+03 8.163113025816419395e+03
1.496639692163094878e+03 8.162933105468750000e+03 8.163114149978215210e+03
1.496660126283299178e+03 8.162011230468750000e+03 8.163115222262745192e+03
1.496680560303851962e+03 8.162117187500000000e+03 8.163116242969315863e+03
1.496721428344957530e+03 8.166222656250000000e+03 8.163118130926341109e+03
1.496741862365975976e+03 8.171467773437500000e+03 8.163118998807665776e+03
1.496762296487577260e+03 8.167638671875000000e+03 8.163119816381981764e+03
1.496782730408944190e+03 8.162066894531250000e+03 8.163120583953046662e+03
1.496803164430428296e+03 8.164644042968750000e+03 8.163121301847930226e+03
1.496823598552029580e+03 8.162003417968750000e+03 8.163121970381333085e+03
1.496844032573979348e+03 8.167756835937500000e+03 8.163122589862142377e+03
1.496864466496277601e+03 8.169357910156250000e+03 8.163123160606496640e+03
1.496884900618810207e+03 8.153750000000000000e+03 8.163123682937839476e+03
1.496905334641225636e+03 8.164134765625000000e+03 8.163124157163561904e+03
1.496925768664106727e+03 8.161878417968750000e+03 8.163124583601776976e+03
1.496946202686987817e+03 8.158017578125000000e+03 8.163124962567896546e+03
1.496966636709868908e+03 8.163356445312500000e+03 8.163125294377345199e+03
1.496987070733215660e+03 8.161650878906250000e+03 8.163125579345552069e+03
1.497007504757028073e+03 8.166120605468750000e+03 8.163125817787943561e+03
1.497027938780374825e+03 8.156447265625000000e+03 8.163126010019926980e+03
1.497048372804652900e+03 8.170074218750000000e+03 8.163126156356940555e+03
1.497068806828465313e+03 8.154153808593750000e+03 8.163126257114399777e+03
1.497089240952860564e+03 8.172671386718750000e+03 8.163126312607893851e+03
1.497109674877487123e+03 8.162347167968750000e+03 8.163126323152359873e+03
1.497130108902230859e+03 8.159671386718750000e+03 8.163126289063704462e+03
1.497150543027091771e+03 8.161478515625000000e+03 8.163126210656699186e+03
1.497170976952183992e+03 8.177547851562500000e+03 8.163126088248242922e+03
1.497191410977393389e+03 8.170650390625000000e+03 8.163125922152283238e+03
1.497211845102719963e+03 8.167731445312500000e+03 8.163125712683603524e+03
1.497232279028277844e+03 8.154720214843750000e+03 8.163125460161023511e+03
1.497252713054418564e+03 8.177661132812500000e+03 8.163125164896565366e+03
1.497273147180210799e+03 8.154147460937500000e+03 8.163124827205038855e+03
1.497293581106700003e+03 8.165949707031250000e+03 8.163124447407124535e+03
1.497314015232957900e+03 8.162311035156250000e+03 8.163124025810824605e+03
1.497334449259564281e+03 8.168173828125000000e+03 8.163123562737438988e+03
1.497354883186519146e+03 8.158964843750000000e+03 8.163123058502991626e+03
1.497375317313242704e+03 8.170591308593750000e+03 8.163122513415224603e+03
1.497395751340780407e+03 8.164439941406250000e+03 8.163121927797231365e+03
1.497416185367852449e+03 8.160394042968750000e+03 8.163121301961908102e+03
1.497436619395390153e+03 8.168215820312500000e+03 8.163120636224646660e+03
1.497457053423393518e+03 8.167368652343750000e+03 8.163119930900875261e+03
1.497477487551048398e+03 8.169696777343750000e+03 8.163119186302299568e+03
1.497497921579517424e+03 8.164802246093750000e+03 8.163118402751595568e+03
1.497518355507869273e+03 8.157444335937500000e+03 8.163117580564789023e+03
1.497538789636455476e+03 8.174401855468750000e+03 8.163116720044935391e+03
1.497559223664924502e+03 8.162519042968750000e+03 8.163115821519832025e+03
1.497579657593742013e+03 8.162950683593750000e+03 8.163114885305432836e+03
1.497600091722793877e+03 8.161875488281250000e+03 8.163113911703148915e+03
1.497620525752194226e+03 8.167249023437500000e+03 8.163112901042421072e+03
1.497640959681943059e+03 8.162073730468750000e+03 8.163111853639208675e+03
1.497661393811460584e+03 8.157117187500000000e+03 8.163110769793324835e+03
1.497681827741209418e+03 8.165079101562500000e+03 8.163109649841379905e+03
1.497702261871658266e+03 8.166881835937500000e+03 8.163108494076853276e+03
1.497722695901524276e+03 8.165443359375000000e+03 8.163107302831946072e+03
1.497743129832204431e+03 8.163101074218750000e+03 8.163106076422517617e+03
1.497763563962653279e+03 8.165269042968750000e+03 8.163104815145795328e+03
1.497783997993450612e+03 8.159010253906250000e+03 8.163103519335432793e+03
1.497804431924596429e+03 8.163110839843750000e+03 8.163102189307350272e+03
1.497824866055976599e+03 8.168782226562500000e+03 8.163100825357209033e+03
1.497845300087239593e+03 8.165615722656250000e+03 8.163099427820231540e+03
1.497865734219085425e+03 8.167236816406250000e+03 8.163097996998116287e+03
1.497886168150696903e+03 8.156348632812500000e+03 8.163096533227594591e+03
1.497906602182425559e+03 8.155913574218750000e+03 8.163095036802818868e+03
1.497927036314737052e+03 8.164960937500000000e+03 8.163093508038704385e+03
1.497947470247279853e+03 8.157976562500000000e+03 8.163091947273373080e+03
1.497967904279939830e+03 8.165976074218750000e+03 8.163090354799582201e+03
1.497988338412251323e+03 8.158799804687500000e+03 8.163088730932329781e+03
1.498008772345259786e+03 8.162338867187500000e+03 8.163087076011027420e+03
1.498029206378385425e+03 8.160112792968750000e+03 8.163085390327074492e+03
1.498049640511628240e+03 8.157152343750000000e+03 8.163083674195448111e+03
1.498070074545219541e+03 8.162102539062500000e+03 8.163081927948344855e+03
1.498090508578810841e+03 8.162091796875000000e+03 8.163080151892902904e+03
1.498110942612867802e+03 8.156818847656250000e+03 8.163078346344503188e+03
1.498131376646924764e+03 8.164249511718750000e+03 8.163076511618608492e+03
1.498151810681447387e+03 8.167673828125000000e+03 8.163074648030601566e+03
1.498172244715504348e+03 8.156771972656250000e+03 8.163072755895995215e+03
1.498192678750492632e+03 8.160560058593750000e+03 8.163070835530081240e+03
1.498213112885132432e+03 8.164847656250000000e+03 8.163068887238800016e+03
1.498233546820469201e+03 8.160203125000000000e+03 8.163066911366290697e+03
1.498253980955574661e+03 8.166592773437500000e+03 8.163064908189382550e+03
1.498274414991028607e+03 8.170564453125000000e+03 8.163062878052658562e+03
1.498294848926365376e+03 8.166839355468750000e+03 8.163060821271979876e+03
1.498315283062402159e+03 8.168308593750000000e+03 8.163058738132302096e+03
1.498335716998204589e+03 8.162725585937500000e+03 8.163056628989917044e+03
1.498356151034589857e+03 8.161863281250000000e+03 8.163054494129388331e+03
1.498376585170626640e+03 8.155130371093750000e+03 8.163052333865864057e+03
1.498397019107360393e+03 8.158924804687500000e+03 8.163050148546563832e+03
1.498417453144211322e+03 8.158364746093750000e+03 8.163047938455066287e+03
1.498437887281179428e+03 8.159756347656250000e+03 8.163045703906435847e+03
1.498458321217913181e+03 8.172331542968750000e+03 8.163043445249124488e+03
1.498478755355346948e+03 8.168758300781250000e+03 8.163041162754236211e+03
1.498499189392663538e+03 8.167131347656250000e+03 8.163038856770625898e+03
1.498519623330328614e+03 8.165440917968750000e+03 8.163036527614006445e+03
1.498540057468228042e+03 8.163271972656250000e+03 8.163034175565456280e+03
1.498560491506475955e+03 8.166111328125000000e+03 8.163031800974745238e+03
1.498580925544723868e+03 8.158430664062500000e+03 8.163029404145883746e+03
1.498601359582971781e+03 8.159749023437500000e+03 8.163026985394299118e+03
1.498621793621685356e+03 8.163235351562500000e+03 8.163024545035359552e+03
1.498642227760516107e+03 8.176866210937500000e+03 8.163022083372434281e+03
1.498662661699578166e+03 8.175212402343750000e+03 8.163019600757231274e+03
1.498683095738757402e+03 8.159313964843750000e+03 8.163017097468887187e+03
1.498703529878053814e+03 8.163640136718750000e+03 8.163014573822531020e+03
1.498723963917698711e+03 8.159581542968750000e+03 8.163012030158261041e+03
1.498744397857692093e+03 8.167605468750000000e+03 8.163009466791788327e+03
1.498764831997454166e+03 8.163972167968750000e+03 8.163006884000838909e+03
1.498785266037564725e+03 8.164762207031250000e+03 8.163004282138541384e+03
1.498805700077675283e+03 8.161475097656250000e+03 8.163001661507769313e+03
1.498826134118251503e+03 8.161512207031250000e+03 8.162999022423889983e+03
1.498846568159293383e+03 8.160631835937500000e+03 8.162996365202328889e+03
1.498867002299986780e+03 8.167170898437500000e+03 8.162993690145476648e+03
1.498887436240911484e+03 8.161536621093750000e+03 8.162990997608094403e+03
1.498907870282419026e+03 8.165569824218750000e+03 8.162988287866151950e+03
1.498928304423578084e+03 8.168251464843750000e+03 8.162985561234947454e+03
1.498948738365434110e+03 8.163261230468750000e+03 8.162982818069921450e+03
1.498969172407407314e+03 8.160875488281250000e+03 8.162980058646422549e+03
1.498989606449380517e+03 8.173216796875000000e+03 8.162977283293276741e+03
1.499010040491353720e+03 8.163577148437500000e+03 8.162974492325909523e+03
1.499030474633909762e+03 8.154109863281250000e+03 8.162971686045892056e+03
1.499050908576231450e+03 8.153869140625000000e+03 8.162968864810080049e+03
1.499071342619135976e+03 8.163624511718750000e+03 8.162966028892467875e+03
1.499091776762157679e+03 8.162130859375000000e+03 8.162963178608337330e+03
1.499112210705410689e+03 8.166952636718750000e+03 8.162960314315042524e+03
1.499132644748780876e+03 8.163188476562500000e+03 8.162957436286078519e+03
1.499153078892268240e+03 8.175062988281250000e+03 8.162954544836667083e+03
1.499173512835986912e+03 8.161326171875000000e+03 8.162951640324768960e+03
1.499193946979939938e+03 8.161522460937500000e+03 8.162948723008954403e+03
1.499214381023775786e+03 8.159307617187500000e+03 8.162945793247428810e+03
1.499234814967960119e+03 8.166702148437500000e+03 8.162942851355744097e+03
1.499255249112378806e+03 8.151043457031250000e+03 8.162939897606049271e+03
1.499275683157145977e+03 8.160847167968750000e+03 8.162936932357040860e+03
1.499296117201913148e+03 8.170970703125000000e+03 8.162933955909765245e+03
1.499316551247145981e+03 8.156873535156250000e+03 8.162930968579577893e+03
1.499336985292378813e+03 8.162748046875000000e+03 8.162927970681977058e+03
1.499357419337611645e+03 8.158446777343750000e+03 8.162924962532384598e+03
1.499377853482961655e+03 8.169615722656250000e+03 8.162921944431414886e+03
1.499398287429008633e+03 8.160768554687500000e+03 8.162918916738789449e+03
1.499418721574824303e+03 8.171257324218750000e+03 8.162915879710805712e+03
1.499439155620988458e+03 8.162916992187500000e+03 8.162912833707323443e+03
1.499459589567035437e+03 8.162142578125000000e+03 8.162909779043966410e+03
1.499480023713782430e+03 8.164906738281250000e+03 8.162906715991127385e+03
1.499500457760412246e+03 8.165486816406250000e+03 8.162903644909263676e+03
1.499520891707390547e+03 8.155529296875000000e+03 8.162900566113849891e+03
1.499541325854603201e+03 8.157973632812500000e+03 8.162897479875067802e+03
1.499561759901698679e+03 8.167204589843750000e+03 8.162894386553658478e+03
1.499582193949259818e+03 8.161199707031250000e+03 8.162891286449865220e+03
1.499602627996820956e+03 8.163133789062500000e+03 8.162888179879189920e+03
1.499623061944730580e+03 8.169793945312500000e+03 8.162885067172250274e+03
1.499643496092408895e+03 8.147187500000000000e+03 8.162881948598820600e+03
1.499663930140901357e+03 8.172569335937500000e+03 8.162878824519905720e+03
1.499704798237420619e+03 8.154992187500000000e+03 8.162872561045857765e+03
1.499725232286378741e+03 8.178821777343750000e+03 8.162869422060268334e+03
1.499745666335336864e+03 8.161416503906250000e+03 8.162866278267418238e+03
1.499766100384294987e+03 8.154821777343750000e+03 8.162863129653494070e+03
1.499786534433718771e+03 8.151557617187500000e+03 8.162859976204606937e+03
1.499806968583259732e+03 8.154948730468750000e+03 8.162856817891522951e+03
1.499827402533032000e+03 8.158840332031250000e+03 8.162853654746811117e+03
1.499847836582455784e+03 8.156089843750000000e+03 8.162850486710346559e+03
1.499868270732462406e+03 8.157406738281250000e+03 8.162847313768088497e+03
1.499888704782817513e+03 8.162053222656250000e+03 8.162844135937317333e+03
1.499909138733521104e+03 8.171179199218750000e+03 8.162840953204280595e+03
1.499929572883993387e+03 8.169174316406250000e+03 8.162837765508498705e+03
1.499950006934814155e+03 8.161166015625000000e+03 8.162834572882818975e+03
1.499970440985634923e+03 8.158961425781250000e+03 8.162831375297897466e+03
1.499990875036921352e+03 8.157855957031250000e+03 8.162828172739837100e+03
1.500011309088207781e+03 8.162595703125000000e+03 8.162824965194900869e+03
1.500031743139494210e+03 8.154223632812500000e+03 8.162821752649266273e+03
1.500052177191246301e+03 8.169507812500000000e+03 8.162818535089045326e+03
1.500072611242998391e+03 8.170220703125000000e+03 8.162815312500495565e+03
1.500093045395333320e+03 8.165481445312500000e+03 8.162812084853901069e+03
1.500113479347433895e+03 8.161105957031250000e+03 8.162808852182992268e+03
1.500133913499768823e+03 8.162223144531250000e+03 8.162805614410600356e+03
1.500154347552452236e+03 8.164849609375000000e+03 8.162802371570387550e+03
1.500174781505484134e+03 8.165217285156250000e+03 8.162799123648611385e+03
1.500195215658284724e+03 8.169687500000000000e+03 8.162795870583827309e+03
1.500215649711433798e+03 8.166633789062500000e+03 8.162792612409844878e+03
1.500236083664931357e+03 8.161235351562500000e+03 8.162789349112922537e+03
1.500256517818663269e+03 8.159493164062500000e+03 8.162786080631318328e+03
1.500276951772160828e+03 8.161375976562500000e+03 8.162782807015263643e+03
1.500297385826241225e+03 8.158350097656250000e+03 8.162779528202791880e+03
1.500317819979973137e+03 8.163721191406250000e+03 8.162776244180159665e+03
1.500338253934402019e+03 8.163753417968750000e+03 8.162772954981630392e+03
1.500358688089065254e+03 8.165854980468750000e+03 8.162769660529077555e+03
1.500379122143611312e+03 8.167269531250000000e+03 8.162766360857067411e+03
1.500399556098505855e+03 8.161036132812500000e+03 8.162763055951785645e+03
1.500419990253169090e+03 8.159437011718750000e+03 8.162759745750949151e+03
1.500440424308646470e+03 8.160658691406250000e+03 8.162756430289135096e+03
1.500460858364123851e+03 8.155520019531250000e+03 8.162753109536462944e+03
1.500481292419601232e+03 8.165400878906250000e+03 8.162749783479122925e+03
1.500501726475078613e+03 8.162791992187500000e+03 8.162746452103297997e+03
1.500522160631138831e+03 8.161571289062500000e+03 8.162743115378731090e+03
1.500542594587430358e+03 8.163890625000000000e+03 8.162739773340687861e+03
1.500563028643839061e+03 8.162713867187500000e+03 8.162736425926346783e+03
1.500583462799899280e+03 8.156225585937500000e+03 8.162733073121886264e+03
1.500603896856773645e+03 8.163018554687500000e+03 8.162729714946116474e+03
1.500624330813530833e+03 8.170635253906250000e+03 8.162726351385450471e+03
1.500644764970522374e+03 8.160640136718750000e+03 8.162722982376590153e+03
1.500665199027862400e+03 8.164452636718750000e+03 8.162719607955126776e+03
1.500685632985085249e+03 8.165508300781250000e+03 8.162716228107395182e+03
1.500706067143008113e+03 8.161660156250000000e+03 8.162712842769780764e+03
1.500726501200348139e+03 8.166583496093750000e+03 8.162709451978345896e+03
1.500746935358736664e+03 8.170248046875000000e+03 8.162706055685809588e+03
1.500767369316425174e+03 8.168919921875000000e+03 8.162702653928551626e+03
1.500787803375162184e+03 8.169531738281250000e+03 8.162699246642560865e+03
1.500808237533550709e+03 8.158253417968750000e+03 8.162695833814169418e+03
1.500828671492170542e+03 8.175409179687500000e+03 8.162692415479611554e+03
1.500849105550907552e+03 8.163524902343750000e+03 8.162688991574942520e+03
1.500869539709761739e+03 8.161248535156250000e+03 8.162685562086262507e+03
1.500889973669312894e+03 8.159821777343750000e+03 8.162682127050051349e+03
1.500910407828632742e+03 8.163583007812500000e+03 8.162678686385404035e+03
1.500930841788183898e+03 8.155923339843750000e+03 8.162675240145776115e+03
1.500951275847852230e+03 8.158414550781250000e+03 8.162671788266816293e+03
1.500971710008103400e+03 8.160775878906250000e+03 8.162668330734545634e+03
1.500992143968120217e+03 8.166368164062500000e+03 8.162664867586086075e+03
1.501012578028254211e+03 8.163375000000000000e+03 8.162661398756762537e+03
1.501033012188971043e+03 8.158853515625000000e+03 8.162657924232594269e+03
1.501053446149453521e+03 8.166171875000000000e+03 8.162654444050954226e+03
1.501073880210518837e+03 8.154583984375000000e+03 8.162650958146834455e+03
1.501094314371235669e+03 8.160534179687500000e+03 8.162647466506492492e+03
1.501114748432766646e+03 8.156591796875000000e+03 8.162643969150085468e+03
1.501135182493831962e+03 8.152147460937500000e+03 8.162640466046946131e+03
1.501155616555362940e+03 8.166139648437500000e+03 8.162636957183096456e+03
1.501176050617359579e+03 8.158178222656250000e+03 8.162633442544716672e+03
1.501196484679356217e+03 8.171025390625000000e+03 8.162629922118075228e+03
1.501216918741352856e+03 8.165495117187500000e+03 8.162626395889348714e+03
1.501237352803815156e+03 8.160448730468750000e+03 8.162622863844641870e+03
1.501257786966394633e+03 8.163245605468750000e+03 8.162619325952870895e+03
1.501278220928739756e+03 8.156648925781250000e+03 8.162615782252266399e+03
1.501298655091784894e+03 8.165298339843750000e+03 8.162612232659474103e+03
1.501319089154712856e+03 8.163434082031250000e+03 8.162608677212890143e+03
1.501339523117989302e+03 8.172169921875000000e+03 8.162605115898706572e+03
1.501359957281500101e+03 8.159601562500000000e+03 8.162601548650794939e+03
1.501380391344893724e+03 8.157470214843750000e+03 8.162597975507726005e+03
1.501400825308635831e+03 8.163364257812500000e+03 8.162594396455691822e+03
1.501421259472612292e+03 8.173943847656250000e+03 8.162590811428306552e+03
1.501441693536937237e+03 8.161608398437500000e+03 8.162587220464318307e+03
1.501462127501145005e+03 8.154079101562500000e+03 8.162583623550081938e+03
1.501482561665587127e+03 8.161731933593750000e+03 8.162580020618863273e+03
1.501502995730377734e+03 8.158958496093750000e+03 8.162576411709683271e+03
1.501523429894819856e+03 8.163279296875000000e+03 8.162572796773521986e+03
1.501543863859958947e+03 8.162234375000000000e+03 8.162569175849492240e+03
1.501564297825098038e+03 8.166512695312500000e+03 8.162565548888553167e+03
1.501584731990471482e+03 8.150892089843750000e+03 8.162561915841249174e+03
1.501605166056193411e+03 8.155082031250000000e+03 8.162558276747047785e+03
1.501625600121915340e+03 8.166734863281250000e+03 8.162554631574418636e+03
1.501646034187637269e+03 8.157422851562500000e+03 8.162550980309551960e+03
1.501666468253824860e+03 8.162356445312500000e+03 8.162547322938547950e+03
1.501686902420129627e+03 8.165106933593750000e+03 8.162543659429700710e+03
1.501707336386665702e+03 8.166512207031250000e+03 8.162539989823013457e+03
1.501727770453318954e+03 8.165256835937500000e+03 8.162536314050848887e+03
1.501748204620089382e+03 8.151440917968750000e+03 8.162532632099307193e+03
1.501768638687208295e+03 8.172520507812500000e+03 8.162528943990560947e+03
1.501789072654210031e+03 8.158252929687500000e+03 8.162525249710975913e+03
1.501809506821446121e+03 8.173199218750000000e+03 8.162521549192381826e+03
1.501829940889030695e+03 8.158277343750000000e+03 8.162517842475226644e+03
1.501850374956615269e+03 8.164477539062500000e+03 8.162514129527660771e+03
1.501870809024665505e+03 8.162497070312500000e+03 8.162510410335782581e+03
1.501891243092715740e+03 8.165413574218750000e+03 8.162506684885861432e+03
1.501911677260883152e+03 8.157962890625000000e+03 8.162502953145778520e+03
1.501932111229281873e+03 8.159769042968750000e+03 8.162499215156531136e+03
1.501952545298263431e+03 8.158530273437500000e+03 8.162495470849404228e+03
1.501972979466896504e+03 8.164780273437500000e+03 8.162491720210658968e+03
1.501993413435760885e+03 8.164774414062500000e+03 8.162487963281481825e+03
1.502013847504742444e+03 8.164724121093750000e+03 8.162484199992964932e+03
1.502034281674306840e+03 8.157167968750000000e+03 8.162480430331116622e+03
1.502054715643636882e+03 8.163673339843750000e+03 8.162476654337658147e+03
1.502075149813666940e+03 8.162910156250000000e+03 8.162472871924681385e+03
1.502095583883114159e+03 8.161906250000000000e+03 8.162469083134094035e+03
1.502116017853375524e+03 8.165115234375000000e+03 8.162465287951911705e+03
1.502136452023405582e+03 8.166168457031250000e+03 8.162461486308745407e+03
1.502156886093784124e+03 8.164434082031250000e+03 8.162457678246440082e+03
1.502177320064511150e+03 8.162946777343750000e+03 8.162453863751266908e+03
1.502197754235472530e+03 8.161977050781250000e+03 8.162450042753383968e+03
1.502218188206199557e+03 8.163333007812500000e+03 8.162446215313862012e+03
1.502238622377160937e+03 8.165852050781250000e+03 8.162442381343864326e+03
1.502259056448470801e+03 8.155109375000000000e+03 8.162438540885799739e+03
1.502279490420129150e+03 8.157724121093750000e+03 8.162434693925943066e+03
1.502299924591556191e+03 8.170687500000000000e+03 8.162430840394061306e+03
1.502320358663331717e+03 8.153455566406250000e+03 8.162426980332753374e+03
1.502340792735572904e+03 8.157099609375000000e+03 8.162423113709337485e+03
1.502361226807814091e+03 8.161575195312500000e+03 8.162419240510083910e+03
1.502381660880055279e+03 8.158260742187500000e+03 8.162415360721181059e+03
1.502402094952762127e+03 8.154124511718750000e+03 8.162411474328717304e+03
1.502422529025468975e+03 8.157825683593750000e+03 8.162407581318964731e+03
1.502442963098175824e+03 8.165120117187500000e+03 8.162403681678109933e+03
1.502463397271465510e+03 8.170571289062500000e+03 8.162399775373087323e+03
1.502483831344638020e+03 8.171673339843750000e+03 8.162395862428452347e+03
1.502504265318159014e+03 8.158215820312500000e+03 8.162391942830388871e+03
1.502524699491448700e+03 8.161860839843750000e+03 8.162388016507606153e+03
1.502545133565086871e+03 8.162367187500000000e+03 8.162384083503759939e+03
1.502565567539073527e+03 8.157077636718750000e+03 8.162380143805139596e+03
1.502586001713294536e+03 8.159803222656250000e+03 8.162376197340056024e+03
1.502606435787864029e+03 8.167019531250000000e+03 8.162372244152559688e+03
1.502626869962085038e+03 8.191086914062500000e+03 8.162368284190280065e+03
1.502647303937003016e+03 8.171404296875000000e+03 8.162364317497378579e+03
1.502688172186724842e+03 8.162300781250000000e+03 8.162356363690219951e+03
1.502708606161642820e+03 8.155679687500000000e+03 8.162352376606692815e+03
1.502729040237143636e+03 8.156935546875000000e+03 8.162348382679012502e+03
1.502749474412761629e+03 8.159245605468750000e+03 8.162344381893353784e+03
1.502769908388610929e+03 8.158885253906250000e+03 8.162340374294664798e+03
1.502790342464111745e+03 8.157152832031250000e+03 8.162336359810451540e+03
1.502810776640195400e+03 8.162019531250000000e+03 8.162332338426617753e+03
1.502831210616510361e+03 8.155944824218750000e+03 8.162328310188500836e+03
1.502851644793059677e+03 8.168038574218750000e+03 8.162324275003434195e+03
1.502872078769840300e+03 8.163735839843750000e+03 8.162320232936586763e+03
1.502892512846272439e+03 8.165755859375000000e+03 8.162316183914962494e+03
1.502912947023287416e+03 8.154817871093750000e+03 8.162312127924460583e+03
1.502933381000533700e+03 8.156098144531250000e+03 8.162308065010934115e+03
1.502953815077897161e+03 8.164409667968750000e+03 8.162303995100985048e+03
1.502974249255377799e+03 8.162290039062500000e+03 8.162299918180695386e+03
1.502994683333206922e+03 8.161579589843750000e+03 8.162295834276106689e+03
1.503015117411036044e+03 8.155323730468750000e+03 8.162291743353534912e+03
1.503035551488865167e+03 8.148770996093750000e+03 8.162287645399165740e+03
1.503055985567159951e+03 8.162670898437500000e+03 8.162283540399083904e+03
1.503076419645454735e+03 8.162936523437500000e+03 8.162279428339568767e+03
1.503096853723749518e+03 8.164206542968750000e+03 8.162275309206806924e+03
1.503117287802509964e+03 8.163290039062500000e+03 8.162271182986879467e+03
1.503137721981387585e+03 8.163184082031250000e+03 8.162267049645803127e+03
1.503158155960496515e+03 8.161504394531250000e+03 8.162262909230465993e+03
1.503178590139839798e+03 8.164998535156250000e+03 8.162258761646002313e+03
1.503199024219065905e+03 8.167753417968750000e+03 8.162254606939508449e+03
1.503219458198640496e+03 8.174387695312500000e+03 8.162250445097173724e+03
1.503239892378449440e+03 8.162102539062500000e+03 8.162246276044053957e+03
1.503260326458606869e+03 8.164166015625000000e+03 8.162242099827457423e+03
1.503280760438647121e+03 8.166445312500000000e+03 8.162237916433774444e+03
1.503301194618921727e+03 8.162009765625000000e+03 8.162233725787637013e+03
1.503321628699079156e+03 8.159004882812500000e+03 8.162229527936779050e+03
1.503342062680050731e+03 8.166913085937500000e+03 8.162225322867296200e+03
1.503362496860790998e+03 8.159717285156250000e+03 8.162221110503793170e+03
1.503382930941879749e+03 8.166266113281250000e+03 8.162216890894126664e+03
1.503403365022968501e+03 8.160911132812500000e+03 8.162212664003952341e+03
1.503423799104057252e+03 8.155077636718750000e+03 8.162208429819455887e+03
1.503444233185611665e+03 8.157463378906250000e+03 8.162204188326722942e+03
1.503464667267631739e+03 8.161583007812500000e+03 8.162199939511931007e+03
1.503485101349186152e+03 8.164097656250000000e+03 8.162195683361465854e+03
1.503505535431206226e+03 8.165583007812500000e+03 8.162191419861310351e+03
1.503525969513691962e+03 8.159081054687500000e+03 8.162187148997648364e+03
1.503546403595712036e+03 8.155381835937500000e+03 8.162182870756856573e+03
1.503566837778314948e+03 8.164397460937500000e+03 8.162178585103909427e+03
1.503587271761149168e+03 8.161807128906250000e+03 8.162174292088035145e+03
1.503607705844100565e+03 8.168743652343750000e+03 8.162169991632469646e+03
1.503628140027169138e+03 8.155897460937500000e+03 8.162165683723282200e+03
1.503648574110586196e+03 8.164608886718750000e+03 8.162161368388774463e+03
1.503669008093886077e+03 8.168203125000000000e+03 8.162157045615336756e+03
1.503689442277420312e+03 8.165759765625000000e+03 8.162152715325558347e+03
1.503709876361303031e+03 8.158436035156250000e+03 8.162148377569113109e+03
1.503730310345068574e+03 8.159348144531250000e+03 8.162144032332398638e+03
1.503750744529068470e+03 8.160920410156250000e+03 8.162139679537669508e+03
1.503771178613416851e+03 8.163875000000000000e+03 8.162135319234936105e+03
1.503791612797882408e+03 8.163647949218750000e+03 8.162130951367753369e+03
1.503812046782579273e+03 8.163671875000000000e+03 8.162126575986458192e+03
1.503832480867393315e+03 8.162667480468750000e+03 8.162122193013081414e+03
1.503852915052324533e+03 8.161182128906250000e+03 8.162117802433691395e+03
1.503873349037487060e+03 8.162685058593750000e+03 8.162113404298961541e+03
1.503893783122766763e+03 8.165164550781250000e+03 8.162108998530584358e+03
1.503914217308629304e+03 8.170544433593750000e+03 8.162104585114529982e+03
1.503934651294257492e+03 8.171743652343750000e+03 8.162100164102013878e+03
1.503955085480120033e+03 8.158884765625000000e+03 8.162095735392566894e+03
1.503975519565865397e+03 8.169084960937500000e+03 8.162091299037414501e+03
1.503995953551959246e+03 8.158022949218750000e+03 8.162086855022751479e+03
1.504016387738287449e+03 8.158565917968750000e+03 8.162082403269485440e+03
1.504036821824964136e+03 8.160910156250000000e+03 8.162077943829072865e+03
1.504057255811989307e+03 8.157507324218750000e+03 8.162073476687810398e+03
1.504077689998783171e+03 8.165435058593750000e+03 8.162069001766371002e+03
1.504098124085925519e+03 8.164046875000000000e+03 8.162064519116443989e+03
1.504118558072950691e+03 8.165074218750000000e+03 8.162060028724436052e+03
1.504138992260210216e+03 8.157010742187500000e+03 8.162055530510461722e+03
1.504159426347818226e+03 8.158700195312500000e+03 8.162051024526668698e+03
1.504179860435426235e+03 8.156384765625000000e+03 8.162046510737320204e+03
1.504200294523499906e+03 8.164587890625000000e+03 8.162041989128494606e+03
1.504220728611573577e+03 8.164769531250000000e+03 8.162037459686478542e+03
1.504241162699647248e+03 8.166247558593750000e+03 8.162032922397456787e+03
1.504261596788186580e+03 8.158163085937500000e+03 8.162028377247507706e+03
1.504282030876725912e+03 8.159192382812500000e+03 8.162023824222915209e+03
1.504302464965730906e+03 8.167803222656250000e+03 8.162019263309762209e+03
1.504322899054735899e+03 8.169249023437500000e+03 8.162014694494331707e+03
1.504343333243858069e+03 8.161750000000000000e+03 8.162010117740364876e+03
1.504363767332863063e+03 8.167275390625000000e+03 8.162005533078894587e+03
1.504384201322682202e+03 8.158761718750000000e+03 8.162000940496008297e+03
1.504404635512270033e+03 8.162540039062500000e+03 8.161996339910640017e+03
1.504425069602206349e+03 8.163442871093750000e+03 8.161991731376327152e+03
1.504445503592025489e+03 8.165401855468750000e+03 8.161987114879473665e+03
1.504465937782078981e+03 8.151032714843750000e+03 8.161982490338350544e+03
1.504486371872480959e+03 8.167145019531250000e+03 8.161977857806945394e+03
1.504506805862765759e+03 8.167246093750000000e+03 8.161973217271666726e+03
1.504527240053750575e+03 8.158575195312500000e+03 8.161968568650323505e+03
1.504547674144618213e+03 8.166602539062500000e+03 8.161963911997472678e+03
1.504568108335603029e+03 8.161184570312500000e+03 8.161959247253666035e+03
1.504588542326819152e+03 8.154920410156250000e+03 8.161954574473604225e+03
1.504608976418152452e+03 8.153779785156250000e+03 8.161949893574954331e+03
1.504629410609602928e+03 8.160467285156250000e+03 8.161945204543777436e+03
1.504649844601284713e+03 8.156582519531250000e+03 8.161940507435129803e+03
1.504670278693083674e+03 8.162947753906250000e+03 8.161935802166321992e+03
1.504690712884999812e+03 8.165712890625000000e+03 8.161931088723422363e+03
1.504711146877147257e+03 8.167717773437500000e+03 8.161926367161835515e+03
1.504731581069529057e+03 8.161746093750000000e+03 8.161921637375326100e+03
1.504752015162259340e+03 8.167274414062500000e+03 8.161916899419427864e+03
1.504772449154872447e+03 8.162214355468750000e+03 8.161912153280551138e+03
1.504792883347719908e+03 8.165481445312500000e+03 8.161907398875055151e+03
1.504813317440915853e+03 8.164147460937500000e+03 8.161902636258841085e+03
1.504833751433994621e+03 8.165341308593750000e+03 8.161897865418318361e+03
1.504854185627307743e+03 8.162697265625000000e+03 8.161893086269483319e+03
1.504874619720969349e+03 8.166583984375000000e+03 8.161888298868600032e+03
1.504895053714513779e+03 8.169666015625000000e+03 8.161883503202074280e+03
1.504915487908758223e+03 8.167220703125000000e+03 8.161878699185435835e+03
1.504935922002419829e+03 8.161673828125000000e+03 8.161873886875636344e+03
1.504956356196664274e+03 8.163286132812500000e+03 8.161869066211478639e+03
1.504976790191140026e+03 8.156696289062500000e+03 8.161864237250066253e+03
1.504997224285732955e+03 8.166267089843750000e+03 8.161859399906777981e+03
1.505017658480443060e+03 8.156280273437500000e+03 8.161854554167667629e+03
1.505038092475384474e+03 8.160198242187500000e+03 8.161849700090097031e+03
1.505058526570443064e+03 8.155876953125000000e+03 8.161844837589072995e+03
1.505078960766084492e+03 8.167620117187500000e+03 8.161839966650543829e+03
1.505099394761491567e+03 8.157635253906250000e+03 8.161835087332457988e+03
1.505119828957132995e+03 8.154909667968750000e+03 8.161830199525374155e+03
1.505140263052657247e+03 8.167496582031250000e+03 8.161825303287259885e+03
1.505160697048529983e+03 8.163776367187500000e+03 8.161820398604308139e+03
1.505181131244637072e+03 8.166517578125000000e+03 8.161815485390656249e+03
1.505201565341092646e+03 8.157257324218750000e+03 8.161810563704532797e+03
1.505221999337431043e+03 8.166955078125000000e+03 8.161805633532358115e+03
1.505242433534003794e+03 8.159906738281250000e+03 8.161800694787784778e+03
1.505262867630925030e+03 8.158828125000000000e+03 8.161795747529410619e+03
1.505283301727846265e+03 8.156031250000000000e+03 8.161790791719358822e+03
1.505303735824767500e+03 8.170414550781250000e+03 8.161785827343808705e+03
1.505324169922154397e+03 8.167449218750000000e+03 8.161780854388831358e+03
1.505344604019541293e+03 8.156852050781250000e+03 8.161775872840720695e+03
1.505365038117393851e+03 8.161284179687500000e+03 8.161770882685550532e+03
1.505385472215246409e+03 8.154463378906250000e+03 8.161765883909612057e+03
1.505405906313098967e+03 8.155981933593750000e+03 8.161760876499091864e+03
1.505426340410951525e+03 8.162268066406250000e+03 8.161755860440172910e+03
1.505446774509269744e+03 8.163454101562500000e+03 8.161750835718919916e+03
1.505467208608053625e+03 8.161007812500000000e+03 8.161745802321519477e+03
1.505487642706371844e+03 8.163571289062500000e+03 8.161740760234382833e+03
1.505508076905272901e+03 8.163096679687500000e+03 8.161735709418692750e+03
1.505528511004056782e+03 8.159229003906250000e+03 8.161730649910244210e+03
1.505548945003189147e+03 8.160307128906250000e+03 8.161725581695229266e+03
1.505569379202555865e+03 8.163064941406250000e+03 8.161720504685390551e+03
1.505589813302271068e+03 8.164479980468750000e+03 8.161715418941349526e+03
1.505610247301869094e+03 8.161056640625000000e+03 8.161710324449537438e+03
1.505630681501701474e+03 8.160401367187500000e+03 8.161705221121187606e+03
1.505671549601480365e+03 8.171304199218750000e+03 8.161694988124469091e+03
1.505691983801778406e+03 8.166002441406250000e+03 8.161689858353256568e+03
1.505712417902424932e+03 8.159156250000000000e+03 8.161684719765201407e+03
1.505732852103188634e+03 8.163473144531250000e+03 8.161679572296246988e+03
1.505753286103717983e+03 8.161702636718750000e+03 8.161674416008300796e+03
1.505773720204830170e+03 8.162662109375000000e+03 8.161669250811702113e+03
1.505794154406059533e+03 8.157255371093750000e+03 8.161664076692625713e+03
1.505814588407520205e+03 8.163813964843750000e+03 8.161658893713249199e+03
1.505835022508632392e+03 8.160172363281250000e+03 8.161653701783874567e+03
1.505855456710327417e+03 8.159620117187500000e+03 8.161648500890320065e+03
1.505875890712253749e+03 8.161551269531250000e+03 8.161643291095277164e+03
1.505896324914414436e+03 8.153563476562500000e+03 8.161638072282943540e+03
1.505916759016457945e+03 8.169822265625000000e+03 8.161632844516145269e+03
1.505937193018849939e+03 8.158629394531250000e+03 8.161627607781081679e+03
1.505957627221476287e+03 8.163399902343750000e+03 8.161622361987013392e+03
1.505978061323985457e+03 8.159744140625000000e+03 8.161617107197158475e+03
1.505998495426494628e+03 8.157519531250000000e+03 8.161611843372025760e+03
1.506018929529469460e+03 8.164059082031250000e+03 8.161606570497676330e+03
1.506039363632909954e+03 8.163269531250000000e+03 8.161601288560291323e+03
1.506059797636233270e+03 8.159923339843750000e+03 8.161595997572121632e+03
1.506080231839790940e+03 8.156870117187500000e+03 8.161590697441511111e+03
1.506100665943231434e+03 8.156413085937500000e+03 8.161585388232480000e+03
1.506121100047137588e+03 8.161111816406250000e+03 8.161580069905145137e+03
1.506141534151043743e+03 8.163790527343750000e+03 8.161574742445811353e+03
1.506161968254949898e+03 8.159610839843750000e+03 8.161569405840659783e+03
1.506182402459438890e+03 8.160396484375000000e+03 8.161564060049538966e+03
1.506202836463693529e+03 8.153550292968750000e+03 8.161558705137395009e+03
1.506223270568531007e+03 8.162408691406250000e+03 8.161553341011646808e+03
1.506243704773485661e+03 8.156999023437500000e+03 8.161547967658461857e+03
1.506264138778205961e+03 8.168164550781250000e+03 8.161542585143072756e+03
1.506284572983626276e+03 8.160652832031250000e+03 8.161537193346051936e+03
1.506305007088929415e+03 8.166553710937500000e+03 8.161531792332891200e+03
1.506325441094115376e+03 8.161943359375000000e+03 8.161526382089901745e+03
1.506345875300001353e+03 8.172448730468750000e+03 8.161520962523558410e+03
1.506366309405770153e+03 8.166899414062500000e+03 8.161515533699759544e+03
1.506386743411421776e+03 8.155002441406250000e+03 8.161510095604819071e+03
1.506407177617773414e+03 8.166461425781250000e+03 8.161504648144797102e+03
1.506427611724007875e+03 8.170557128906250000e+03 8.161499191386004895e+03
1.506448045730590820e+03 8.165052734375000000e+03 8.161493725314631774e+03
1.506468479936942458e+03 8.160522460937500000e+03 8.161488249836703289e+03
1.506488914044108242e+03 8.163042968750000000e+03 8.161482765018436112e+03
1.506509348250925541e+03 8.159399902343750000e+03 8.161477270792644049e+03
1.506529782257974148e+03 8.159979003906250000e+03 8.161471767226084012e+03
1.506550216365139931e+03 8.184123535156250000e+03 8.161466254224240402e+03
1.506570650572888553e+03 8.160471191406250000e+03 8.161460731773030602e+03
1.506591084580402821e+03 8.161884277343750000e+03 8.161455199940000057e+03
1.506611518688034266e+03 8.159168945312500000e+03 8.161449658630097474e+03
1.506631952895782888e+03 8.159843750000000000e+03 8.161444107829363929e+03
1.506652387004345655e+03 8.159610839843750000e+03 8.161438547578123689e+03
1.506672821112442762e+03 8.158269531250000000e+03 8.161432977835760539e+03
1.506693255221005529e+03 8.161409179687500000e+03 8.161427398588206415e+03
1.506713689229451120e+03 8.158440917968750000e+03 8.161421809849180136e+03
1.506734123438131064e+03 8.163810546875000000e+03 8.161416211522645426e+03
1.506754557547159493e+03 8.158177246093750000e+03 8.161410603676874416e+03
1.506774991556070745e+03 8.159380371093750000e+03 8.161404986298315634e+03
1.506795425765682012e+03 8.168257324218750000e+03 8.161399359290387110e+03
1.506815859874710441e+03 8.162220214843750000e+03 8.161393722722167695e+03
1.506836293884553015e+03 8.159318359375000000e+03 8.161388076579592962e+03
1.506856728094164282e+03 8.194479492187500000e+03 8.161382420766175528e+03
1.506877162204124033e+03 8.167809082031250000e+03 8.161376755350897838e+03
1.506897596414200962e+03 8.163450683593750000e+03 8.161371080264556440e+03
1.506918030424509197e+03 8.156314941406250000e+03 8.161365395576690389e+03
1.506938464534934610e+03 8.158395996093750000e+03 8.161359701190126543e+03
1.506958898745477200e+03 8.158385742187500000e+03 8.161353997090904159e+03
1.506979332756251097e+03 8.156793945312500000e+03 8.161348283348992481e+03
1.506999766867142171e+03 8.165364746093750000e+03 8.161342559866789088e+03
1.507020201078150421e+03 8.166674804687500000e+03 8.161336826630331416e+03
1.507040635089389980e+03 8.156119140625000000e+03 8.161331083710017992e+03
1.507061069300398231e+03 8.165958496093750000e+03 8.161325330979739192e+03
1.507081503412220627e+03 8.157525390625000000e+03 8.161319568509770761e+03
1.507101937423925847e+03 8.155531738281250000e+03 8.161313796286701290e+03
1.507122371635865420e+03 8.169581542968750000e+03 8.161308014211796035e+03
1.507142805747687817e+03 8.154648437500000000e+03 8.161302222360134692e+03
1.507163239859975874e+03 8.159736816406250000e+03 8.161296420934178059e+03
1.507183673972263932e+03 8.158291015625000000e+03 8.161290610539210320e+03
1.507204108085017651e+03 8.164059082031250000e+03 8.161284791812576259e+03
1.507224542197305709e+03 8.157432128906250000e+03 8.161278965392022656e+03
1.507244976310525090e+03 8.159816406250000000e+03 8.161273131914634178e+03
1.507265410423278809e+03 8.162834472656250000e+03 8.161267292018289481e+03
1.507285844536498189e+03 8.161635253906250000e+03 8.161261446340197836e+03
1.507306278749834746e+03 8.161419433593750000e+03 8.161255595489296866e+03
1.507326712763402611e+03 8.160460937500000000e+03 8.161249740188968644e+03
1.507347146877087653e+03 8.155678222656250000e+03 8.161243880990790785e+03
1.507367580990772694e+03 8.151825195312500000e+03 8.161238018560921773e+03
1.507388015104923397e+03 8.155895019531250000e+03 8.161232153536711849e+03
1.507408449318725616e+03 8.159735351562500000e+03 8.161226286527151387e+03
1.507428883333224803e+03 8.166848632812500000e+03 8.161220418255574259e+03
1.507449317547492683e+03 8.158581542968750000e+03 8.161214549244856244e+03
1.507469751662109047e+03 8.157516601562500000e+03 8.161208680218473091e+03
1.507490185677073896e+03 8.161750488281250000e+03 8.161202811813898734e+03
1.507510619892273098e+03 8.158797363281250000e+03 8.161196944582500691e+03
1.507531054006889462e+03 8.160470703125000000e+03 8.161191079248138522e+03
1.507551488022319973e+03 8.160057128906250000e+03 8.161185216447863240e+03
1.507571922237984836e+03 8.163721679687500000e+03 8.161179356733268833e+03
1.507592356353532523e+03 8.167594726562500000e+03 8.161173500827988391e+03
1.507612790569197387e+03 8.169053710937500000e+03 8.161167649312124013e+03
1.507633224585093558e+03 8.154160156250000000e+03 8.161161802909002290e+03
1.507653658701106906e+03 8.163939453125000000e+03 8.161155962170260864e+03
1.507674092917237431e+03 8.163774902343750000e+03 8.161150127733464615e+03
1.507694526933599263e+03 8.158479980468750000e+03 8.161144300321673654e+03
1.507714961050543934e+03 8.157823242187500000e+03 8.161138480486661138e+03
1.507735395267140120e+03 8.171749511718750000e+03 8.161132668866289350e+03
1.507755829283967614e+03 8.160389648437500000e+03 8.161126866183129096e+03
1.507776263400912285e+03 8.159487792968750000e+03 8.161121072989439199e+03
1.507796697618439794e+03 8.160732421875000000e+03 8.161115289922709053e+03
1.507817131735384464e+03 8.165463378906250000e+03 8.161109517677356962e+03
1.507837565853260458e+03 8.169449707031250000e+03 8.161103756862108639e+03
1.507857999970670789e+03 8.162997070312500000e+03 8.161098008114840923e+03
1.507878434088546783e+03 8.168341796875000000e+03 8.161092272072767628e+03
1.507898868206422776e+03 8.165985839843750000e+03 8.161086549373503658e+03
1.507919302324764431e+03 8.160157226562500000e+03 8.161080840654400163e+03
1.507939736443106085e+03 8.162185058593750000e+03 8.161075146553067498e+03
1.507960170561447740e+03 8.158352050781250000e+03 8.161069467706985051e+03
1.507980604680255055e+03 8.161544921875000000e+03 8.161063804753508521e+03
1.508001038799062371e+03 8.157366699218750000e+03 8.161058158330242804e+03
1.508021472917869687e+03 8.149869628906250000e+03 8.161052529074671838e+03
1.508041907037142664e+03 8.160820312500000000e+03 8.161046917624149501e+03
1.508062341256532818e+03 8.154401855468750000e+03 8.161041324588927637e+03
1.508082775275688618e+03 8.162277832031250000e+03 8.161035750688554799e+03
1.508103209395427257e+03 8.166662109375000000e+03 8.161030196478315702e+03
1.508123643615283072e+03 8.161813964843750000e+03 8.161024662596119015e+03
1.508144077635370195e+03 8.162746582031250000e+03 8.161019149760499204e+03
1.508164511755108833e+03 8.162296875000000000e+03 8.161013658528005180e+03
1.508184945975430310e+03 8.157816406250000000e+03 8.161008189536187274e+03
1.508205379995983094e+03 8.167574707031250000e+03 8.161002743502751400e+03
1.508225814216304570e+03 8.158317382812500000e+03 8.160997320958696946e+03
1.508246248336974531e+03 8.154782714843750000e+03 8.160991922621132289e+03
1.508266682357992977e+03 8.157189453125000000e+03 8.160986549127182116e+03
1.508287116579245776e+03 8.152246582031250000e+03 8.160981201035654522e+03
1.508307550700381398e+03 8.166264160156250000e+03 8.160975879062827516e+03
1.508327984721865505e+03 8.167629882812500000e+03 8.160970583845672991e+03
1.508348418943118304e+03 8.159085937500000000e+03 8.160965315944276881e+03
1.508368853064719588e+03 8.157197265625000000e+03 8.160960076073519303e+03
1.508389287286903709e+03 8.165718750000000000e+03 8.160954864819539580e+03
1.508409721308853477e+03 8.160226562500000000e+03 8.160949682896323793e+03
1.508430155430920422e+03 8.155000488281250000e+03 8.160944530864969238e+03
1.508450589653104544e+03 8.168010253906250000e+03 8.160939409363399136e+03
1.508471023775637150e+03 8.160642089843750000e+03 8.160934319079173292e+03
1.508491457798052579e+03 8.167536621093750000e+03 8.160929260649418211e+03
1.508511892021168023e+03 8.158132812500000000e+03 8.160924234637393965e+03
1.508532326144166291e+03 8.162803222656250000e+03 8.160919241754805626e+03
1.508552760167047381e+03 8.157865234375000000e+03 8.160914282638646000e+03
1.508573194390162826e+03 8.163072265625000000e+03 8.160909357853756774e+03
1.508593628513626754e+03 8.160037109375000000e+03 8.160904468110145899e+03
1.508614062637090683e+03 8.165289062500000000e+03 8.160899614021193884e+03
1.508654930784832686e+03 8.156496093750000000e+03 8.160890015380311524e+03
1.508675365008879453e+03 8.157980957031250000e+03 8.160885272056788381e+03
1.508695799133274704e+03 8.164294433593750000e+03 8.160880566961075601e+03
1.508716233157552779e+03 8.153538574218750000e+03 8.160875900730198737e+03
1.508736667382065207e+03 8.166870117187500000e+03 8.160871273933342309e+03
1.508757101506926119e+03 8.165545410156250000e+03 8.160866687276176890e+03
1.508777535731438547e+03 8.160398437500000000e+03 8.160862141351459286e+03
1.508797969756647944e+03 8.156263671875000000e+03 8.160857636862872823e+03
1.508818403881974518e+03 8.163680664062500000e+03 8.160853174381594727e+03
1.508838838106952608e+03 8.159078125000000000e+03 8.160848754545828342e+03
1.508859272132627666e+03 8.159075195312500000e+03 8.160844378057403446e+03
1.508879706257954240e+03 8.157616210937500000e+03 8.160840045489448130e+03
1.508900140483863652e+03 8.163849609375000000e+03 8.160835757479904714e+03
1.508920574510004371e+03 8.167906738281250000e+03 8.160831514728950424e+03
1.508941008635796607e+03 8.158684082031250000e+03 8.160827317811563262e+03
1.508961442862171680e+03 8.169165527343750000e+03 8.160823167365711925e+03
1.508981876888778061e+03 8.160269531250000000e+03 8.160819064089541826e+03
1.509002311115153134e+03 8.163251953125000000e+03 8.160815008540308554e+03
1.509022745241876692e+03 8.156490234375000000e+03 8.160811001415274404e+03
1.509043179368600249e+03 8.160500488281250000e+03 8.160807043332022658e+03
1.509063613495789468e+03 8.170227050781250000e+03 8.160803134927948122e+03
1.509084047622978687e+03 8.163285644531250000e+03 8.160799276840622952e+03
1.509104481750167906e+03 8.166512695312500000e+03 8.160795469707529264e+03
1.509124915877822787e+03 8.161106445312500000e+03 8.160791714166061865e+03
1.509145350005477667e+03 8.156748535156250000e+03 8.160788010853789274e+03
1.509165784133132547e+03 8.163508300781250000e+03 8.160784360408193606e+03
1.509186218361370265e+03 8.158903320312500000e+03 8.160780763449184633e+03
1.509206652389373630e+03 8.158070800781250000e+03 8.160777220666803260e+03
1.509227086617611349e+03 8.161897460937500000e+03 8.160773732629098959e+03
1.509247520746197551e+03 8.157964843750000000e+03 8.160770300025150391e+03
1.509267954774666578e+03 8.194385742187500000e+03 8.160766923491699345e+03
1.509288389003369957e+03 8.161195800781250000e+03 8.160763603617015178e+03
1.509308823032304645e+03 8.155792480468750000e+03 8.160760341103562496e+03
1.509329257161356509e+03 8.162591796875000000e+03 8.160757136540520150e+03
1.509349691390525550e+03 8.163919921875000000e+03 8.160753990566231550e+03
1.509370125419925898e+03 8.184612304687500000e+03 8.160750903863909116e+03
1.509390559649560601e+03 8.152767089843750000e+03 8.160747877010622688e+03
1.509410993779543787e+03 8.155840820312500000e+03 8.160744910688717937e+03
1.509431427808944136e+03 8.152641601562500000e+03 8.160742005534915734e+03
1.509451862039044499e+03 8.161690429687500000e+03 8.160739162144315742e+03
1.509472296169027686e+03 8.163763183593750000e+03 8.160736381196718867e+03
1.509492730199359357e+03 8.158317871093750000e+03 8.160733663328621333e+03
1.509513164429925382e+03 8.158762207031250000e+03 8.160731009138087757e+03
1.509533598560839891e+03 8.150715820312500000e+03 8.160728419302021393e+03
1.509554032691288739e+03 8.168881835937500000e+03 8.160725894444867663e+03
1.509574466822203249e+03 8.164935546875000000e+03 8.160723435203985900e+03
1.509594900953583419e+03 8.158995605468750000e+03 8.160721042216864589e+03
1.509615335184615105e+03 8.158310546875000000e+03 8.160718716109864545e+03
1.509635769215878099e+03 8.164879882812500000e+03 8.160716457554060071e+03
1.509656203347723931e+03 8.155617187500000000e+03 8.160714267153235596e+03
1.509676637579221278e+03 8.162974121093750000e+03 8.160712145545980093e+03
1.509697071711067110e+03 8.158787109375000000e+03 8.160710093390475777e+03
1.509717505743261427e+03 8.161632324218750000e+03 8.160708111323180674e+03
1.509737939975224435e+03 8.162235839843750000e+03 8.160706199953052419e+03
1.509758374107535928e+03 8.155626464843750000e+03 8.160704359946101249e+03
1.509778808240313083e+03 8.160325683593750000e+03 8.160702591930275958e+03
1.509799242372624576e+03 8.164045898437500000e+03 8.160700896543139606e+03
1.509819676505401731e+03 8.162407226562500000e+03 8.160699274422094277e+03
1.509840110738296062e+03 8.157649902343750000e+03 8.160697726197262455e+03
1.509860544771421701e+03 8.163114746093750000e+03 8.160696252528299738e+03
1.509880978904664516e+03 8.163957031250000000e+03 8.160694854030514762e+03
1.509901413138024509e+03 8.156277343750000000e+03 8.160693531342501046e+03
1.509921847171615809e+03 8.159245117187500000e+03 8.160692285120591805e+03
1.509942281305324286e+03 8.161866699218750000e+03 8.160691115983421696e+03
1.509962715439498425e+03 8.158945800781250000e+03 8.160690024574741983e+03
1.509983149573206902e+03 8.157365234375000000e+03 8.160689011532082077e+03
1.510003583807498217e+03 8.168084960937500000e+03 8.160688077488495765e+03
1.510024017841555178e+03 8.153336425781250000e+03 8.160687223094639194e+03
1.510044451976194978e+03 8.163056152343750000e+03 8.160686448974832274e+03
1.510064886210951954e+03 8.156111328125000000e+03 8.160685755767755836e+03
1.510085320245474577e+03 8.156012695312500000e+03 8.160685144120490804e+03
1.510105754380580038e+03 8.161762207031250000e+03 8.160684614660910484e+03
1.510126188615802675e+03 8.158374511718750000e+03 8.160684168027732994e+03
1.510146622650790960e+03 8.161168457031250000e+03 8.160683804864382182e+03
1.510167056886479259e+03 8.158098632812500000e+03 8.160683525801228825e+03
1.510187491022050381e+03 8.157718750000000000e+03 8.160683331480488050e+03
1.510207925057504326e+03 8.159481933593750000e+03 8.160683222538388691e+03
1.510228359293192625e+03 8.162503417968750000e+03 8.160683199611440614e+03
1.510248793429229409e+03 8.157534179687500000e+03 8.160683263338100915e+03
1.510269227565731853e+03 8.162449707031250000e+03 8.160683414355537025e+03
1.510289661701768637e+03 8.156477050781250000e+03 8.160683653301219238e+03
1.510310095838271081e+03 8.155110351562500000e+03 8.160683980812646041e+03
1.510330529974773526e+03 8.168952636718750000e+03 8.160684397527291367e+03
1.510350964211858809e+03 8.159246582031250000e+03 8.160684904085353992e+03
1.510371398248709738e+03 8.150178222656250000e+03 8.160685501116200612e+03
1.510391832485795021e+03 8.165262207031250000e+03 8.160686189269016722e+03
1.510412266622763127e+03 8.160339843750000000e+03 8.160686969171842065e+03
1.510432700660079718e+03 8.169856933593750000e+03 8.160687841460826348e+03
1.510453134897630662e+03 8.158668945312500000e+03 8.160688806786936766e+03
1.510473569035530090e+03 8.168945800781250000e+03 8.160689865774182181e+03
1.510494003073312342e+03 8.158487792968750000e+03 8.160691019058640450e+03
1.510514437311328948e+03 8.156552734375000000e+03 8.160692267295438796e+03
1.510534871449228376e+03 8.158397949218750000e+03 8.160693611104417869e+03
1.510555305587593466e+03 8.152528320312500000e+03 8.160695051128970590e+03
1.510575739725958556e+03 8.162992187500000000e+03 8.160696588006554521e+03
1.510596173764672130e+03 8.158229980468750000e+03 8.160698222366441769e+03
1.510616608003620058e+03 8.165144042968750000e+03 8.160699954870820875e+03
1.510637042142450809e+03 8.158957519531250000e+03 8.160701786132436609e+03
1.510657476181164384e+03 8.162950195312500000e+03 8.160703716787311350e+03
1.510677910420577973e+03 8.158463867187500000e+03 8.160705747502088343e+03
1.510698344559874386e+03 8.170979492187500000e+03 8.160707878885094942e+03
1.510718778699170798e+03 8.155591308593750000e+03 8.160710111583519392e+03
1.510739212838932872e+03 8.154281250000000000e+03 8.160712446234896561e+03
1.510759646978694946e+03 8.162156738281250000e+03 8.160714883476660361e+03
1.510780081218574196e+03 8.159891113281250000e+03 8.160717423958994914e+03
1.510800515258684754e+03 8.170640136718750000e+03 8.160720068281341810e+03
1.510820949398912489e+03 8.166418945312500000e+03 8.160722817119228239e+03
1.510841383639257401e+03 8.169698242187500000e+03 8.160725671111678821e+03
1.510861817779950798e+03 8.155520996093750000e+03 8.160728630868279652e+03
1.510882251820527017e+03 8.156555175781250000e+03 8.160731697024893947e+03
1.510902686061337590e+03 8.162723632812500000e+03 8.160734870264854180e+03
1.510923120202496648e+03 8.159234375000000000e+03 8.160738151179868510e+03
1.510943554343655705e+03 8.161995605468750000e+03 8.160741540422630351e+03
1.510963988484814763e+03 8.159192871093750000e+03 8.160745038630622730e+03
1.510984422626439482e+03 8.166671386718750000e+03 8.160748646441414166e+03
1.511004856768064201e+03 8.163867675781250000e+03 8.160752364492408560e+03
1.511025290909688920e+03 8.156569335937500000e+03 8.160756193421087119e+03
1.511045725051779300e+03 8.166350585937500000e+03 8.160760133865025637e+03
1.511066159293521196e+03 8.159304687500000000e+03 8.160764186481656907e+03
1.511086593335960060e+03 8.164511230468750000e+03 8.160768351848351813e+03
1.511107027478050441e+03 8.163666503906250000e+03 8.160772630662707343e+03
1.511127461720723659e+03 8.159829101562500000e+03 8.160777023564070987e+03
1.511147895763628185e+03 8.168223632812500000e+03 8.160781531124524918e+03
1.511168330006301403e+03 8.165741210937500000e+03 8.160786154069691293e+03
1.511188764149323106e+03 8.159361328125000000e+03 8.160790892970159803e+03
1.511209198192227632e+03 8.161194335937500000e+03 8.160795748461603580e+03
1.511229632435366511e+03 8.162365722656250000e+03 8.160800721253732263e+03
1.511250066478736699e+03 8.170500000000000000e+03 8.160805811886688389e+03
1.511270500622689724e+03 8.161471191406250000e+03 8.160811021071915093e+03
1.511290934866294265e+03 8.156776855468750000e+03 8.160816349448409710e+03
1.511311368910130113e+03 8.152233398437500000e+03 8.160821797574699303e+03
1.511331803154200315e+03 8.170257812500000000e+03 8.160827366194922433e+03
1.511352237298153341e+03 8.161256347656250000e+03 8.160833055865600727e+03
1.511372671342454851e+03 8.157281250000000000e+03 8.160838867222565568e+03
1.511393105586990714e+03 8.156622558593750000e+03 8.160844800989487339e+03
1.511413539731409401e+03 8.165216308593750000e+03 8.160850857717536201e+03
1.511433973876293749e+03 8.161484375000000000e+03 8.160857038073103467e+03
1.511454408021178097e+03 8.158953125000000000e+03 8.160863342693544837e+03
1.511474842166062444e+03 8.159402832031250000e+03 8.160869772216334241e+03
1.511495276311412454e+03 8.160496582031250000e+03 8.160876327279111138e+03
1.511515710456762463e+03 8.162516601562500000e+03 8.160883008519212126e+03
1.511536144602112472e+03 8.160498046875000000e+03 8.160889816574121141e+03
1.511556578847579658e+03 8.157706054687500000e+03 8.160896752115610980e+03
1.511577012993395329e+03 8.167896972656250000e+03 8.160903815713374570e+03
1.511597447039559484e+03 8.160387207031250000e+03 8.160911008003013194e+03
1.511638315431773663e+03 8.161837402343750000e+03 8.160925781420537533e+03
1.511658749477937818e+03 8.176112304687500000e+03 8.160933363714972074e+03
1.511679183724801987e+03 8.162235839843750000e+03 8.160941077361733733e+03
1.511699617871083319e+03 8.160675781250000000e+03 8.160948922885536376e+03
1.511720051918178797e+03 8.157754882812500000e+03 8.160956900922462410e+03
1.511740486165042967e+03 8.164807128906250000e+03 8.160965012227698026e+03
1.511760920312255621e+03 8.164118652343750000e+03 8.160973257320853008e+03
1.511781354559585452e+03 8.180866699218750000e+03 8.160981636920027086e+03
1.511801788606680930e+03 8.160567382812500000e+03 8.160990151538546343e+03
1.511822222754359245e+03 8.160004882812500000e+03 8.160998801938249926e+03
1.511842657002154738e+03 8.148964355468750000e+03 8.161007588758431666e+03
1.511863091049715877e+03 8.161420898437500000e+03 8.161016512506414074e+03
1.511883525197859854e+03 8.154114746093750000e+03 8.161025573950047146e+03
1.511903959346003830e+03 8.160707031250000000e+03 8.161034773683227286e+03
1.511924393494147807e+03 8.160581054687500000e+03 8.161044112343436609e+03
1.511944827742874622e+03 8.161102539062500000e+03 8.161053590615157191e+03
1.511965261791367084e+03 8.157082519531250000e+03 8.161063208995318746e+03
1.511985695939976722e+03 8.164353515625000000e+03 8.161072968261749338e+03
1.512006130188703537e+03 8.162274902343750000e+03 8.161082869054005641e+03
1.512026564237661660e+03 8.163660156250000000e+03 8.161092911863234804e+03
1.512046998387202621e+03 8.163763671875000000e+03 8.161103097473497655e+03
1.512067432636395097e+03 8.159835937500000000e+03 8.161113426523917951e+03
1.512087866785936058e+03 8.166467285156250000e+03 8.161123899551235809e+03
1.512108300835359842e+03 8.166243652343750000e+03 8.161134517190580482e+03
1.512128735085017979e+03 8.163185546875000000e+03 8.161145280236569306e+03
1.512149169235024601e+03 8.170913085937500000e+03 8.161156189169800200e+03
1.512169603385031223e+03 8.160522460937500000e+03 8.161167244679892065e+03
1.512190037535503507e+03 8.156109375000000000e+03 8.161178447404590770e+03
1.512210471685510129e+03 8.155149902343750000e+03 8.161189797980862750e+03
1.512230905936099589e+03 8.157098144531250000e+03 8.161201297103413708e+03
1.512251339986920357e+03 8.161923828125000000e+03 8.161212945239626606e+03
1.512271774137392640e+03 8.153240234375000000e+03 8.161224743196567943e+03
1.512292208388447762e+03 8.165391113281250000e+03 8.161236691614463780e+03
1.512312642439734191e+03 8.165919921875000000e+03 8.161248790954077776e+03
1.512333076690789312e+03 8.164050781250000000e+03 8.161261042089468901e+03
1.512353510842192918e+03 8.158378906250000000e+03 8.161273445479724614e+03
1.512373944893479347e+03 8.168117675781250000e+03 8.161286001759806823e+03
1.512394379145465791e+03 8.155252929687500000e+03 8.161298711753177486e+03
1.512414813296869397e+03 8.160206054687500000e+03 8.161311575911056934e+03
1.512435247349087149e+03 8.152837402343750000e+03 8.161324594869536668e+03
1.512455681601073593e+03 8.168924316406250000e+03 8.161337769457719332e+03
1.512476115753408521e+03 8.170812500000000000e+03 8.161351100121191848e+03
1.512496549805626273e+03 8.162568359375000000e+03 8.161364587494835177e+03
1.512516984058078378e+03 8.159825195312500000e+03 8.161378232415536331e+03
1.512537418110761791e+03 8.159454589843750000e+03 8.161392035253678841e+03
1.512557852363679558e+03 8.161360351562500000e+03 8.161405996916948425e+03
1.512578286516480148e+03 8.156560058593750000e+03 8.161420117838786609e+03
1.512598720669746399e+03 8.157443359375000000e+03 8.161434398725014944e+03
1.512619154823012650e+03 8.161158203125000000e+03 8.161448840212802679e+03
1.512639588976278901e+03 8.158077636718750000e+03 8.161463442939631022e+03
1.512660023130010813e+03 8.155697265625000000e+03 8.161478207543323151e+03
1.512680457283277065e+03 8.160970214843750000e+03 8.161493134660689975e+03
1.512700891437474638e+03 8.156554199218750000e+03 8.161508224930239521e+03
1.512721325691323727e+03 8.162029785156250000e+03 8.161523479063571358e+03
1.512741759845521301e+03 8.160398437500000000e+03 8.161538897549394278e+03
1.512762193899601698e+03 8.160912109375000000e+03 8.161554481022421896e+03
1.512782628153916448e+03 8.170583007812500000e+03 8.161570230350407655e+03
1.512803062308579683e+03 8.155271484375000000e+03 8.161586145940937058e+03
1.512823496363125741e+03 8.160903808593750000e+03 8.161602228428680064e+03
1.512843930617906153e+03 8.156957519531250000e+03 8.161618478688742471e+03
1.512864364773035049e+03 8.155740234375000000e+03 8.161634897121366521e+03
1.512884798828046769e+03 8.167303222656250000e+03 8.161651484361187613e+03
1.512905233083292842e+03 8.159831542968750000e+03 8.161668241290743936e+03
1.512925667238887399e+03 8.158749511718750000e+03 8.161685168302854436e+03
1.512946101494599134e+03 8.165924804687500000e+03 8.161702266200499253e+03
1.512966535550076514e+03 8.161774414062500000e+03 8.161719535368590186e+03
1.512986969706136733e+03 8.154321289062500000e+03 8.161736976697578939e+03
1.513007403961848468e+03 8.171291992187500000e+03 8.161754590826696585e+03
1.513027838018257171e+03 8.158662109375000000e+03 8.161772378134455721e+03
1.513048272174317390e+03 8.167815917968750000e+03 8.161790339517307984e+03
1.513068706430494785e+03 8.168381347656250000e+03 8.161808475615702264e+03
1.513089140487369150e+03 8.163712402343750000e+03 8.161826786800103946e+03
1.513109574643895030e+03 8.157144042968750000e+03 8.161845273974608062e+03
1.513130008901003748e+03 8.158367675781250000e+03 8.161863937780130982e+03
1.513150442957878113e+03 8.168613769531250000e+03 8.161882778578111356e+03
1.513170877214986831e+03 8.165883300781250000e+03 8.161901797375277965e+03
1.513191311272326857e+03 8.162085937500000000e+03 8.161920994436826732e+03
1.513211745429784060e+03 8.155259765625000000e+03 8.161940370680662454e+03
1.513232179687358439e+03 8.157541503906250000e+03 8.161959926746907513e+03
1.513252613744698465e+03 8.164745605468750000e+03 8.161979662984281276e+03
1.513273047902621329e+03 8.161016113281250000e+03 8.161999580319486086e+03
1.513293482160661370e+03 8.162422363281250000e+03 8.162019679392229591e+03
1.513313916318584234e+03 8.158935058593750000e+03 8.162039960643047380e+03
1.513334350476972759e+03 8.168135253906250000e+03 8.162060424807918025e+03
1.513354784635361284e+03 8.160696777343750000e+03 8.162081072523870716e+03
1.513375218793749809e+03 8.164893066406250000e+03 8.162101904428387570e+03
1.513395652952603996e+03 8.155029296875000000e+03 8.162122921159434554e+03
1.513416087111458182e+03 8.171488281250000000e+03 8.162144123354022668e+03
1.513436521270312369e+03 8.166660156250000000e+03 8.162165511649636755e+03
1.513456955529749393e+03 8.163445800781250000e+03 8.162187086790421745e+03
1.513477389588952065e+03 8.167666015625000000e+03 8.162208849094879042e+03
1.513497823748271912e+03 8.157065917968750000e+03 8.162230799518987624e+03
1.513518258007708937e+03 8.153119140625000000e+03 8.162252938703007203e+03
1.513538692067377269e+03 8.159789062500000000e+03 8.162275266958125940e+03
1.513559126327279955e+03 8.157630859375000000e+03 8.162297785358921828e+03
1.513579560487065464e+03 8.157488769531250000e+03 8.162320494213292477e+03
1.513599994547199458e+03 8.162069824218750000e+03 8.162343394156447175e+03
1.513620428807567805e+03 8.158880859375000000e+03 8.162366486163346963e+03
1.513640862967818975e+03 8.165517578125000000e+03 8.162389770533481169e+03
1.513661297028418630e+03 8.157082519531250000e+03 8.162413247902037256e+03
1.513681731289252639e+03 8.171723144531250000e+03 8.162436919252473672e+03
1.513702165449969471e+03 8.162883300781250000e+03 8.162460784875773243e+03
1.513722599710803479e+03 8.168462402343750000e+03 8.162484845643284643e+03
1.513743033771868795e+03 8.166868164062500000e+03 8.162509101837955313e+03
1.513763467933516949e+03 8.159058105468750000e+03 8.162533554452373210e+03
1.513783902194816619e+03 8.163518066406250000e+03 8.162558204125803968e+03
1.513804336256347597e+03 8.165604980468750000e+03 8.162583051133089612e+03
1.513824770417995751e+03 8.157096679687500000e+03 8.162608096474917147e+03
1.513845204579643905e+03 8.163353515625000000e+03 8.162633340667519406e+03
1.513865638741757721e+03 8.156411621093750000e+03 8.162658784348963309e+03
1.513886072903405875e+03 8.168138183593750000e+03 8.162684428155573187e+03
1.513906507065985352e+03 8.165639160156250000e+03 8.162710272726591938e+03
1.513926941228099167e+03 8.162581054687500000e+03 8.162736318697746356e+03
1.513947375490795821e+03 8.159440429687500000e+03 8.162762566836805490e+03
1.513967809653375298e+03 8.162801269531250000e+03 8.162789017523463372e+03
1.513988243716303259e+03 8.168430175781250000e+03 8.162815671392828335e+03
1.514008677978999913e+03 8.158151367187500000e+03 8.162842529474442927e+03
1.514029112142045051e+03 8.156635742187500000e+03 8.162869592013744295e+03
1.514049546205438673e+03 8.161678710937500000e+03 8.162896859645219592e+03
1.514069980468600988e+03 8.164342773437500000e+03 8.162924333407418089e+03
1.514090414632111788e+03 8.159992187500000000e+03 8.162952013536768391e+03
1.514110848895739764e+03 8.164250976562500000e+03 8.162979900941379128e+03
1.514131282959599048e+03 8.159947265625000000e+03 8.163007995847949132e+03
1.514151717123575509e+03 8.165414550781250000e+03 8.163036299304755630e+03
1.514172151387203485e+03 8.159762695312500000e+03 8.163064811951702723e+03
1.514192585451528430e+03 8.167066406250000000e+03 8.163093534007599374e+03
1.514213019615970552e+03 8.157759277343750000e+03 8.163122466529266603e+03
1.514233453880529851e+03 8.165292480468750000e+03 8.163151610157285177e+03
1.514253887944854796e+03 8.178470214843750000e+03 8.163180965099220884e+03
1.514274322109762579e+03 8.162026367187500000e+03 8.163210532423154291e+03
1.514294756374321878e+03 8.163207031250000000e+03 8.163240312768346485e+03
1.514315190439578146e+03 8.202800781250000000e+03 8.163270306335036366e+03
1.514335624704603106e+03 8.164314453125000000e+03 8.163300514346483396e+03
1.514356058869976550e+03 8.166059082031250000e+03 8.163330936999117512e+03
1.514376493035349995e+03 8.162433593750000000e+03 8.163361575077212365e+03
1.514396927201189101e+03 8.167896484375000000e+03 8.163392429218963116e+03
1.514417361366562545e+03 8.158249023437500000e+03 8.163423500060444894e+03
1.514437795532401651e+03 8.160574218750000000e+03 8.163454788240561356e+03
1.514458229698706418e+03 8.160845703125000000e+03 8.163486294396810990e+03
1.514478663864545524e+03 8.166558593750000000e+03 8.163518019165243459e+03
1.514499098030850291e+03 8.168381347656250000e+03 8.163549963184789704e+03
1.514519532197155058e+03 8.176806640625000000e+03 8.163582127092216069e+03
1.514539966363925487e+03 8.162263671875000000e+03 8.163614511525746821e+03
1.514560400530695915e+03 8.160850585937500000e+03 8.163647117122131021e+03
1.514580834697466344e+03 8.161934570312500000e+03 8.163679944518865341e+03
