1.405118064242415130e+03 5.601419433593750000e+03 5.607137354601913103e+03
1.405138497329782695e+03 5.605238769531250000e+03 5.606754948883773977e+03
1.405158930217847228e+03 5.603707031250000000e+03 5.606375938998397032e+03
1.405179363305680454e+03 5.600301269531250000e+03 5.606000303554861603e+03
1.405199796293862164e+03 5.604062988281250000e+03 5.605628034093840142e+03
1.405220229181926697e+03 5.605648437500000000e+03 5.605259116586023083e+03
1.405240662270691246e+03 5.605225585937500000e+03 5.604893531636233092e+03
1.405261095258872956e+03 5.604859375000000000e+03 5.604531270670891899e+03
1.405281528147868812e+03 5.607595703125000000e+03 5.604172319628045443e+03
1.405301961236633360e+03 5.608894042968750000e+03 5.603816659291663200e+03
1.405322394225746393e+03 5.603363769531250000e+03 5.603464280909091030e+03
1.405342827214859426e+03 5.602674316406250000e+03 5.603115168749201075e+03
1.405363260204438120e+03 5.595627929687500000e+03 5.602769308815579279e+03
1.405383693194016814e+03 5.606375976562500000e+03 5.602426687127655896e+03
1.405404126283712685e+03 5.602603027343750000e+03 5.602087288041766442e+03
1.405424559173639864e+03 5.606368652343750000e+03 5.601751102527010516e+03
1.405444992163684219e+03 5.600139648437500000e+03 5.601418111637303809e+03
1.405465425253380090e+03 5.600237304687500000e+03 5.601088301438438066e+03
1.405485858243890107e+03 5.603180175781250000e+03 5.600761661151326734e+03
1.405506291134282947e+03 5.600711425781250000e+03 5.600438176756039866e+03
1.405526724224910140e+03 5.598647460937500000e+03 5.600117829532092401e+03
1.405547157215885818e+03 5.602535644531250000e+03 5.599800610215637789e+03
1.405567590206861496e+03 5.600499023437500000e+03 5.599486503248140252e+03
1.405588023197837174e+03 5.605966796875000000e+03 5.599175494641028308e+03
1.405608456189278513e+03 5.603033203125000000e+03 5.598867570398751923e+03
1.405628889180719852e+03 5.609187988281250000e+03 5.598562716539863686e+03
1.405649322172161192e+03 5.593511718750000000e+03 5.598260919075792117e+03
1.405669755163602531e+03 5.595188964843750000e+03 5.597962164017970281e+03
1.405690188155509531e+03 5.597203125000000000e+03 5.597666437371120992e+03
1.405710621147882193e+03 5.604357421875000000e+03 5.597373725146880133e+03
1.405731054040137678e+03 5.607719726562500000e+03 5.597084014775646210e+03
1.405751487132161856e+03 5.595365722656250000e+03 5.596797288038759689e+03
1.405771920125000179e+03 5.587312011718750000e+03 5.596513535164735003e+03
1.405792353217490017e+03 5.591874511718750000e+03 5.596232739403700180e+03
1.405812786110211164e+03 5.601473632812500000e+03 5.595954890860100932e+03
1.405833219103515148e+03 5.597911132812500000e+03 5.595679971439748442e+03
1.405853652196470648e+03 5.595786132812500000e+03 5.595407967209574963e+03
1.405874085089657456e+03 5.590885253906250000e+03 5.595138868145502784e+03
1.405894518083427101e+03 5.591640136718750000e+03 5.594872656282262142e+03
1.405914951176848263e+03 5.593711914062500000e+03 5.594609317685768474e+03
1.405935384070500731e+03 5.591765625000000000e+03 5.594348842205270557e+03
1.405976250158622861e+03 5.590292480468750000e+03 5.593836413142554193e+03
1.405996683152858168e+03 5.592807617187500000e+03 5.593584434121899903e+03
1.406017116147559136e+03 5.594598144531250000e+03 5.593335259696837966e+03
1.406037549141794443e+03 5.597224609375000000e+03 5.593088875890151030e+03
1.406057982136961073e+03 5.586634277343750000e+03 5.592845268696509265e+03
1.406078415131662041e+03 5.597528320312500000e+03 5.592604424144088625e+03
1.406098848126828671e+03 5.584751953125000000e+03 5.592366328233332752e+03
1.406119281121995300e+03 5.596640625000000000e+03 5.592130966981183519e+03
1.406139714217279106e+03 5.594929199218750000e+03 5.591898325265820858e+03
1.406160147112794220e+03 5.590304199218750000e+03 5.591668392493190368e+03
1.406180580208543688e+03 5.595830566406250000e+03 5.591441150173453934e+03
1.406201013204175979e+03 5.600706542968750000e+03 5.591216587678083670e+03
1.406221446100622416e+03 5.595508789062500000e+03 5.590994690969178919e+03
1.406241879196371883e+03 5.584763671875000000e+03 5.590775442836151342e+03
1.406262312192935497e+03 5.590169433593750000e+03 5.590558832512668232e+03
1.406282745089381933e+03 5.583255371093750000e+03 5.590344845981547223e+03
1.406303178186062723e+03 5.589979492187500000e+03 5.590133466127941574e+03
1.406323611183091998e+03 5.582919921875000000e+03 5.589924682084809319e+03
1.406344044080004096e+03 5.588319824218750000e+03 5.589718479830375145e+03
1.406364477177150548e+03 5.597433593750000000e+03 5.589514842363908429e+03
1.406384910074062645e+03 5.587311035156250000e+03 5.589313759688013306e+03
1.406405343171674758e+03 5.584564941406250000e+03 5.589115213868457431e+03
1.406425776169169694e+03 5.587620117187500000e+03 5.588919193858375365e+03
1.406446209067013115e+03 5.585001464843750000e+03 5.588725685627792700e+03
1.406466642165090889e+03 5.593711914062500000e+03 5.588534672366547056e+03
1.406487075163051486e+03 5.582794433593750000e+03 5.588346142912128926e+03
1.406507508161477745e+03 5.587129394531250000e+03 5.588160082329718534e+03
1.406527941159904003e+03 5.592861328125000000e+03 5.587976476635056315e+03
1.406548374158330262e+03 5.589261230468750000e+03 5.587795311839559872e+03
1.406568807257339358e+03 5.588838867187500000e+03 5.587616573080743365e+03
1.406589240156114101e+03 5.585406738281250000e+03 5.587440248983735728e+03
1.406609673155006021e+03 5.585889648437500000e+03 5.587266322950396898e+03
1.406650539253838360e+03 5.588192871093750000e+03 5.586925610899167623e+03
1.406670972153544426e+03 5.591773925781250000e+03 5.586758798550544270e+03
1.406691405253019184e+03 5.591587890625000000e+03 5.586594327561771024e+03
1.406711838252842426e+03 5.585129882812500000e+03 5.586432186371555872e+03
1.406732271153014153e+03 5.586081542968750000e+03 5.586272360957334968e+03
1.406752704253420234e+03 5.580742675781250000e+03 5.586114835001853862e+03
1.406773137253709137e+03 5.581792968750000000e+03 5.585959596848912042e+03
1.406793570253998041e+03 5.586171386718750000e+03 5.585806631732459209e+03
1.406814003254752606e+03 5.580384277343750000e+03 5.585655925660500543e+03
1.406834436255507171e+03 5.580543457031250000e+03 5.585507464647955203e+03
1.406854869356844574e+03 5.582097167968750000e+03 5.585361233991879999e+03
1.406875302257947624e+03 5.579231933593750000e+03 5.585217221840241109e+03
1.406895735259167850e+03 5.587684082031250000e+03 5.585075412071299979e+03
1.406916168260853738e+03 5.577497558593750000e+03 5.584935791404358497e+03
1.406936601262539625e+03 5.581781738281250000e+03 5.584798345854083891e+03
1.406957034364342690e+03 5.586586914062500000e+03 5.584663060774289988e+03
1.406977467265911400e+03 5.588480468750000000e+03 5.584529924149166618e+03
1.406997900268528610e+03 5.583508300781250000e+03 5.584398920011421069e+03
1.407018333370797336e+03 5.579645019531250000e+03 5.584270034412743371e+03
1.407038766273297369e+03 5.586445312500000000e+03 5.584143255237684571e+03
1.407059199275914580e+03 5.584140136718750000e+03 5.584018566621595710e+03
1.407079632378648967e+03 5.579621582031250000e+03 5.583895954606520718e+03
1.407100065281614661e+03 5.580431640625000000e+03 5.583775406988248506e+03
1.407120498284697533e+03 5.579053222656250000e+03 5.583656907993899040e+03
1.407140931387897581e+03 5.587820312500000000e+03 5.583540443664895065e+03
1.407161364291328937e+03 5.587771972656250000e+03 5.583426001707106479e+03
1.407181797394994646e+03 5.582664062500000000e+03 5.583313565891554390e+03
1.407202230398543179e+03 5.583118164062500000e+03 5.583203123897085788e+03
1.407222663402557373e+03 5.582773925781250000e+03 5.583094661176843147e+03
1.407243096407037228e+03 5.587731933593750000e+03 5.582988163742364122e+03
1.407263529411051422e+03 5.580150878906250000e+03 5.582883617609904832e+03
1.407283962415531278e+03 5.583813964843750000e+03 5.582781008786108941e+03
1.407304395520128310e+03 5.592015625000000000e+03 5.582680322796133623e+03
1.407324828424956650e+03 5.582862792968750000e+03 5.582581547115093599e+03
1.407345261530019343e+03 5.583496582031250000e+03 5.582484665820695227e+03
1.407365694534964859e+03 5.578667968750000000e+03 5.582389666362316348e+03
1.407386127440258861e+03 5.590409667968750000e+03 5.582296534721709577e+03
1.407406560545787215e+03 5.579649414062500000e+03 5.582205255557135388e+03
1.407426993551198393e+03 5.581278320312500000e+03 5.582115816235318562e+03
1.407447426456958055e+03 5.585432128906250000e+03 5.582028202738755681e+03
1.407467859562952071e+03 5.583949707031250000e+03 5.581942399806381218e+03
1.407488292568828911e+03 5.579659667968750000e+03 5.581858394724115897e+03
1.407508725475054234e+03 5.579080566406250000e+03 5.581776173475189353e+03
1.407529158581513911e+03 5.576287597656250000e+03 5.581695720877370150e+03
1.407549591588322073e+03 5.582972167968750000e+03 5.581617024135850443e+03
1.407570024595130235e+03 5.583016601562500000e+03 5.581540068865358990e+03
1.407590457601938397e+03 5.580012207031250000e+03 5.581464841077296114e+03
1.407610890608746558e+03 5.577227050781250000e+03 5.581391326783057593e+03
1.407631323616020381e+03 5.585162109375000000e+03 5.581319511992425760e+03
1.407651756623759866e+03 5.581828613281250000e+03 5.581249382716913715e+03
1.407672189631033689e+03 5.584834472656250000e+03 5.581180924971116838e+03
1.407692622638773173e+03 5.580144042968750000e+03 5.581114124763309519e+03
1.407713055646978319e+03 5.574731933593750000e+03 5.581048968105002132e+03
1.407733488754834980e+03 5.579663574218750000e+03 5.580985440703260792e+03
1.407753921662922949e+03 5.576772460937500000e+03 5.580923529488484746e+03
1.407774354671593755e+03 5.584774414062500000e+03 5.580863219550279609e+03
1.407794787779916078e+03 5.586562500000000000e+03 5.580804496926233696e+03
1.407815220688935369e+03 5.579936523437500000e+03 5.580747348475353647e+03
1.407835653697606176e+03 5.573497558593750000e+03 5.580691759361421646e+03
1.407856086806859821e+03 5.586795410156250000e+03 5.580637715616116111e+03
1.407876519815996289e+03 5.578414550781250000e+03 5.580585203781662130e+03
1.407896952725481242e+03 5.589503906250000000e+03 5.580534209845896839e+03
1.407917385835200548e+03 5.579268554687500000e+03 5.580484719082931406e+03
1.407937818844802678e+03 5.584517578125000000e+03 5.580436718242655843e+03
1.407958251854404807e+03 5.585347167968750000e+03 5.580390193090293906e+03
1.407978684864472598e+03 5.579705078125000000e+03 5.580345129636232741e+03
1.407999117875006050e+03 5.578852539062500000e+03 5.580301513891959985e+03
1.408019550985191017e+03 5.583187500000000000e+03 5.580259331667664810e+03
1.408039983895607293e+03 5.576871582031250000e+03 5.580218569582390955e+03
1.408060416906606406e+03 5.577827636718750000e+03 5.580179213038049056e+03
1.408080850017257035e+03 5.584254882812500000e+03 5.580141248068385721e+03
1.408101282928604633e+03 5.577499023437500000e+03 5.580104661230135207e+03
1.408121716039720923e+03 5.579640625000000000e+03 5.580069437820075109e+03
1.408142149051185697e+03 5.574832031250000000e+03 5.580035564375735703e+03
1.408162581962533295e+03 5.582368652343750000e+03 5.580003026889582543e+03
1.408183015074580908e+03 5.588721191406250000e+03 5.579971810903780352e+03
1.408203448086511344e+03 5.583240722656250000e+03 5.579941902899001434e+03
1.408223880998324603e+03 5.590663085937500000e+03 5.579913288867517622e+03
1.408244314110837877e+03 5.581293945312500000e+03 5.579885954408933685e+03
1.408264747023116797e+03 5.580441894531250000e+03 5.579859886071129040e+03
1.408285180035512894e+03 5.584457519531250000e+03 5.579835069473028852e+03
1.408305613148491830e+03 5.583438476562500000e+03 5.579811490643797697e+03
1.408326046061236411e+03 5.582325683593750000e+03 5.579789135932961472e+03
1.408346479174215347e+03 5.577739746093750000e+03 5.579767990913680478e+03
1.408366912187542766e+03 5.580646484375000000e+03 5.579748041916575858e+03
1.408387345200870186e+03 5.583481445312500000e+03 5.579729274846966291e+03
1.408407778214663267e+03 5.577203613281250000e+03 5.579711675715851015e+03
1.408428211228456348e+03 5.583740234375000000e+03 5.579695230535058727e+03
1.408448644242249429e+03 5.576708496093750000e+03 5.579679925315967921e+03
1.408469077256508172e+03 5.583981445312500000e+03 5.579665746069655142e+03
1.408489510270766914e+03 5.576833984375000000e+03 5.579652678807864504e+03
1.408509943385142833e+03 5.575575195312500000e+03 5.579640709486000560e+03
1.408530376399867237e+03 5.579658691406250000e+03 5.579629824232448300e+03
1.408550809314474463e+03 5.573380371093750000e+03 5.579620009043039317e+03
1.408571242429316044e+03 5.576368164062500000e+03 5.579611249792676062e+03
1.408591675444506109e+03 5.584171875000000000e+03 5.579603532629060282e+03
1.408612108359578997e+03 5.576955078125000000e+03 5.579596843548568359e+03
1.408632541474886239e+03 5.578326660156250000e+03 5.579591168471743003e+03
1.408652974490541965e+03 5.572558105468750000e+03 5.579586493500708457e+03
1.408673407406546175e+03 5.583619628906250000e+03 5.579582804632319494e+03
1.408693840522319078e+03 5.580004394531250000e+03 5.579580087831072888e+03
1.408714273538440466e+03 5.586789062500000000e+03 5.579578329155272513e+03
1.408734706654679030e+03 5.573245117187500000e+03 5.579577514598988273e+03
1.408755139571148902e+03 5.579770019531250000e+03 5.579577630178715481e+03
1.408775572587735951e+03 5.578756347656250000e+03 5.579578661900757652e+03
1.408796005704905838e+03 5.579312500000000000e+03 5.579580595789911968e+03
1.408816438621841371e+03 5.580030761718750000e+03 5.579583417822554111e+03
1.408836871638894081e+03 5.580047363281250000e+03 5.579587114045049930e+03
1.408857304655946791e+03 5.567276367187500000e+03 5.579591670457113651e+03
1.408877737673465163e+03 5.575928222656250000e+03 5.579597073070256556e+03
1.408898170691449195e+03 5.575274414062500000e+03 5.579603307895911712e+03
1.408918603708967566e+03 5.578133789062500000e+03 5.579610360945170214e+03
1.408939036726951599e+03 5.582378417968750000e+03 5.579618218229730701e+03
1.408959469845052809e+03 5.580227050781250000e+03 5.579626865805101261e+03
1.408979902763385326e+03 5.575572753906250000e+03 5.579636289550027868e+03
1.409000335781835020e+03 5.575635742187500000e+03 5.579646475608549736e+03
1.409020768900867552e+03 5.582475097656250000e+03 5.579657410003400400e+03
1.409041201819665730e+03 5.592877441406250000e+03 5.579669078579572670e+03
1.409061634838581085e+03 5.578965820312500000e+03 5.579681467514597898e+03
1.409082067957613617e+03 5.584252441406250000e+03 5.579694562830333780e+03
1.409102500976994634e+03 5.583658203125000000e+03 5.579708350410091953e+03
1.409122933996375650e+03 5.574071289062500000e+03 5.579722816327401233e+03
1.409143367016222328e+03 5.577537109375000000e+03 5.579737946593984816e+03
1.409163800036069006e+03 5.582365234375000000e+03 5.579753727220891051e+03
1.409184233156032860e+03 5.578217773437500000e+03 5.579770144301471191e+03
1.409204666076228023e+03 5.581298828125000000e+03 5.579787183601561992e+03
1.409225099096540362e+03 5.576577148437500000e+03 5.579804831378092786e+03
1.409245532217435539e+03 5.590022460937500000e+03 5.579823073651701634e+03
1.409265965138096362e+03 5.576594726562500000e+03 5.579841896160913166e+03
1.409286398158874363e+03 5.583959960937500000e+03 5.579861285189543196e+03
1.409306831279769540e+03 5.577729492187500000e+03 5.579881226757185686e+03
1.409327264201361686e+03 5.579557617187500000e+03 5.579901706579039455e+03
1.409347697322722524e+03 5.582705078125000000e+03 5.579922711066388729e+03
1.409368130344431847e+03 5.579739746093750000e+03 5.579944225926625222e+03
1.409388563266023993e+03 5.572117187500000000e+03 5.579966237163245751e+03
1.409408996387850493e+03 5.573164550781250000e+03 5.579988731114750408e+03
1.409429429410025477e+03 5.580060058593750000e+03 5.580011693465905410e+03
1.409449862332083285e+03 5.580797363281250000e+03 5.580035110220780552e+03
1.409470295454841107e+03 5.591792480468750000e+03 5.580058967738779756e+03
1.409490728477016091e+03 5.580617675781250000e+03 5.580083251682697664e+03
1.409511161500122398e+03 5.581087890625000000e+03 5.580107948181404936e+03
1.409531594522763044e+03 5.577154296875000000e+03 5.580133043244588407e+03
1.409552027546335012e+03 5.579052246093750000e+03 5.580158522885343700e+03
1.409572460569441319e+03 5.577043457031250000e+03 5.580184373113308538e+03
1.409592893593013287e+03 5.580608886718750000e+03 5.580210579941025571e+03
1.409633759640622884e+03 5.578103027343750000e+03 5.580264007440026035e+03
1.409654192664194852e+03 5.590557617187500000e+03 5.580291200133429811e+03
1.409674625688698143e+03 5.575811523437500000e+03 5.580318693472716404e+03
1.409695058812852949e+03 5.576016601562500000e+03 5.580346473604172388e+03
1.409715491737239063e+03 5.579386718750000000e+03 5.580374526130041886e+03
1.409735924862325191e+03 5.580644531250000000e+03 5.580402837611421091e+03
1.409756357886828482e+03 5.580821289062500000e+03 5.580431393644089439e+03
1.409776790812145919e+03 5.579351562500000000e+03 5.580460180237874738e+03
1.409797223937232047e+03 5.575717285156250000e+03 5.580489183826951376e+03
1.409817656962666661e+03 5.579910644531250000e+03 5.580518389999228020e+03
1.409838089887984097e+03 5.582529785156250000e+03 5.580547784762529773e+03
1.409858523014001548e+03 5.580177246093750000e+03 5.580577354562296023e+03
1.409878956039901823e+03 5.585574707031250000e+03 5.580607084975816178e+03
1.409899389165919274e+03 5.578060546875000000e+03 5.580636962305643465e+03
1.409919822092168033e+03 5.579444335937500000e+03 5.580666972123639425e+03
1.409940255118533969e+03 5.576011718750000000e+03 5.580697100880664948e+03
1.409960688245017081e+03 5.580000488281250000e+03 5.580727334589724705e+03
1.409981121171731502e+03 5.582489257812500000e+03 5.580757658817754418e+03
1.410001554199028760e+03 5.585170410156250000e+03 5.580788060021228375e+03
1.410021987325977534e+03 5.586427734375000000e+03 5.580818524211149452e+03
1.410042420253157616e+03 5.582545898437500000e+03 5.580849036952063216e+03
1.410062853280920535e+03 5.580052734375000000e+03 5.580879584703527144e+03
1.410083286408334970e+03 5.574572265625000000e+03 5.580910153475913830e+03
1.410103719335980713e+03 5.586677734375000000e+03 5.580940728832546483e+03
1.410124152464326471e+03 5.577740234375000000e+03 5.580971297383945057e+03
1.410144585492555052e+03 5.584062988281250000e+03 5.581001844691343649e+03
1.410165018520783633e+03 5.584157714843750000e+03 5.581032356915906348e+03
1.410185451549012214e+03 5.588130371093750000e+03 5.581062820068986184e+03
1.410205884478054941e+03 5.578266601562500000e+03 5.581093220014543476e+03
1.410226317506749183e+03 5.582515625000000000e+03 5.581123543059817166e+03
1.410246750636026263e+03 5.585122070312500000e+03 5.581153775216306713e+03
1.410267183665186167e+03 5.577577148437500000e+03 5.581183902198354190e+03
1.410287616694346070e+03 5.578742187500000000e+03 5.581213910165679408e+03
1.410308049723971635e+03 5.576651855468750000e+03 5.581243785130312972e+03
