1.229412705725524575e+03 1.011435937500000000e+04 1.011000478197064513e+04
1.229433139562606812e+03 1.011069921875000000e+04 1.010999643806477616e+04
1.229453573499806225e+03 1.010718359375000000e+04 1.010998827859785888e+04
1.229474007336422801e+03 1.011087109375000000e+04 1.010998030271061361e+04
1.229494441173039377e+03 1.010561816406250000e+04 1.010997250942302162e+04
1.229514875009655952e+03 1.011245898437500000e+04 1.010996489779566764e+04
1.229535308845806867e+03 1.011663574218750000e+04 1.010995746688931467e+04
1.229555742681957781e+03 1.010980175781250000e+04 1.010995021576438558e+04
1.229576176517643034e+03 1.010922851562500000e+04 1.010994314348162879e+04
1.229596610353328288e+03 1.010901757812500000e+04 1.010993624910146536e+04
1.229617044288665056e+03 1.010424609375000000e+04 1.010992953165216386e+04
1.229637478023767471e+03 1.011011425781250000e+04 1.010992299029159949e+04
1.229657911858521402e+03 1.012210546875000000e+04 1.010991662398305925e+04
1.229678345793392509e+03 1.010685449218750000e+04 1.010991043178956352e+04
1.229698779527563602e+03 1.011329492187500000e+04 1.010990441286157329e+04
1.229719213362317532e+03 1.010673730468750000e+04 1.010989856616967154e+04
1.229739647296257317e+03 1.010776855468750000e+04 1.010989289077736248e+04
1.229760081030428410e+03 1.010898339843750000e+04 1.010988738582701990e+04
1.229780514963902533e+03 1.010977050781250000e+04 1.010988205027170989e+04
1.229800948797259480e+03 1.011077734375000000e+04 1.010987688325143790e+04
1.229821382530499250e+03 1.011535351562500000e+04 1.010987188382432578e+04
1.229841816463507712e+03 1.010072363281250000e+04 1.010986705097882077e+04
1.229862250296398997e+03 1.011383691406250000e+04 1.010986238384765602e+04
1.229882684129290283e+03 1.011393261718750000e+04 1.010985788146733830e+04
1.229903117961250246e+03 1.011338769531250000e+04 1.010985354289865791e+04
1.229923551793675870e+03 1.011436816406250000e+04 1.010984936720190126e+04
1.229943985625635833e+03 1.011178125000000000e+04 1.010984535343785683e+04
1.229964419457595795e+03 1.011515234375000000e+04 1.010984150066701659e+04
1.229984853289090097e+03 1.010640429687500000e+04 1.010983780795005805e+04
1.230005287120118737e+03 1.010603613281250000e+04 1.010983427434756231e+04
1.230025720951613039e+03 1.010885156250000000e+04 1.010983089891996497e+04
1.230046154782176018e+03 1.010551464843750000e+04 1.010982768072808540e+04
1.230066588613204658e+03 1.011982421875000000e+04 1.010982461883228461e+04
1.230087022443767637e+03 1.011047460937500000e+04 1.010982171229330379e+04
1.230107456273864955e+03 1.011666601562500000e+04 1.010981896017172403e+04
1.230127890204079449e+03 1.011412500000000000e+04 1.010981636151570638e+04
1.230148323933593929e+03 1.011022558593750000e+04 1.010981391542297933e+04
1.230168757763691247e+03 1.010807324218750000e+04 1.010981162091695296e+04
1.230189191692974418e+03 1.010593164062500000e+04 1.010980947706058942e+04
1.230209625422023237e+03 1.010269824218750000e+04 1.010980748294478144e+04
1.230230059251189232e+03 1.010951855468750000e+04 1.010980563759971665e+04
1.230250493180006742e+03 1.010925390625000000e+04 1.010980394008820804e+04
1.230270926908589900e+03 1.010906347656250000e+04 1.010980238949467093e+04
1.230291360836941749e+03 1.011180371093750000e+04 1.010980098484933842e+04
1.230311794665176421e+03 1.011095605468750000e+04 1.010979972523447941e+04
1.230332228393293917e+03 1.011359375000000000e+04 1.010979860970856680e+04
1.230352662320714444e+03 1.011002832031250000e+04 1.010979763731689127e+04
1.230373096148483455e+03 1.010682031250000000e+04 1.010979680713531889e+04
1.230393529875669628e+03 1.010828515625000000e+04 1.010979611822239713e+04
1.230413963802624494e+03 1.011197265625000000e+04 1.010979556962961578e+04
1.230434397629927844e+03 1.011021386718750000e+04 1.010979516042663818e+04
1.230454831456299871e+03 1.010633789062500000e+04 1.010979488967105499e+04
1.230475265283137560e+03 1.011786718750000000e+04 1.010979475642343095e+04
1.230495699109043926e+03 1.011117675781250000e+04 1.010979475974436355e+04
1.230516132935415953e+03 1.010492089843750000e+04 1.010979489869445024e+04
1.230536566761322320e+03 1.010633203125000000e+04 1.010979517233427578e+04
1.230557000586763024e+03 1.011141601562500000e+04 1.010979557972441944e+04
1.230577434512320906e+03 1.010152343750000000e+04 1.010979611992845639e+04
1.230597868337295949e+03 1.011592480468750000e+04 1.010979679200166720e+04
1.230618302062153816e+03 1.010923242187500000e+04 1.010979759500272121e+04
1.230638735987246037e+03 1.010787695312500000e+04 1.010979852800497611e+04
1.230659169811755419e+03 1.011434277343750000e+04 1.010979959005624187e+04
1.230679603536147624e+03 1.010990039062500000e+04 1.010980078021524241e+04
1.230700037460308522e+03 1.011384570312500000e+04 1.010980209756096519e+04
1.230720471183769405e+03 1.011157519531250000e+04 1.010980354112818895e+04
1.230740905007813126e+03 1.009656250000000000e+04 1.010980510999786748e+04
1.230761338931042701e+03 1.010594140625000000e+04 1.010980680323232082e+04
1.230781772654503584e+03 1.010343457031250000e+04 1.010980861986645323e+04
1.230802206577733159e+03 1.010360156250000000e+04 1.010981055899637431e+04
1.230822640400845557e+03 1.011108984375000000e+04 1.010981261965511294e+04
1.230843074123375118e+03 1.010587890625000000e+04 1.010981480090143668e+04
1.230863508045673370e+03 1.010244042968750000e+04 1.010981710182887036e+04
1.230883941867854446e+03 1.011150292968750000e+04 1.010981952146512049e+04
1.230904375589918345e+03 1.010547265625000000e+04 1.010982205886903830e+04
1.230924809511750937e+03 1.010458105468750000e+04 1.010982471313931637e+04
1.230945243333466351e+03 1.010113769531250000e+04 1.010982748329844617e+04
1.230965677154716104e+03 1.010772460937500000e+04 1.010983036841967623e+04
1.230986110975965858e+03 1.011263964843750000e+04 1.010983336756365861e+04
1.231006544796749949e+03 1.010907031250000000e+04 1.010983647979092711e+04
1.231026978617534041e+03 1.010759082031250000e+04 1.010983970416213378e+04
1.231047412438318133e+03 1.010676171875000000e+04 1.010984303973787610e+04
1.231067846258170903e+03 1.011083398437500000e+04 1.010984648557858964e+04
1.231088280178606510e+03 1.010730957031250000e+04 1.010985004076278892e+04
1.231108713998459280e+03 1.010800000000000000e+04 1.010985370431606134e+04
1.231129147718194872e+03 1.010819531250000000e+04 1.010985747529749642e+04
1.231149581637699157e+03 1.011611035156250000e+04 1.010986135282381656e+04
1.231170015457086265e+03 1.011258691406250000e+04 1.010986533589948340e+04
1.231190449175890535e+03 1.011184765625000000e+04 1.010986942358345550e+04
1.231210883094463497e+03 1.010704589843750000e+04 1.010987361499716644e+04
1.231231316913384944e+03 1.010723242187500000e+04 1.010987790914055586e+04
1.231251750631723553e+03 1.010506152343750000e+04 1.010988230507252410e+04
1.231292618367820978e+03 1.011336523437500000e+04 1.010989139867535596e+04
1.231313052285462618e+03 1.011330664062500000e+04 1.010989609444708003e+04
1.231333486003335565e+03 1.010581445312500000e+04 1.010990088822524558e+04
1.231353919820394367e+03 1.010570214843750000e+04 1.010990577913986453e+04
1.231374353637453169e+03 1.010833496093750000e+04 1.010991076622850051e+04
1.231394787454511970e+03 1.011152539062500000e+04 1.010991584855174733e+04
1.231415221170987934e+03 1.011049218750000000e+04 1.010992102514448743e+04
1.231435655087698251e+03 1.011655761718750000e+04 1.010992629514421242e+04
1.231456088903825730e+03 1.010363574218750000e+04 1.010993165753461290e+04
1.231476522719953209e+03 1.011273730468750000e+04 1.010993711140199957e+04
1.231496956535615027e+03 1.011434863281250000e+04 1.010994265580683896e+04
1.231517390351276845e+03 1.011309082031250000e+04 1.010994828980984676e+04
1.231537824166938663e+03 1.010657324218750000e+04 1.010995401247162954e+04
1.231558257982134819e+03 1.010959082031250000e+04 1.010995982285263563e+04
1.231578691796865314e+03 1.010808007812500000e+04 1.010996572001346067e+04
1.231599125711712986e+03 1.011594140625000000e+04 1.010997170304435531e+04
1.231619559426326305e+03 1.010834863281250000e+04 1.010997777091734861e+04
1.231639993240591139e+03 1.011001367187500000e+04 1.010998392278145911e+04
1.231660427154973149e+03 1.011901074218750000e+04 1.010999015769864855e+04
1.231680860968772322e+03 1.010455761718750000e+04 1.010999647466826536e+04
1.231701294682454318e+03 1.010795703125000000e+04 1.011000287274985385e+04
1.231721728595905006e+03 1.010425585937500000e+04 1.011000935109849343e+04
1.231742162409238517e+03 1.010808300781250000e+04 1.011001590868028688e+04
1.231762596122454852e+03 1.010597363281250000e+04 1.011002254455467482e+04
1.231783030034974217e+03 1.010571289062500000e+04 1.011002925788005450e+04
1.231803463847842067e+03 1.011289160156250000e+04 1.011003604761936549e+04
1.231823897560127079e+03 1.011048925781250000e+04 1.011004291283178100e+04
1.231844331472646445e+03 1.011369628906250000e+04 1.011004985267951270e+04
1.231864765284582973e+03 1.010734667968750000e+04 1.011005686612153295e+04
1.231885199196171016e+03 1.011322363281250000e+04 1.011006395228714973e+04
1.231905632907990366e+03 1.011149414062500000e+04 1.011007111013259055e+04
1.231926066719461232e+03 1.012602832031250000e+04 1.011007833882281921e+04
1.231946500630583614e+03 1.010911230468750000e+04 1.011008563741945727e+04
1.231966934341005981e+03 1.011796972656250000e+04 1.011009300487530891e+04
1.231987368152011186e+03 1.010855859375000000e+04 1.011010044035909232e+04
1.232007801962550730e+03 1.011449218750000000e+04 1.011010794289513797e+04
1.232028235772624612e+03 1.011441992187500000e+04 1.011011551154403787e+04
1.232048669582698494e+03 1.010736328125000000e+04 1.011012314536655686e+04
1.232069103392772377e+03 1.011354980468750000e+04 1.011013084342329239e+04
1.232089537202380598e+03 1.010990820312500000e+04 1.011013860477466369e+04
1.232109971111640334e+03 1.010315625000000000e+04 1.011014642851974349e+04
1.232130404920782894e+03 1.010663671875000000e+04 1.011015431364263895e+04
1.232150838629808277e+03 1.010730175781250000e+04 1.011016225920304714e+04
1.232171272538602352e+03 1.010957714843750000e+04 1.011017026437861568e+04
1.232191706347279251e+03 1.009920996093750000e+04 1.011017832811289190e+04
1.232212140055838972e+03 1.010704101562500000e+04 1.011018644946561290e+04
1.232232573963701725e+03 1.010522656250000000e+04 1.011019462761679824e+04
1.232253007771912962e+03 1.010616308593750000e+04 1.011020286150780521e+04
1.232273441479541361e+03 1.011300781250000000e+04 1.011021115019804347e+04
1.232293875386938453e+03 1.011929003906250000e+04 1.011021949287033931e+04
1.232314309194218367e+03 1.011893359375000000e+04 1.011022788846324693e+04
1.232334742901381105e+03 1.011340136718750000e+04 1.011023633603658891e+04
1.232355176808312535e+03 1.011479199218750000e+04 1.011024483477531612e+04
1.232375610614661127e+03 1.011131835937500000e+04 1.011025338361547256e+04
1.232396044521592557e+03 1.010693066406250000e+04 1.011026198170181306e+04
1.232416478227358311e+03 1.011425781250000000e+04 1.011027062796759492e+04
1.232436912033706903e+03 1.012073632812500000e+04 1.011027932160075397e+04
1.232457345939241350e+03 1.010444042968750000e+04 1.011028806166197501e+04
1.232477779645007104e+03 1.011493750000000000e+04 1.011029684708364766e+04
1.232498213450424373e+03 1.010756835937500000e+04 1.011030567705477188e+04
1.232518647355493158e+03 1.011336914062500000e+04 1.011031455063658905e+04
1.232539081060327590e+03 1.010813281250000000e+04 1.011032346675915142e+04
1.232559514864813536e+03 1.011885644531250000e+04 1.011033242461359623e+04
1.232579948769416660e+03 1.011574707031250000e+04 1.011034142326133224e+04
1.232600382573902607e+03 1.010612988281250000e+04 1.011035046167477049e+04
1.232620816377922893e+03 1.010852832031250000e+04 1.011035953895829334e+04
1.232641250181477517e+03 1.011288769531250000e+04 1.011036865417249282e+04
1.232661683985497802e+03 1.010792578125000000e+04 1.011037780637838478e+04
1.232682117788586766e+03 1.010390917968750000e+04 1.011038699463593730e+04
1.232702551592141390e+03 1.011740332031250000e+04 1.011039621800637542e+04
1.232722985394764692e+03 1.010788085937500000e+04 1.011040547554966543e+04
1.232743419197853655e+03 1.010612304687500000e+04 1.011041476632703234e+04
1.232763853000476956e+03 1.011363964843750000e+04 1.011042408939865527e+04
1.232784286702517420e+03 1.011483789062500000e+04 1.011043344377922040e+04
1.232804720604792237e+03 1.011757031250000000e+04 1.011044282866725734e+04
1.232825154406949878e+03 1.011309667968750000e+04 1.011045224298564790e+04
1.232845588108524680e+03 1.011296875000000000e+04 1.011046168579434016e+04
1.232866022009868175e+03 1.010848632812500000e+04 1.011047115629293148e+04
1.232886455811094493e+03 1.011352343750000000e+04 1.011048065340323592e+04
1.232906889712437987e+03 1.011187207031250000e+04 1.011049017627890498e+04
1.232927323413081467e+03 1.010704394531250000e+04 1.011049972384015746e+04
1.232947757213842124e+03 1.010633789062500000e+04 1.011050929528797133e+04
1.232968191114254296e+03 1.010659863281250000e+04 1.011051888968305866e+04
1.232988624814432114e+03 1.011173242187500000e+04 1.011052850594505435e+04
1.233009058614261448e+03 1.011949804687500000e+04 1.011053814327552391e+04
1.233029492514207959e+03 1.011038183593750000e+04 1.011054780073558686e+04
1.233049926213920116e+03 1.010820410156250000e+04 1.011055747724373941e+04
1.233070360013283789e+03 1.011074511718750000e+04 1.011056717200246021e+04
1.233090793912298977e+03 1.010647558593750000e+04 1.011057688407260503e+04
1.233111227711196989e+03 1.010648632812500000e+04 1.011058661241981827e+04
1.233131661409977823e+03 1.011000683593750000e+04 1.011059635610446639e+04
1.233152095308061689e+03 1.010478808593750000e+04 1.011060611433002487e+04
1.233172529106494039e+03 1.011352832031250000e+04 1.011061588601443873e+04
1.233192962904460728e+03 1.010642187500000000e+04 1.011062567026563192e+04
1.233213396702427417e+03 1.011605078125000000e+04 1.011063546614442384e+04
1.233233830499928445e+03 1.010659375000000000e+04 1.011064527271119005e+04
1.233254264297429472e+03 1.011381054687500000e+04 1.011065508902675174e+04
1.233274698094930500e+03 1.010611425781250000e+04 1.011066491415170822e+04
1.233295131891965866e+03 1.011447070312500000e+04 1.011067474714643322e+04
1.233315565788652748e+03 1.011674902343750000e+04 1.011068458711975109e+04
1.233335999485105276e+03 1.011325683593750000e+04 1.011069443298780243e+04
1.233356433281209320e+03 1.011478222656250000e+04 1.011070428395563977e+04
1.233376867077313364e+03 1.010935351562500000e+04 1.011071413903586290e+04
1.233397300873417407e+03 1.012223535156250000e+04 1.011072399728906930e+04
1.233417734669055790e+03 1.011167480468750000e+04 1.011073385777562908e+04
1.233438168464694172e+03 1.011614746093750000e+04 1.011074371955636889e+04
1.233458602259866893e+03 1.010436230468750000e+04 1.011075358169166429e+04
1.233479036154691130e+03 1.010923144531250000e+04 1.011076344329041967e+04
1.233499469849746674e+03 1.010069140625000000e+04 1.011077330326874835e+04
1.233519903644453734e+03 1.010148632812500000e+04 1.011078316083173922e+04
1.233540337538346648e+03 1.010875683593750000e+04 1.011079301503972238e+04
1.233560771232470870e+03 1.010094433593750000e+04 1.011080286480915674e+04
1.233581205026712269e+03 1.011939941406250000e+04 1.011081270934523309e+04
1.233601638920605183e+03 1.011081542968750000e+04 1.011082254770823420e+04
1.233622072613798082e+03 1.010784960937500000e+04 1.011083237881420973e+04
1.233642506407108158e+03 1.010768847656250000e+04 1.011084220186853418e+04
1.233662940300069749e+03 1.010939550781250000e+04 1.011085201593145757e+04
1.233683374093379825e+03 1.010850781250000000e+04 1.011086181996785672e+04
1.233703807885758579e+03 1.011020214843750000e+04 1.011087161308576651e+04
1.233724241678602993e+03 1.011500292968750000e+04 1.011088139434645200e+04
1.233744675470516086e+03 1.011350488281250000e+04 1.011089116280984854e+04
1.233765109262429178e+03 1.011253613281250000e+04 1.011090091753699744e+04
1.233785543054342270e+03 1.010892675781250000e+04 1.011091065758850164e+04
1.233805976846255362e+03 1.010896679687500000e+04 1.011092038202495860e+04
1.233826410737354308e+03 1.010864062500000000e+04 1.011093008995404307e+04
1.233846844428684562e+03 1.010904492187500000e+04 1.011093978029445861e+04
1.233867278219666332e+03 1.010407617187500000e+04 1.011094945224892217e+04
1.233887712110299617e+03 1.011261230468750000e+04 1.011095910487776200e+04
1.233908145800698549e+03 1.011236328125000000e+04 1.011096873710005821e+04
1.233928579590748996e+03 1.010639062500000000e+04 1.011097834811793291e+04
1.233949013480916619e+03 1.010197558593750000e+04 1.011098793699187809e+04
1.233969447170849890e+03 1.011098632812500000e+04 1.011099750264172326e+04
1.233989881060551852e+03 1.011754492187500000e+04 1.011100704431530903e+04
1.234010314849670976e+03 1.011379492187500000e+04 1.011101656093281417e+04
1.234030748539138585e+03 1.011910839843750000e+04 1.011102605155564015e+04
1.234051182427909225e+03 1.011606835937500000e+04 1.011103551538304782e+04
1.234071616217028350e+03 1.011613378906250000e+04 1.011104495133697492e+04
1.234092049905564636e+03 1.011178613281250000e+04 1.011105435847800982e+04
1.234112483793869615e+03 1.011364062500000000e+04 1.011106373600481311e+04
1.234132917582057416e+03 1.011368750000000000e+04 1.011107308284013561e+04
1.234153351269662380e+03 1.011341015625000000e+04 1.011108239804482764e+04
1.234173785157501698e+03 1.011271191406250000e+04 1.011109168081638381e+04
1.234194218944758177e+03 1.011446875000000000e+04 1.011110093007850992e+04
1.234214652632363141e+03 1.012100292968750000e+04 1.011111014489272748e+04
1.234235086519271135e+03 1.011103320312500000e+04 1.011111932445419006e+04
1.234275954092852771e+03 1.011160253906250000e+04 1.011113757370202075e+04
1.234296387879177928e+03 1.011679003906250000e+04 1.011114664155444189e+04
1.234316821665503085e+03 1.011510839843750000e+04 1.011115567030680904e+04
1.234337255551479757e+03 1.010851464843750000e+04 1.011116465906345547e+04
1.234357689237222075e+03 1.010809082031250000e+04 1.011117360675336386e+04
1.234378123022615910e+03 1.012000781250000000e+04 1.011118251256875374e+04
1.234398556907661259e+03 1.010237695312500000e+04 1.011119137556960959e+04
1.234418990592937917e+03 1.011484765625000000e+04 1.011120019468697501e+04
1.234439424377866089e+03 1.011401660156250000e+04 1.011120896911100499e+04
1.234459858262445778e+03 1.011065625000000000e+04 1.011121769790163671e+04
1.234480291946791112e+03 1.011322460937500000e+04 1.011122637999171275e+04
1.234500725731253624e+03 1.011277929687500000e+04 1.011123501456979102e+04
1.234521159614901990e+03 1.011204101562500000e+04 1.011124360069537579e+04
1.234541593299247324e+03 1.011462890625000000e+04 1.011125213730400719e+04
1.234562027182430029e+03 1.010587988281250000e+04 1.011126062362260927e+04
1.234582460965961218e+03 1.011161523437500000e+04 1.011126905858745340e+04
1.234602894648909569e+03 1.011849023437500000e+04 1.011127744125951358e+04
1.234623328532092273e+03 1.011258300781250000e+04 1.011128577082241100e+04
1.234643762314692140e+03 1.011286816406250000e+04 1.011129404621372669e+04
1.234664196097292006e+03 1.011026367187500000e+04 1.011130226653519821e+04
1.234684629879426211e+03 1.011319042968750000e+04 1.011131043084723933e+04
1.234705063661560416e+03 1.011419824218750000e+04 1.011131853821063487e+04
1.234725497443228960e+03 1.011854589843750000e+04 1.011132658768580768e+04
1.234745931224897504e+03 1.011462988281250000e+04 1.011133457833354078e+04
1.234766365006100386e+03 1.011241503906250000e+04 1.011134250921425155e+04
1.234786798787768930e+03 1.010803710937500000e+04 1.011135037938890673e+04
1.234807232568506151e+03 1.010563183593750000e+04 1.011135818791757265e+04
1.234827666349243373e+03 1.011692382812500000e+04 1.011136593386120148e+04
1.234848100230097771e+03 1.010449023437500000e+04 1.011137361631788008e+04
1.234868533910252154e+03 1.010197656250000000e+04 1.011138123423558682e+04
1.234888967690523714e+03 1.011278417968750000e+04 1.011138878678755100e+04
1.234909401569981128e+03 1.010868847656250000e+04 1.011139627303306042e+04
1.234929835249669850e+03 1.009859667968750000e+04 1.011140369192368780e+04
1.234950269029475749e+03 1.010916503906250000e+04 1.011141104262940644e+04
1.234970702908467501e+03 1.010846777343750000e+04 1.011141832420947503e+04
1.234991136587224901e+03 1.011069433593750000e+04 1.011142553561831664e+04
1.235011570366099477e+03 1.011087402343750000e+04 1.011143267602304695e+04
1.235032004244625568e+03 1.011091406250000000e+04 1.011143974448305744e+04
1.235052437923382968e+03 1.011432421875000000e+04 1.011144673995590529e+04
1.235072871801443398e+03 1.011327246093750000e+04 1.011145366163881408e+04
1.235093305579386652e+03 1.011696484375000000e+04 1.011146050849041421e+04
1.235113739257212728e+03 1.010582031250000000e+04 1.011146727957241455e+04
1.235134173134807497e+03 1.010486914062500000e+04 1.011147397404423282e+04
1.235154606911819428e+03 1.010510156250000000e+04 1.011148059086750800e+04
1.235175040688831359e+03 1.011870605468750000e+04 1.011148712913598138e+04
1.235195474465843290e+03 1.011161328125000000e+04 1.011149358791025588e+04
1.235215908242389560e+03 1.011753515625000000e+04 1.011149996625078347e+04
1.235236342018935829e+03 1.010902441406250000e+04 1.011150626321831805e+04
1.235256775795016438e+03 1.011875195312500000e+04 1.011151247787332250e+04
1.235277209571097046e+03 1.012259277343750000e+04 1.011151860927653615e+04
1.235297643346711993e+03 1.010463867187500000e+04 1.011152465648842735e+04
1.235318077222444117e+03 1.011307324218750000e+04 1.011153061859873560e+04
1.235338510897941887e+03 1.011123828125000000e+04 1.011153649458106156e+04
1.235358944772742689e+03 1.011201171875000000e+04 1.011154228361089190e+04
1.235379378547891974e+03 1.010491894531250000e+04 1.011154798466350258e+04
1.235399812222458422e+03 1.011390136718750000e+04 1.011155359680052970e+04
1.235420246096793562e+03 1.010913281250000000e+04 1.011155911916441255e+04
1.235440679770894349e+03 1.011747949218750000e+04 1.011156455070766060e+04
1.235461113545112312e+03 1.010565039062500000e+04 1.011156989057138344e+04
1.235481547418981791e+03 1.011209960937500000e+04 1.011157513781471062e+04
1.235501981192268431e+03 1.011522851562500000e+04 1.011158029144681859e+04
1.235522414865903556e+03 1.011255371093750000e+04 1.011158535052993830e+04
1.235542848738841712e+03 1.010693945312500000e+04 1.011159031419798339e+04
1.235563282412011176e+03 1.012495703125000000e+04 1.011159518141462831e+04
1.235583716184366494e+03 1.012166015625000000e+04 1.011159995131239884e+04
1.235604150057304651e+03 1.011119042968750000e+04 1.011160462295078287e+04
1.235624583729542792e+03 1.011073437500000000e+04 1.011160919532223670e+04
1.235645017601549625e+03 1.010700781250000000e+04 1.011161366757696851e+04
1.235665451373439282e+03 1.010339062500000000e+04 1.011161803870921358e+04
1.235685885144863278e+03 1.010889160156250000e+04 1.011162230780163372e+04
1.235706318916287273e+03 1.011110156250000000e+04 1.011162647391493010e+04
1.235726752687245607e+03 1.010970019531250000e+04 1.011163053610961651e+04
1.235747186458669603e+03 1.012012402343750000e+04 1.011163449344647779e+04
1.235767620229162276e+03 1.010890625000000000e+04 1.011163834498585129e+04
1.235788053999654949e+03 1.011954980468750000e+04 1.011164208978851821e+04
1.235808487770147622e+03 1.010852734375000000e+04 1.011164572691507783e+04
1.235828921640291810e+03 1.010391406250000000e+04 1.011164925544308062e+04
1.235849355310201645e+03 1.010959765625000000e+04 1.011165267438214869e+04
1.235869789179880172e+03 1.010564941406250000e+04 1.011165598285980559e+04
1.235890222948975861e+03 1.010808886718750000e+04 1.011165917988722140e+04
1.235910656618420035e+03 1.011348437500000000e+04 1.011166226452678347e+04
1.235931090487167239e+03 1.011449414062500000e+04 1.011166523588339987e+04
1.235951524256262928e+03 1.011605761718750000e+04 1.011166809297337204e+04
1.235971957924775779e+03 1.010317578125000000e+04 1.011167083485885087e+04
1.235992391793057323e+03 1.010869238281250000e+04 1.011167346063990044e+04
1.236012825561221689e+03 1.011082519531250000e+04 1.011167596933774075e+04
1.236033259229268879e+03 1.011533398437500000e+04 1.011167836001469732e+04
1.236053693096619099e+03 1.011295800781250000e+04 1.011168063176553915e+04
1.236074126864317805e+03 1.011062792968750000e+04 1.011168278361676130e+04
1.236094560531433672e+03 1.010749218750000000e+04 1.011168481463063472e+04
1.236114994398783892e+03 1.011143066406250000e+04 1.011168672389677704e+04
1.236135428165551275e+03 1.011102343750000000e+04 1.011168851044678559e+04
1.236155862031970173e+03 1.011106933593750000e+04 1.011169017335877106e+04
1.236176295698620379e+03 1.010351269531250000e+04 1.011169171166988053e+04
1.236196729464456439e+03 1.010507617187500000e+04 1.011169312446414551e+04
1.236217163230292499e+03 1.011465039062500000e+04 1.011169441079440003e+04
1.236237596996128559e+03 1.011096972656250000e+04 1.011169556972124337e+04
1.236258030761964619e+03 1.011038867187500000e+04 1.011169660030528030e+04
1.236278464527335018e+03 1.010406054687500000e+04 1.011169750160709191e+04
1.236298898292239755e+03 1.011358105468750000e+04 1.011169827268729205e+04
1.236319332057144493e+03 1.011176367187500000e+04 1.011169891260650547e+04
1.236339765821583569e+03 1.010640722656250000e+04 1.011169942042532239e+04
1.236360199586022645e+03 1.010923242187500000e+04 1.011169979520436391e+04
1.236380633349996060e+03 1.011804101562500000e+04 1.011170003600422751e+04
1.236401067214086652e+03 1.011135449218750000e+04 1.011170014188571076e+04
1.236421500877942890e+03 1.011171093750000000e+04 1.011170011190885998e+04
1.236441934741567820e+03 1.011065039062500000e+04 1.011169994513368692e+04
1.236462368505075574e+03 1.011361816406250000e+04 1.011169964062224244e+04
1.236482802168000489e+03 1.010831738281250000e+04 1.011169919743716673e+04
1.236503236030694097e+03 1.011257910156250000e+04 1.011169861463153939e+04
1.236523669793736190e+03 1.010149511718750000e+04 1.011169789127347030e+04
1.236544103456195444e+03 1.011300976562500000e+04 1.011169702642567245e+04
1.236564537317957729e+03 1.012304882812500000e+04 1.011169601913502447e+04
1.236584971080068499e+03 1.011026269531250000e+04 1.011169486847582084e+04
1.236605404742062092e+03 1.011459375000000000e+04 1.011169357351080180e+04
1.236625838603824377e+03 1.010750195312500000e+04 1.011169213328050500e+04
1.236646272365003824e+03 1.011358984375000000e+04 1.011169054686564050e+04
1.236666706126183271e+03 1.011320703125000000e+04 1.011168881332008459e+04
1.236687139886897057e+03 1.010857031250000000e+04 1.011168693170448387e+04
1.236707573648076504e+03 1.011100195312500000e+04 1.011168490107935213e+04
1.236728007508441806e+03 1.010842089843750000e+04 1.011168272049439111e+04
1.236748441168572754e+03 1.010442968750000000e+04 1.011168038904326386e+04
1.236768874928820878e+03 1.011986230468750000e+04 1.011167790575342224e+04
1.236789308788254857e+03 1.011675683593750000e+04 1.011167526968335187e+04
1.236809742447920144e+03 1.011382226562500000e+04 1.011167247993335513e+04
1.236830176207236946e+03 1.011717382812500000e+04 1.011166953552428822e+04
1.236850609966553748e+03 1.011224804687500000e+04 1.011166643552998539e+04
1.236871043825522065e+03 1.011251855468750000e+04 1.011166317899478236e+04
1.236891477484256029e+03 1.010767285156250000e+04 1.011165976502824196e+04
1.236911911342758685e+03 1.010743750000000000e+04 1.011165619262413020e+04
1.236932345001026988e+03 1.011929980468750000e+04 1.011165246091299559e+04
1.236952778859063983e+03 1.011667675781250000e+04 1.011164856888238864e+04
1.236973212616983801e+03 1.010789550781250000e+04 1.011164451564885894e+04
1.236993646274786443e+03 1.010720898437500000e+04 1.011164030027538865e+04
1.237014080131892115e+03 1.011677539062500000e+04 1.011163592175962185e+04
1.237034513889346272e+03 1.011369921875000000e+04 1.011163137922502938e+04
1.237054947546217591e+03 1.010281250000000000e+04 1.011162667173483896e+04
1.237075381402857602e+03 1.011471679687500000e+04 1.011162179827925502e+04
1.237095815159380436e+03 1.010250976562500000e+04 1.011161675798918986e+04
1.237116248815786093e+03 1.011180468750000000e+04 1.011161154992770025e+04
1.237136682671960443e+03 1.011018750000000000e+04 1.011160617307772918e+04
1.237157116427551955e+03 1.011252441406250000e+04 1.011160062657767958e+04
1.237177550083491951e+03 1.010846191406250000e+04 1.011159490949040628e+04
1.237197983939200640e+03 1.011037207031250000e+04 1.011158902079147811e+04
1.237218417694326490e+03 1.010262109375000000e+04 1.011158295962680495e+04
1.237259285204112530e+03 1.010939355468750000e+04 1.011157031605709744e+04
1.237279718958772719e+03 1.011297167968750000e+04 1.011156373177327987e+04
1.237300152813084424e+03 1.010917187500000000e+04 1.011155697120417244e+04
1.237320586467161775e+03 1.010968945312500000e+04 1.011155003351091000e+04
1.237341020220890641e+03 1.011386230468750000e+04 1.011154291765358539e+04
1.237361454074736685e+03 1.011402246093750000e+04 1.011153562269002396e+04
1.237381887827999890e+03 1.011196972656250000e+04 1.011152814775248044e+04
1.237402321481145918e+03 1.011253808593750000e+04 1.011152049190404432e+04
1.237422755334060639e+03 1.011424316406250000e+04 1.011151265409164080e+04
1.237443189087323844e+03 1.011762500000000000e+04 1.011150463348938138e+04
1.237463622739538550e+03 1.011065820312500000e+04 1.011149642916111407e+04
1.237484056591987610e+03 1.011429003906250000e+04 1.011148804004514022e+04
1.237504490344319493e+03 1.010817578125000000e+04 1.011147946532400783e+04
1.237524924196302891e+03 1.011097558593750000e+04 1.011147070397449170e+04
1.237545357848051935e+03 1.011167382812500000e+04 1.011146175518715609e+04
1.237565791499335319e+03 1.011075585937500000e+04 1.011145261793789541e+04
1.237586225350387394e+03 1.011038964843750000e+04 1.011144329119500799e+04
1.237606659101787955e+03 1.011406250000000000e+04 1.011143377415437863e+04
1.237627092752605677e+03 1.011303906250000000e+04 1.011142406587984442e+04
1.237647526603192091e+03 1.011423437500000000e+04 1.011141416528791524e+04
1.237667960353661329e+03 1.010725878906250000e+04 1.011140407158309063e+04
1.237688394004013389e+03 1.011269824218750000e+04 1.011139378382881478e+04
1.237708827853668481e+03 1.011255761718750000e+04 1.011138330093352670e+04
1.237729261603672057e+03 1.011921484375000000e+04 1.011137262210977497e+04
1.237749695352744311e+03 1.011388378906250000e+04 1.011136174636801115e+04
1.237770129102282226e+03 1.011473339843750000e+04 1.011135067276810514e+04
1.237790562851354480e+03 1.010558593750000000e+04 1.011133940037117100e+04
1.237810996700078249e+03 1.010328222656250000e+04 1.011132792818112284e+04
1.237831430348567665e+03 1.011443457031250000e+04 1.011131625542841175e+04
1.237851864097174257e+03 1.011330273437500000e+04 1.011130438100354149e+04
1.237872297945432365e+03 1.011645214843750000e+04 1.011129230396443018e+04
1.237892731693573296e+03 1.011379003906250000e+04 1.011128002348974769e+04
1.237913165341131389e+03 1.012817480468750000e+04 1.011126753864338934e+04
1.237933599188458174e+03 1.011010058593750000e+04 1.011125484830094501e+04
1.237954032936133444e+03 1.010648046875000000e+04 1.011124195170747225e+04
1.237974466583225876e+03 1.011390234375000000e+04 1.011122884792720106e+04
1.237994900430087000e+03 1.011500976562500000e+04 1.011121553582660636e+04
