1.098061681829392910e+03 1.003846191406250000e+04 1.003041696478055019e+04
1.098082115748431534e+03 1.002083593750000000e+04 1.003093384409962346e+04
1.098102549567352980e+03 1.003653613281250000e+04 1.003142623069851834e+04
1.098122983586508781e+03 1.002733789062500000e+04 1.003189484261173311e+04
1.098143417506013066e+03 1.003492871093750000e+04 1.003234038376172975e+04
1.098163851325400174e+03 1.002637109375000000e+04 1.003276356544499140e+04
1.098184285345487297e+03 1.003814257812500000e+04 1.003316510470341564e+04
1.098204719265457243e+03 1.003563964843750000e+04 1.003354570644131854e+04
1.098225153185892850e+03 1.003489843750000000e+04 1.003390608366012384e+04
1.098245587106794119e+03 1.003438574218750000e+04 1.003424694733214710e+04
1.098266021027229726e+03 1.005775976562500000e+04 1.003456900841553943e+04
1.098286455048713833e+03 1.003183007812500000e+04 1.003487297935157767e+04
1.098306888869963586e+03 1.003229296875000000e+04 1.003515956676045971e+04
1.098327322791330516e+03 1.002955664062500000e+04 1.003542948595442977e+04
1.098347756713163108e+03 1.003538085937500000e+04 1.003568344646671176e+04
1.098368190635461360e+03 1.003463476562500000e+04 1.003592215927006691e+04
1.098388624557293952e+03 1.003658203125000000e+04 1.003614633532744119e+04
1.098409058580175042e+03 1.004165136718750000e+04 1.003635668662547323e+04
1.098429492402821779e+03 1.004420800781250000e+04 1.003655392113379276e+04
1.098449926425702870e+03 1.003295996093750000e+04 1.003673875369642883e+04
1.098470360348932445e+03 1.003788574218750000e+04 1.003691189248491901e+04
1.098490794172510505e+03 1.004319042968750000e+04 1.003707404863909687e+04
1.098511228195857257e+03 1.003705761718750000e+04 1.003722593543182666e+04
1.098531662120018154e+03 1.003964843750000000e+04 1.003736826154089795e+04
1.098552095944061875e+03 1.003890917968750000e+04 1.003750173806852035e+04
1.098572529968339950e+03 1.003504980468750000e+04 1.003762707788915213e+04
1.098592963892966509e+03 1.003774414062500000e+04 1.003774499007906888e+04
1.098613397917710245e+03 1.003525000000000000e+04 1.003785618677242746e+04
1.098633831743150949e+03 1.003118457031250000e+04 1.003796137735944285e+04
1.098654265668243170e+03 1.003904980468750000e+04 1.003806127439544616e+04
1.098674699693918228e+03 1.003714550781250000e+04 1.003815658878660543e+04
1.098695133519358933e+03 1.004408203125000000e+04 1.003824803013400378e+04
1.098715567445848137e+03 1.003869433593750000e+04 1.003833631078660255e+04
1.098736001471988857e+03 1.003458007812500000e+04 1.003842214167128623e+04
1.098756435298360884e+03 1.003858203125000000e+04 1.003850623251919023e+04
1.098776869224850088e+03 1.003656250000000000e+04 1.003858929554971110e+04
1.098797303251922131e+03 1.003899707031250000e+04 1.003867204172915626e+04
1.098817737079225481e+03 1.003780957031250000e+04 1.003875518081448172e+04
1.098838171106763184e+03 1.003626953125000000e+04 1.003883941413704088e+04
1.098858605034183711e+03 1.003799121093750000e+04 1.003892511553604709e+04
1.098879038962535560e+03 1.004142675781250000e+04 1.003901229481401788e+04
1.098899472890421748e+03 1.004421484375000000e+04 1.003910094183298679e+04
1.098919906818773597e+03 1.003438281250000000e+04 1.003919104646494452e+04
1.098940340747591108e+03 1.003564648437500000e+04 1.003928259857794546e+04
1.098981208605226129e+03 1.003940820312500000e+04 1.003947000471274441e+04
1.099001642534509301e+03 1.004648828125000000e+04 1.003956583847264119e+04
1.099022076464258134e+03 1.003771093750000000e+04 1.003966307918563507e+04
1.099042510394006968e+03 1.004201855468750000e+04 1.003976171671749944e+04
1.099062944423872977e+03 1.004726562500000000e+04 1.003986174142964228e+04
1.099083378253970295e+03 1.003770312500000000e+04 1.003996314171196718e+04
1.099103812184650451e+03 1.004156738281250000e+04 1.004006590891287851e+04
1.099144680046476424e+03 1.003580664062500000e+04 1.004027550205742591e+04
1.099165113977622241e+03 1.003809863281250000e+04 1.004038230773701252e+04
1.099205981840379536e+03 1.003882031250000000e+04 1.004059988665069068e+04
1.099226415872573853e+03 1.004168652343750000e+04 1.004071064016909258e+04
1.099246849804650992e+03 1.004387695312500000e+04 1.004082268864662910e+04
1.099267283637076616e+03 1.004972656250000000e+04 1.004093602193487459e+04
1.099287717669270933e+03 1.003274609375000000e+04 1.004105063157186305e+04
1.099308151602279395e+03 1.004295800781250000e+04 1.004116650575816311e+04
1.099328585435170680e+03 1.003544726562500000e+04 1.004128363433800041e+04
1.099349019468761981e+03 1.003425097656250000e+04 1.004140200891284258e+04
1.099369453402236104e+03 1.003990820312500000e+04 1.004152161761716161e+04
1.099389887435827404e+03 1.003790722656250000e+04 1.004164245149085582e+04
1.099410321269650012e+03 1.003861621093750000e+04 1.004176449861961737e+04
1.099430755204055458e+03 1.007990136718750000e+04 1.004188775065651134e+04
1.099451189238578081e+03 1.005161523437500000e+04 1.004201219748433687e+04
1.099471623073332012e+03 1.005443457031250000e+04 1.004213782713599176e+04
1.099492057008203119e+03 1.004234277343750000e+04 1.004226463131451055e+04
1.099512491043191403e+03 1.004866992187500000e+04 1.004239259990501887e+04
1.099532924978528172e+03 1.004382226562500000e+04 1.004252172152439562e+04
1.099553358914330602e+03 1.003965820312500000e+04 1.004265198666479955e+04
1.099573792850133032e+03 1.003388378906250000e+04 1.004278338519124009e+04
1.099594226785935462e+03 1.004159375000000000e+04 1.004291590697166248e+04
1.099614660722669214e+03 1.004443066406250000e+04 1.004304951012427955e+04
1.099635094658937305e+03 1.004507910156250000e+04 1.004318398553102634e+04
1.099655528595671058e+03 1.003511035156250000e+04 1.004331906924297618e+04
1.099675962532870471e+03 1.004473730468750000e+04 1.004345449727300365e+04
1.099696396470069885e+03 1.004267773437500000e+04 1.004359000563086011e+04
1.099716830307617784e+03 1.004791210937500000e+04 1.004372532967029292e+04
1.099737264345400035e+03 1.004583984375000000e+04 1.004386020738746629e+04
1.099757698283065110e+03 1.005126953125000000e+04 1.004399437280874190e+04
1.099778132321313024e+03 1.003885058593750000e+04 1.004412756326184717e+04
1.099798566159792244e+03 1.004082617187500000e+04 1.004425951281023117e+04
1.099819000098388642e+03 1.005138281250000000e+04 1.004438995941287067e+04
1.099839434137102216e+03 1.004593066406250000e+04 1.004451863905849314e+04
1.099859867976512760e+03 1.003829785156250000e+04 1.004464528588846224e+04
1.099880301915574819e+03 1.003952246093750000e+04 1.004476963778392383e+04
1.099900735955219716e+03 1.004263085937500000e+04 1.004489143072759725e+04
1.099921169795095921e+03 1.004998828125000000e+04 1.004501039896195471e+04
1.099941603835206479e+03 1.004202148437500000e+04 1.004512628082675292e+04
1.099962037775199860e+03 1.004843945312500000e+04 1.004523881060806889e+04
1.099982471616007388e+03 1.005015527343750000e+04 1.004534772437469292e+04
1.100002905656583607e+03 1.004620019531250000e+04 1.004545275970478542e+04
1.100023339597508311e+03 1.005017480468750000e+04 1.004555365104278098e+04
1.100043773538898677e+03 1.005253808593750000e+04 1.004565013492541038e+04
1.100064207480289042e+03 1.004253320312500000e+04 1.004574194736298705e+04
1.100084641421679407e+03 1.004383593750000000e+04 1.004582882436816726e+04
1.100105075463652611e+03 1.004484179687500000e+04 1.004591050234242721e+04
1.100125509305857122e+03 1.004639355468750000e+04 1.004598671613700208e+04
1.100145943248178810e+03 1.004243554687500000e+04 1.004605720292363549e+04
1.100166377290617675e+03 1.003996679687500000e+04 1.004612169862882729e+04
1.100186811133753508e+03 1.004836328125000000e+04 1.004617993836503592e+04
1.100207245076540858e+03 1.004588378906250000e+04 1.004623165904334564e+04
1.100227679119911045e+03 1.003783984375000000e+04 1.004627659658093035e+04
1.100248113063629717e+03 1.004164746093750000e+04 1.004631448654849009e+04
1.100268546907231212e+03 1.003831152343750000e+04 1.004634506506301477e+04
1.100288980951067060e+03 1.004501660156250000e+04 1.004636806853151029e+04
1.100309414795134217e+03 1.005521582031250000e+04 1.004638323251770635e+04
1.100329848839901388e+03 1.006752343750000000e+04 1.004639029332906830e+04
1.100350282784551382e+03 1.004293652343750000e+04 1.004638898681370847e+04
1.100370716629084200e+03 1.004965625000000000e+04 1.004637905466650955e+04
1.100391150674317032e+03 1.004658789062500000e+04 1.004636050985771362e+04
1.100411584619432688e+03 1.005499218750000000e+04 1.004633375460899697e+04
1.100432018465362489e+03 1.004525097656250000e+04 1.004629922099924806e+04
1.100452452511060983e+03 1.004769335937500000e+04 1.004625734043108241e+04
1.100472886457107961e+03 1.005116308593750000e+04 1.004620854542842062e+04
1.100493320503272116e+03 1.004379980468750000e+04 1.004615326748175539e+04
1.100513754350133240e+03 1.004336035156250000e+04 1.004609193940938712e+04
1.100534188296645880e+03 1.004364843750000000e+04 1.004602499232049195e+04
1.100554622343741357e+03 1.003570117187500000e+04 1.004595285809583584e+04
1.100575056190602481e+03 1.004984570312500000e+04 1.004587596979641421e+04
1.100595490138512105e+03 1.003876367187500000e+04 1.004579475828539762e+04
1.100615924186073244e+03 1.005075976562500000e+04 1.004570965547110973e+04
1.100636358033865690e+03 1.005083886718750000e+04 1.004562109459033672e+04
1.100656791981775314e+03 1.004312304687500000e+04 1.004552950633091859e+04
1.100677226030267775e+03 1.005350292968750000e+04 1.004543532261266591e+04
1.100697659878991544e+03 1.004677929687500000e+04 1.004533897680007067e+04
1.100718093927484006e+03 1.004687011718750000e+04 1.004524089897548401e+04
1.100738527876790613e+03 1.005213867187500000e+04 1.004514152252545318e+04
1.100758961826097220e+03 1.005196093750000000e+04 1.004504127894115663e+04
1.100779395775403827e+03 1.004376171875000000e+04 1.004494060018599339e+04
1.100799829725176096e+03 1.004470410156250000e+04 1.004483991822106691e+04
1.100820263674948364e+03 1.006297460937500000e+04 1.004473966501208997e+04
1.100840697625186294e+03 1.004684082031250000e+04 1.004464027252023516e+04
1.100861131575889885e+03 1.004115527343750000e+04 1.004454217270903246e+04
1.100881565526127815e+03 1.004214160156250000e+04 1.004444579754641018e+04
1.100901999577414244e+03 1.004823144531250000e+04 1.004435157853369674e+04
1.100922433428466320e+03 1.003664550781250000e+04 1.004425994900575461e+04
1.100942867479752749e+03 1.004848339843750000e+04 1.004417133913314137e+04
1.100963301331270486e+03 1.004400683593750000e+04 1.004408618261123229e+04
1.100983735282905400e+03 1.004624414062500000e+04 1.004400491012749808e+04
1.101004169335123152e+03 1.004434570312500000e+04 1.004392795370405656e+04
1.101024603187572211e+03 1.004075781250000000e+04 1.004385574640209961e+04
1.101045037239789963e+03 1.004548925781250000e+04 1.004378871877617348e+04
1.101065471192356199e+03 1.003875878906250000e+04 1.004372730381116526e+04
1.101085905045270920e+03 1.003995507812500000e+04 1.004367193338540528e+04
1.101106339098885655e+03 1.004250097656250000e+04 1.004362303869560856e+04
1.101126773051917553e+03 1.003877832031250000e+04 1.004358105247498861e+04
1.101147206905763596e+03 1.004047558593750000e+04 1.004354634889107911e+04
1.101167640959378332e+03 1.003954296875000000e+04 1.004351889874859080e+04
1.101188074913807213e+03 1.004097363281250000e+04 1.004349850187607444e+04
1.101208508768118918e+03 1.004322167968750000e+04 1.004348495690660639e+04
1.101228942822664976e+03 1.004199511718750000e+04 1.004347806242431398e+04
1.101249376777093858e+03 1.004901074218750000e+04 1.004347761731276842e+04
1.101269810832105577e+03 1.004260644531250000e+04 1.004348342029953710e+04
1.101290244687348604e+03 1.004214453125000000e+04 1.004349526998864894e+04
1.101310678643174469e+03 1.003912597656250000e+04 1.004351296524456120e+04
1.101331112698651850e+03 1.004448730468750000e+04 1.004353630488473209e+04
1.101351546554360539e+03 1.004078125000000000e+04 1.004356508726049105e+04
1.101371980510652065e+03 1.004889257812500000e+04 1.004359911148956598e+04
1.101392414567060769e+03 1.003843847656250000e+04 1.004363817638072942e+04
1.101412848523817956e+03 1.006143554687500000e+04 1.004368208028521076e+04
1.101433282480575144e+03 1.004879492187500000e+04 1.004373062211517936e+04
1.101453716437332332e+03 1.004646875000000000e+04 1.004378360060441992e+04
1.101474150394555181e+03 1.004725488281250000e+04 1.004384081448806865e+04
1.101494584352243692e+03 1.005393359375000000e+04 1.004390206250017582e+04
1.101515018309932202e+03 1.004444335937500000e+04 1.004396714337324738e+04
1.101535452268086374e+03 1.003819726562500000e+04 1.004403585584264147e+04
1.101555886326357722e+03 1.004530175781250000e+04 1.004410799900220445e+04
1.101576320184860379e+03 1.005466796875000000e+04 1.004418337050280752e+04
1.101596754143014550e+03 1.004376464843750000e+04 1.004426177015938083e+04
1.101617188102100044e+03 1.004183203125000000e+04 1.004434299634957097e+04
1.101637622061185539e+03 1.004277636718750000e+04 1.004442684780358468e+04
1.101658056120853871e+03 1.004913281250000000e+04 1.004451312368545587e+04
1.101678489980287850e+03 1.004340625000000000e+04 1.004460162144203969e+04
1.101698923939839005e+03 1.004293847656250000e+04 1.004469214109200220e+04
1.101719357999972999e+03 1.005086328125000000e+04 1.004478448139939974e+04
1.101739791860338300e+03 1.006431835937500000e+04 1.004487843972837800e+04
1.101760225820820779e+03 1.004112890625000000e+04 1.004497381618019244e+04
1.101780659881420434e+03 1.004932617187500000e+04 1.004507040950786904e+04
1.101801093742251396e+03 1.003483203125000000e+04 1.004516801701958320e+04
1.101821527803316712e+03 1.004771582031250000e+04 1.004526643935843822e+04
1.101841961764730513e+03 1.004222949218750000e+04 1.004536547381916171e+04
1.101862395626492798e+03 1.004268359375000000e+04 1.004546491912793135e+04
1.101882829688489437e+03 1.004637207031250000e+04 1.004556457547986793e+04
1.101903263650368899e+03 1.004610058593750000e+04 1.004566424039685626e+04
1.101923697612714022e+03 1.003853613281250000e+04 1.004576373809840152e+04
1.101964565537869930e+03 1.004231933593750000e+04 1.004596171254572982e+04
1.101984999600797892e+03 1.004677539062500000e+04 1.004605993735595803e+04
1.102005433463957161e+03 1.004855566406250000e+04 1.004615748433599947e+04
1.102025867427233607e+03 1.004550976562500000e+04 1.004625422871507726e+04
1.102046301491092891e+03 1.004481250000000000e+04 1.004635004427500098e+04
1.102066735454834998e+03 1.004748437500000000e+04 1.004644480386650139e+04
1.102087169318925589e+03 1.004649414062500000e+04 1.004653838130049917e+04
1.102107603383250535e+03 1.005254003906250000e+04 1.004663065173334871e+04
1.102128037347923964e+03 1.005189453125000000e+04 1.004672148759328411e+04
1.102148471312597394e+03 1.004710449218750000e+04 1.004681076312591904e+04
1.102168905277736485e+03 1.005496777343750000e+04 1.004689835212558319e+04
1.102189339242875576e+03 1.004985644531250000e+04 1.004698412838255172e+04
1.102209773208480328e+03 1.004362890625000000e+04 1.004706796569105427e+04
1.102230207174085081e+03 1.004782324218750000e+04 1.004714973784143876e+04
1.102250641140155494e+03 1.004980859375000000e+04 1.004722931862782025e+04
1.102271075106225908e+03 1.004984863281250000e+04 1.004730658184063577e+04
1.102291509072296321e+03 1.003955273437500000e+04 1.004738140127219958e+04
1.102311942939180881e+03 1.004154101562500000e+04 1.004745365037057491e+04
1.102332377005834132e+03 1.004059570312500000e+04 1.004752320396550931e+04
1.102352810972835869e+03 1.005020312500000000e+04 1.004758993481001380e+04
1.102373245040420443e+03 1.003754687500000000e+04 1.004765371734875225e+04
1.102393678907770663e+03 1.004401269531250000e+04 1.004771442445724460e+04
1.102414112875238061e+03 1.004999218750000000e+04 1.004777193084300598e+04
1.102434546943288296e+03 1.004554882812500000e+04 1.004782611025154620e+04
1.102454980811569840e+03 1.004492382812500000e+04 1.004787683570363151e+04
1.102475414779968560e+03 1.004664941406250000e+04 1.004792398176155439e+04
1.102495848848484457e+03 1.004123046875000000e+04 1.004796742216404164e+04
1.102516282717697322e+03 1.005127343750000000e+04 1.004800703009443350e+04
1.102536716786678880e+03 1.005237792968750000e+04 1.004804268011757449e+04
1.102557150756008923e+03 1.005034375000000000e+04 1.004807424547395385e+04
1.102577584625221789e+03 1.005507714843750000e+04 1.004810160001592521e+04
1.102598018695134670e+03 1.004861718750000000e+04 1.004812461790674388e+04
1.102618452664930373e+03 1.005715917968750000e+04 1.004814317256747199e+04
1.102638886635191739e+03 1.004910742187500000e+04 1.004815713791412782e+04
1.102659320605453104e+03 1.005612402343750000e+04 1.004816638773848172e+04
1.102679754576180130e+03 1.004780175781250000e+04 1.004817082542385651e+04
1.102700188647024333e+03 1.004745605468750000e+04 1.004817063307116769e+04
1.102720622618217021e+03 1.004870703125000000e+04 1.004816614581304748e+04
1.102741056489758193e+03 1.005248535156250000e+04 1.004815770041684664e+04
1.102761490561068058e+03 1.004871289062500000e+04 1.004814563343835107e+04
1.102781924533192068e+03 1.005058300781250000e+04 1.004813028173519524e+04
1.102802358404733241e+03 1.004699023437500000e+04 1.004811198206111658e+04
1.102822792476974428e+03 1.004416210937500000e+04 1.004809107083329582e+04
1.102843226449564099e+03 1.004842382812500000e+04 1.004806788504758879e+04
1.102863660322502255e+03 1.005139746093750000e+04 1.004804276144184405e+04
1.102884094395209104e+03 1.004569042968750000e+04 1.004801603634238381e+04
1.102904528268147260e+03 1.004754980468750000e+04 1.004798804697660307e+04
1.102924962341785431e+03 1.004259179687500000e+04 1.004795912950515049e+04
1.102945396315306425e+03 1.004667089843750000e+04 1.004792962105479091e+04
1.102965830189175904e+03 1.004214648437500000e+04 1.004789985833814171e+04
1.102986264263279736e+03 1.004729492187500000e+04 1.004787017762529285e+04
1.103006698237266392e+03 1.004377441406250000e+04 1.004784091606104266e+04
1.103027132111601532e+03 1.004579492187500000e+04 1.004781241034323466e+04
1.103047566186171025e+03 1.005468261718750000e+04 1.004778499676787942e+04
1.103068000161554664e+03 1.004894335937500000e+04 1.004775901245275782e+04
1.103088434236589819e+03 1.004972753906250000e+04 1.004773479385580504e+04
1.103108868111856282e+03 1.004116503906250000e+04 1.004771267802444345e+04
1.103129302087239921e+03 1.004359179687500000e+04 1.004769300132506942e+04
1.103149736163206398e+03 1.004880664062500000e+04 1.004767610050284929e+04
1.103170170039404184e+03 1.004739355468750000e+04 1.004766231249154589e+04
1.103190604015719146e+03 1.005041601562500000e+04 1.004765197377243749e+04
1.103211038092151284e+03 1.004861230468750000e+04 1.004764542110592447e+04
1.103231471968814731e+03 1.005317285156250000e+04 1.004764299126607330e+04
1.103251906045712531e+03 1.004007910156250000e+04 1.004764502091489703e+04
1.103272340022958815e+03 1.005506933593750000e+04 1.004765184676362333e+04
1.103292774000205100e+03 1.004681933593750000e+04 1.004766380551827569e+04
1.103313207977451384e+03 1.003854589843750000e+04 1.004768123388612912e+04
1.103333641955628991e+03 1.004456445312500000e+04 1.004770446857564457e+04
1.103354075933340937e+03 1.004500878906250000e+04 1.004773384629273642e+04
1.103374509911984205e+03 1.004951269531250000e+04 1.004776970374694611e+04
1.103394943890161812e+03 1.005034375000000000e+04 1.004781237764336402e+04
1.103415377869270742e+03 1.004914941406250000e+04 1.004786220469248656e+04
1.103435811948031187e+03 1.004283105468750000e+04 1.004791952107020006e+04
1.103456245827022940e+03 1.004567089843750000e+04 1.004798443520016554e+04
1.103476679906714708e+03 1.004831738281250000e+04 1.004805652447734974e+04
1.103497113886289299e+03 1.005341601562500000e+04 1.004813528737327579e+04
1.103517547765746713e+03 1.004987207031250000e+04 1.004822022327453305e+04
1.103537981845904142e+03 1.004694042968750000e+04 1.004831083295563440e+04
1.103558415726292878e+03 1.004915527343750000e+04 1.004840661412542067e+04
1.103578849706798792e+03 1.005257812500000000e+04 1.004850706763391645e+04
1.103599283787421882e+03 1.004629687500000000e+04 1.004861169302705457e+04
1.103619717668276280e+03 1.005705957031250000e+04 1.004871998822224305e+04
1.103640151749365032e+03 1.005160937500000000e+04 1.004883145481718566e+04
1.103660585730802268e+03 1.005704394531250000e+04 1.004894559067909904e+04
1.103681019612587988e+03 1.005361718750000000e+04 1.004906189525346417e+04
1.103701453694608063e+03 1.004600781250000000e+04 1.004917986974157066e+04
1.103721887676510960e+03 1.004757812500000000e+04 1.004929901190124474e+04
1.103742321558762342e+03 1.005094824218750000e+04 1.004941882120256923e+04
1.103762755641248077e+03 1.005100683593750000e+04 1.004953879888715710e+04
1.103783189624082297e+03 1.005105957031250000e+04 1.004965844267503053e+04
1.103803623707033694e+03 1.004737792968750000e+04 1.004977725321132675e+04
1.103824057590216398e+03 1.005221093750000000e+04 1.004989472824171025e+04
1.103844491573516279e+03 1.004776464843750000e+04 1.005001036898196980e+04
1.103864925656933337e+03 1.004319433593750000e+04 1.005012367488220480e+04
1.103885359541047364e+03 1.004151562500000000e+04 1.005023414378229427e+04
1.103905793524812907e+03 1.004666308593750000e+04 1.005034127680111487e+04
1.103926227609161288e+03 1.005547363281250000e+04 1.005044457337150743e+04
1.103946661593858153e+03 1.004814941406250000e+04 1.005054353195962176e+04
1.103967095478437841e+03 1.004383203125000000e+04 1.005063765211112513e+04
1.103987529563251883e+03 1.005151171875000000e+04 1.005072643465209694e+04
1.104007963548414409e+03 1.005192675781250000e+04 1.005080937771956087e+04
1.104028397534042597e+03 1.005262011718750000e+04 1.005088598124218333e+04
1.104048831519670784e+03 1.005365527343750000e+04 1.005095574469857456e+04
1.104069265505298972e+03 1.005731054687500000e+04 1.005101816756930930e+04
1.104089699591509998e+03 1.004446093750000000e+04 1.005107274958350536e+04
1.104110133477486670e+03 1.005317480468750000e+04 1.005111898947800000e+04
1.104130567464046180e+03 1.004900292968750000e+04 1.005115638747626872e+04
1.104151001550722867e+03 1.005252050781250000e+04 1.005118444292401909e+04
1.104171435437630862e+03 1.005198144531250000e+04 1.005120265496079446e+04
1.104191869524773210e+03 1.004691894531250000e+04 1.005121052341996619e+04
1.104212303412146866e+03 1.005318359375000000e+04 1.005120758383099201e+04
1.104232737399637699e+03 1.005155859375000000e+04 1.005119384408892984e+04
1.104253171487711370e+03 1.005249511718750000e+04 1.005116964282706977e+04
1.104273605375550687e+03 1.004936230468750000e+04 1.005113532609390313e+04
1.104294039363972843e+03 1.005074804687500000e+04 1.005109123907477806e+04
1.104314473452512175e+03 1.005628320312500000e+04 1.005103772724670307e+04
1.104334907340817153e+03 1.005089746093750000e+04 1.005097513708119732e+04
1.104355341429822147e+03 1.005274121093750000e+04 1.005090381296954001e+04
1.104375775419175625e+03 1.004559570312500000e+04 1.005082410151360091e+04
1.104396209308411926e+03 1.005043066406250000e+04 1.005073634845310153e+04
1.104416643397882581e+03 1.005070898437500000e+04 1.005064089805823278e+04
1.104437077387701720e+03 1.004731347656250000e+04 1.005053809729128625e+04
1.104457511277869344e+03 1.005293359375000000e+04 1.005042829187475218e+04
1.104477945368271321e+03 1.004694824218750000e+04 1.005031182576460378e+04
1.104498379358556122e+03 1.005898730468750000e+04 1.005018904624212519e+04
1.104518813349306583e+03 1.005088378906250000e+04 1.005006029836721973e+04
1.104539247340057045e+03 1.005025683593750000e+04 1.004992592776013771e+04
1.104559681331273168e+03 1.005231835937500000e+04 1.004978628003516496e+04
1.104580115422606468e+03 1.004923632812500000e+04 1.004964170009295412e+04
1.104600549414288253e+03 1.004356250000000000e+04 1.004949253496575693e+04
1.104620983305852860e+03 1.005114453125000000e+04 1.004933913033924728e+04
1.104641417397651821e+03 1.005012500000000000e+04 1.004918182954668373e+04
1.104661851389799267e+03 1.004165917968750000e+04 1.004902098048624975e+04
1.104682285282295197e+03 1.004595410156250000e+04 1.004885692882492185e+04
1.104702719375025481e+03 1.004353417968750000e+04 1.004869001775076322e+04
1.104723153368104249e+03 1.005138085937500000e+04 1.004852059531068880e+04
1.104743587460834533e+03 1.004676367187500000e+04 1.004834900547353027e+04
1.104764021354261786e+03 1.004579687500000000e+04 1.004817559638148305e+04
1.104784455347806215e+03 1.005506933593750000e+04 1.004800071112363548e+04
1.104804889341816306e+03 1.005569628906250000e+04 1.004782469615907758e+04
1.104825323335826397e+03 1.004646386718750000e+04 1.004764789710946752e+04
1.104845757329836488e+03 1.004582226562500000e+04 1.004747065959249812e+04
1.104866191324312240e+03 1.005012109375000000e+04 1.004729332922181311e+04
1.104886625318787992e+03 1.004348828125000000e+04 1.004711625161915435e+04
1.104907059413846582e+03 1.005223730468750000e+04 1.004693977153559354e+04
1.104968361399602145e+03 1.004543847656250000e+04 1.004641738034456466e+04
1.104988795295357704e+03 1.004930371093750000e+04 1.004624669160353005e+04
1.105009229291230440e+03 1.004261230468750000e+04 1.004607802497289231e+04
1.105029663387220353e+03 1.004525585937500000e+04 1.004591144765132958e+04
1.105050097283441573e+03 1.004415820312500000e+04 1.004574702923633049e+04
1.105070531280245632e+03 1.004634765625000000e+04 1.004558483446375431e+04
1.105090965377166867e+03 1.005316503906250000e+04 1.004542493053901853e+04
1.105111399373970926e+03 1.004681835937500000e+04 1.004526738619776916e+04
1.105131833371240646e+03 1.004622851562500000e+04 1.004511226781584628e+04
1.105152267368976027e+03 1.004709179687500000e+04 1.004495964256188017e+04
1.105172701366711408e+03 1.003911523437500000e+04 1.004480957760790625e+04
1.105193135364446789e+03 1.004684082031250000e+04 1.004466214012240380e+04
1.105213569362647831e+03 1.004165234375000000e+04 1.004451739727057247e+04
1.105234003360848874e+03 1.004489453125000000e+04 1.004437541622428216e+04
1.105254437359515578e+03 1.004670996093750000e+04 1.004423626414887440e+04
1.105274871358182281e+03 1.005128515625000000e+04 1.004410000821609356e+04
1.105295305457431823e+03 1.004745507812500000e+04 1.004396671494571819e+04
1.105315739456564188e+03 1.004176074218750000e+04 1.004383645281579084e+04
1.105336173356045038e+03 1.004971484375000000e+04 1.004370928894689860e+04
1.105356607455294579e+03 1.004787695312500000e+04 1.004358528866728375e+04
1.105377041455358267e+03 1.003964843750000000e+04 1.004346452098311056e+04
1.105397475355304778e+03 1.004335058593750000e+04 1.004334705302059956e+04
1.105417909455951303e+03 1.003722753906250000e+04 1.004323295024364052e+04
1.105438343456014991e+03 1.004061621093750000e+04 1.004312228152797616e+04
1.105458777457010001e+03 1.004033007812500000e+04 1.004301511346731422e+04
1.105479211458005011e+03 1.003730078125000000e+04 1.004291151323527811e+04
1.105499645359348506e+03 1.004396679687500000e+04 1.004281154847890684e+04
1.105520079460460693e+03 1.003964160156250000e+04 1.004271528492895959e+04
1.105540513461921364e+03 1.003669921875000000e+04 1.004262279119185951e+04
1.105560947463847697e+03 1.004089843750000000e+04 1.004253413395561074e+04
1.105581381465774029e+03 1.004436425781250000e+04 1.004244938039087538e+04
1.105601815468166023e+03 1.003416113281250000e+04 1.004236859766437738e+04
1.105622249370906502e+03 1.004361523437500000e+04 1.004229185331091503e+04
1.105642683473415673e+03 1.003299121093750000e+04 1.004221921340447443e+04
1.105663117476273328e+03 1.003338085937500000e+04 1.004215074620830455e+04
1.105683551579248160e+03 1.004605371093750000e+04 1.004208651822242246e+04
1.105703985482454300e+03 1.004933496093750000e+04 1.004202659752661202e+04
1.105724419486243278e+03 1.003842675781250000e+04 1.004197105037712572e+04
1.105744853590149432e+03 1.003732910156250000e+04 1.004191993509544773e+04
1.105765287493821234e+03 1.003641308593750000e+04 1.004187314294231146e+04
1.105785721498075873e+03 1.003739355468750000e+04 1.004183041444693663e+04
1.105806155602447689e+03 1.004114843750000000e+04 1.004179148570414691e+04
1.105826589607167989e+03 1.005327148437500000e+04 1.004175609312948109e+04
1.105847023612353951e+03 1.004290820312500000e+04 1.004172397255924261e+04
1.105867457617074251e+03 1.003616796875000000e+04 1.004169486003078964e+04
1.105887891622725874e+03 1.003447363281250000e+04 1.004166849157810975e+04
1.105908325627911836e+03 1.003583886718750000e+04 1.004164460323897583e+04
1.105928759633563459e+03 1.004447460937500000e+04 1.004162293104816854e+04
1.105949193639680743e+03 1.004600488281250000e+04 1.004160321104169270e+04
1.105969627745915204e+03 1.004588671875000000e+04 1.004158517917126665e+04
1.105990061651915312e+03 1.003918652343750000e+04 1.004156857172666787e+04
1.106010495758615434e+03 1.004059960937500000e+04 1.004155312441619753e+04
1.106030929765664041e+03 1.004812109375000000e+04 1.004153857351068291e+04
1.106051363672595471e+03 1.004975000000000000e+04 1.004152465503506573e+04
1.106071797779761255e+03 1.004375585937500000e+04 1.004151110482392141e+04
1.106092231787275523e+03 1.004174804687500000e+04 1.004149765911398572e+04
1.106112665694672614e+03 1.004736035156250000e+04 1.004148405394176370e+04
1.106133099802769721e+03 1.003775195312500000e+04 1.004147002514027190e+04
1.106153533810749650e+03 1.004222460937500000e+04 1.004145530894804324e+04
1.106173967719078064e+03 1.004190722656250000e+04 1.004143964141251672e+04
1.106194401827640831e+03 1.004262988281250000e+04 1.004142275833119857e+04
1.106214835736434907e+03 1.004070312500000000e+04 1.004140439607200460e+04
1.106235269845463336e+03 1.004327832031250000e+04 1.004138429030945190e+04
1.106255703854374588e+03 1.004471289062500000e+04 1.004136217736134131e+04
1.106276137764099985e+03 1.004087695312500000e+04 1.004133779329368372e+04
1.106296571873594075e+03 1.004664453125000000e+04 1.004131087376739015e+04
1.106317005883436650e+03 1.004428808593750000e+04 1.004128115519333369e+04
1.106337439893279225e+03 1.004075683593750000e+04 1.004124837348233268e+04
1.106357873903587461e+03 1.004888378906250000e+04 1.004121226466922963e+04
1.106378307913895696e+03 1.004712597656250000e+04 1.004117256479041316e+04
1.106398742024786770e+03 1.005397949218750000e+04 1.004112900965725203e+04
1.106419175935443491e+03 1.003871191406250000e+04 1.004108133597609958e+04
1.106439609946683049e+03 1.004456152343750000e+04 1.004102927911155894e+04
1.106460044058039784e+03 1.004669628906250000e+04 1.004097257503394576e+04
1.106480478069745004e+03 1.004567675781250000e+04 1.004091096033201939e+04
1.106500911981333047e+03 1.004260546875000000e+04 1.004084417111676339e+04
1.106521346093155444e+03 1.004195507812500000e+04 1.004077203444900624e+04
1.106541780105326325e+03 1.004545214843750000e+04 1.004069474858568356e+04
1.106562214117962867e+03 1.004397070312500000e+04 1.004061260295620377e+04
1.106582648130599409e+03 1.004827929687500000e+04 1.004052588733236189e+04
1.106603082143235952e+03 1.003550878906250000e+04 1.004043489148427579e+04
1.106623516256455332e+03 1.004108105468750000e+04 1.004033990470514073e+04
1.106643950169440359e+03 1.004444335937500000e+04 1.004024121819117863e+04
1.106664384183008224e+03 1.004328320312500000e+04 1.004013912028609047e+04
1.106684818296693265e+03 1.003836035156250000e+04 1.004003390071420654e+04
1.106705252210609615e+03 1.004704199218750000e+04 1.003992585081127982e+04
1.106725686224643141e+03 1.003235058593750000e+04 1.003981525878174216e+04
1.106746120338793844e+03 1.003372558593750000e+04 1.003970241436053038e+04
1.106766554253641516e+03 1.003322753906250000e+04 1.003958760898630862e+04
1.106786988368257880e+03 1.002888085937500000e+04 1.003947113018896198e+04
1.106807422383222729e+03 1.002424121093750000e+04 1.003935326943386099e+04
1.106827856298536062e+03 1.002999414062500000e+04 1.003923431650932071e+04
1.106848290413618088e+03 1.002689648437500000e+04 1.003911455943590408e+04
1.106868724329397082e+03 1.002541406250000000e+04 1.003899429032074477e+04
1.106889158345293254e+03 1.002746582031250000e+04 1.003887379717478689e+04
1.106909592461306602e+03 1.003349511718750000e+04 1.003875336976712060e+04
1.106930026377551258e+03 1.003084667968750000e+04 1.003863329963346223e+04
1.106950460494030267e+03 1.003332128906250000e+04 1.003851387419554521e+04
1.106970894510392100e+03 1.002651660156250000e+04 1.003839538498446746e+04
1.106991328527219594e+03 1.002383300781250000e+04 1.003827812118089423e+04
1.107011762544512749e+03 1.002170117187500000e+04 1.003816237255520355e+04
1.107032196561805904e+03 1.004109472656250000e+04 1.003804842888037820e+04
1.107052630579099059e+03 1.003120019531250000e+04 1.003793657992672524e+04
1.107073064596857876e+03 1.002922753906250000e+04 1.003782711546208520e+04
1.107093498615082353e+03 1.002618359375000000e+04 1.003772032525694340e+04
1.107113932732958347e+03 1.002954980468750000e+04 1.003761649858553756e+04
1.107134366751648486e+03 1.003210937500000000e+04 1.003751592622980024e+04
1.107154800669755787e+03 1.004880175781250000e+04 1.003741889791711037e+04
1.107175234789028764e+03 1.003769824218750000e+04 1.003732570201259296e+04
1.107195668807718903e+03 1.006189843750000000e+04 1.003723662969184443e+04
1.107216102727223188e+03 1.004470703125000000e+04 1.003715197065657048e+04
1.107236536846496165e+03 1.004706542968750000e+04 1.003707201347257069e+04
1.107256970866117626e+03 1.004031738281250000e+04 1.003699704911712251e+04
1.107277404786087573e+03 1.003911328125000000e+04 1.003692735635100871e+04
1.107297838905826211e+03 1.003350878906250000e+04 1.003686289704206865e+04
1.107318272926378995e+03 1.004067187500000000e+04 1.003680327842254519e+04
1.107338707046583295e+03 1.004225195312500000e+04 1.003674808706497606e+04
1.107359140967484564e+03 1.003331347656250000e+04 1.003669691090331253e+04
1.107379574988503009e+03 1.004118847656250000e+04 1.003664933631629174e+04
1.107400009009521455e+03 1.003996484375000000e+04 1.003660495072098820e+04
1.107420443031005561e+03 1.004191210937500000e+04 1.003656334127331684e+04
1.107440877052489668e+03 1.003990332031250000e+04 1.003652409513113889e+04
1.107461311174090952e+03 1.003477636718750000e+04 1.003648679927262856e+04
1.107481745095923543e+03 1.003541113281250000e+04 1.003645104138968236e+04
1.107502179218456149e+03 1.004643847656250000e+04 1.003641640793568149e+04
1.107522613140754402e+03 1.004272363281250000e+04 1.003638248674965507e+04
1.107543047163169831e+03 1.004810253906250000e+04 1.003634886448553880e+04
1.107563481286168098e+03 1.003484960937500000e+04 1.003631512830067368e+04
1.107583915209397674e+03 1.003514062500000000e+04 1.003628086585049459e+04
1.107604349232278764e+03 1.003700683593750000e+04 1.003624566379455064e+04
1.107624783355742693e+03 1.003547656250000000e+04 1.003620910927109071e+04
1.107645217279437929e+03 1.004297656250000000e+04 1.003617078998597026e+04
1.107665651303250343e+03 1.004322460937500000e+04 1.003613029254741195e+04
1.107686085427645594e+03 1.003616113281250000e+04 1.003608720407602232e+04
1.107706519451458007e+03 1.004114160156250000e+04 1.003604111215096782e+04
1.107726953476201743e+03 1.003084472656250000e+04 1.003599160372118968e+04
1.107747387500945479e+03 1.003610156250000000e+04 1.003593826594533675e+04
1.107767821525689214e+03 1.004018750000000000e+04 1.003588068598001519e+04
1.107788255651015788e+03 1.004158105468750000e+04 1.003581845066335882e+04
1.107808689576573670e+03 1.003945800781250000e+04 1.003575114810262858e+04
1.107829123601783067e+03 1.003863476562500000e+04 1.003567836450646246e+04
1.107849557727575302e+03 1.004321777343750000e+04 1.003559968694450981e+04
1.107869991653598845e+03 1.004276464843750000e+04 1.003551470377469195e+04
1.107890425779856741e+03 1.003901757812500000e+04 1.003542300048704419e+04
1.107931293732952327e+03 1.003448046875000000e+04 1.003521778617973177e+04
1.107951727859675884e+03 1.004114843750000000e+04 1.003510344796183381e+04
1.107972161886747926e+03 1.003215429687500000e+04 1.003498073965428739e+04
1.107992595814168453e+03 1.003745019531250000e+04 1.003484924853904158e+04
1.108013029941357672e+03 1.002866503906250000e+04 1.003470855977923202e+04
1.108033463968895376e+03 1.002956250000000000e+04 1.003455826252422048e+04
1.108053897996898741e+03 1.002400390625000000e+04 1.003439806351550033e+04
1.108074332024902105e+03 1.002788964843750000e+04 1.003422830447952765e+04
1.108094766053371131e+03 1.002459179687500000e+04 1.003404953552536244e+04
1.108115200081840158e+03 1.002478906250000000e+04 1.003386230689410513e+04
1.108135634110309184e+03 1.003215820312500000e+04 1.003366716882308538e+04
1.108156068139243871e+03 1.002824023437500000e+04 1.003346467154495258e+04
1.108176502168644220e+03 1.003507421875000000e+04 1.003325536529659621e+04
1.108196936198044568e+03 1.002991113281250000e+04 1.003303980031996070e+04
1.108217370227444917e+03 1.002879785156250000e+04 1.003281852685245576e+04
1.108237804257310927e+03 1.003565332031250000e+04 1.003259209512628513e+04
1.108258238287176937e+03 1.003336328125000000e+04 1.003236105538387164e+04
1.108278672417625785e+03 1.003029980468750000e+04 1.003212595669636175e+04
1.108299106347840279e+03 1.003567773437500000e+04 1.003188735278917920e+04
1.108319540378171951e+03 1.002732421875000000e+04 1.003164579041709112e+04
1.108339974509086460e+03 1.002926464843750000e+04 1.003140181977257271e+04
1.108360408540349454e+03 1.002882324218750000e+04 1.003115599348592514e+04
1.108380842471495271e+03 1.002702734375000000e+04 1.003090886182349095e+04
1.108401276602875441e+03 1.003082519531250000e+04 1.003066097138342229e+04
1.108421710634604096e+03 1.002954785156250000e+04 1.003041287603704404e+04
1.108442144666332752e+03 1.002773535156250000e+04 1.003016512481445898e+04
1.108462578698527068e+03 1.003094921875000000e+04 1.002991826794765802e+04
1.108483012730721384e+03 1.002579980468750000e+04 1.002967285567992803e+04
1.108503446863032877e+03 1.002639746093750000e+04 1.002942943706206643e+04
1.108523880795575678e+03 1.002347656250000000e+04 1.002918856588679046e+04
1.108544314828701317e+03 1.002792089843750000e+04 1.002895078883143287e+04
1.108564748961944133e+03 1.003182031250000000e+04 1.002871665618876250e+04
1.108585182894952595e+03 1.002893945312500000e+04 1.002848672160841306e+04
1.108605617028661072e+03 1.002123437500000000e+04 1.002826153082030760e+04
1.108626051062252373e+03 1.002227246093750000e+04 1.002804163741368757e+04
1.108646484996192157e+03 1.003110351562500000e+04 1.002782759153960797e+04
1.108666919130366296e+03 1.002595410156250000e+04 1.002761994034039890e+04
1.108687353164888918e+03 1.003374707031250000e+04 1.002741923714989025e+04
1.108707787099294364e+03 1.003479101562500000e+04 1.002722603210455782e+04
1.108728221233934164e+03 1.002547558593750000e+04 1.002704087266016722e+04
1.108748655268922448e+03 1.002755761718750000e+04 1.002686431183268360e+04
1.108769089304376394e+03 1.002840429687500000e+04 1.002669689893322357e+04
1.108789523339830339e+03 1.003383203125000000e+04 1.002653918420381160e+04
1.108809957275167108e+03 1.003218261718750000e+04 1.002639170988516707e+04
1.108830391411203891e+03 1.002633789062500000e+04 1.002625458950130997e+04
1.108850825447123498e+03 1.002430664062500000e+04 1.002612733041977117e+04
1.108871259483508766e+03 1.002744628906250000e+04 1.002600939013395327e+04
1.108891693519894034e+03 1.002320117187500000e+04 1.002590022683967436e+04
1.108912127556279302e+03 1.002360839843750000e+04 1.002579929872974753e+04
1.108932561593130231e+03 1.002623242187500000e+04 1.002570606399494682e+04
1.108952995630446821e+03 1.002096093750000000e+04 1.002561998082855098e+04
1.108973429667763412e+03 1.003246191406250000e+04 1.002554050742550680e+04
1.108993863805197179e+03 1.002246093750000000e+04 1.002546710163288481e+04
1.109014297842513770e+03 1.002407226562500000e+04 1.002539922236050916e+04
1.109034731780644506e+03 1.002116503906250000e+04 1.002533632772111559e+04
1.109055165918543935e+03 1.002855468750000000e+04 1.002527787502137653e+04
1.109075599956791848e+03 1.003197753906250000e+04 1.002522332334179009e+04
1.109096033895388246e+03 1.002449609375000000e+04 1.002517213082191302e+04
1.109116468034218997e+03 1.002499218750000000e+04 1.002512375492523461e+04
1.109136902072932571e+03 1.002541308593750000e+04 1.002507765457480855e+04
1.109157336212228984e+03 1.003189550781250000e+04 1.002503328750476976e+04
1.109177770151756704e+03 1.003690820312500000e+04 1.002499011254985453e+04
1.109198204190935940e+03 1.002340332031250000e+04 1.002494758726256987e+04
1.109218638330698013e+03 1.002618066406250000e+04 1.002490516983910493e+04
1.109239072270691395e+03 1.002412695312500000e+04 1.002486231909733397e+04
1.109259506310801953e+03 1.006816894531250000e+04 1.002481849260540184e+04
1.109279940451495349e+03 1.002731640625000000e+04 1.002477314853646385e+04
1.109300374391954392e+03 1.002208007812500000e+04 1.002472574576426450e+04
1.109320808532647789e+03 1.002940527343750000e+04 1.002467574154873364e+04
1.109341242573689669e+03 1.002210449218750000e+04 1.002462259479565182e+04
1.109361676514614373e+03 1.002828906250000000e+04 1.002456576374874203e+04
1.109382110656239092e+03 1.002877050781250000e+04 1.002450470573392158e+04
1.109402544697746634e+03 1.002264355468750000e+04 1.002443887980992622e+04
1.109422978639602661e+03 1.002232421875000000e+04 1.002436774424153919e+04
1.109443412781693041e+03 1.002312011718750000e+04 1.002429075613529494e+04
1.109463846724014729e+03 1.002738574218750000e+04 1.002420737519393879e+04
1.109484280765987933e+03 1.002457226562500000e+04 1.002411705843635355e+04
1.109504714909009635e+03 1.002163183593750000e+04 1.002401926394252223e+04
1.109525148851796985e+03 1.002310742187500000e+04 1.002391345140373778e+04
1.109545582994818687e+03 1.002613964843750000e+04 1.002379907693501082e+04
1.109566017037723213e+03 1.002405859375000000e+04 1.002367560034552662e+04
1.109586451081559062e+03 1.001796972656250000e+04 1.002354255074893626e+04
1.109606885124929249e+03 1.001938964843750000e+04 1.002339995735740013e+04
1.109627319168765098e+03 1.002350292968750000e+04 1.002324806253009228e+04
1.109647753213066608e+03 1.002153125000000000e+04 1.002308710942778089e+04
1.109668187357019633e+03 1.001733105468750000e+04 1.002291734036622438e+04
1.109688621301669627e+03 1.001948535156250000e+04 1.002273900105389475e+04
1.109709055446553975e+03 1.002551171875000000e+04 1.002255233116621457e+04
1.109729489491321146e+03 1.002121875000000000e+04 1.002235757654778354e+04
1.109749923436436802e+03 1.001508007812500000e+04 1.002215498047238907e+04
1.109770357581786811e+03 1.001960839843750000e+04 1.002194478307149075e+04
1.109790791627019644e+03 1.002086718750000000e+04 1.002172723054088237e+04
1.109811225573066622e+03 1.001776464843750000e+04 1.002150256613795500e+04
1.109831659718882293e+03 1.002306933593750000e+04 1.002127102968594227e+04
1.109852093765046448e+03 1.002006640625000000e+04 1.002103286768913131e+04
1.109872527911327779e+03 1.002115332031250000e+04 1.002078832098301609e+04
1.109892961857840419e+03 1.001829101562500000e+04 1.002053763636350413e+04
1.109913395904470235e+03 1.002234765625000000e+04 1.002028105335739565e+04
1.109933830051217228e+03 1.001384375000000000e+04 1.002001881504130688e+04
1.109954263998661190e+03 1.002555566406250000e+04 1.001975116845929188e+04
1.109974698045756668e+03 1.001738378906250000e+04 1.001947835289611248e+04
1.109995132193434983e+03 1.002013476562500000e+04 1.001920061142669147e+04
1.110015566141344607e+03 1.002518261718750000e+04 1.001891819132963064e+04
1.110036000188905746e+03 1.002235742187500000e+04 1.001863133166194530e+04
1.110056434337049723e+03 1.001877050781250000e+04 1.001834027550866813e+04
1.110076868285425007e+03 1.001449804687500000e+04 1.001804527033880004e+04
1.110097302434034646e+03 1.001853320312500000e+04 1.001774655354051356e+04
1.110117736382875592e+03 1.001614941406250000e+04 1.001744437412111984e+04
1.110138170431833714e+03 1.002220019531250000e+04 1.001713897083221491e+04
1.110158604580909014e+03 1.002414062500000000e+04 1.001683058678980524e+04
1.110179038630332798e+03 1.001276757812500000e+04 1.001651946817120552e+04
1.110199472580105066e+03 1.000924023437500000e+04 1.001620585817627216e+04
1.110219906729646027e+03 1.001193359375000000e+04 1.001588999535412768e+04
1.110240340780001134e+03 1.001957519531250000e+04 1.001557212747150334e+04
1.110260774829890579e+03 1.001484082031250000e+04 1.001525249616941801e+04
1.110281208880245686e+03 1.000916601562500000e+04 1.001493134459494104e+04
1.110301642931066453e+03 1.001354003906250000e+04 1.001460891590961182e+04
1.110322076981887221e+03 1.001293066406250000e+04 1.001428545328237669e+04
1.110342511032707989e+03 1.001381933593750000e+04 1.001396119861464103e+04
1.110362945083994418e+03 1.002624511718750000e+04 1.001363627001024906e+04
1.110383379235398024e+03 1.001003027343750000e+04 1.001331055764240227e+04
1.110403813187032938e+03 1.001047460937500000e+04 1.001298393391727586e+04
1.110424247338902205e+03 1.001294042968750000e+04 1.001265626005992817e+04
1.110465115343220532e+03 1.002282226562500000e+04 1.001199724685565525e+04
1.110485549495555460e+03 1.000901757812500000e+04 1.001166563791074441e+04
1.110505983548238873e+03 1.001260937500000000e+04 1.001133245413149052e+04
1.110526417500805110e+03 1.000935058593750000e+04 1.001099756316930871e+04
1.110546851654071361e+03 1.001512890625000000e+04 1.001066082770057801e+04
1.110567285707220435e+03 1.000675976562500000e+04 1.001032212028827598e+04
1.110587719660717994e+03 1.001562207031250000e+04 1.000998130857430806e+04
1.110608153814449906e+03 1.000937792968750000e+04 1.000963825516047473e+04
1.110628587868064642e+03 1.000843164062500000e+04 1.000929283269209191e+04
1.110649022022262216e+03 1.001583398437500000e+04 1.000894490539467733e+04
1.110669455976225436e+03 1.000837695312500000e+04 1.000859434602883812e+04
1.110689890030771494e+03 1.000510839843750000e+04 1.000824101707312730e+04
1.110710324085317552e+03 1.001085644531250000e+04 1.000788478786621636e+04
1.110730758140329272e+03 1.000511816406250000e+04 1.000752552601956450e+04
1.110751192195340991e+03 1.000534277343750000e+04 1.000716309916094178e+04
1.110771626250818372e+03 1.000403906250000000e+04 1.000679737490164916e+04
1.110792060306295753e+03 1.001323437500000000e+04 1.000642822086958404e+04
1.110812494461890310e+03 1.000835742187500000e+04 1.000605550284934179e+04
1.110832928417716175e+03 1.000728125000000000e+04 1.000567909395719471e+04
1.110853362473659217e+03 1.000787500000000000e+04 1.000529885631603611e+04
1.110873796630185097e+03 9.999005859375000000e+03 1.000491465747949769e+04
1.110914664643350989e+03 1.000179199218750000e+04 1.000413385806956103e+04
1.110935098799876869e+03 1.000109179687500000e+04 1.000373698700440764e+04
1.110955532857216895e+03 9.993561523437500000e+03 1.000333562903804705e+04
1.110975966914556921e+03 1.000467578125000000e+04 1.000292964987440973e+04
1.110996400971896946e+03 9.997766601562500000e+03 1.000251891713314035e+04
1.111016835029236972e+03 9.999936523437500000e+03 1.000210329843385989e+04
1.111037269187159836e+03 1.000051171875000000e+04 1.000168265931313726e+04
1.111057703145314008e+03 9.998522460937500000e+03 1.000125687361054042e+04
1.111078137203585356e+03 1.000070410156250000e+04 1.000082580273492204e+04
1.111098571361973882e+03 9.996376953125000000e+03 1.000038931422726819e+04
1.111119005321059376e+03 9.998605468750000000e+03 9.999947300245496081e+03
1.111139439379796386e+03 1.000069335937500000e+04 9.999499810542594787e+03
1.111159873538650572e+03 9.996086914062500000e+03 9.999046994760974485e+03
1.111180307498201728e+03 9.994805664062500000e+03 9.998589010269050050e+03
1.111200741657521576e+03 9.997094726562500000e+03 9.998125998818582957e+03
1.111221175717189908e+03 9.998030273437500000e+03 9.997658117852817668e+03
1.111241609677206725e+03 9.993852539062500000e+03 9.997185518137257532e+03
1.111262043836992234e+03 9.993255859375000000e+03 9.996708343408223300e+03
1.111282477897591889e+03 9.997436523437500000e+03 9.996226751308808161e+03
1.111302911858074367e+03 9.994204101562500000e+03 9.995740892619862279e+03
1.111323346018791199e+03 1.000563378906250000e+04 9.995250910864619073e+03
1.111343780079390854e+03 9.997558593750000000e+03 9.994756963910524064e+03
1.111364214140456170e+03 9.995082031250000000e+03 9.994259200050832078e+03
1.111384648201987147e+03 9.998725585937500000e+03 9.993757769980640660e+03
1.111405082263518125e+03 9.996109375000000000e+03 9.993252824406616128e+03
1.111425516325049102e+03 9.993219726562500000e+03 9.992744514024114324e+03
1.111445950387045741e+03 9.984971679687500000e+03 9.992232989516813177e+03
1.111466384449042380e+03 9.996125976562500000e+03 9.991718401591628208e+03
1.111486818511039019e+03 9.993612304687500000e+03 9.991200900943931629e+03
1.111507252573501319e+03 9.995422851562500000e+03 9.990680638257210376e+03
1.111527686736546457e+03 9.990751953125000000e+03 9.990157761658680101e+03
1.111548120799474418e+03 9.981127929687500000e+03 9.989632426979840602e+03
1.111568554762285203e+03 9.993024414062500000e+03 9.989104784951152396e+03
1.111588988925796002e+03 9.991263671875000000e+03 9.988574978484044550e+03
1.111609422989189625e+03 9.987293945312500000e+03 9.988043166057781491e+03
1.111629856952931732e+03 9.990998046875000000e+03 9.987509498384006292e+03
1.111650291116908193e+03 9.986271484375000000e+03 9.986974118313115468e+03
1.111670725180767477e+03 9.990200195312500000e+03 9.986437184397633246e+03
1.111691159144975245e+03 9.992276367187500000e+03 9.985898847342465160e+03
1.111711593309417367e+03 9.994373046875000000e+03 9.985359249932831517e+03
1.111732027374207973e+03 9.988792968750000000e+03 9.984818550774243704e+03
1.111752461539115757e+03 9.984268554687500000e+03 9.984276895277682343e+03
1.111772895504254848e+03 9.989921875000000000e+03 9.983734442094002588e+03
1.111793329569511116e+03 9.979768554687500000e+03 9.983191333963201032e+03
1.111813763734884560e+03 9.985492187500000000e+03 9.982647721572227965e+03
1.111834197700489312e+03 9.978080078125000000e+03 9.982103763597369834e+03
1.111875065932516009e+03 9.973709960937500000e+03 9.981015389239833894e+03
1.111895499898586422e+03 9.981355468750000000e+03 9.980471150148185188e+03
1.111915934065356851e+03 9.985376953125000000e+03 9.979926585506247648e+03
1.111936368132010102e+03 9.975458007812500000e+03 9.979381369748853103e+03
1.111956802098546177e+03 9.976889648437500000e+03 9.978835169309388220e+03
1.111977236265782267e+03 9.974797851562500000e+03 9.978287642559374945e+03
1.111997670332901180e+03 9.978514648437500000e+03 9.977738463969839358e+03
1.112018104400485754e+03 9.969916015625000000e+03 9.977187297270404088e+03
1.112038538468070328e+03 9.978703125000000000e+03 9.976633808894825052e+03
1.112058972535654902e+03 9.984306640625000000e+03 9.976077665264381721e+03
1.112079406603705138e+03 9.980432617187500000e+03 9.975518532787573349e+03
1.112099840672221035e+03 9.971997070312500000e+03 9.974956077885421109e+03
1.112120274740736932e+03 9.977441406250000000e+03 9.974389966991873735e+03
1.112140708809252828e+03 9.973824218750000000e+03 9.973819866528154307e+03
1.112161142877768725e+03 9.975831054687500000e+03 9.973245442915491367e+03
1.112181576947215945e+03 9.974497070312500000e+03 9.972666362548608959e+03
1.112202011116314679e+03 9.969972656250000000e+03 9.972082289013702393e+03
1.112222445085644722e+03 9.965892578125000000e+03 9.971492897328644176e+03
1.112242879155091941e+03 9.963776367187500000e+03 9.970897845304567454e+03
1.112263313325121999e+03 9.963705078125000000e+03 9.970296799263269349e+03
1.112283747294917703e+03 9.964887695312500000e+03 9.969689434519548740e+03
1.112304181465413421e+03 9.966588867187500000e+03 9.969075405575065815e+03
1.112324615535791963e+03 9.963341796875000000e+03 9.968454387840272830e+03
1.112345049506518990e+03 9.961228515625000000e+03 9.967826047827122238e+03
1.112365483677014709e+03 9.961966796875000000e+03 9.967190042694175645e+03
1.112385917748324573e+03 9.966348632812500000e+03 9.966546048110001720e+03
1.112406351719051600e+03 9.957101562500000000e+03 9.965893730659401626e+03
1.112426785890478641e+03 9.965532226562500000e+03 9.965232747082734932e+03
1.112447219962254167e+03 9.965105468750000000e+03 9.964562773451492831e+03
1.112467654134146869e+03 9.964221679687500000e+03 9.963883469633063214e+03
1.112488088105805218e+03 9.953991210937500000e+03 9.963194512103442321e+03
1.112508522178046405e+03 9.965343750000000000e+03 9.962495557212725544e+03
1.112528956350404769e+03 9.960654296875000000e+03 9.961786271248201956e+03
1.112549390322994441e+03 9.967981445312500000e+03 9.961066331117355730e+03
1.112569824395701289e+03 9.961791992187500000e+03 9.960335392754281202e+03
1.112590258568990976e+03 9.965313476562500000e+03 9.959593122398902779e+03
1.112610692542046309e+03 9.959814453125000000e+03 9.958839197483888711e+03
1.112631126715335995e+03 9.953950195312500000e+03 9.958073269652508316e+03
1.112651560788974166e+03 9.956582031250000000e+03 9.957295072413995513e+03
1.112671994862612337e+03 9.952086914062500000e+03 9.956505052742631960e+03
1.112692428936716169e+03 9.963523437500000000e+03 9.955704171116227371e+03
1.112712862910702825e+03 9.960314453125000000e+03 9.954893402529454761e+03
1.112733296985272318e+03 9.954145507812500000e+03 9.954073709996540856e+03
1.112753731159493327e+03 9.952707031250000000e+03 9.953246064412647684e+03
1.112774165234528482e+03 9.956707031250000000e+03 9.952411444816827498e+03
1.112794599309097975e+03 9.949749023437500000e+03 9.951570818211377627e+03
1.112815033384598792e+03 9.947738281250000000e+03 9.950725155520533008e+03
1.112835467459633946e+03 9.950248046875000000e+03 9.949875427783837949e+03
1.112855901635251939e+03 9.952416015625000000e+03 9.949022601760098041e+03
1.112876335610635579e+03 9.953569335937500000e+03 9.948167661003824833e+03
1.112896769686602056e+03 9.950805664062500000e+03 9.947311563924231450e+03
1.112917203862685710e+03 9.952113281250000000e+03 9.946455281513000955e+03
1.112937637839000672e+03 9.947709960937500000e+03 9.945599797315317119e+03
1.112958071915432811e+03 9.945362304687500000e+03 9.944746069750153765e+03
1.112978506092447788e+03 9.944194335937500000e+03 9.943895069813264854e+03
1.112998940069228411e+03 9.949430664062500000e+03 9.943047780989869352e+03
1.113019374246243387e+03 9.943545898437500000e+03 9.942205157663149294e+03
1.113039808323606849e+03 9.945287109375000000e+03 9.941368183218277409e+03
1.113060242300853133e+03 9.938751953125000000e+03 9.940537828566633834e+03
1.113080676478799433e+03 9.940044921875000000e+03 9.939715052520086829e+03
1.113101110556628555e+03 9.941018554687500000e+03 9.938900838231631496e+03
1.113121544534340501e+03 9.932858398437500000e+03 9.938096156550633168e+03
1.113141978712752461e+03 9.937551757812500000e+03 9.937301966688475659e+03
1.113162412791047245e+03 9.933076171875000000e+03 9.936519251398909546e+03
1.113182846969924867e+03 9.937371093750000000e+03 9.935748973987330828e+03
1.113203280948568135e+03 9.931019531250000000e+03 9.934992116679852188e+03
1.113223715027794242e+03 9.939794921875000000e+03 9.934249639216432115e+03
1.113244149206671864e+03 9.933423828125000000e+03 9.933522512831903441e+03
1.113264583186246455e+03 9.935541015625000000e+03 9.932811719029654341e+03
1.113285017265938222e+03 9.930208984375000000e+03 9.932118218255684042e+03
1.113305451345629990e+03 9.939499023437500000e+03 9.931442985015894010e+03
1.113325885525438935e+03 9.921764648437500000e+03 9.930786987127501561e+03
1.113346319605596364e+03 9.929487304687500000e+03 9.930151201990898699e+03
1.113366753586102277e+03 9.929621093750000000e+03 9.929536600285930035e+03
1.113387187666725367e+03 9.931203125000000000e+03 9.928944146983505561e+03
1.113407621847465634e+03 9.928083984375000000e+03 9.928374812779644344e+03
1.113428055928088725e+03 9.932055664062500000e+03 9.927828497404521841e+03
1.113448489909525961e+03 9.928358398437500000e+03 9.927301807990614179e+03
1.113468924090731889e+03 9.928942382812500000e+03 9.926790719207114307e+03
1.113489358172286302e+03 9.923442382812500000e+03 9.926291220897239327e+03
1.113509792154189199e+03 9.924186523437500000e+03 9.925799295170207188e+03
1.113530226335860789e+03 9.923533203125000000e+03 9.925310917103039174e+03
1.113550660417880863e+03 9.923462890625000000e+03 9.924822076117319739e+03
1.113571094600483775e+03 9.923965820312500000e+03 9.924328749629139566e+03
1.113591528582852334e+03 9.923025390625000000e+03 9.923826927202218940e+03
1.113611962665338069e+03 9.923314453125000000e+03 9.923312583781576905e+03
1.113632396848406643e+03 9.924613281250000000e+03 9.922781701390180388e+03
1.113652830831240863e+03 9.915011718750000000e+03 9.922230270232503244e+03
1.113673264914657921e+03 9.915057617187500000e+03 9.921654264599266753e+03
1.113693699098192155e+03 9.924495117187500000e+03 9.921049666360349875e+03
1.113714133081957698e+03 9.921844726562500000e+03 9.920412466865567694e+03
1.113734567265491933e+03 9.913800781250000000e+03 9.919738635877954948e+03
1.113755001349840313e+03 9.912033203125000000e+03 9.919024165223367163e+03
1.113775435334071517e+03 9.911916992187500000e+03 9.918265037806286273e+03
1.113795869518071413e+03 9.916767578125000000e+03 9.917457224387369934e+03
1.113816303602885455e+03 9.913305664062500000e+03 9.916596718663397041e+03
1.113836737687699497e+03 9.911530273437500000e+03 9.915679499082132679e+03
1.113857171772513539e+03 9.912382812500000000e+03 9.914701547891007067e+03
1.113898040043190122e+03 9.905519531250000000e+03 9.912547373995974340e+03
1.113918474028818309e+03 9.916917968750000000e+03 9.911363127021484615e+03
1.113938908114563674e+03 9.908522460937500000e+03 9.910102071798832185e+03
1.113959342200309038e+03 9.911810546875000000e+03 9.908760196195595199e+03
1.113979776286520064e+03 9.909737304687500000e+03 9.907333482425146940e+03
1.114000210373196751e+03 9.903387695312500000e+03 9.905817912728161900e+03
1.114020644459407777e+03 9.908682617187500000e+03 9.904209469420253299e+03
1.114041078546084464e+03 9.907060546875000000e+03 9.902504134674527450e+03
1.114061512633226812e+03 9.909855468750000000e+03 9.900697890730560175e+03
1.114081946820486337e+03 9.896835937500000000e+03 9.898786710244734422e+03
1.114102380807511508e+03 9.910928710937500000e+03 9.896766604345390078e+03
1.114122814995236695e+03 9.905775390625000000e+03 9.894633515612033079e+03
1.114143249082844704e+03 9.908436523437500000e+03 9.892383456848368951e+03
1.114163683070801198e+03 9.897230468750000000e+03 9.890012411993709975e+03
1.114184117258526385e+03 9.898903320312500000e+03 9.887516951213850916e+03
1.114204551347065717e+03 9.898131835937500000e+03 9.884905412272939429e+03
1.114224985335487872e+03 9.896308593750000000e+03 9.882196490709728096e+03
1.114245419524144381e+03 9.893975585937500000e+03 9.879409201445116196e+03
1.114265853612683713e+03 9.879093750000000000e+03 9.876562640279706102e+03
1.114286287801805884e+03 9.866410156250000000e+03 9.873675834816882343e+03
1.114306721790693700e+03 9.841410156250000000e+03 9.870767883116925077e+03
1.114327155880164355e+03 9.823446289062500000e+03 9.867857797841728825e+03
1.114347590069752187e+03 9.810058593750000000e+03 9.864964634529651448e+03
1.114368024059571326e+03 9.801643554687500000e+03 9.862107490786765993e+03
1.114388458149507642e+03 9.799261718750000000e+03 9.859305379736655595e+03
1.114408892339561135e+03 9.807563476562500000e+03 9.856577357693131489e+03
1.114429326330311596e+03 9.802751953125000000e+03 9.853942519362997700e+03
1.114449760520830750e+03 9.796914062500000000e+03 9.851419868782235426e+03
1.114470194611232728e+03 9.792512695312500000e+03 9.849028499206127890e+03
1.114490628602448851e+03 9.786494140625000000e+03 9.846787463832712092e+03
1.114511062793433666e+03 9.788324218750000000e+03 9.844715786445816775e+03
1.114531496884766966e+03 9.790584960937500000e+03 9.842832554061234987e+03
1.114551930976100266e+03 9.792083007812500000e+03 9.841156811516077141e+03
1.114572365067899227e+03 9.794939453125000000e+03 9.839707614148614084e+03
1.114592799159698188e+03 9.785671875000000000e+03 9.838504017369337816e+03
1.114613233251962811e+03 9.783717773437500000e+03 9.837565076529885118e+03
1.114633667344227433e+03 9.795045898437500000e+03 9.836909847031727622e+03
1.114654101436492056e+03 9.810352539062500000e+03 9.836557384246043512e+03
1.114674535529222339e+03 9.825637695312500000e+03 9.836526743547114165e+03
1.114694969621952623e+03 9.845251953125000000e+03 9.836836980318974383e+03
1.114715403714682907e+03 9.855378906250000000e+03 9.837507149934095651e+03
1.114735837907996029e+03 9.865964843750000000e+03 9.838556313893255719e+03
1.114756271901540458e+03 9.877165039062500000e+03 9.840003509297024721e+03
1.114776705995202065e+03 9.864971679687500000e+03 9.841867809800731266e+03
1.114797140188515186e+03 9.870446289062500000e+03 9.844168276992713800e+03
1.114817574182525277e+03 9.869971679687500000e+03 9.846923929308522929e+03
1.114838008376769722e+03 9.868379882812500000e+03 9.850153876159984065e+03
1.114858442470896989e+03 9.862257812500000000e+03 9.853877128980369889e+03
1.114878876465838403e+03 9.859506835937500000e+03 9.858112735959928614e+03
1.114899310660548508e+03 9.861835937500000000e+03 9.862879818321049243e+03
1.114919744755141437e+03 9.870774414062500000e+03 9.868197365415497188e+03
1.114940178750082850e+03 9.868591796875000000e+03 9.874084424530354227e+03
1.114960612945724279e+03 9.861801757812500000e+03 9.880560141894926346e+03
1.114981047041248530e+03 9.850678710937500000e+03 9.887643481951185095e+03
1.115001481236424297e+03 9.857766601562500000e+03 9.895353569508593864e+03
1.115021915232297033e+03 9.855801757812500000e+03 9.903709342470650881e+03
