8.205757630122825503e+02 9.611592773437500000e+03 9.622523308653515414e+03
8.205961974672973156e+02 9.615156250000000000e+03 9.622438867470689729e+03
8.206166318217292428e+02 9.615010742187500000e+03 9.622355233814090752e+03
8.206370660765096545e+02 9.614784179687500000e+03 9.622272404279585317e+03
8.206575005315244198e+02 9.613948242187500000e+03 9.622190374269033782e+03
8.206779348859563470e+02 9.609324218750000000e+03 9.622109141607375932e+03
8.206983691407367587e+02 9.627040039062500000e+03 9.622028702890736895e+03
8.207188035952858627e+02 9.614621093750000000e+03 9.621949053557793377e+03
8.207392379497177899e+02 9.610887695312500000e+03 9.621870191394735230e+03
8.207596722040325403e+02 9.617685546875000000e+03 9.621792113001536563e+03
8.207801066585816443e+02 9.618685546875000000e+03 9.621714813847829646e+03
8.208005410130135715e+02 9.615654296875000000e+03 9.621638291687031597e+03
8.208209752673283219e+02 9.607202148437500000e+03 9.621562543119260226e+03
8.208414097218774259e+02 9.619304687500000000e+03 9.621487563648321157e+03
8.208618440758436918e+02 9.620253906250000000e+03 9.621413350995138899e+03
8.208822784302756190e+02 9.627527343750000000e+03 9.621339901398601796e+03
8.209027127842418849e+02 9.625202148437500000e+03 9.621267211473590578e+03
8.209231471382081509e+02 9.635158203125000000e+03 9.621195277829927363e+03
8.209435814921744168e+02 9.606821289062500000e+03 9.621124097079144121e+03
8.209640158461406827e+02 9.628735351562500000e+03 9.621053665832756451e+03
8.209844502001069486e+02 9.616987304687500000e+03 9.620983980702283588e+03
8.210048845540732145e+02 9.620177734375000000e+03 9.620915038299248408e+03
8.210253189080394804e+02 9.625175781250000000e+03 9.620846835235166509e+03
8.210457532615400851e+02 9.621404296875000000e+03 9.620779368123090535e+03
8.210661876155063510e+02 9.619883789062500000e+03 9.620712633571458355e+03
8.210866219690069556e+02 9.619414062500000000e+03 9.620646628194843288e+03
8.211070563229732215e+02 9.612320312500000000e+03 9.620581348601748687e+03
8.211274907765910029e+02 9.621806640625000000e+03 9.620516791092142739e+03
8.211479250299744308e+02 9.622259765625000000e+03 9.620452953219637493e+03
8.211683594835922122e+02 9.613625000000000000e+03 9.620389830344647635e+03
8.211887938370928168e+02 9.620975585937500000e+03 9.620327420011737559e+03
8.212092280904762447e+02 9.635891601562500000e+03 9.620265718821987321e+03
8.212500968971289694e+02 9.620539062500000000e+03 9.620144428515972322e+03
8.212705311505123973e+02 9.617701171875000000e+03 9.620084833512790283e+03
8.212909656036645174e+02 9.614976562500000000e+03 9.620025933219052604e+03
8.213113999566994607e+02 9.620403320312500000e+03 9.619967725115748181e+03
8.213318342100828886e+02 9.620209960937500000e+03 9.619910205802949349e+03
8.213522686627693474e+02 9.631790039062500000e+03 9.619853371055687603e+03
8.213727030158042908e+02 9.618802734375000000e+03 9.619797218321964465e+03
8.213931374689564109e+02 9.619784179687500000e+03 9.619741743664348178e+03
8.214135717218741775e+02 9.622340820312500000e+03 9.619686944504761414e+03
8.214340060744434595e+02 9.620928710937500000e+03 9.619632816645540515e+03
8.214544404274784029e+02 9.615966796875000000e+03 9.619579356965874467e+03
8.214748747805133462e+02 9.611865234375000000e+03 9.619526562078528514e+03
8.214953091330826283e+02 9.617494140625000000e+03 9.619474428596200596e+03
8.215157434856519103e+02 9.621139648437500000e+03 9.619422953129198504e+03
8.215361778382211924e+02 9.618245117187500000e+03 9.619372132289046931e+03
8.215566121907904744e+02 9.624873046875000000e+03 9.619321962687266932e+03
8.215770465433597565e+02 9.620203125000000000e+03 9.619272440935379564e+03
8.215974808959290385e+02 9.629862304687500000e+03 9.619223563644900423e+03
8.216179152484983206e+02 9.624879882812500000e+03 9.619175327427352386e+03
8.216383497007191181e+02 9.617135742187500000e+03 9.619127728663685048e+03
8.216587839531712234e+02 9.624068359375000000e+03 9.619080764658196131e+03
8.216792184053920209e+02 9.625629882812500000e+03 9.619034431104135365e+03
8.216996527574956417e+02 9.615110351562500000e+03 9.618988725297587735e+03
8.217200870094820857e+02 9.614206054687500000e+03 9.618943643840890218e+03
8.217405214617028832e+02 9.630681640625000000e+03 9.618899182687495340e+03
8.217609558138065040e+02 9.628164062500000000e+03 9.618855339106983593e+03
8.217813900657929480e+02 9.630316406250000000e+03 9.618812109701826557e+03
8.218018245175480843e+02 9.624321289062500000e+03 9.618769490453600156e+03
8.218222588696517050e+02 9.620323242187500000e+03 9.618727478602791962e+03
8.218426931216381490e+02 9.620337890625000000e+03 9.618686070753004969e+03
8.218631275733932853e+02 9.619997070312500000e+03 9.618645262912470571e+03
8.218835619250312448e+02 9.624792968750000000e+03 9.618605052295963105e+03
8.219039961765520275e+02 9.613967773437500000e+03 9.618565435506259746e+03
8.219448649799451232e+02 9.620898437500000000e+03 9.618487968697436372e+03
8.219652994317002594e+02 9.622288085937500000e+03 9.618450112102605999e+03
8.219857336827553809e+02 9.617498046875000000e+03 9.618412835956954950e+03
8.220061680343933403e+02 9.634067382812500000e+03 9.618376136318154749e+03
8.220266024856828153e+02 9.619029296875000000e+03 9.618340009807845490e+03
8.220470367372035980e+02 9.624411132812500000e+03 9.618304453562706840e+03
8.220674710883758962e+02 9.626086914062500000e+03 9.618269463669075776e+03
8.220879055396653712e+02 9.625235351562500000e+03 9.618235036745962134e+03
8.221083398908376694e+02 9.623723632812500000e+03 9.618201169742214915e+03
8.221287741418927908e+02 9.617343750000000000e+03 9.618167859261155172e+03
8.221492085931822658e+02 9.621172851562500000e+03 9.618135101428764756e+03
8.221696429438889027e+02 9.615493164062500000e+03 9.618102893342826064e+03
8.221900772950612009e+02 9.627102539062500000e+03 9.618071231451556741e+03
8.222105116457678378e+02 9.623115234375000000e+03 9.618040112367911206e+03
8.222309458968229592e+02 9.625187500000000000e+03 9.618009532850508549e+03
8.222513803476467729e+02 9.622407226562500000e+03 9.617979489066736278e+03
8.222718146983534098e+02 9.615392578125000000e+03 9.617949978072936574e+03
8.222922489489428699e+02 9.623674804687500000e+03 9.617920996472825209e+03
8.223126833997666836e+02 9.627943359375000000e+03 9.617892540455815833e+03
8.223331177504733205e+02 9.621898437500000000e+03 9.617864607055536908e+03
8.223535520010627806e+02 9.615861328125000000e+03 9.617837192875860637e+03
8.223739864514209330e+02 9.627636718750000000e+03 9.617810294129765680e+03
8.223944208016619086e+02 9.625731445312500000e+03 9.617783907827290022e+03
8.224148550522513688e+02 9.619457031250000000e+03 9.617758030571865675e+03
8.224352895026095212e+02 9.613378906250000000e+03 9.617732658599565184e+03
8.224557238528504968e+02 9.615303710937500000e+03 9.617707788897943828e+03
8.224761583032086492e+02 9.619483398437500000e+03 9.617683417834792635e+03
8.224965925528667867e+02 9.619206054687500000e+03 9.617659542376735772e+03
8.225170269031077623e+02 9.620144531250000000e+03 9.617636158779641846e+03
8.225374613534659147e+02 9.613190429687500000e+03 9.617613263662786267e+03
8.225578956031240523e+02 9.617424804687500000e+03 9.617590853971147226e+03
8.225783299533650279e+02 9.626717773437500000e+03 9.617568925982275687e+03
8.225987644032575190e+02 9.612033203125000000e+03 9.617547476315749009e+03
8.226191987530328333e+02 9.617733398437500000e+03 9.617526501792755880e+03
8.226396330026909709e+02 9.617664062500000000e+03 9.617505999017859722e+03
8.226600674525834620e+02 9.616496093750000000e+03 9.617485964304674781e+03
8.226805018023587763e+02 9.612905273437500000e+03 9.617466394562628921e+03
8.227009360515512526e+02 9.618511718750000000e+03 9.617447286396867639e+03
8.227213705014437437e+02 9.614247070312500000e+03 9.617428636140557501e+03
8.227418048507533967e+02 9.613942382812500000e+03 9.617410440683554043e+03
8.227622393001802266e+02 9.614909179687500000e+03 9.617392696458620776e+03
8.227826735498383641e+02 9.611369140625000000e+03 9.617375400334398364e+03
8.228031078991480172e+02 9.616577148437500000e+03 9.617358548665688431e+03
8.228235423485748470e+02 9.609964843750000000e+03 9.617342138070123838e+03
8.228439765977673233e+02 9.618062500000000000e+03 9.617326165397207660e+03
8.228644108469597995e+02 9.627738281250000000e+03 9.617310627095550444e+03
8.228848452959209681e+02 9.622867187500000000e+03 9.617295519631126808e+03
8.229052796447649598e+02 9.620458007812500000e+03 9.617280839840315821e+03
8.229257138939574361e+02 9.624355468750000000e+03 9.617266584328059253e+03
8.229461483429186046e+02 9.613102539062500000e+03 9.617252749500101345e+03
8.229665826917625964e+02 9.630598632812500000e+03 9.617239332174056472e+03
8.229870171407237649e+02 9.616736328125000000e+03 9.617226328829943668e+03
8.230074513894505799e+02 9.613761718750000000e+03 9.617213736267385684e+03
8.230278857382945716e+02 9.620964843750000000e+03 9.617201550909801881e+03
8.230483201867900789e+02 9.616199218750000000e+03 9.617189769374941534e+03
8.230687544355168939e+02 9.608517578125000000e+03 9.617178388444006487e+03
8.230891887838952243e+02 9.612160156250000000e+03 9.617167404558818816e+03
8.231096232323907316e+02 9.615819335937500000e+03 9.617156814336454772e+03
8.231300575807690620e+02 9.613341796875000000e+03 9.617146614492190565e+03
8.231504918294958770e+02 9.620813476562500000e+03 9.617136801631619164e+03
8.231709262775257230e+02 9.612597656250000000e+03 9.617127372225517320e+03
8.231913606259040534e+02 9.612861328125000000e+03 9.617118323026152211e+03
8.232117948741652071e+02 9.618158203125000000e+03 9.617109650639700703e+03
8.232322293226607144e+02 9.626436523437500000e+03 9.617101351552968481e+03
8.232526636705733836e+02 9.622192382812500000e+03 9.617093422502379326e+03
8.232730981186032295e+02 9.614001953125000000e+03 9.617085860021525150e+03
8.232935323663987219e+02 9.607030273437500000e+03 9.617078660830407898e+03
8.233139667147770524e+02 9.619926757812500000e+03 9.617071821431922217e+03
8.233344011623412371e+02 9.619623046875000000e+03 9.617065338443309884e+03
8.233548354101367295e+02 9.621456054687500000e+03 9.617059208568321992e+03
8.233752697580493987e+02 9.612791992187500000e+03 9.617053428325947607e+03
8.233957042056135833e+02 9.621111328125000000e+03 9.617047994332944654e+03
8.234161384534090757e+02 9.618648437500000000e+03 9.617042903277935693e+03
8.234365728008560836e+02 9.620366210937500000e+03 9.617038151695327542e+03
8.234570072484202683e+02 9.614929687500000000e+03 9.617033736201488864e+03
8.234774414957500994e+02 9.622603515625000000e+03 9.617029653470392077e+03
8.234978758431971073e+02 9.624222656250000000e+03 9.617025900051110511e+03
8.235183101906441152e+02 9.619068359375000000e+03 9.617022472575985375e+03
8.235387445380911231e+02 9.619458007812500000e+03 9.617019367656539544e+03
8.235591789851896465e+02 9.618805664062500000e+03 9.617016581891482929e+03
8.235796132325194776e+02 9.620940429687500000e+03 9.617014111930831859e+03
8.236000475795008242e+02 9.619204101562500000e+03 9.617011954347603023e+03
8.236204820265993476e+02 9.622618164062500000e+03 9.617010105757821293e+03
8.236409163735806942e+02 9.612795898437500000e+03 9.617008562791117583e+03
8.236613506204448640e+02 9.617213867187500000e+03 9.617007322054547330e+03
8.236817850675433874e+02 9.616856445312500000e+03 9.617006380143597198e+03
8.237022194145247340e+02 9.618832031250000000e+03 9.617005733685829910e+03
8.237226536609232426e+02 9.612280273437500000e+03 9.617005379288446420e+03
8.237430881080217659e+02 9.613467773437500000e+03 9.617005313559882779e+03
8.237635224545374513e+02 9.616063476562500000e+03 9.617005533114741411e+03
8.237839567009359598e+02 9.621416992187500000e+03 9.617006034560374246e+03
8.238043911475688219e+02 9.609602539062500000e+03 9.617006814517728344e+03
8.238248254940845072e+02 9.616888671875000000e+03 9.617007869588898757e+03
8.238452599407173693e+02 9.611535156250000000e+03 9.617009196395723848e+03
8.238656941866502166e+02 9.618642578125000000e+03 9.617010791528191476e+03
8.238861285331659019e+02 9.620009765625000000e+03 9.617012651619392273e+03
8.239065629793331027e+02 9.621590820312500000e+03 9.617014773284623516e+03
8.239269972257316113e+02 9.618279296875000000e+03 9.617017153102420707e+03
8.239474315717816353e+02 9.612226562500000000e+03 9.617019787717290455e+03
8.239678660179488361e+02 9.619669921875000000e+03 9.617022673744528220e+03
8.239883002638816833e+02 9.617256835937500000e+03 9.617025807751400862e+03
8.240087346099317074e+02 9.621179687500000000e+03 9.617029186393692726e+03
8.240291690556332469e+02 9.621091796875000000e+03 9.617032806286406412e+03
8.240496033015660942e+02 9.621642578125000000e+03 9.617036663986267740e+03
8.240700376471504569e+02 9.617070312500000000e+03 9.617040756159589364e+03
8.240904720928519964e+02 9.613213867187500000e+03 9.617045079421404807e+03
8.241109064384363592e+02 9.617330078125000000e+03 9.617049630340858130e+03
8.241313407840207219e+02 9.613905273437500000e+03 9.617054405550086813e+03
8.241517751296050847e+02 9.619475585937500000e+03 9.617059401660624644e+03
8.241722094751894474e+02 9.614278320312500000e+03 9.617064615283990861e+03
8.241926438203081489e+02 9.607964843750000000e+03 9.617070043031581008e+03
8.242130781658925116e+02 9.612196289062500000e+03 9.617075681515172619e+03
8.242335125110112131e+02 9.620443359375000000e+03 9.617081527346024814e+03
8.242539468565955758e+02 9.615371093750000000e+03 9.617087577135935135e+03
8.242743812017142773e+02 9.613932617187500000e+03 9.617093827496151789e+03
8.242948154467158020e+02 9.618597656250000000e+03 9.617100275006261654e+03
8.243152498914860189e+02 9.612800781250000000e+03 9.617106916373842978e+03
8.243356842366047204e+02 9.622290039062500000e+03 9.617113748114516056e+03
8.243561186813749373e+02 9.619877929687500000e+03 9.617120766906406061e+03
8.243765529263764620e+02 9.608992187500000000e+03 9.617127969256835058e+03
8.243969872710295022e+02 9.618023437500000000e+03 9.617135351881519455e+03
8.244174217157997191e+02 9.617282226562500000e+03 9.617142911394770636e+03
8.244378559608012438e+02 9.612369140625000000e+03 9.617150644295896200e+03
8.244582903049886227e+02 9.621093750000000000e+03 9.617158547308281413e+03
8.244787247497588396e+02 9.614652343750000000e+03 9.617166617046461397e+03
8.244991589942947030e+02 9.617926757812500000e+03 9.617174850001960294e+03
8.245195933384820819e+02 9.620142578125000000e+03 9.617183242905928637e+03
8.245400277827866375e+02 9.618224609375000000e+03 9.617191792372406780e+03
8.245604620273225009e+02 9.615927734375000000e+03 9.617200494886319575e+03
8.245808963715098798e+02 9.611958007812500000e+03 9.617209347185593288e+03
8.246013308158144355e+02 9.626539062500000000e+03 9.617218345884124574e+03
8.246217651600018144e+02 9.613467773437500000e+03 9.617227487505248064e+03
8.246421995037235320e+02 9.619399414062500000e+03 9.617236768704009592e+03
8.246626338479109108e+02 9.622154296875000000e+03 9.617246186092350399e+03
8.246830681916326284e+02 9.608113281250000000e+03 9.617255736281371355e+03
8.247035025358200073e+02 9.616875976562500000e+03 9.617265415883033711e+03
8.247239368795417249e+02 9.605599609375000000e+03 9.617275221508416507e+03
8.247443712232634425e+02 9.620700195312500000e+03 9.617285149769269992e+03
8.247648055669851601e+02 9.615270507812500000e+03 9.617295197277113402e+03
8.247852399102412164e+02 9.617533203125000000e+03 9.617305360643242238e+03
8.248056742539629340e+02 9.625086914062500000e+03 9.617315636479645036e+03
8.248261085976846516e+02 9.609403320312500000e+03 9.617326021397613658e+03
8.248465429409407079e+02 9.618941406250000000e+03 9.617336512008438149e+03
8.248669772841967642e+02 9.610528320312500000e+03 9.617347104923870575e+03
8.248874116274528205e+02 9.616663085937500000e+03 9.617357796755441086e+03
8.249282804140821099e+02 9.628769531250000000e+03 9.617379463666624360e+03
8.249487146572209895e+02 9.614500000000000000e+03 9.617390431862238984e+03
8.249691490000113845e+02 9.617427734375000000e+03 9.617401485473361390e+03
8.249895834429189563e+02 9.610078125000000000e+03 9.617412621112998750e+03
8.250100176860578358e+02 9.603974609375000000e+03 9.617423835228672033e+03
8.250304520288482308e+02 9.617928710937500000e+03 9.617435124595653178e+03
8.250508864717558026e+02 9.608023437500000000e+03 9.617446485826807475e+03
8.250713207144290209e+02 9.622167968750000000e+03 9.617457915366154339e+03
8.250917550567537546e+02 9.621044921875000000e+03 9.617469409992459987e+03
8.251121894996613264e+02 9.618056640625000000e+03 9.617480966318704304e+03
8.251326237418688834e+02 9.608456054687500000e+03 9.617492580785592509e+03
8.251530580846592784e+02 9.616809570312500000e+03 9.617504250175474226e+03
8.251734925271011889e+02 9.615331054687500000e+03 9.617515971100128809e+03
8.251939268694259226e+02 9.614867187500000000e+03 9.617527740056468247e+03
8.252143612112849951e+02 9.613737304687500000e+03 9.617539553713064379e+03
8.252347955536097288e+02 9.615853515625000000e+03 9.617551408681976682e+03
8.252552298959344625e+02 9.614740234375000000e+03 9.617563301574464276e+03
8.252756643379107118e+02 9.609261718750000000e+03 9.617575229060290440e+03
8.252960985801182687e+02 9.612840820312500000e+03 9.617587187575983990e+03
8.253165329219773412e+02 9.613627929687500000e+03 9.617599173908069133e+03
8.253369673639535904e+02 9.615544921875000000e+03 9.617611184668727219e+03
8.253574016056954861e+02 9.622684570312500000e+03 9.617623216292789948e+03
8.253778359470888972e+02 9.614392578125000000e+03 9.617635265568202158e+03
8.253982703890651464e+02 9.613362304687500000e+03 9.617647329107277983e+03
8.254187046308070421e+02 9.615631835937500000e+03 9.617659403343863232e+03
8.254391389722004533e+02 9.607267578125000000e+03 9.617671485066613968e+03
8.254595733135938644e+02 9.614031250000000000e+03 9.617683570828192387e+03
8.254800076549872756e+02 9.607106445312500000e+03 9.617695657240128639e+03
8.255004420964978635e+02 9.617757812500000000e+03 9.617707740973139153e+03
8.255208763377740979e+02 9.614850585937500000e+03 9.617719818461173418e+03
8.255413106791675091e+02 9.610087890625000000e+03 9.617731886493336788e+03
8.255617451202124357e+02 9.611285156250000000e+03 9.617743941680713760e+03
8.255821793610230088e+02 9.608029296875000000e+03 9.617755980458023259e+03
8.256026137019507587e+02 9.619045898437500000e+03 9.617767999613874053e+03
8.256230481429956853e+02 9.609892578125000000e+03 9.617779995759479789e+03
8.256434823838062584e+02 9.620665039062500000e+03 9.617791965330226958e+03
8.256639167247340083e+02 9.612719726562500000e+03 9.617803905113782093e+03
8.256843511657789350e+02 9.613770507812500000e+03 9.617815811721204227e+03
8.257047855062410235e+02 9.611078125000000000e+03 9.617827681647066129e+03
8.257252197470515966e+02 9.617670898437500000e+03 9.617839511504000257e+03
8.257456541876308620e+02 9.605973632812500000e+03 9.617851298076559033e+03
8.257660885280929506e+02 9.613378906250000000e+03 9.617863037802973849e+03
8.257865228685550392e+02 9.614190429687500000e+03 9.617874727352624177e+03
8.258069572085514665e+02 9.613701171875000000e+03 9.617886363336780050e+03
8.258273915490135550e+02 9.621432617187500000e+03 9.617897942367488213e+03
8.258478259891271591e+02 9.607455078125000000e+03 9.617909461112034478e+03
8.258682602294720709e+02 9.608579101562500000e+03 9.617920916013626993e+03
8.258886945694684982e+02 9.612011718750000000e+03 9.617932303852110635e+03
8.259091290095821023e+02 9.617777343750000000e+03 9.617943621238267951e+03
8.259295632494613528e+02 9.613227539062500000e+03 9.617954864617810017e+03
8.259499975894577801e+02 9.613524414062500000e+03 9.617966030768078781e+03
8.259704320291057229e+02 9.619456054687500000e+03 9.617977116299185582e+03
8.259908662689849734e+02 9.621986328125000000e+03 9.617988117660835997e+03
8.260113007086329162e+02 9.620080078125000000e+03 9.617999031679635664e+03
8.260317350481636822e+02 9.612133789062500000e+03 9.618009854806296062e+03
8.260521692880429327e+02 9.609938476562500000e+03 9.618020583653944414e+03
8.260726037272252142e+02 9.616587890625000000e+03 9.618031214990369335e+03
8.260930380667559803e+02 9.618681640625000000e+03 9.618041745270840693e+03
8.261134724058210850e+02 9.619247070312500000e+03 9.618052171158733472e+03
8.261339067453518510e+02 9.610671875000000000e+03 9.618062489266048942e+03
8.261543410844169557e+02 9.617170898437500000e+03 9.618072696203846135e+03
8.261747754239477217e+02 9.612100585937500000e+03 9.618082788584113587e+03
8.261952097625471652e+02 9.618510742187500000e+03 9.618092763017695688e+03
8.262156441016122699e+02 9.620500000000000000e+03 9.618102616116808349e+03
8.262360783405601978e+02 9.616302734375000000e+03 9.618112344445393319e+03
8.262565127797424793e+02 9.612418945312500000e+03 9.618121944757036545e+03
8.262769471183419228e+02 9.618570312500000000e+03 9.618131413520997739e+03
8.262973814569413662e+02 9.614248046875000000e+03 9.618140747396368170e+03
8.263178157955408096e+02 9.609916015625000000e+03 9.618149942994681624e+03
8.263382501341402531e+02 9.612601562500000000e+03 9.618158996927464614e+03
8.263586845728568733e+02 9.611904296875000000e+03 9.618167905849531962e+03
8.263791188113391399e+02 9.611696289062500000e+03 9.618176666242550709e+03
8.263995531499385834e+02 9.609823242187500000e+03 9.618185274847906840e+03
8.264199875881895423e+02 9.615582031250000000e+03 9.618193728274682144e+03
8.264404218262061477e+02 9.616550781250000000e+03 9.618202023011512210e+03
8.264608561643399298e+02 9.614265625000000000e+03 9.618210155793014565e+03
8.264812906025908887e+02 9.612067382812500000e+03 9.618218123228311015e+03
8.265017248406074941e+02 9.619786132812500000e+03 9.618225921813056630e+03
8.265221591787412763e+02 9.617261718750000000e+03 9.618233548274649365e+03
8.265425936165265739e+02 9.611203125000000000e+03 9.618240999221899983e+03
8.265630278540775180e+02 9.624083984375000000e+03 9.618248271158303396e+03
8.265834622918628156e+02 9.620405273437500000e+03 9.618255360837869375e+03
8.266038966295309365e+02 9.618401367187500000e+03 9.618262264766584849e+03
8.266243308670818806e+02 9.616947265625000000e+03 9.618268979558723004e+03
8.266447653048671782e+02 9.617386718750000000e+03 9.618275501923111733e+03
8.266651996425352991e+02 9.610598632812500000e+03 9.618281828373976168e+03
8.266856339797377586e+02 9.609256835937500000e+03 9.618287955555148073e+03
8.267060683169402182e+02 9.622916992187500000e+03 9.618293880319379241e+03
8.267265026541426778e+02 9.617825195312500000e+03 9.618299602318509642e+03
8.267469369913451374e+02 9.619977539062500000e+03 9.618305123008722148e+03
8.267673713285475969e+02 9.616808593750000000e+03 9.618310443876205682e+03
8.267878056657500565e+02 9.609312500000000000e+03 9.618315566407152801e+03
8.268082400024868548e+02 9.617293945312500000e+03 9.618320492087636012e+03
8.268286743396893144e+02 9.623630859375000000e+03 9.618325222404073429e+03
8.268491086764261127e+02 9.611390625000000000e+03 9.618329758842432057e+03
8.268695431132800877e+02 9.618669921875000000e+03 9.618334102909828289e+03
8.268899773498997092e+02 9.619635742187500000e+03 9.618338256030005141e+03
8.269104116866365075e+02 9.620576171875000000e+03 9.618342219751595621e+03
8.269308461230248213e+02 9.634326171875000000e+03 9.618345995557931019e+03
8.269512803596444428e+02 9.623590820312500000e+03 9.618349584881239934e+03
8.269717146959155798e+02 9.625016601562500000e+03 9.618352989261682524e+03
8.269921491323038936e+02 9.621260742187500000e+03 9.618356210182815630e+03
8.270125833684578538e+02 9.622881835937500000e+03 9.618359249084827752e+03
8.270330177047289908e+02 9.622285156250000000e+03 9.618362107499906415e+03
8.270534521411173046e+02 9.610684570312500000e+03 9.618364786911603005e+03
8.270738863768056035e+02 9.626907226562500000e+03 9.618367288767969512e+03
8.270943207130767405e+02 9.624529296875000000e+03 9.618369614593384540e+03
8.271147551489993930e+02 9.620105468750000000e+03 9.618371765871357638e+03
8.271351893846876919e+02 9.621622070312500000e+03 9.618373744057778822e+03
8.271556238206103444e+02 9.612741210937500000e+03 9.618375550677621504e+03
8.271760581564158201e+02 9.627645507812500000e+03 9.618377187189254983e+03
8.271964924917556345e+02 9.622687500000000000e+03 9.618378655088112282e+03
8.272169268275611103e+02 9.626399414062500000e+03 9.618379955860447808e+03
8.272373611629009247e+02 9.612766601562500000e+03 9.618381090992388636e+03
8.272577954982407391e+02 9.616990234375000000e+03 9.618382061970150971e+03
8.272782298335805535e+02 9.608815429687500000e+03 9.618382870279925555e+03
8.272986641689203680e+02 9.613012695312500000e+03 9.618383517407899490e+03
8.273190985037945211e+02 9.620949218750000000e+03 9.618384004840252601e+03
8.273395329392515123e+02 9.617379882812500000e+03 9.618384334064419818e+03
8.273599671740084887e+02 9.618333007812500000e+03 9.618384506562895695e+03
8.273804015093483031e+02 9.613300781250000000e+03 9.618384523825552606e+03
8.274008359438739717e+02 9.615657226562500000e+03 9.618384387336314830e+03
8.274212701790966094e+02 9.619038085937500000e+03 9.618384098584487219e+03
8.274417046136222780e+02 9.622935546875000000e+03 9.618383659050636197e+03
8.274621389484964311e+02 9.627988281250000000e+03 9.618383070226274867e+03
8.274825731827877462e+02 9.618046875000000000e+03 9.618382333599804042e+03
8.275030076173134148e+02 9.621124023437500000e+03 9.618381450645494624e+03
8.275234418520703912e+02 9.621096679687500000e+03 9.618380422866799563e+03
8.275438761864788830e+02 9.617321289062500000e+03 9.618379251735912476e+03
8.275643106205388904e+02 9.616104492187500000e+03 9.618377938736930446e+03
8.275847448548302054e+02 9.614320312500000000e+03 9.618376485376318669e+03
8.276051791887730360e+02 9.630293945312500000e+03 9.618374893119993430e+03
8.276256136232987046e+02 9.626412109375000000e+03 9.618373163452040899e+03
8.276460478571243584e+02 9.619760742187500000e+03 9.618371297885152671e+03
8.276664821910671890e+02 9.619295898437500000e+03 9.618369297879053192e+03
8.276869166246615350e+02 9.621548828125000000e+03 9.618367164918014169e+03
8.277073509586043656e+02 9.620462890625000000e+03 9.618364900509033760e+03
8.277277852925471961e+02 9.628791015625000000e+03 9.618362506128218229e+03
8.277482196260243654e+02 9.624871093750000000e+03 9.618359983261816524e+03
8.277686539595015347e+02 9.624640625000000000e+03 9.618357333395962996e+03
8.277890882929787040e+02 9.620555664062500000e+03 9.618354558016844749e+03
8.278095226264558733e+02 9.625784179687500000e+03 9.618351658610647064e+03
8.278299569599330425e+02 9.624690429687500000e+03 9.618348636663558864e+03
8.278503912929445505e+02 9.623049804687500000e+03 9.618345493661840010e+03
8.278708256264217198e+02 9.618139648437500000e+03 9.618342231091533904e+03
8.279116943925619125e+02 9.611513671875000000e+03 9.618335353172871692e+03
8.279321286254562438e+02 9.624465820312500000e+03 9.618331740831648858e+03
8.279525629584677517e+02 9.619716796875000000e+03 9.618328014849246756e+03
8.279729973911307752e+02 9.615310546875000000e+03 9.618324176710280881e+03
8.279934316240251064e+02 9.616525390625000000e+03 9.618320227958000032e+03
8.280138660566881299e+02 9.619289062500000000e+03 9.618316170001387945e+03
8.280343003892339766e+02 9.612524414062500000e+03 9.618312004385390537e+03
8.280547346216626465e+02 9.615796875000000000e+03 9.618307732597768336e+03
8.280751690543256700e+02 9.623286132812500000e+03 9.618303356061143859e+03
8.280956033864058554e+02 9.617277343750000000e+03 9.618298876325370657e+03
8.281160376188345253e+02 9.618393554687500000e+03 9.618294294877938228e+03
8.281364720510318875e+02 9.625714843750000000e+03 9.618289613137165361e+03
8.281569063831120729e+02 9.611703125000000000e+03 9.618284832657209336e+03
8.281773406150750816e+02 9.620079101562500000e+03 9.618279954925703350e+03
8.281977750472724438e+02 9.619982421875000000e+03 9.618274981356429635e+03
8.282182092792354524e+02 9.617732421875000000e+03 9.618269913533036743e+03
8.282386437109671533e+02 9.624222656250000000e+03 9.618264752842522284e+03
8.282590780425816774e+02 9.613166992187500000e+03 9.618259500846130322e+03
8.282795123741962016e+02 9.628070312500000000e+03 9.618254159004995017e+03
8.282999467058107257e+02 9.630130859375000000e+03 9.618248728805296196e+03
8.283203810374252498e+02 9.620739257812500000e+03 9.618243211733228236e+03
8.283408153690397739e+02 9.614597656250000000e+03 9.618237609274972783e+03
8.283612498003058136e+02 9.617771484375000000e+03 9.618231922888786357e+03
8.283816840318031609e+02 9.616540039062500000e+03 9.618226154144784232e+03
8.284021183629520237e+02 9.618012695312500000e+03 9.618220304445228976e+03
8.284225527937524021e+02 9.615036132812500000e+03 9.618214375275134444e+03
8.284429870252497494e+02 9.611354492187500000e+03 9.618208368208002867e+03
8.284634213559329510e+02 9.623710937500000000e+03 9.618202284642846280e+03
8.284838557871989906e+02 9.622804687500000000e+03 9.618196126064322016e+03
8.285042900177650154e+02 9.608960937500000000e+03 9.618189894049963186e+03
8.285247244485653937e+02 9.607906250000000000e+03 9.618183589963693521e+03
8.285451587792485952e+02 9.617264648437500000e+03 9.618177215383828297e+03
8.285655930098146200e+02 9.617994140625000000e+03 9.618170771797587804e+03
8.285860274401493371e+02 9.612806640625000000e+03 9.618164260596091481e+03
8.286064617708325386e+02 9.617889648437500000e+03 9.618157683360441297e+03
8.286268960013985634e+02 9.610762695312500000e+03 9.618151041577933938e+03
8.286473304317332804e+02 9.613903320312500000e+03 9.618144336636816661e+03
8.286677647614851594e+02 9.607844726562500000e+03 9.618137570121369208e+03
8.286881989920511842e+02 9.619271484375000000e+03 9.618130743518215240e+03
8.287086334219202399e+02 9.609447265625000000e+03 9.618123858213381027e+03
8.287290677516721189e+02 9.626065429687500000e+03 9.618116915793521912e+03
8.287495020818896592e+02 9.614973632812500000e+03 9.618109917711071830e+03
8.287699364116415381e+02 9.630700195312500000e+03 9.618102865452536207e+03
8.287903707413934171e+02 9.625215820312500000e+03 9.618095760503943893e+03
8.288108050711452961e+02 9.618619140625000000e+03 9.618088604351481990e+03
8.288312394004315138e+02 9.616573242187500000e+03 9.618081398481499491e+03
8.288516737301833928e+02 9.621412109375000000e+03 9.618074144379854260e+03
8.288721080594696105e+02 9.621561523437500000e+03 9.618066843533066276e+03
8.288925423887558281e+02 9.633031250000000000e+03 9.618059497427155293e+03
8.289129767180420458e+02 9.623211914062500000e+03 9.618052107548308413e+03
8.289334111474454403e+02 9.625870117187500000e+03 9.618044675346196527e+03
8.289538453766144812e+02 9.623592773437500000e+03 9.618037202416548098e+03
8.289742797054350376e+02 9.625694335937500000e+03 9.618029690136183490e+03
8.289947141343727708e+02 9.623617187500000000e+03 9.618022139990547657e+03
8.290151483635418117e+02 9.619709960937500000e+03 9.618014553576900653e+03
8.290355826923623681e+02 9.621719726562500000e+03 9.618006932270523976e+03
8.290560171208344400e+02 9.615565429687500000e+03 9.617999277557111782e+03
8.290764513495378196e+02 9.614905273437500000e+03 9.617991591035250167e+03
8.290968857780098915e+02 9.623444335937500000e+03 9.617983874040841329e+03
8.291173201063647866e+02 9.625140625000000000e+03 9.617976128173108009e+03
8.291377543350681663e+02 9.622820312500000000e+03 9.617968354918470141e+03
8.291581887630745769e+02 9.624958007812500000e+03 9.617960555649195157e+03
8.291786230914294720e+02 9.621294921875000000e+03 9.617952731965389830e+03
8.291990574197843671e+02 9.624955078125000000e+03 9.617944885315269858e+03
8.292194917476736009e+02 9.622701171875000000e+03 9.617937017185198783e+03
8.292399260755628347e+02 9.618390625000000000e+03 9.617929129061179992e+03
8.292603604034520686e+02 9.624126953125000000e+03 9.617921222429409681e+03
8.292807947313413024e+02 9.626279296875000000e+03 9.617913298776064039e+03
8.293012290592305362e+02 9.617155273437500000e+03 9.617905359587333805e+03
8.293216634867712855e+02 9.622608398437500000e+03 9.617897406310583392e+03
8.293420978146605194e+02 9.619162109375000000e+03 9.617889440509585256e+03
8.293625320419669151e+02 9.620576171875000000e+03 9.617881463671052188e+03
8.293829664695076644e+02 9.622792968750000000e+03 9.617873477163673670e+03
8.294034007969312370e+02 9.622182617187500000e+03 9.617865482590956162e+03
8.294238350242376328e+02 9.612763671875000000e+03 9.617857481439186813e+03
8.294442694513127208e+02 9.617921875000000000e+03 9.617849475077100578e+03
8.294647036786191165e+02 9.616503906250000000e+03 9.617841465147408599e+03
8.294851380055770278e+02 9.610434570312500000e+03 9.617833453018953151e+03
8.295055724326521158e+02 9.626384765625000000e+03 9.617825440177710334e+03
8.295260066594928503e+02 9.633452148437500000e+03 9.617817428227648634e+03
8.295464409859851003e+02 9.620983398437500000e+03 9.617809418537359306e+03
8.295668754125945270e+02 9.616583007812500000e+03 9.617801412592889392e+03
8.295873096394352615e+02 9.618217773437500000e+03 9.617793411997881776e+03
8.296077440660446882e+02 9.625216796875000000e+03 9.617785418082103206e+03
8.296281783925369382e+02 9.623612304687500000e+03 9.617777432449103799e+03
8.296486126189120114e+02 9.621647460937500000e+03 9.617769456584945146e+03
8.296690470450557768e+02 9.608759765625000000e+03 9.617761491858829686e+03
8.296894813715480268e+02 9.620668945312500000e+03 9.617753539873743648e+03
8.297099155974574387e+02 9.625894531250000000e+03 9.617745602116028749e+03
8.297303500236012042e+02 9.618791992187500000e+03 9.617737679955134809e+03
8.297507843496277928e+02 9.622442382812500000e+03 9.617729774993807951e+03
8.297712186756543815e+02 9.620894531250000000e+03 9.617721888679378026e+03
8.297916530012153089e+02 9.618936523437500000e+03 9.617714022498214035e+03
8.298120873267762363e+02 9.615100585937500000e+03 9.617706177936313907e+03
8.298325216528028250e+02 9.612770507812500000e+03 9.617698356479693757e+03
8.298529559783637524e+02 9.623484375000000000e+03 9.617690559614886297e+03
8.298733903034590185e+02 9.619920898437500000e+03 9.617682788828089542e+03
8.298938247291371226e+02 9.617119140625000000e+03 9.617675045567251800e+03
8.299142590542323887e+02 9.616864257812500000e+03 9.617667331394801295e+03
8.299346932796761394e+02 9.618608398437500000e+03 9.617659647796133868e+03
8.299551277048885822e+02 9.624702148437500000e+03 9.617651996145079465e+03
8.299755620299838483e+02 9.623251953125000000e+03 9.617644378040349693e+03
8.299959962549619377e+02 9.617664062500000000e+03 9.617636794967631431e+03
8.300164306797087193e+02 9.620453125000000000e+03 9.617629248302084306e+03
8.300368650043383241e+02 9.620500000000000000e+03 9.617621739640919259e+03
8.300572992293164134e+02 9.626761718750000000e+03 9.617614270469577605e+03
8.300777336540631950e+02 9.620967773437500000e+03 9.617606842165097987e+03
8.300981679782271385e+02 9.630153320312500000e+03 9.617599456323156119e+03
8.301186022032052279e+02 9.618449218750000000e+03 9.617592114428793138e+03
8.301390366274863482e+02 9.616720703125000000e+03 9.617584817861283227e+03
8.301594709516502917e+02 9.612648437500000000e+03 9.617577568214059283e+03
8.301799052758142352e+02 9.622139648437500000e+03 9.617570366937443396e+03
8.302003395999781787e+02 9.620889648437500000e+03 9.617563215517624485e+03
8.302207738240249455e+02 9.621858398437500000e+03 9.617556115475445040e+03
8.302412082483060658e+02 9.619874023437500000e+03 9.617549068193115090e+03
8.302616425720043480e+02 9.611116210937500000e+03 9.617542075260949787e+03
8.302820768957026303e+02 9.614750000000000000e+03 9.617535138130320775e+03
8.303025112194009125e+02 9.615036132812500000e+03 9.617528258287409699e+03
8.303229455430991948e+02 9.622592773437500000e+03 9.617521437218405481e+03
8.303433798667974770e+02 9.622383789062500000e+03 9.617514676409486128e+03
8.303638141904957592e+02 9.615267578125000000e+03 9.617507977346844200e+03
8.303842485137283802e+02 9.617976562500000000e+03 9.617501341516814136e+03
8.304046828369610012e+02 9.623668945312500000e+03 9.617494770405424788e+03
8.304251172603107989e+02 9.621585937500000000e+03 9.617488265467158271e+03
8.304455514834262431e+02 9.620971679687500000e+03 9.617481828283314826e+03
8.304659859063103795e+02 9.622031250000000000e+03 9.617475460214080158e+03
8.304864202295430005e+02 9.628989257812500000e+03 9.617469162839461205e+03
8.305068544521927834e+02 9.618685546875000000e+03 9.617462937644875637e+03
8.305272888750769198e+02 9.613757812500000000e+03 9.617456786025408292e+03
8.305477231978438795e+02 9.623626953125000000e+03 9.617450709558201197e+03
8.305681574204936624e+02 9.615991210937500000e+03 9.617444709728330054e+03
8.305885918429121375e+02 9.609324218750000000e+03 9.617438787934490392e+03
8.306090261656790972e+02 9.619111328125000000e+03 9.617432945750220824e+03
8.306294603878632188e+02 9.616398437500000000e+03 9.617427184660784405e+03
8.306498948102816939e+02 9.617475585937500000e+03 9.617421506068163580e+03
8.306703291321173310e+02 9.626258789062500000e+03 9.617415911542742833e+03
8.306907635545358062e+02 9.618022460937500000e+03 9.617410402515644819e+03
8.307111977767199278e+02 9.619816406250000000e+03 9.617404980553525093e+03
8.307316320985555649e+02 9.623157226562500000e+03 9.617399647062349686e+03
8.307520664203912020e+02 9.617265625000000000e+03 9.617394403554959354e+03
8.307725007422268391e+02 9.622181640625000000e+03 9.617389251517535740e+03
8.307929350635968149e+02 9.628738281250000000e+03 9.617384192436376907e+03
8.308133693854324520e+02 9.621718750000000000e+03 9.617379227797442582e+03
8.308338037068024278e+02 9.611322265625000000e+03 9.617374359087139965e+03
8.308542380281724036e+02 9.619754882812500000e+03 9.617369587791541562e+03
8.308951066709123552e+02 9.627686523437500000e+03 9.617360343389194895e+03
8.309155409922823310e+02 9.618054687500000000e+03 9.617355873254813559e+03
8.309359753131866455e+02 9.624624023437500000e+03 9.617351506479973978e+03
8.309564096340909600e+02 9.618884765625000000e+03 9.617347244550755931e+03
8.309768440551124513e+02 9.610056640625000000e+03 9.617343088933244871e+03
8.309972783760167658e+02 9.614859375000000000e+03 9.617339041154355073e+03
8.310177125968039036e+02 9.614795898437500000e+03 9.617335102698678384e+03
8.310381470173597336e+02 9.613004882812500000e+03 9.617331274995398417e+03
8.310585813377983868e+02 9.616540039062500000e+03 9.617327559587694850e+03
8.310790155585855246e+02 9.622057617187500000e+03 9.617323957960004918e+03
8.310994499786756933e+02 9.623328125000000000e+03 9.617320471546663612e+03
8.311198842991143465e+02 9.619348632812500000e+03 9.617317101885708325e+03
8.311403185194358230e+02 9.622759765625000000e+03 9.617313850461676338e+03
8.311607529395259917e+02 9.616935546875000000e+03 9.617310718713903043e+03
8.311811872594989836e+02 9.612652343750000000e+03 9.617307708175423613e+03
8.312016214793547988e+02 9.625013671875000000e+03 9.617304820330620714e+03
8.312220558994449675e+02 9.610528320312500000e+03 9.617302056624143006e+03
8.312424902189522982e+02 9.621507812500000000e+03 9.617299418583770603e+03
8.312629246385768056e+02 9.607026367187500000e+03 9.617296907669791835e+03
8.312833588584326208e+02 9.615012695312500000e+03 9.617294525404300657e+03
8.313037931779399514e+02 9.614871093750000000e+03 9.617292273237628251e+03
8.313242275970987976e+02 9.620410156250000000e+03 9.617290152657871658e+03
8.313446620167233050e+02 9.613291992187500000e+03 9.617288165162492078e+03
8.313650963357649744e+02 9.623115234375000000e+03 9.617286312246533271e+03
8.313855307549238205e+02 9.618625000000000000e+03 9.617284595377997903e+03
8.314059650739654899e+02 9.614862304687500000e+03 9.617283016059891452e+03
8.314263992933556437e+02 9.617112304687500000e+03 9.617281575776338286e+03
8.314468337120488286e+02 9.619918945312500000e+03 9.617280275993474788e+03
8.314672680310904980e+02 9.616339843750000000e+03 9.617279118217535142e+03
8.314877022495493293e+02 9.622091796875000000e+03 9.617278103932652812e+03
8.315081366682425141e+02 9.619960937500000000e+03 9.617277234611141466e+03
8.315285709868185222e+02 9.612033203125000000e+03 9.617276511753028899e+03
8.315490054050460458e+02 9.618741210937500000e+03 9.617275936837446352e+03
8.315694396235048771e+02 9.624432617187500000e+03 9.617275511357905998e+03
8.315898738419637084e+02 9.621178710937500000e+03 9.617275236794223019e+03
8.316103082601912320e+02 9.625698242187500000e+03 9.617275114632115219e+03
8.316307425783015788e+02 9.614580078125000000e+03 9.617275146360680083e+03
8.316511767962947488e+02 9.611265625000000000e+03 9.617275333463827337e+03
8.316716112140566111e+02 9.619908203125000000e+03 9.617275677431629447e+03
8.316920455321669579e+02 9.617459960937500000e+03 9.617276179746389971e+03
8.317124797496944666e+02 9.620097656250000000e+03 9.617276841891929507e+03
8.317329141674563289e+02 9.620830078125000000e+03 9.617277665365354551e+03
8.317533484851010144e+02 9.615959960937500000e+03 9.617278651641936449e+03
8.317737827026285231e+02 9.616571289062500000e+03 9.617279802205453962e+03
8.317942171199247241e+02 9.604446289062500000e+03 9.617281118560187679e+03
8.318146514371037483e+02 9.615531250000000000e+03 9.617282602174218482e+03
8.318350858543999493e+02 9.607132812500000000e+03 9.617284254548283570e+03
8.318555200714617968e+02 9.607464843750000000e+03 9.617286077143031434e+03
8.318759543886408210e+02 9.617064453125000000e+03 9.617288071470180512e+03
8.318963888054713607e+02 9.609643554687500000e+03 9.617290239018399006e+03
8.319168231221847236e+02 9.613271484375000000e+03 9.617292581252680975e+03
8.319372573392465711e+02 9.614836914062500000e+03 9.617295099656690581e+03
8.319576917556114495e+02 9.619087890625000000e+03 9.617297795754750041e+03
8.319781260723248124e+02 9.617085937500000000e+03 9.617300670994904067e+03
8.319985602889209986e+02 9.616213867187500000e+03 9.617303726860634924e+03
8.320189947052858770e+02 9.613007812500000000e+03 9.617306964884297486e+03
8.320394290215335786e+02 9.606302734375000000e+03 9.617310386505898350e+03
8.320598632376641035e+02 9.610078125000000000e+03 9.617313993208903412e+03
8.320802976540289819e+02 9.619218750000000000e+03 9.617317786533878461e+03
8.321007319698110223e+02 9.609296875000000000e+03 9.617321767912539144e+03
8.321211663857102394e+02 9.618747070312500000e+03 9.617325938870173559e+03
8.321416006013751030e+02 9.601508789062500000e+03 9.617330300830268243e+03
8.321620349176228046e+02 9.619686523437500000e+03 9.617334855341816365e+03
8.321824693330563605e+02 9.611790039062500000e+03 9.617339603893517051e+03
8.322029035487212241e+02 9.607031250000000000e+03 9.617344547900651378e+03
8.322233378640376031e+02 9.612524414062500000e+03 9.617349688920403423e+03
8.322437721793539822e+02 9.613367187500000000e+03 9.617355028415324341e+03
8.322642064946703613e+02 9.603511718750000000e+03 9.617360567871597596e+03
8.322846408099867404e+02 9.616212890625000000e+03 9.617366308775406651e+03
8.323050751253031194e+02 9.604892578125000000e+03 9.617372252612931334e+03
8.323255094401538372e+02 9.601125976562500000e+03 9.617378400870216865e+03
8.323459437550045550e+02 9.603717773437500000e+03 9.617384755033577676e+03
8.323663780698552728e+02 9.614362304687500000e+03 9.617391316589200869e+03
8.323868123847059906e+02 9.614284179687500000e+03 9.617398087023266271e+03
8.324072467992082238e+02 9.608737304687500000e+03 9.617405067856514506e+03
8.324276811140589416e+02 9.610828125000000000e+03 9.617412260507051542e+03
8.324481153283268213e+02 9.622239257812500000e+03 9.617419666457606581e+03
8.324685497428290546e+02 9.612217773437500000e+03 9.617427287304955826e+03
8.324889840572141111e+02 9.613018554687500000e+03 9.617435124424848254e+03
8.325094182714819908e+02 9.616287109375000000e+03 9.617443179300284100e+03
8.325298526855185628e+02 9.614479492187500000e+03 9.617451453537250927e+03
8.325502869994379580e+02 9.622559570312500000e+03 9.617459948502113548e+03
8.325707212132401764e+02 9.617821289062500000e+03 9.617468665677799436e+03
8.325911556272767484e+02 9.608806640625000000e+03 9.617477606680258759e+03
8.326115899407304823e+02 9.616410156250000000e+03 9.617486772865695457e+03
8.326320241545327008e+02 9.607466796875000000e+03 9.617496165717389886e+03
8.326524585681036115e+02 9.612550781250000000e+03 9.617505786860830995e+03
8.326728928815573454e+02 9.610539062500000000e+03 9.617515637642676666e+03
8.326933272951282561e+02 9.612543945312500000e+03 9.617525719645653226e+03
8.327137615084648132e+02 9.615406250000000000e+03 9.617536034206052136e+03
8.327341958214528859e+02 9.608750000000000000e+03 9.617546582959705120e+03
8.327546302345581353e+02 9.613237304687500000e+03 9.617557367396479094e+03
8.327750644474290311e+02 9.613689453125000000e+03 9.617568388842310014e+03
8.327954987604171038e+02 9.611229492187500000e+03 9.617579648943627035e+03
8.328159331730566919e+02 9.610474609375000000e+03 9.617591149157517066e+03
8.328363673859275877e+02 9.608667968750000000e+03 9.617602888831659584e+03
8.328568016984499991e+02 9.612520507812500000e+03 9.617614864656541613e+03
8.328772361110895872e+02 9.616032226562500000e+03 9.617627072898558254e+03
8.328976704236119986e+02 9.613206054687500000e+03 9.617639509700748022e+03
8.329181046360172331e+02 9.612315429687500000e+03 9.617652171322475624e+03
8.329385389480739832e+02 9.607355468750000000e+03 9.617665054150213109e+03
8.329589732601307333e+02 9.604416015625000000e+03 9.617678154385448579e+03
8.329794076723046601e+02 9.611434570312500000e+03 9.617691468356619225e+03
8.329998419843614101e+02 9.616837890625000000e+03 9.617704992195933301e+03
8.330202761963009834e+02 9.618591796875000000e+03 9.617718722163022903e+03
8.330407106080092490e+02 9.613967773437500000e+03 9.617732654723558881e+03
8.330611449196003377e+02 9.610393554687500000e+03 9.617746785937233653e+03
8.330815791310742497e+02 9.624761718750000000e+03 9.617761112063848486e+03
8.331020135427825153e+02 9.615883789062500000e+03 9.617775629578070948e+03
8.331224478539079428e+02 9.612810546875000000e+03 9.617790334530269320e+03
8.331428820653818548e+02 9.614776367187500000e+03 9.617805223181072506e+03
8.331633164766244590e+02 9.603661132812500000e+03 9.617820292012660502e+03
8.331837507877498865e+02 9.616189453125000000e+03 9.617835537067889163e+03
8.332041851985268295e+02 9.612352539062500000e+03 9.617850954758436274e+03
8.332246194095350802e+02 9.613364257812500000e+03 9.617866541119838075e+03
8.332450537206605077e+02 9.618026367187500000e+03 9.617882292642283574e+03
8.332654881314374506e+02 9.613949218750000000e+03 9.617898205590505313e+03
8.332859223419800401e+02 9.617209960937500000e+03 9.617914275992485273e+03
8.333063566526398063e+02 9.616784179687500000e+03 9.617930500345972177e+03
8.333267910629510880e+02 9.614705078125000000e+03 9.617946874915514854e+03
8.333472252730280161e+02 9.616883789062500000e+03 9.617963395722406858e+03
8.333676595832221210e+02 9.613768554687500000e+03 9.617980059271099890e+03
8.333880939935334027e+02 9.615382812500000000e+03 9.617996861826353779e+03
8.334085282036103308e+02 9.620283203125000000e+03 9.618013799402882796e+03
8.334289625138044357e+02 9.615138671875000000e+03 9.618030868511354129e+03
8.334698312333784997e+02 9.617839843750000000e+03 9.618065386211257646e+03
8.334902655431069434e+02 9.619365234375000000e+03 9.618082827243875727e+03
8.335106998523697257e+02 9.614373046875000000e+03 9.618100384776107603e+03
8.335311341620981693e+02 9.609268554687500000e+03 9.618118055071437993e+03
8.335515684713609517e+02 9.617622070312500000e+03 9.618135834391754543e+03
8.335720027806237340e+02 9.613695312500000000e+03 9.618153719000145429e+03
8.335924370898865163e+02 9.626410156250000000e+03 9.618171705159302292e+03
8.336128713991492987e+02 9.611750976562500000e+03 9.618189789131914949e+03
8.336333057079464197e+02 9.614426757812500000e+03 9.618207967180254855e+03
8.336537399170920253e+02 9.619190429687500000e+03 9.618226235478121453e+03
8.336741743255406618e+02 9.614680664062500000e+03 9.618244590556112598e+03
8.336946086343377829e+02 9.616174804687500000e+03 9.618263028409008257e+03
8.337150428430177271e+02 9.625363281250000000e+03 9.618281545297893899e+03
8.337354772514663637e+02 9.621690429687500000e+03 9.618300137757762059e+03
8.337559115602634847e+02 9.623469726562500000e+03 9.618318801779420028e+03
8.337763459682464600e+02 9.618223632812500000e+03 9.618337533807127329e+03
8.337967801764607430e+02 9.627419921875000000e+03 9.618356329829042807e+03
8.338172144847922027e+02 9.616883789062500000e+03 9.618375186383236723e+03
8.338376488927751780e+02 9.616383789062500000e+03 9.618394099732835457e+03
8.338785174083895981e+02 9.625945312500000000e+03 9.618432081313487288e+03
8.338989518163725734e+02 9.618131835937500000e+03 9.618451142349014845e+03
8.339193860241211951e+02 9.619500000000000000e+03 9.618470244951349741e+03
8.339398203315213323e+02 9.618493164062500000e+03 9.618489385663220673e+03
8.339602547390386462e+02 9.626029296875000000e+03 9.618508560748286982e+03
8.339806890464387834e+02 9.617542968750000000e+03 9.618527766281331424e+03
8.340011232537217438e+02 9.625282226562500000e+03 9.618546998524623632e+03
8.340215576607733965e+02 9.617765625000000000e+03 9.618566254023273359e+03
8.340419919677078724e+02 9.619593750000000000e+03 9.618585528757554130e+03
8.340624262746423483e+02 9.619873046875000000e+03 9.618604819084433984e+03
8.340828605815768242e+02 9.610854492187500000e+03 9.618624121266610018e+03
8.341032948885113001e+02 9.621001953125000000e+03 9.618643431566772051e+03
8.341237292950972915e+02 9.616817382812500000e+03 9.618662746341806269e+03
8.341441635014489293e+02 9.624819335937500000e+03 9.618682061570940277e+03
8.341645978083834052e+02 9.627345703125000000e+03 9.618701373801202863e+03
8.341850322145037353e+02 9.613469726562500000e+03 9.618720679293899593e+03
8.342054664208553731e+02 9.619145507812500000e+03 9.618739974029351288e+03
8.342259007268585265e+02 9.623645507812500000e+03 9.618759254553055143e+03
8.342463351329788566e+02 9.625077148437500000e+03 9.618778517127911982e+03
8.342667693388648331e+02 9.622674804687500000e+03 9.618797757733627805e+03
8.342872036448679864e+02 9.620654296875000000e+03 9.618816972915876249e+03
8.343076379508711398e+02 9.616413085937500000e+03 9.618836158843019803e+03
8.343280722564086318e+02 9.620619140625000000e+03 9.618855311777315364e+03
8.343485066620633006e+02 9.628215820312500000e+03 9.618874428075458127e+03
8.343689408674836159e+02 9.618774414062500000e+03 9.618893503719442378e+03
8.343893751730211079e+02 9.622556640625000000e+03 9.618912535252657108e+03
8.344098095782101154e+02 9.621849609375000000e+03 9.618931518936675275e+03
8.344302437831647694e+02 9.631197265625000000e+03 9.618950450755977727e+03
8.344506780882366002e+02 9.625797851562500000e+03 9.618969327251903451e+03
8.344711124934256077e+02 9.616667968750000000e+03 9.618988144686303713e+03
8.344915467980317771e+02 9.617455078125000000e+03 9.619006899137038999e+03
8.345119810029864311e+02 9.616645507812500000e+03 9.619025586868614482e+03
8.345324154077097774e+02 9.615387695312500000e+03 9.619044204417030414e+03
8.345528497123159468e+02 9.622463867187500000e+03 9.619062747771245995e+03
8.345732839168049395e+02 9.620822265625000000e+03 9.619081213195060627e+03
8.345937183210626245e+02 9.625250976562500000e+03 9.619099597221578733e+03
8.346141526256687939e+02 9.617062500000000000e+03 9.619117895843499355e+03
8.346345870299264789e+02 9.621928710937500000e+03 9.619136105501949714e+03
8.346550212339498103e+02 9.622087890625000000e+03 9.619154222193064925e+03
8.346754555376246572e+02 9.626269531250000000e+03 9.619172242446104065e+03
8.346958899414166808e+02 9.630283203125000000e+03 9.619190162522729224e+03
8.347163241454400122e+02 9.622073242187500000e+03 9.619207978423397435e+03
8.347367584491148591e+02 9.618463867187500000e+03 9.619225686672622032e+03
8.347571928529068828e+02 9.618875976562500000e+03 9.619243283531901398e+03
8.347776270559988916e+02 9.612829101562500000e+03 9.619260765005721623e+03
8.347980613596737385e+02 9.616375976562500000e+03 9.619278127615372796e+03
8.348184957630001009e+02 9.618634765625000000e+03 9.619295367620987236e+03
8.348389299660921097e+02 9.610599609375000000e+03 9.619312481033173754e+03
8.348593642693012953e+02 9.613426757812500000e+03 9.619329464367103355e+03
8.348797986721619964e+02 9.618038085937500000e+03 9.619346313883144830e+03
8.349002328747883439e+02 9.627461914062500000e+03 9.619363025597724118e+03
8.349206672776490450e+02 9.625444335937500000e+03 9.619379596101025527e+03
8.349411014802753925e+02 9.623876953125000000e+03 9.619396021331020165e+03
8.349615358831360936e+02 9.626135742187500000e+03 9.619412297872280760e+03
8.349819701854139566e+02 9.632777343750000000e+03 9.619428421746788445e+03
8.350024044876918197e+02 9.627250976562500000e+03 9.619444389297725138e+03
8.350228386903181672e+02 9.620223632812500000e+03 9.619460196711099343e+03
8.350432730922475457e+02 9.615807617187500000e+03 9.619475840479666658e+03
8.350637073945254087e+02 9.628027343750000000e+03 9.619491316636052943e+03
8.350841415962204337e+02 9.623971679687500000e+03 9.619506621444732446e+03
8.351045759981498122e+02 9.622886718750000000e+03 9.619521751392438091e+03
8.351250102999620140e+02 9.622019531250000000e+03 9.619536702518180391e+03
8.351454445016570389e+02 9.627269531250000000e+03 9.619551471087310347e+03
8.351658789031207561e+02 9.630012695312500000e+03 9.619566053577902494e+03
8.351863132044672966e+02 9.619421875000000000e+03 9.619580446037276488e+03
8.352067476059310138e+02 9.616135742187500000e+03 9.619594644869117474e+03
8.352271818071603775e+02 9.619012695312500000e+03 9.619608646128857799e+03
8.352476161085069180e+02 9.620880859375000000e+03 9.619622446286455670e+03
8.352680505095049739e+02 9.625693359375000000e+03 9.619636041601304896e+03
8.352884847102686763e+02 9.621079101562500000e+03 9.619649428138120129e+03
8.353089190111495554e+02 9.623013671875000000e+03 9.619662602357893775e+03
8.353293534121476114e+02 9.626570312500000000e+03 9.619675560520168801e+03
8.353497876124456525e+02 9.622363281250000000e+03 9.619688298698503786e+03
8.353702219133265316e+02 9.620276367187500000e+03 9.619700813345021743e+03
8.353906563138589263e+02 9.629451171875000000e+03 9.619713100718538044e+03
8.354110905136913061e+02 9.624542968750000000e+03 9.619725156902844901e+03
8.354315249142237008e+02 9.618890625000000000e+03 9.619736978397437269e+03
8.354519592141732574e+02 9.632715820312500000e+03 9.619748561288983183e+03
8.354723935141228139e+02 9.628603515625000000e+03 9.619759901898942189e+03
8.354928278140723705e+02 9.620079101562500000e+03 9.619770996490011385e+03
8.355132621140219271e+02 9.629215820312500000e+03 9.619781841324884226e+03
8.355336964135058224e+02 9.622831054687500000e+03 9.619792432666021341e+03
8.355541307134553790e+02 9.620174804687500000e+03 9.619802766776594581e+03
8.355745650129392743e+02 9.617918945312500000e+03 9.619812839918828104e+03
8.355949993119575083e+02 9.622351562500000000e+03 9.619822648355435376e+03
8.356154337115585804e+02 9.628618164062500000e+03 9.619832188395637786e+03
8.356358679104596376e+02 9.624326171875000000e+03 9.619841456163463590e+03
8.356563022099435329e+02 9.623797851562500000e+03 9.619850448060255076e+03
8.356767365089617670e+02 9.629070312500000000e+03 9.619859160302228702e+03
8.356971708075143397e+02 9.626404296875000000e+03 9.619867589152094297e+03
8.357176052061840892e+02 9.624641601562500000e+03 9.619875730911931896e+03
8.357380394050851464e+02 9.623706054687500000e+03 9.619883581727066485e+03
8.357584737036377192e+02 9.617803710937500000e+03 9.619891137977379913e+03
8.357789081023074687e+02 9.632014648437500000e+03 9.619898395921394695e+03
8.357993423002772033e+02 9.617627929687500000e+03 9.619905351717177837e+03
8.358197765988297760e+02 9.619651367187500000e+03 9.619912001732212957e+03
8.358402109970338643e+02 9.627127929687500000e+03 9.619918342224369553e+03
8.358606451950035989e+02 9.619645507812500000e+03 9.619924369365595339e+03
8.358810794926248491e+02 9.620291992187500000e+03 9.619930079509362258e+03
8.359015138908289373e+02 9.615331054687500000e+03 9.619935468913941804e+03
8.359219480883330107e+02 9.624763671875000000e+03 9.619940533764936845e+03
8.359423823859542608e+02 9.620009765625000000e+03 9.619945270402018650e+03
8.359628167836926877e+02 9.618391601562500000e+03 9.619949675083022157e+03
8.359832510808482766e+02 9.621261718750000000e+03 9.619953744027381617e+03
8.360036853784695268e+02 9.619583984375000000e+03 9.619957473520375061e+03
8.360241196756251156e+02 9.621730468750000000e+03 9.619960859824532236e+03
8.360445539727807045e+02 9.626840820312500000e+03 9.619963899202633911e+03
8.360649882694706321e+02 9.624924804687500000e+03 9.619966587917318975e+03
8.360854225666262209e+02 9.616651367187500000e+03 9.619968922231404576e+03
8.361058568633161485e+02 9.619766601562500000e+03 9.619970898407485947e+03
8.361262912601232529e+02 9.620981445312500000e+03 9.619972512715330595e+03
8.361467254562303424e+02 9.625911132812500000e+03 9.619973761396558984e+03
8.361671597529202700e+02 9.613411132812500000e+03 9.619974640734975765e+03
8.361875941492617130e+02 9.614300781250000000e+03 9.619975146987781045e+03
8.362080283458344638e+02 9.612921875000000000e+03 9.619975276413013489e+03
8.362284626415930688e+02 9.617938476562500000e+03 9.619975025278054090e+03
8.362488970379345119e+02 9.626058593750000000e+03 9.619974389839975629e+03
8.362693312335759401e+02 9.617486328125000000e+03 9.619973366373680619e+03
8.362897656294517219e+02 9.613044921875000000e+03 9.619971951121780876e+03
8.363101999252103269e+02 9.608559570312500000e+03 9.619970140364883264e+03
8.363306341208517551e+02 9.616865234375000000e+03 9.619967930371527473e+03
8.363510685162618756e+02 9.620395507812500000e+03 9.619965317369038530e+03
8.363715027119033039e+02 9.618866210937500000e+03 9.619962297671223496e+03
8.363919370071962476e+02 9.610665039062500000e+03 9.619958867499533881e+03
8.364123714021407068e+02 9.616060546875000000e+03 9.619955023110629554e+03
8.364328055973164737e+02 9.617856445312500000e+03 9.619950760826612168e+03
8.364532398921437562e+02 9.616196289062500000e+03 9.619946076850792451e+03
8.364736742870882154e+02 9.626983398437500000e+03 9.619940967439557426e+03
8.364941084817983210e+02 9.620187500000000000e+03 9.619935428933844378e+03
8.365145427766256034e+02 9.621866210937500000e+03 9.619929457518108393e+03
8.365349771711044014e+02 9.622899414062500000e+03 9.619923049448811071e+03
8.365554114654660225e+02 9.626141601562500000e+03 9.619916201051288226e+03
8.365758457598276436e+02 9.620509765625000000e+03 9.619908908557921677e+03
8.365962800541892648e+02 9.628105468750000000e+03 9.619901168231399424e+03
8.366167143480852246e+02 9.615564453125000000e+03 9.619892976334622290e+03
8.366371486424468458e+02 9.619150390625000000e+03 9.619884329129909020e+03
8.366575829363428056e+02 9.624165039062500000e+03 9.619875222880349611e+03
8.366780172302387655e+02 9.624616210937500000e+03 9.619865653848450165e+03
8.366984516237862408e+02 9.611005859375000000e+03 9.619855618246829181e+03
8.367188858170993626e+02 9.617492187500000000e+03 9.619845112488923405e+03
8.367393201105296612e+02 9.625101562500000000e+03 9.619834132686475641e+03
8.367597545040771365e+02 9.620588867187500000e+03 9.619822675095190789e+03
8.367801886973902583e+02 9.615541015625000000e+03 9.619810736149704098e+03
8.368006229903548956e+02 9.612638671875000000e+03 9.619798311941063730e+03
8.368210573834367096e+02 9.616891601562500000e+03 9.619785398724547122e+03
8.368619259693659842e+02 9.622095703125000000e+03 9.619758090636156339e+03
8.368823602618649602e+02 9.617145507812500000e+03 9.619743688227948951e+03
8.369027944547124207e+02 9.607724609375000000e+03 9.619728782001060608e+03
8.369232288473285735e+02 9.614542968750000000e+03 9.619713367996044326e+03
8.369436631393618882e+02 9.615222656250000000e+03 9.619697442698463419e+03
8.369640974318608642e+02 9.614125976562500000e+03 9.619681002296008955e+03
8.369845317238941789e+02 9.625709960937500000e+03 9.619664043052129273e+03
8.370049659158103168e+02 9.621333007812500000e+03 9.619646561316096268e+03
8.370254003079608083e+02 9.620249023437500000e+03 9.619628553089793058e+03
8.370458345999941230e+02 9.616138671875000000e+03 9.619610014896730718e+03
8.370662688915617764e+02 9.606552734375000000e+03 9.619590942913117033e+03
8.370867030830122530e+02 9.618034179687500000e+03 9.619571333498624881e+03
8.371071374746970832e+02 9.616110351562500000e+03 9.619551182623763452e+03
8.371275717662647367e+02 9.617416992187500000e+03 9.619530486843423205e+03
8.371480060573667288e+02 9.615664062500000000e+03 9.619509242323401850e+03
8.371684403484687209e+02 9.605672851562500000e+03 9.619487445325929002e+03
8.371888746400363743e+02 9.615217773437500000e+03 9.619465092113188803e+03
8.372093090307898819e+02 9.622643554687500000e+03 9.619442178835784944e+03
8.372297432217746973e+02 9.617507812500000000e+03 9.619418702095790650e+03
8.372501775124110281e+02 9.617041015625000000e+03 9.619394657816061226e+03
8.372706119031645358e+02 9.613173828125000000e+03 9.619370042250395272e+03
8.372910460936836898e+02 9.614708984375000000e+03 9.619344852027516026e+03
8.373114803838543594e+02 9.616811523437500000e+03 9.619319083044692889e+03
8.373319147741422057e+02 9.615882812500000000e+03 9.619292731555528007e+03
8.373523489646613598e+02 9.613808593750000000e+03 9.619265794213719346e+03
8.373727832543663681e+02 9.616913085937500000e+03 9.619238266892207321e+03
8.373932176446542144e+02 9.619658203125000000e+03 9.619210145843138889e+03
8.374136518342420459e+02 9.618335937500000000e+03 9.619181427748200804e+03
8.374340862240642309e+02 9.625832031250000000e+03 9.619152108306619994e+03
8.374545205137692392e+02 9.625532226562500000e+03 9.619122184207621103e+03
8.374749547033570707e+02 9.613537109375000000e+03 9.619091651722817915e+03
8.374953890927135944e+02 9.617799804687500000e+03 9.619060506662357511e+03
8.375158233819529414e+02 9.612422851562500000e+03 9.619028745741521561e+03
8.375362576711922884e+02 9.619558593750000000e+03 9.618996365071921900e+03
8.375566919604316354e+02 9.610039062500000000e+03 9.618963360916257443e+03
8.375771262496709824e+02 9.616319335937500000e+03 9.618929729537227104e+03
8.375975605384446681e+02 9.610514648437500000e+03 9.618895467198322876e+03
8.376179949273355305e+02 9.614098632812500000e+03 9.618860569988948555e+03
8.376384291159920394e+02 9.611207031250000000e+03 9.618825034689414679e+03
8.376588634043000638e+02 9.618314453125000000e+03 9.618788857045637997e+03
8.376792977927252650e+02 9.619533203125000000e+03 9.618752033310061961e+03
8.376997319809161127e+02 9.607337890625000000e+03 9.618714560291384259e+03
8.377201663693413138e+02 9.616375976562500000e+03 9.618676433517899568e+03
8.377406005575321615e+02 9.617616210937500000e+03 9.618637649999527639e+03
8.377610348453745246e+02 9.616319335937500000e+03 9.618598205434656848e+03
8.377814692333340645e+02 9.618570312500000000e+03 9.618558096075366848e+03
8.378019034210592508e+02 9.615024414062500000e+03 9.618517318778809567e+03
8.378223377084359527e+02 9.624118164062500000e+03 9.618475869214187696e+03
8.378427720963954926e+02 9.613532226562500000e+03 9.618433743632414917e+03
8.378632062836550176e+02 9.620703125000000000e+03 9.618390938922266287e+03
8.378836405710317194e+02 9.615588867187500000e+03 9.618347450721335917e+03
8.379040749580599368e+02 9.619405273437500000e+03 9.618303275283265975e+03
8.379245091453194618e+02 9.625906250000000000e+03 9.618258409523115915e+03
8.379449434322305024e+02 9.614204101562500000e+03 9.618212849051264129e+03
8.379653778192587197e+02 9.615335937500000000e+03 9.618166590119157263e+03
8.379858120060525835e+02 9.620336914062500000e+03 9.618119629674578391e+03
8.380062463926151395e+02 9.621965820312500000e+03 9.618071963060971029e+03
8.380266806790605187e+02 9.621527343750000000e+03 9.618023587235396917e+03
8.380471149655058980e+02 9.617273437500000000e+03 9.617974498228750235e+03
8.380675492519512773e+02 9.621572265625000000e+03 9.617924692303735355e+03
8.380879835379309952e+02 9.619426757812500000e+03 9.617874165724211707e+03
8.381084178239107132e+02 9.620555664062500000e+03 9.617822914751754070e+03
8.381288521103560925e+02 9.628480468750000000e+03 9.617770935647873557e+03
8.381492863958701491e+02 9.607903320312500000e+03 9.617718224678847037e+03
8.381697206818498671e+02 9.624952148437500000e+03 9.617664778103804565e+03
8.381901550674811006e+02 9.617065429687500000e+03 9.617610591920582010e+03
8.382105892528779805e+02 9.619082031250000000e+03 9.617555663192568318e+03
8.382310235383920372e+02 9.611138671875000000e+03 9.617499987380568200e+03
8.382514579235576093e+02 9.624562500000000000e+03 9.617443560737578082e+03
8.382718921089544892e+02 9.620779296875000000e+03 9.617386380358635506e+03
8.382923264936544001e+02 9.631056640625000000e+03 9.617328441389741783e+03
8.383127607787027955e+02 9.615933593750000000e+03 9.617269740935678783e+03
8.383331949636340141e+02 9.622934570312500000e+03 9.617210275271700084e+03
8.383536293483339250e+02 9.610806640625000000e+03 9.617150039782176464e+03
8.383740635327994823e+02 9.608036132812500000e+03 9.617089031908977631e+03
8.383944978173822165e+02 9.605937500000000000e+03 9.617027247023775999e+03
8.384149322016164660e+02 9.613220703125000000e+03 9.616964681379260583e+03
8.384353663860820234e+02 9.619922851562500000e+03 9.616901332160650782e+03
8.384558006701990962e+02 9.617665039062500000e+03 9.616837194708170500e+03
8.384762350544333458e+02 9.617839843750000000e+03 9.616772265271480137e+03
8.384966692384332418e+02 9.617568359375000000e+03 9.616706541073474000e+03
8.385171035220846534e+02 9.616307617187500000e+03 9.616640017418189018e+03
8.385375379058532417e+02 9.628048828125000000e+03 9.616572690555065492e+03
8.385579721895046532e+02 9.622691406250000000e+03 9.616504557406522508e+03
8.385784064726904035e+02 9.620988281250000000e+03 9.616435613908946834e+03
8.385988407563418150e+02 9.615825195312500000e+03 9.616365856321903266e+03
8.386192750395275652e+02 9.612857421875000000e+03 9.616295280911273949e+03
8.386397093227133155e+02 9.615568359375000000e+03 9.616223883938175277e+03
8.386601436054334044e+02 9.619504882812500000e+03 9.616151661666975997e+03
8.386805778886191547e+02 9.611597656250000000e+03 9.616078610357082653e+03
8.387010122714564204e+02 9.602311523437500000e+03 9.616004725910494017e+03
8.387214464540593326e+02 9.620911132812500000e+03 9.615930005680373142e+03
8.387418807363137603e+02 9.623844726562500000e+03 9.615854444839034841e+03
8.387623151191510260e+02 9.614201171875000000e+03 9.615778039633365552e+03
8.387827493012882769e+02 9.614544921875000000e+03 9.615700787458805280e+03
8.388031835835427046e+02 9.615375976562500000e+03 9.615622683447067175e+03
8.388236179654486477e+02 9.620057617187500000e+03 9.615543723850132665e+03
8.388440521475858986e+02 9.615410156250000000e+03 9.615463906093977130e+03
8.388644865294918418e+02 9.616764648437500000e+03 9.615383224880653870e+03
8.388849208112806082e+02 9.617690429687500000e+03 9.615301677650593774e+03
8.389053549929521978e+02 9.624853515625000000e+03 9.615219260679259605e+03
8.389257893743924797e+02 9.620765625000000000e+03 9.615135969013444992e+03
