6.683843896356411278e+02 8.373416015625000000e+03 8.371989662603860779e+03
6.684048226233571768e+02 8.376284179687500000e+03 8.371962809257975096e+03
6.684252556115388870e+02 8.377882812500000000e+03 8.371936449222175725e+03
6.684456885997205973e+02 8.376821289062500000e+03 8.371910580163079430e+03
6.684661215879023075e+02 8.372936523437500000e+03 8.371885199746688158e+03
6.684865545765496790e+02 8.375724609375000000e+03 8.371860305638439968e+03
6.685069875651970506e+02 8.372209960937500000e+03 8.371835895504918881e+03
6.685274205543100834e+02 8.366632812500000000e+03 8.371811967011590241e+03
6.685478535434231162e+02 8.370287109375000000e+03 8.371788517825014424e+03
6.685682866331189871e+02 8.369030273437500000e+03 8.371765545499276413e+03
6.685887195225805044e+02 8.377840820312500000e+03 8.371743048035101310e+03
6.686091526122763753e+02 8.376061523437500000e+03 8.371721022657544381e+03
6.686295856023207307e+02 8.373154296875000000e+03 8.371699467359338087e+03
6.686500184927135706e+02 8.367380859375000000e+03 8.371678379799626782e+03
6.686704515828751028e+02 8.372148437500000000e+03 8.371657757338822194e+03
6.686908845738507807e+02 8.378763671875000000e+03 8.371637597948079929e+03
6.687113174642436206e+02 8.367567382812500000e+03 8.371617899288003173e+03
6.687317505553364754e+02 8.365220703125000000e+03 8.371598658737511869e+03
6.687521835467778146e+02 8.371736328125000000e+03 8.371579874248822307e+03
6.687726164381019771e+02 8.372026367187500000e+03 8.371561543481695480e+03
6.687930495296604931e+02 8.368175781250000000e+03 8.371543663835996995e+03
6.688134825215674937e+02 8.376101562500000000e+03 8.371526233243464958e+03
6.688339155134744942e+02 8.371133789062500000e+03 8.371509249281802113e+03
6.688543485053814948e+02 8.369468750000000000e+03 8.371492709617010405e+03
6.688747813981026411e+02 8.376639648437500000e+03 8.371476611992158723e+03
6.688952144905924797e+02 8.365773437500000000e+03 8.371460953840976799e+03
6.689156474834308028e+02 8.380304687500000000e+03 8.371445733062138970e+03
6.689360804762691259e+02 8.375011718750000000e+03 8.371430947244207346e+03
6.689565134695731103e+02 8.367404296875000000e+03 8.371416594052858272e+03
6.689769464628770947e+02 8.375568359375000000e+03 8.371402671154441123e+03
6.689973794561810791e+02 8.369240234375000000e+03 8.371389176214945110e+03
6.690178125500679016e+02 8.376370117187500000e+03 8.371376106837084080e+03
6.690382454441860318e+02 8.370587890625000000e+03 8.371363460875878445e+03
6.690586785380728543e+02 8.367108398437500000e+03 8.371351235750036722e+03
6.690791115323081613e+02 8.369060546875000000e+03 8.371339429307790851e+03
6.690995444268919528e+02 8.384038085937500000e+03 8.371328039209030976e+03
6.691199775217100978e+02 8.369222656250000000e+03 8.371317062955651636e+03
6.691404105168767273e+02 8.369522460937500000e+03 8.371306498377791286e+03
6.691608434119261801e+02 8.373693359375000000e+03 8.371296343135672942e+03
6.691812765072099864e+02 8.367702148437500000e+03 8.371286594749017240e+03
6.692017095028422773e+02 8.370862304687500000e+03 8.371277251029889158e+03
6.692221423983573914e+02 8.362856445312500000e+03 8.371268309638584469e+03
6.692425754945725203e+02 8.364764648437500000e+03 8.371259768112431630e+03
6.692630084906704724e+02 8.372730468750000000e+03 8.371251624246111533e+03
6.692834415868856013e+02 8.367751953125000000e+03 8.371243875625801593e+03
6.693038744833320379e+02 8.369960937500000000e+03 8.371236520028342056e+03
6.693243074803613126e+02 8.365804687500000000e+03 8.371229555008743773e+03
6.693447405770421028e+02 8.375740234375000000e+03 8.371222978239058648e+03
6.693651734744198620e+02 8.372674804687500000e+03 8.371216787478668266e+03
6.693856064714491367e+02 8.369478515625000000e+03 8.371210980300184019e+03
6.694060395690612495e+02 8.368798828125000000e+03 8.371205554374957501e+03
6.694264724669046700e+02 8.372209960937500000e+03 8.371200507445979383e+03
6.694469054648652673e+02 8.368823242187500000e+03 8.371195837102408404e+03
6.694673384628258646e+02 8.368755859375000000e+03 8.371191541035896080e+03
6.694877714612521231e+02 8.370035156250000000e+03 8.371187616912358862e+03
6.695082045597955585e+02 8.374276367187500000e+03 8.371184062381380500e+03
6.695286374585703015e+02 8.367436523437500000e+03 8.371180875158432173e+03
6.695490704574622214e+02 8.373635742187500000e+03 8.371178052860053867e+03
6.695695035564713180e+02 8.369421875000000000e+03 8.371175593157586263e+03
6.695899365558288991e+02 8.372020507812500000e+03 8.371173493741083803e+03
6.696103694555349648e+02 8.372804687500000000e+03 8.371171752271284277e+03
6.696308025554753840e+02 8.362809570312500000e+03 8.371170366391261268e+03
6.696512355552986264e+02 8.370927734375000000e+03 8.371169333789988741e+03
6.696716684554703534e+02 8.365826171875000000e+03 8.371168652128279064e+03
6.696921015558764338e+02 8.375383789062500000e+03 8.371168319064698153e+03
6.697125345561653376e+02 8.359498046875000000e+03 8.371168332272700354e+03
6.697329676570370793e+02 8.365533203125000000e+03 8.371168689418400390e+03
6.697534005581401289e+02 8.371775390625000000e+03 8.371169388160047674e+03
6.697738335593603551e+02 8.371484375000000000e+03 8.371170426171403960e+03
6.697942666606977582e+02 8.373799804687500000e+03 8.371171801123433397e+03
6.698146995622664690e+02 8.371433593750000000e+03 8.371173510659500607e+03
6.698351325639523566e+02 8.369082031250000000e+03 8.371175552468252135e+03
6.698555656657554209e+02 8.365435546875000000e+03 8.371177924220548448e+03
6.698759985677897930e+02 8.364977539062500000e+03 8.371180623545173148e+03
6.698964316705241799e+02 8.378033203125000000e+03 8.371183648161040765e+03
6.699168646726757288e+02 8.374459960937500000e+03 8.371186995691929042e+03
6.699372975756414235e+02 8.376746093750000000e+03 8.371190663799343383e+03
6.699577306788414717e+02 8.372329101562500000e+03 8.371194650205401558e+03
6.699781636819243431e+02 8.366529296875000000e+03 8.371198952519836894e+03
6.699985966850072145e+02 8.375101562500000000e+03 8.371203568427396021e+03
6.700190296885557473e+02 8.373811523437500000e+03 8.371208495594193664e+03
6.700394626925699413e+02 8.374925781250000000e+03 8.371213731686244500e+03
6.700598956965841353e+02 8.367437500000000000e+03 8.371219274369435880e+03
6.700803287005983293e+02 8.379864257812500000e+03 8.371225121309762471e+03
6.701007617050781846e+02 8.378658203125000000e+03 8.371231270173368102e+03
6.701211947095580399e+02 8.368703125000000000e+03 8.371237718626111018e+03
6.701416277145035565e+02 8.380651367187500000e+03 8.371244464334151417e+03
6.701620607194490731e+02 8.374083007812500000e+03 8.371251504963332991e+03
6.701824937243945897e+02 8.375918945312500000e+03 8.371258838179657687e+03
6.702029267298057675e+02 8.369118164062500000e+03 8.371266461649296616e+03
6.702233597356826067e+02 8.367038085937500000e+03 8.371274373038260819e+03
6.702437928412109613e+02 8.379500976562500000e+03 8.371282570053048403e+03
6.702642257474362850e+02 8.369467773437500000e+03 8.371291050237643503e+03
6.702846587537787855e+02 8.359694335937500000e+03 8.371299811380253232e+03
6.703255247664637864e+02 8.370691406250000000e+03 8.371318167080913554e+03
6.703459578733891249e+02 8.376373046875000000e+03 8.371327757018834745e+03
6.703663908806629479e+02 8.375154296875000000e+03 8.371337618491797912e+03
6.703868237878195941e+02 8.368691406250000000e+03 8.371347749161608590e+03
6.704072568952105939e+02 8.364972656250000000e+03 8.371358146845144802e+03
6.704276899024844170e+02 8.365522460937500000e+03 8.371368809057516046e+03
6.704481228105723858e+02 8.373391601562500000e+03 8.371379733461351861e+03
6.704685559184290469e+02 8.369953125000000000e+03 8.371390917884404189e+03
6.704889889266341925e+02 8.379595703125000000e+03 8.371402359830677597e+03
6.705094218351878226e+02 8.369112304687500000e+03 8.371414056962417817e+03
6.705298549439758062e+02 8.370138671875000000e+03 8.371426007119165661e+03
6.705502879526466131e+02 8.377458007812500000e+03 8.371438207793109541e+03
6.705707210619002581e+02 8.368339843750000000e+03 8.371450656770066416e+03
6.705911539709195495e+02 8.369976562500000000e+03 8.371463351530950604e+03
6.706115869805216789e+02 8.370414062500000000e+03 8.371476289926855316e+03
6.706320200902409852e+02 8.367512695312500000e+03 8.371489469627056678e+03
6.706524530001915991e+02 8.372941406250000000e+03 8.371502888102355428e+03
6.706728860102593899e+02 8.364974609375000000e+03 8.371516543213949262e+03
6.706933191204443574e+02 8.371315429687500000e+03 8.371530432631283475e+03
6.707137521309778094e+02 8.370375976562500000e+03 8.371544553884563356e+03
6.707341850418597460e+02 8.376071289062500000e+03 8.371558904636407533e+03
6.707546181525103748e+02 8.372134765625000000e+03 8.371573482764772052e+03
6.707750510638579726e+02 8.368168945312500000e+03 8.371588285650957914e+03
6.707954841749742627e+02 8.369787109375000000e+03 8.371603311250060869e+03
6.708159171864390373e+02 8.369055664062500000e+03 8.371618557009524011e+03
6.708363500982522964e+02 8.370786132812500000e+03 8.371634020592136949e+03
6.708567832102999091e+02 8.369006835937500000e+03 8.371649699892441276e+03
6.708772162222303450e+02 8.369874023437500000e+03 8.371665592347535494e+03
6.708976491345092654e+02 8.374040039062500000e+03 8.371681695620663959e+03
6.709180822470225394e+02 8.366728515625000000e+03 8.371698007615705137e+03
6.709385152598842978e+02 8.364823242187500000e+03 8.371714525760786273e+03
6.709589483728632331e+02 8.367777343750000000e+03 8.371731247883373726e+03
6.709793812860734761e+02 8.372488281250000000e+03 8.371748171402561638e+03
6.709998142994008958e+02 8.376160156250000000e+03 8.371765294231250664e+03
6.710202474128454924e+02 8.365958984375000000e+03 8.371782614038345855e+03
6.710406803269870579e+02 8.373681640625000000e+03 8.371800128234614021e+03
6.710611133407801390e+02 8.380232421875000000e+03 8.371817834740888429e+03
6.710815464551560581e+02 8.377831054687500000e+03 8.371835731226768985e+03
6.711019793692976236e+02 8.371151367187500000e+03 8.371853815093401863e+03
6.711224123840220273e+02 8.369972656250000000e+03 8.371872084271646600e+03
6.711428454988636076e+02 8.367173828125000000e+03 8.371890536429786152e+03
6.711632784139364958e+02 8.373547851562500000e+03 8.371909168961679825e+03
6.711837115292437375e+02 8.364582031250000000e+03 8.371927979898060585e+03
6.712041445444338024e+02 8.356745117187500000e+03 8.371946966629726376e+03
6.712245775600895286e+02 8.372274414062500000e+03 8.371966126914836423e+03
6.712450105757452548e+02 8.362996093750000000e+03 8.371985458418950657e+03
6.712654435918666422e+02 8.368614257812500000e+03 8.372004958808509400e+03
6.712858766084536910e+02 8.367467773437500000e+03 8.372024625749518236e+03
6.713063096245750785e+02 8.369621093750000000e+03 8.372044456907064159e+03
6.713267426416277885e+02 8.377258789062500000e+03 8.372064449948506081e+03
6.713471756582148373e+02 8.369574218750000000e+03 8.372084602538474428e+03
6.713676087753847241e+02 8.376400390625000000e+03 8.372104912443770445e+03
6.713880416927859187e+02 8.370377929687500000e+03 8.372125377030713935e+03
6.714084748099558055e+02 8.365214843750000000e+03 8.372145994365433580e+03
6.714289077278226614e+02 8.364777343750000000e+03 8.372166761711276195e+03
6.714493407458066940e+02 8.365192382812500000e+03 8.372187677037461981e+03
6.714697738639079034e+02 8.372729492187500000e+03 8.372208738012137474e+03
6.714902067822404206e+02 8.376028320312500000e+03 8.372229941991143278e+03
6.715106398006901145e+02 8.372218750000000000e+03 8.372251286950626309e+03
6.715310729197226465e+02 8.373376953125000000e+03 8.372272770559126002e+03
6.715515058385208249e+02 8.366856445312500000e+03 8.372294390165345249e+03
6.715719388574361801e+02 8.375527343750000000e+03 8.372316143752075732e+03
6.715923719769343734e+02 8.373357421875000000e+03 8.372338028987756843e+03
6.716128048966638744e+02 8.369750976562500000e+03 8.372360043215738187e+03
6.716332380161620677e+02 8.374897460937500000e+03 8.372382184532452811e+03
6.716536710364744067e+02 8.368042968750000000e+03 8.372404450280871970e+03
6.716741039566695690e+02 8.371847656250000000e+03 8.372426838124169080e+03
6.716945370770990849e+02 8.377686523437500000e+03 8.372449346058303490e+03
6.717149700974114239e+02 8.379224609375000000e+03 8.372471971419301553e+03
6.717354031186550856e+02 8.368769531250000000e+03 8.372494711984170863e+03
6.717558361394330859e+02 8.371960937500000000e+03 8.372517565417358128e+03
6.717762691606767476e+02 8.376852539062500000e+03 8.372540529385893024e+03
6.717967021823860705e+02 8.374445312500000000e+03 8.372563601555770219e+03
6.718171352040953934e+02 8.374836914062500000e+03 8.372586779592462335e+03
6.718375682258047163e+02 8.367721679687500000e+03 8.372610061161954945e+03
6.718580013476312160e+02 8.382129882812500000e+03 8.372633444045051874e+03
6.718784343702718616e+02 8.369843750000000000e+03 8.372656925679664710e+03
6.718988672927953303e+02 8.358931640625000000e+03 8.372680503729287011e+03
6.719193004150874913e+02 8.376755859375000000e+03 8.372704176206643751e+03
6.719397334381937981e+02 8.366477539062500000e+03 8.372727940432068863e+03
6.719601663611829281e+02 8.388445312500000000e+03 8.372751794069137759e+03
6.719805994848720729e+02 8.371365234375000000e+03 8.372775735135668583e+03
6.720010325084440410e+02 8.369910156250000000e+03 8.372799760945828893e+03
6.720214654318988323e+02 8.374992187500000000e+03 8.372823869164370990e+03
6.720418985560536385e+02 8.378344726562500000e+03 8.372848057812811021e+03
6.720623314799740911e+02 8.372013671875000000e+03 8.372872324082534760e+03
6.720827646045945585e+02 8.377578125000000000e+03 8.372896666115664630e+03
6.721031976290978491e+02 8.374607421875000000e+03 8.372921081220378255e+03
6.721236305539496243e+02 8.366474609375000000e+03 8.372945567062168266e+03
6.721440636790357530e+02 8.376103515625000000e+03 8.372970121666898194e+03
6.721644967040047050e+02 8.375231445312500000e+03 8.372994742340122684e+03
6.721849296297878027e+02 8.373264648437500000e+03 8.373019426748001933e+03
6.722053627553395927e+02 8.370962890625000000e+03 8.373044172918140248e+03
6.722257957812398672e+02 8.367357421875000000e+03 8.373068978154353317e+03
6.722462289072573185e+02 8.373697265625000000e+03 8.373093840365116193e+03
6.722666618335060775e+02 8.382509765625000000e+03 8.373118756851126818e+03
6.722870948598720133e+02 8.378982421875000000e+03 8.373143725643665675e+03
6.723075279868207872e+02 8.374405273437500000e+03 8.373168744410049840e+03
6.723279609135352075e+02 8.370225585937500000e+03 8.373193810447575743e+03
6.723483939408324659e+02 8.371997070312500000e+03 8.373218921790921740e+03
6.723688270682469010e+02 8.376729492187500000e+03 8.373244076106151624e+03
6.723892599958926439e+02 8.365741210937500000e+03 8.373269270689772384e+03
6.724096930231899023e+02 8.376549804687500000e+03 8.373294503576680654e+03
6.724301261515356600e+02 8.375360351562500000e+03 8.373319772435128471e+03
6.724505591797642410e+02 8.371647460937500000e+03 8.373345074682327322e+03
6.724709922079928219e+02 8.364048828125000000e+03 8.373370408107984986e+03
6.724914252366870642e+02 8.375527343750000000e+03 8.373395770378670932e+03
6.725118582653813064e+02 8.371029296875000000e+03 8.373421159159794115e+03
6.725322912945412099e+02 8.367909179687500000e+03 8.373446572117920368e+03
6.725527243237011135e+02 8.383254882812500000e+03 8.373472006918458646e+03
6.725731573533266783e+02 8.377574218750000000e+03 8.373497461227974782e+03
6.725935903829522431e+02 8.371983398437500000e+03 8.373522932711877729e+03
6.726140234125778079e+02 8.377504882812500000e+03 8.373548419036156702e+03
6.726344564426690340e+02 8.369614257812500000e+03 8.373573917867375712e+03
6.726548894732259214e+02 8.374281250000000000e+03 8.373599426871522155e+03
6.726753225033171475e+02 8.372570312500000000e+03 8.373624943713422908e+03
6.726957556344568729e+02 8.376224609375000000e+03 8.373650466185870755e+03
6.727161885653622448e+02 8.375195312500000000e+03 8.373675991578498724e+03
6.727366215963847935e+02 8.377185546875000000e+03 8.373701517932484421e+03
6.727570547275245190e+02 8.373699218750000000e+03 8.373727042913807963e+03
6.727774876593612134e+02 8.380497070312500000e+03 8.373752563814443420e+03
6.727979206908494234e+02 8.381052734375000000e+03 8.373778078673809432e+03
6.728183538229204714e+02 8.372457031250000000e+03 8.373803585158944770e+03
6.728387867552228272e+02 8.374539062500000000e+03 8.373829080560983130e+03
6.728592198877595365e+02 8.376001953125000000e+03 8.373854563045004397e+03
6.728796529201790690e+02 8.373216796875000000e+03 8.373880029902316892e+03
6.729000858529470861e+02 8.371362304687500000e+03 8.373905478799733828e+03
6.729205189864151180e+02 8.379263671875000000e+03 8.373930907777174070e+03
6.729409520193003118e+02 8.372061523437500000e+03 8.373956314125531208e+03
6.729613850531168282e+02 8.376806640625000000e+03 8.373981695637170560e+03
6.729818180864676833e+02 8.376064453125000000e+03 8.374007049976338749e+03
6.730022511207498610e+02 8.371873046875000000e+03 8.374032374810758483e+03
6.730226841545663774e+02 8.371283203125000000e+03 8.374057667804678204e+03
6.730431171888485551e+02 8.377732421875000000e+03 8.374082926625238542e+03
6.730635502235963941e+02 8.382279296875000000e+03 8.374108148938421436e+03
6.730839833584614098e+02 8.375579101562500000e+03 8.374133332532932400e+03
6.731044163932092488e+02 8.376165039062500000e+03 8.374158474827954706e+03
6.731248493287712336e+02 8.380964843750000000e+03 8.374183573491245625e+03
6.731452824641019106e+02 8.377868164062500000e+03 8.374208626555671799e+03
6.731657154997810721e+02 8.375977539062500000e+03 8.374233631319759297e+03
6.731861484353430569e+02 8.382325195312500000e+03 8.374258585449642851e+03
6.732065815716050565e+02 8.365284179687500000e+03 8.374283486978303699e+03
6.732270146077498794e+02 8.367743164062500000e+03 8.374308333204731753e+03
6.732474475442431867e+02 8.373010742187500000e+03 8.374333121796302294e+03
6.732678806809708476e+02 8.377881835937500000e+03 8.374357850782373134e+03
6.733087467551231384e+02 8.374828125000000000e+03 8.374407119632565809e+03
6.733291797921992838e+02 8.368116210937500000e+03 8.374431654949405129e+03
6.733496127296239138e+02 8.375644531250000000e+03 8.374456120962904606e+03
6.733700458677485585e+02 8.369430664062500000e+03 8.374480515698160161e+03
6.733904789057560265e+02 8.372758789062500000e+03 8.374504836461477680e+03
6.734109118436463177e+02 8.374588867187500000e+03 8.374529080919948683e+03
6.734313449822366238e+02 8.375205078125000000e+03 8.374553247095911502e+03
6.734517780207097530e+02 8.373786132812500000e+03 8.374577332298988040e+03
6.734722111597657204e+02 8.375830078125000000e+03 8.374601334431710711e+03
6.735130771379917860e+02 8.369000000000000000e+03 8.374649079444534436e+03
6.735335102775134146e+02 8.379138671875000000e+03 8.374672818007478782e+03
6.735539432172663510e+02 8.377887695312500000e+03 8.374696463814412709e+03
6.735743762571364641e+02 8.381501953125000000e+03 8.374720014879043447e+03
6.735948093971237540e+02 8.367084960937500000e+03 8.374743468865939576e+03
6.736152424374595284e+02 8.372784179687500000e+03 8.374766823211770316e+03
6.736356753781437874e+02 8.379027343750000000e+03 8.374790075583990983e+03
6.736561085190623999e+02 8.378574218750000000e+03 8.374813223989089238e+03
6.736765415598638356e+02 8.375472656250000000e+03 8.374836265752010149e+03
6.736969746011309326e+02 8.374647460937500000e+03 8.374859198652937266e+03
6.737174076423980296e+02 8.378137695312500000e+03 8.374882020357326837e+03
6.737378406841307878e+02 8.382728515625000000e+03 8.374904728531675573e+03
6.737582738259807229e+02 8.371839843750000000e+03 8.374927320951861475e+03
6.737787067680619657e+02 8.369919921875000000e+03 8.374949794953139644e+03
6.737991398102603853e+02 8.383541015625000000e+03 8.374972148532211577e+03
6.738195729530416429e+02 8.372990234375000000e+03 8.374994379353775003e+03
6.738400058955885470e+02 8.379242187500000000e+03 8.375016484757437865e+03
6.738604389387182891e+02 8.376864257812500000e+03 8.375038462735547000e+03
6.738808720814995468e+02 8.385412109375000000e+03 8.375060310951186693e+03
6.739013050249777734e+02 8.372750976562500000e+03 8.375082026751644662e+03
6.739217381686903536e+02 8.373146484375000000e+03 8.375103608227500445e+03
6.739421711126342416e+02 8.380747070312500000e+03 8.375125052622262956e+03
6.739626041562296450e+02 8.377137695312500000e+03 8.375146357917168643e+03
6.739830373008735478e+02 8.375274414062500000e+03 8.375167521777586444e+03
6.740034702452830970e+02 8.382282226562500000e+03 8.375188541558485667e+03
6.740239032898098230e+02 8.381522460937500000e+03 8.375209415235882261e+03
6.740443364344537258e+02 8.379573242187500000e+03 8.375230140473599022e+03
6.740647693797945976e+02 8.367461914062500000e+03 8.375250714635008990e+03
6.740852025249041617e+02 8.383309570312500000e+03 8.375271135787897947e+03
6.741056355708278716e+02 8.380721679687500000e+03 8.375291401298336496e+03
6.741260686162859201e+02 8.378798828125000000e+03 8.375311508931346907e+03
6.741465016622096300e+02 8.374649414062500000e+03 8.375331456353829708e+03
6.741669347085990012e+02 8.372618164062500000e+03 8.375351241231752283e+03
6.741873677549883723e+02 8.370788085937500000e+03 8.375370861230643641e+03
6.742078008018434048e+02 8.367078125000000000e+03 8.375390314016924094e+03
6.742282338486984372e+02 8.377240234375000000e+03 8.375409597256119014e+03
6.742486668955534697e+02 8.366895507812500000e+03 8.375428708614223069e+03
6.742691000429913402e+02 8.374780273437500000e+03 8.375447645849992114e+03
6.742895329901948571e+02 8.372733398437500000e+03 8.375466406351901242e+03
6.743099661380983889e+02 8.370644531250000000e+03 8.375484988154028542e+03
6.743303991858847439e+02 8.372852539062500000e+03 8.375503388647466636e+03
6.743508321340195835e+02 8.377261718750000000e+03 8.375521605501289741e+03
6.743712652823887765e+02 8.369418945312500000e+03 8.375539636647474254e+03
6.743916983311064541e+02 8.373549804687500000e+03 8.375557479485985823e+03
6.744121312797069550e+02 8.374833984375000000e+03 8.375575131685178349e+03
6.744325644290074706e+02 8.379625976562500000e+03 8.375592591169490333e+03
6.744529974781908095e+02 8.381333984375000000e+03 8.375609855346436234e+03
6.744734304277226329e+02 8.374252929687500000e+03 8.375626921885264892e+03
6.744938635770231485e+02 8.385482421875000000e+03 8.375643788700583173e+03
6.745142966271378100e+02 8.387019531250000000e+03 8.375660453210115520e+03
6.745347296772524714e+02 8.377841796875000000e+03 8.375676913162204073e+03
6.745551627273671329e+02 8.373497070312500000e+03 8.375693166222825312e+03
6.745755956782959402e+02 8.381009765625000000e+03 8.375709209980592277e+03
6.745960288289934397e+02 8.375165039062500000e+03 8.375725042334664977e+03
6.746164618800394237e+02 8.377038085937500000e+03 8.375740660717459832e+03
6.746368948309682310e+02 8.382248046875000000e+03 8.375756062797754566e+03
6.746573279825970531e+02 8.384705078125000000e+03 8.375771246466671073e+03
6.746777610341086984e+02 8.376295898437500000e+03 8.375786209165038599e+03
6.746981941862031817e+02 8.372297851562500000e+03 8.375800948705767951e+03
6.747186271380633116e+02 8.375274414062500000e+03 8.375815462539489090e+03
6.747390601905062795e+02 8.378255859375000000e+03 8.375829748547512281e+03
6.747594933430664241e+02 8.385509765625000000e+03 8.375843804392115999e+03
6.747799262958578765e+02 8.377817382812500000e+03 8.375857627534685889e+03
6.748003593487665057e+02 8.369783203125000000e+03 8.375871215845778352e+03
6.748207925017923117e+02 8.377341796875000000e+03 8.375884567531758876e+03
6.748412255551666021e+02 8.374914062500000000e+03 8.375897682858310873e+03
6.748616585088893771e+02 8.379124023437500000e+03 8.375910562774497521e+03
6.748820916628465056e+02 8.375228515625000000e+03 8.375923208413230896e+03
6.749025247166864574e+02 8.380323242187500000e+03 8.375935620532522080e+03
6.749229578711092472e+02 8.378525390625000000e+03 8.375947800199895937e+03
6.749433908257633448e+02 8.387218750000000000e+03 8.375959748183622651e+03
6.749638238805346191e+02 8.380320312500000000e+03 8.375971465606362472e+03
6.749842570354230702e+02 8.367752929687500000e+03 8.375982953410340997e+03
6.750046899905428290e+02 8.376081054687500000e+03 8.375994212374251219e+03
6.750251230457797647e+02 8.386056640625000000e+03 8.376005243610608886e+03
6.750455562015995383e+02 8.378449218750000000e+03 8.376016048061934271e+03
6.750659891571849585e+02 8.382075195312500000e+03 8.376026626516426404e+03
6.750864222133532166e+02 8.372105468750000000e+03 8.376036980077089538e+03
6.751068553696386516e+02 8.381760742187500000e+03 8.376047109685989199e+03
6.751272883261553943e+02 8.370447265625000000e+03 8.376057016141705390e+03
6.751477214829064906e+02 8.380944335937500000e+03 8.376066700583778584e+03
6.751681545395404100e+02 8.386248046875000000e+03 8.376076163813839230e+03
6.751885874969884753e+02 8.375186523437500000e+03 8.376085406781156053e+03
6.752090206542052329e+02 8.380832031250000000e+03 8.376094430564957293e+03
6.752294536116532981e+02 8.378938476562500000e+03 8.376103235934398981e+03
6.752498866696842015e+02 8.367309570312500000e+03 8.376111823966119118e+03
6.752703198278322816e+02 8.372650390625000000e+03 8.376120195602328749e+03
6.752907527857460082e+02 8.372711914062500000e+03 8.376128351667179231e+03
6.753111859443597496e+02 8.379073242187500000e+03 8.376136293266312350e+03
6.753316190033219755e+02 8.379416015625000000e+03 8.376144021227019039e+03
6.753520520618185401e+02 8.382054687500000000e+03 8.376151536533992839e+03
6.753724851212464273e+02 8.376149414062500000e+03 8.376158840133355625e+03
6.753929181806743145e+02 8.368776367187500000e+03 8.376165932970368885e+03
6.754133512401022017e+02 8.374706054687500000e+03 8.376172815990648814e+03
6.754337842999957502e+02 8.373766601562500000e+03 8.376179490139948030e+03
6.754542173598892987e+02 8.379208984375000000e+03 8.376185956363729929e+03
6.754746504202485085e+02 8.368969726562500000e+03 8.376192215607741673e+03
6.754950835807248950e+02 8.377749023437500000e+03 8.376198268846603241e+03
6.755155165414325893e+02 8.376011718750000000e+03 8.376204116938584775e+03
6.755359497023746371e+02 8.372706054687500000e+03 8.376209760943791480e+03
6.755563827636651695e+02 8.377758789062500000e+03 8.376215201723489372e+03
6.755768157248385251e+02 8.372420898437500000e+03 8.376220440226143182e+03
6.755972488862462342e+02 8.375066406250000000e+03 8.376225477472880812e+03
6.756176819484680891e+02 8.375903320312500000e+03 8.376230314334015929e+03
6.756381149101071060e+02 8.367779296875000000e+03 8.376234951757756789e+03
6.756585480724461377e+02 8.371663085937500000e+03 8.376239390756636567e+03
6.756789811351336539e+02 8.374596679687500000e+03 8.376243632209545467e+03
6.756994142974726856e+02 8.372427734375000000e+03 8.376247677103478054e+03
6.757198472605086863e+02 8.369236328125000000e+03 8.376251526326301246e+03
6.757402803236618638e+02 8.366529296875000000e+03 8.376255180881453271e+03
6.757607134869322181e+02 8.369625000000000000e+03 8.376258641711694509e+03
6.757811464508995414e+02 8.368542968750000000e+03 8.376261909713324712e+03
6.758015795145183802e+02 8.370791992187500000e+03 8.376264985881185567e+03
6.758220126787200570e+02 8.374935546875000000e+03 8.376267871158212074e+03
6.758424456426873803e+02 8.379732421875000000e+03 8.376270566448929458e+03
6.758628787072375417e+02 8.382199218750000000e+03 8.376273072740026691e+03
6.758833117717877030e+02 8.375166015625000000e+03 8.376275390963375685e+03
6.759037448368035257e+02 8.375577148437500000e+03 8.376277522064636287e+03
6.759241780019365251e+02 8.372851562500000000e+03 8.376279466998439602e+03
6.759446109673008323e+02 8.376458984375000000e+03 8.376281226683215209e+03
6.759650440332479775e+02 8.374330078125000000e+03 8.376282802091787744e+03
6.759854771988466382e+02 8.375335937500000000e+03 8.376284194166993984e+03
6.760059102647937834e+02 8.363482421875000000e+03 8.376285403840875006e+03
6.760263432310894132e+02 8.372067382812500000e+03 8.376286432061704545e+03
6.760467763976193964e+02 8.378665039062500000e+03 8.376287279788848537e+03
6.760672094644978642e+02 8.378228515625000000e+03 8.376287947954155243e+03
6.760876424312591553e+02 8.374500976562500000e+03 8.376288437505838374e+03
6.761080755987204611e+02 8.382990234375000000e+03 8.376288749395411287e+03
6.761285086660645902e+02 8.372008789062500000e+03 8.376288884562585736e+03
6.761489418335258961e+02 8.377381835937500000e+03 8.376288843954309414e+03
6.761693748012185097e+02 8.374242187500000000e+03 8.376288628518068435e+03
6.761898078694939613e+02 8.371350585937500000e+03 8.376288239197583607e+03
6.762102410378865898e+02 8.372517578125000000e+03 8.376287676935920899e+03
6.762306740060448647e+02 8.372640625000000000e+03 8.376286942688224372e+03
6.762511070747859776e+02 8.380020507812500000e+03 8.376286037390555066e+03
6.762919732131995261e+02 8.376481445312500000e+03 8.376283717437259838e+03
6.763124063825234771e+02 8.373703125000000000e+03 8.376282304665548509e+03
6.763328394521959126e+02 8.371811523437500000e+03 8.376280724635980732e+03
6.763532724222168326e+02 8.373994140625000000e+03 8.376278978296606510e+03
6.763737055920064449e+02 8.377765625000000000e+03 8.376277066566231952e+03
6.763941386626102030e+02 8.389334960937500000e+03 8.376274990417223307e+03
6.764145716330967844e+02 8.368541015625000000e+03 8.376272750797686967e+03
6.764350048038177192e+02 8.381249023437500000e+03 8.376270348619116703e+03
6.764554378748871386e+02 8.379920898437500000e+03 8.376267784861189284e+03
6.764758708458393812e+02 8.373914062500000000e+03 8.376265060471932884e+03
6.764963040174916387e+02 8.368180664062500000e+03 8.376262176355674455e+03
6.765167370890267193e+02 8.381748046875000000e+03 8.376259133499308518e+03
6.765371701610274613e+02 8.385165039062500000e+03 8.376255932834637861e+03
6.765576032330282032e+02 8.372346679687500000e+03 8.376252575307336883e+03
6.765780363054946065e+02 8.377128906250000000e+03 8.376249061862941744e+03
6.765984693779610097e+02 8.373734375000000000e+03 8.376245393447141396e+03
6.766189024508930743e+02 8.378561523437500000e+03 8.376241571005459264e+03
6.766393355238251388e+02 8.375328125000000000e+03 8.376237595483591576e+03
6.766597685972228646e+02 8.392077148437500000e+03 8.376233467827056302e+03
6.766802016706205904e+02 8.373769531250000000e+03 8.376229188981555126e+03
6.767006348441354930e+02 8.374525390625000000e+03 8.376224759870634443e+03
6.767210679179988801e+02 8.374341796875000000e+03 8.376220181483213310e+03
6.767415008922107518e+02 8.375554687500000000e+03 8.376215454767077972e+03
6.767619340666569769e+02 8.376915039062500000e+03 8.376210580597380613e+03
6.767823671409860253e+02 8.373100585937500000e+03 8.376205559990301481e+03
6.768028001161292195e+02 8.373142578125000000e+03 8.376200393893363071e+03
6.768232332910411060e+02 8.369949218750000000e+03 8.376195083175520267e+03
6.768436663663014770e+02 8.370083007812500000e+03 8.376189628859154254e+03
6.768640993419103324e+02 8.374800781250000000e+03 8.376184031891969425e+03
6.768845325177535415e+02 8.377909179687500000e+03 8.376178293136388675e+03
6.769049655934795737e+02 8.378417968750000000e+03 8.376172413621341548e+03
6.769253987697884440e+02 8.381108398437500000e+03 8.376166394234696781e+03
6.769458317463286221e+02 8.377125976562500000e+03 8.376160236011563029e+03
6.769662648229859769e+02 8.372621093750000000e+03 8.376153939808187715e+03
6.769866979997605085e+02 8.371556640625000000e+03 8.376147506568162498e+03
6.770071309767663479e+02 8.374630859375000000e+03 8.376140937332520480e+03
6.770275640538893640e+02 8.377220703125000000e+03 8.376134232951448212e+03
6.770479971314780414e+02 8.371511718750000000e+03 8.376127394402263235e+03
6.770684302095323801e+02 8.374959960937500000e+03 8.376120422630570829e+03
6.770888632875867188e+02 8.374417968750000000e+03 8.376113318582138163e+03
6.771092964657582343e+02 8.374443359375000000e+03 8.376106083166811004e+03
6.771297294441610575e+02 8.381622070312500000e+03 8.376098717437345840e+03
6.771501626227982342e+02 8.378435546875000000e+03 8.376091222195167575e+03
6.771705957017838955e+02 8.380314453125000000e+03 8.376083598494937178e+03
6.771910286806523800e+02 8.380622070312500000e+03 8.376075847284329939e+03
6.772114618602208793e+02 8.376516601562500000e+03 8.376067969393898238e+03
6.772318949396722019e+02 8.375333007812500000e+03 8.376059965884305711e+03
6.772523279194720089e+02 8.373255859375000000e+03 8.376051837702823832e+03
6.772727610995061696e+02 8.371600585937500000e+03 8.376043585674859060e+03
6.772931941798888147e+02 8.373586914062500000e+03 8.376035210866219131e+03
6.773136273603886366e+02 8.374323242187500000e+03 8.376026714140643890e+03
6.773340603411197662e+02 8.372500976562500000e+03 8.376018096569350746e+03
6.773544934219680727e+02 8.369905273437500000e+03 8.376009358972345581e+03
6.773749266033992171e+02 8.376279296875000000e+03 8.376000502293290992e+03
6.773953595845960081e+02 8.379257812500000000e+03 8.375991527609052355e+03
6.774157926663756371e+02 8.375078125000000000e+03 8.375982435733985767e+03
6.774362258482724428e+02 8.380318359375000000e+03 8.375973227612190385e+03
6.774566588304005563e+02 8.369958007812500000e+03 8.375963904325268231e+03
6.774770919126458466e+02 8.366548828125000000e+03 8.375954466682842394e+03
6.774975250954739749e+02 8.373411132812500000e+03 8.375944915628639137e+03
6.775179580780677497e+02 8.373611328125000000e+03 8.375935252249702899e+03
6.775383912608958781e+02 8.371020507812500000e+03 8.375925477302265790e+03
6.775588243445381522e+02 8.367333007812500000e+03 8.375915591874356323e+03
6.775792573275975883e+02 8.373653320312500000e+03 8.375905596913878981e+03
6.775996905113570392e+02 8.380039062500000000e+03 8.375895493218267802e+03
6.776201235954649746e+02 8.370280273437500000e+03 8.375885281880862749e+03
6.776405566795729101e+02 8.371148437500000000e+03 8.375874963798260069e+03
6.776609897641465068e+02 8.370386718750000000e+03 8.375864539915837668e+03
6.776814228487201035e+02 8.379428710937500000e+03 8.375854011179446388e+03
6.777018559332937002e+02 8.381575195312500000e+03 8.375843378534700605e+03
6.777222890183329582e+02 8.374602539062500000e+03 8.375832642926969129e+03
6.777427221038378775e+02 8.371368164062500000e+03 8.375821805301862696e+03
6.777631551893427968e+02 8.380260742187500000e+03 8.375810866605239426e+03
6.777835882753133774e+02 8.373490234375000000e+03 8.375799827782462671e+03
6.778040213612839580e+02 8.370466796875000000e+03 8.375788689779394190e+03
6.778244544472545385e+02 8.371521484375000000e+03 8.375777453541651994e+03
6.778448875336907804e+02 8.369618164062500000e+03 8.375766120014592161e+03
6.778653206205926836e+02 8.375586914062500000e+03 8.375754690143823609e+03
6.778857538076117635e+02 8.389125000000000000e+03 8.375743164818513833e+03
6.779061867948621511e+02 8.365782226562500000e+03 8.375731545154125342e+03
6.779266199818812311e+02 8.368925781250000000e+03 8.375719831869073460e+03
6.779470530697144568e+02 8.371876953125000000e+03 8.375708026079661067e+03
6.779674860574305058e+02 8.383067382812500000e+03 8.375696128733390651e+03
6.779879192453809083e+02 8.368280273437500000e+03 8.375684140600325918e+03
6.780083523336797953e+02 8.380004882812500000e+03 8.375672062801355423e+03
6.780287853223271668e+02 8.372181640625000000e+03 8.375659896283403214e+03
6.780492185112088919e+02 8.380630859375000000e+03 8.375647641812875008e+03
6.780696515999734402e+02 8.387871093750000000e+03 8.375635300514870323e+03
6.780900845895521343e+02 8.370591796875000000e+03 8.375622873335705663e+03
6.781105177788995206e+02 8.377791992187500000e+03 8.375610361038550764e+03
6.781309508685953915e+02 8.378964843750000000e+03 8.375597764751746581e+03
6.781513840584084392e+02 8.374698242187500000e+03 8.375585085297767364e+03
6.781718170484527946e+02 8.375098632812500000e+03 8.375572323808919464e+03
6.781922501390799880e+02 8.369976562500000000e+03 8.375559481043834239e+03
6.782126833293586969e+02 8.377901367187500000e+03 8.375546557947520341e+03
6.782331163203343749e+02 8.381865234375000000e+03 8.375533555655256350e+03
6.782535494114272296e+02 8.375499023437500000e+03 8.375520474922699577e+03
6.782739826026372612e+02 8.376114257812500000e+03 8.375507316694323890e+03
6.782944155940786004e+02 8.363829101562500000e+03 8.375494082109420560e+03
6.783148487857542932e+02 8.376930664062500000e+03 8.375480771854525301e+03
6.783352818782441318e+02 8.370970703125000000e+03 8.375467387069740653e+03
6.783557149702683091e+02 8.370490234375000000e+03 8.375453928636563433e+03
6.783761480627581477e+02 8.381809570312500000e+03 8.375440397499995015e+03
6.783965811552479863e+02 8.377327148437500000e+03 8.375426794605962641e+03
6.784170141485519707e+02 8.383259765625000000e+03 8.375413120966621136e+03
6.784374473416246474e+02 8.370310546875000000e+03 8.375399377327014008e+03
6.784578804350458086e+02 8.374749023437500000e+03 8.375385564833643002e+03
6.784783134283497930e+02 8.384060546875000000e+03 8.375371684433437622e+03
6.784987466223537922e+02 8.374624023437500000e+03 8.375357736867174026e+03
6.785191797162406147e+02 8.382772460937500000e+03 8.375343723285308442e+03
6.785396129107102752e+02 8.373346679687500000e+03 8.375329644495823231e+03
6.785600459054112434e+02 8.373518554687500000e+03 8.375315501651746672e+03
6.785804789997637272e+02 8.371583007812500000e+03 8.375301295491923156e+03
6.786009121951647103e+02 8.379877929687500000e+03 8.375287026960075309e+03
6.786213451903313398e+02 8.372481445312500000e+03 8.375272697212651110e+03
6.786417782856151462e+02 8.369602539062500000e+03 8.375258306985078889e+03
6.786622114814817905e+02 8.385878906250000000e+03 8.375243857221768849e+03
6.786826444775797427e+02 8.376287109375000000e+03 8.375229349081160763e+03
6.787030775733292103e+02 8.373478515625000000e+03 8.375214783296702080e+03
6.787235107701271772e+02 8.377062500000000000e+03 8.375200160812175454e+03
6.787439437666907907e+02 8.377464843750000000e+03 8.375185482789207526e+03
6.787643769634887576e+02 8.374871093750000000e+03 8.375170749885750411e+03
6.787848100606352091e+02 8.378941406250000000e+03 8.375155963263241574e+03
6.788052430576644838e+02 8.378435546875000000e+03 8.375141123868415889e+03
6.788256762553937733e+02 8.376684570312500000e+03 8.375126232428039657e+03
6.788461093534715474e+02 8.370440429687500000e+03 8.375111290106240631e+03
6.788665424510836601e+02 8.369290039062500000e+03 8.375096297776479332e+03
6.788869755496270955e+02 8.374486328125000000e+03 8.375081256383342406e+03
6.789074086481705308e+02 8.382244140625000000e+03 8.375066166873137263e+03
6.789278418468311429e+02 8.380586914062500000e+03 8.375051030117194387e+03
6.789482748457230628e+02 8.382760742187500000e+03 8.375035847283625117e+03
6.789687079447321594e+02 8.376480468750000000e+03 8.375020619095555958e+03
6.789891410442069173e+02 8.369872070312500000e+03 8.375005346572532289e+03
6.790095741441473365e+02 8.368433593750000000e+03 8.374990030660170305e+03
6.790300072440877557e+02 8.365689453125000000e+03 8.374974672304433625e+03
6.790504404441453516e+02 8.371878906250000000e+03 8.374959272375384899e+03
6.790708734444342554e+02 8.383554687500000000e+03 8.374943832044957162e+03
6.790913065448403358e+02 8.366872070312500000e+03 8.374928352032449766e+03
6.791117397458292544e+02 8.375915039062500000e+03 8.374912833282554857e+03
6.791321727470494807e+02 8.375146484375000000e+03 8.374897276969273662e+03
6.791526059480383992e+02 8.371057617187500000e+03 8.374881683734058242e+03
6.791730390498414636e+02 8.376870117187500000e+03 8.374866054750389594e+03
6.791934720515273511e+02 8.370153320312500000e+03 8.374850390965122642e+03
6.792139052534475923e+02 8.377783203125000000e+03 8.374834693093373062e+03
6.792343383557163179e+02 8.375520507812500000e+03 8.374818962310899224e+03
6.792752045607194304e+02 8.375035156250000000e+03 8.374787405566461530e+03
6.792956376639194787e+02 8.374489257812500000e+03 8.374771581495371720e+03
6.793160708672367036e+02 8.378581054687500000e+03 8.374755728141804866e+03
6.793365038703195751e+02 8.381270507812500000e+03 8.374739846684618897e+03
6.793569369739852846e+02 8.376701171875000000e+03 8.374723937835829929e+03
6.793773701777681708e+02 8.387958984375000000e+03 8.374708002541019596e+03
6.793978031822480261e+02 8.384498046875000000e+03 8.374692041979504211e+03
6.794182362863793969e+02 8.381692382812500000e+03 8.374676056863569102e+03
6.794386694910936058e+02 8.382139648437500000e+03 8.374660048137751801e+03
6.794591024955734611e+02 8.377831054687500000e+03 8.374644016983516849e+03
6.794795356011018157e+02 8.377734375000000000e+03 8.374627964110264656e+03
6.794999688062816858e+02 8.377255859375000000e+03 8.374611890464400858e+03
6.795204019118100405e+02 8.362283203125000000e+03 8.374595797148329439e+03
6.795408350173383951e+02 8.375944335937500000e+03 8.374579685029326356e+03
6.795612681233324111e+02 8.376637695312500000e+03 8.374563555052644006e+03
6.795817012297920883e+02 8.374943359375000000e+03 8.374547408163896762e+03
6.796021343362517655e+02 8.377254882812500000e+03 8.374531245309073711e+03
6.796225674427114427e+02 8.373849609375000000e+03 8.374515067433791046e+03
6.796430004495196044e+02 8.375762695312500000e+03 8.374498875562669127e+03
6.796634336570277810e+02 8.374070312500000000e+03 8.374482670403216616e+03
6.796838667644187808e+02 8.368103515625000000e+03 8.374466453139531950e+03
6.797042997721582651e+02 8.369328125000000000e+03 8.374450224717031233e+03
6.797247329796664417e+02 8.371599609375000000e+03 8.374433985843450500e+03
6.797451660879887640e+02 8.372794921875000000e+03 8.374417737701922306e+03
6.797655992964282632e+02 8.371015625000000000e+03 8.374401481079592486e+03
6.797860323050990701e+02 8.370916015625000000e+03 8.374385217160725006e+03
6.798064654134213924e+02 8.370811523437500000e+03 8.374368946652664818e+03
6.798268986227922142e+02 8.376365234375000000e+03 8.374352670499825763e+03
6.798473316319286823e+02 8.393700195312500000e+03 8.374336389887856058e+03
6.798677647416479886e+02 8.377777343750000000e+03 8.374320105522716403e+03
6.798881979514844716e+02 8.370323242187500000e+03 8.374303818350350411e+03
6.799086309615522623e+02 8.378571289062500000e+03 8.374287529555431320e+03
6.799290641713887453e+02 8.369526367187500000e+03 8.374271239765081191e+03
6.799494972820393741e+02 8.372814453125000000e+03 8.374254950163245667e+03
6.799699302925728261e+02 8.373054687500000000e+03 8.374238661696279451e+03
6.799903635038062930e+02 8.370566406250000000e+03 8.374222375070012276e+03
6.800107966149225831e+02 8.379066406250000000e+03 8.374206091469854073e+03
6.800312297260388732e+02 8.372005859375000000e+03 8.374189811761614692e+03
6.800516628380864859e+02 8.372615234375000000e+03 8.374173536890175455e+03
6.800720959496684372e+02 8.366916992187500000e+03 8.374157267802267597e+03
6.800925290617160499e+02 8.375174804687500000e+03 8.374141005442765163e+03
6.801129621742293239e+02 8.377651367187500000e+03 8.374124750757291622e+03
6.801333952867425978e+02 8.372801757812500000e+03 8.374108504691837879e+03
6.801538284998387098e+02 8.377163085937500000e+03 8.374092268112119200e+03
6.801742616128176451e+02 8.373219726562500000e+03 8.374076042123244406e+03
6.801946946261450648e+02 8.370465820312500000e+03 8.374059827670298546e+03
6.802151278397068381e+02 8.366780273437500000e+03 8.374043625461017655e+03
6.802355609536170959e+02 8.370765625000000000e+03 8.374027436678907179e+03
6.802559939674101770e+02 8.372298828125000000e+03 8.374011262269752478e+03
6.802764271819032729e+02 8.366322265625000000e+03 8.373995102941162259e+03
6.802968601961620152e+02 8.375841796875000000e+03 8.373978959955820756e+03
6.803172934111207724e+02 8.369145507812500000e+03 8.373962833942601719e+03
6.803377265259623528e+02 8.379524414062500000e+03 8.373946726084661350e+03
6.803581595411524177e+02 8.369313476562500000e+03 8.373930637326979195e+03
6.803785927565768361e+02 8.371928710937500000e+03 8.373914568379190314e+03
6.803990258723497391e+02 8.386269531250000000e+03 8.373898520422902948e+03
6.804194588884711266e+02 8.380030273437500000e+03 8.373882494403418605e+03
6.804398921043612063e+02 8.373500000000000000e+03 8.373866491031685655e+03
6.804603252210654318e+02 8.379549804687500000e+03 8.373850511487635231e+03
6.804807582376524806e+02 8.371180664062500000e+03 8.373834556717260057e+03
6.805011914544738829e+02 8.378198242187500000e+03 8.373818627431843197e+03
6.805216245716437697e+02 8.383497070312500000e+03 8.373802724810982909e+03
6.805420577889308333e+02 8.373216796875000000e+03 8.373786849644829999e+03
6.805624908064492047e+02 8.384402343750000000e+03 8.373771003111791288e+03
6.805829239240847528e+02 8.371755859375000000e+03 8.373755185924706893e+03
6.806033571423031390e+02 8.372806640625000000e+03 8.373739399029271226e+03
6.806237901602871716e+02 8.376279296875000000e+03 8.373723643603296296e+03
6.806442232793197036e+02 8.374689453125000000e+03 8.373707920359858690e+03
6.806646564980037510e+02 8.374947265625000000e+03 8.373692230246133477e+03
6.806850895169191062e+02 8.368696289062500000e+03 8.373676574437409727e+03
6.807055226359516382e+02 8.374695312500000000e+03 8.373660953649286967e+03
6.807259558555670083e+02 8.382075195312500000e+03 8.373645368827548737e+03
6.807463889755308628e+02 8.371955078125000000e+03 8.373629821070544494e+03
6.807668220954947174e+02 8.376425781250000000e+03 8.373614311247803926e+03
6.807872552154585719e+02 8.371744140625000000e+03 8.373598840304941405e+03
6.808076883358880877e+02 8.375663085937500000e+03 8.373583409187231155e+03
6.808281215569004416e+02 8.374954101562500000e+03 8.373568018764988665e+03
6.808485545776784420e+02 8.385570312500000000e+03 8.373552670210106953e+03
6.808689876990392804e+02 8.379282226562500000e+03 8.373537364241936302e+03
6.808894209200516343e+02 8.371373046875000000e+03 8.373522101807426225e+03
6.809098539417609572e+02 8.375978515625000000e+03 8.373506884075181006e+03
6.809302871637046337e+02 8.375862304687500000e+03 8.373491711693266552e+03
6.809507201858796179e+02 8.378806640625000000e+03 8.373476585904318199e+03
6.809711533081717789e+02 8.378462890625000000e+03 8.373461507431617065e+03
6.809915865310467780e+02 8.371397460937500000e+03 8.373446477221146779e+03
6.810120195536874235e+02 8.376473632812500000e+03 8.373431496439445255e+03
6.810324526769109070e+02 8.375741210937500000e+03 8.373416565811221517e+03
6.810528859002515674e+02 8.378957031250000000e+03 8.373401686283183153e+03
6.810733189238235354e+02 8.378466796875000000e+03 8.373386859018948599e+03
6.810937520475126803e+02 8.374498046875000000e+03 8.373372084746144537e+03
6.811141852713190019e+02 8.372280273437500000e+03 8.373357364411178423e+03
6.811346182958222926e+02 8.364540039062500000e+03 8.373342699174976588e+03
6.811550515205599368e+02 8.378454101562500000e+03 8.373328089696415191e+03
6.811754846451804042e+02 8.369926757812500000e+03 8.373313537136276864e+03
6.811959176701493561e+02 8.371980468750000000e+03 8.373299042439011828e+03
6.812163508953526616e+02 8.363738281250000000e+03 8.373284606337932928e+03
6.812367840209044516e+02 8.371211914062500000e+03 8.373270229866779118e+03
6.812572171464562416e+02 8.366553710937500000e+03 8.373255913276178035e+03
6.812776502724736929e+02 8.366133789062500000e+03 8.373241656761052582e+03
6.812980833984911442e+02 8.373270507812500000e+03 8.373227460516978681e+03
6.813185166250914335e+02 8.378518554687500000e+03 8.373213324669770373e+03
6.813389496519230306e+02 8.373479492187500000e+03 8.373199249622019124e+03
6.813593827788718045e+02 8.379291992187500000e+03 8.373185235361957893e+03
6.813798160059377551e+02 8.366269531250000000e+03 8.373171282085728308e+03
6.814002491333521903e+02 8.373092773437500000e+03 8.373157390124999438e+03
6.814206821611151099e+02 8.379743164062500000e+03 8.373143559674123026e+03
6.814411153891123831e+02 8.378913085937500000e+03 8.373129790725815838e+03
6.814615485169924796e+02 8.366117187500000000e+03 8.373116083678174618e+03
6.814819815456867218e+02 8.381754882812500000e+03 8.373102438724912645e+03
6.815024147741496563e+02 8.372307617187500000e+03 8.373088855862104538e+03
6.815228479029610753e+02 8.372561523437500000e+03 8.373075335484489187e+03
6.815432810317724943e+02 8.374786132812500000e+03 8.373061877720923803e+03
6.815637141610495746e+02 8.370320312500000000e+03 8.373048482766349480e+03
6.815841471906751394e+02 8.372928710937500000e+03 8.373035150881189111e+03
6.816045804205350578e+02 8.362691406250000000e+03 8.373021882065489990e+03
6.816250135507434607e+02 8.366881835937500000e+03 8.373008676709703650e+03
6.816454465808346868e+02 8.371044921875000000e+03 8.372995535008452862e+03
6.816658798116259277e+02 8.373253906250000000e+03 8.372982456963982258e+03
6.816863129422999918e+02 8.369398437500000000e+03 8.372969442964544214e+03
6.817067459733225405e+02 8.376445312500000000e+03 8.372956493204150320e+03
6.817271792045794427e+02 8.366857421875000000e+03 8.372943607688464908e+03
6.817476123361848295e+02 8.377531250000000000e+03 8.372930786802327930e+03
6.817680455679073930e+02 8.368438476562500000e+03 8.372918030615648604e+03
6.817884785998612642e+02 8.366057617187500000e+03 8.372905339510409249e+03
6.818089117319323123e+02 8.368031250000000000e+03 8.372892713495122734e+03
6.818293449645861983e+02 8.373846679687500000e+03 8.372880152765712410e+03
6.818497779974713922e+02 8.371360351562500000e+03 8.372867657701583084e+03
6.818702111304737628e+02 8.372380859375000000e+03 8.372855228314116175e+03
6.818906443635933101e+02 8.376324218750000000e+03 8.372842864799527888e+03
6.819110774970613420e+02 8.381216796875000000e+03 8.372830567473949486e+03
6.819315106305293739e+02 8.374935546875000000e+03 8.372818336472162628e+03
6.819519437644630671e+02 8.377434570312500000e+03 8.372806171989146605e+03
6.819723768988624215e+02 8.376461914062500000e+03 8.372794074220153561e+03
6.819928100332617760e+02 8.371182617187500000e+03 8.372782043360704847e+03
6.820132431676611304e+02 8.366956054687500000e+03 8.372770079606056242e+03
6.820336763025261462e+02 8.369005859375000000e+03 8.372758183151181584e+03
6.820541095379740000e+02 8.371666015625000000e+03 8.372746354133540081e+03
6.820745425731875002e+02 8.373078125000000000e+03 8.372734592922031879e+03
6.820949757089838386e+02 8.375339843750000000e+03 8.372722899538262936e+03
6.821154088447801769e+02 8.373951171875000000e+03 8.372711274235538440e+03
6.821358419805765152e+02 8.370810546875000000e+03 8.372699717209114169e+03
6.821562752169556916e+02 8.379222656250000000e+03 8.372688228597848138e+03
6.821767083536833525e+02 8.362111328125000000e+03 8.372676808709580655e+03
6.821971413907594979e+02 8.367024414062500000e+03 8.372665457738552504e+03
6.822175746276043355e+02 8.373334960937500000e+03 8.372654175714182202e+03
6.822584408028051257e+02 8.368755859375000000e+03 8.372631819782644016e+03
6.822788740401156247e+02 8.378510742187500000e+03 8.372620746102433259e+03
6.822993070785887539e+02 8.376848632812500000e+03 8.372609742367938452e+03
6.823197403168305755e+02 8.372013671875000000e+03 8.372598808559756435e+03
6.823401734554208815e+02 8.372007812500000000e+03 8.372587945033870710e+03
6.823606064938940108e+02 8.375720703125000000e+03 8.372577151984745797e+03
6.823810397330671549e+02 8.366101562500000000e+03 8.372566429449252610e+03
6.824014728721231222e+02 8.373941406250000000e+03 8.372555777781019060e+03
6.824219060121104121e+02 8.364177734375000000e+03 8.372545197122106401e+03
6.824423391516320407e+02 8.374596679687500000e+03 8.372534687668485276e+03
6.824627722916193306e+02 8.375032226562500000e+03 8.372524249614925793e+03
6.824832054320722818e+02 8.381179687500000000e+03 8.372513883156680095e+03
6.825036385720595717e+02 8.372048828125000000e+03 8.372503588489471440e+03
6.825240717129781842e+02 8.368996093750000000e+03 8.372493365807846203e+03
6.825445049540139735e+02 8.375120117187500000e+03 8.372483215257967458e+03
6.825649379952810705e+02 8.375842773437500000e+03 8.372473137183525978e+03
6.825853711366653442e+02 8.373749023437500000e+03 8.372463131631327997e+03
6.826058043786324561e+02 8.370511718750000000e+03 8.372453198797471487e+03
6.826262375204823911e+02 8.373934570312500000e+03 8.372443338974762810e+03
6.826466705626808107e+02 8.373927734375000000e+03 8.372433552357160806e+03
6.826671038051135838e+02 8.368202148437500000e+03 8.372423838996815903e+03
6.826875369478948414e+02 8.378188476562500000e+03 8.372414199232081955e+03
6.827079699905589223e+02 8.373529296875000000e+03 8.372404633257345267e+03
6.827284032339230180e+02 8.367650390625000000e+03 8.372395141127566603e+03
6.827488363771699369e+02 8.377689453125000000e+03 8.372385723178285843e+03
6.827692695208825171e+02 8.377100585937500000e+03 8.372376379557847031e+03
6.827897026645950973e+02 8.371197265625000000e+03 8.372367110461713310e+03
6.828101358092390001e+02 8.372453125000000000e+03 8.372357916084723911e+03
6.828305689534172416e+02 8.379830078125000000e+03 8.372348796622751252e+03
6.828510020980611444e+02 8.369110351562500000e+03 8.372339752270629106e+03
6.828714352427050471e+02 8.375563476562500000e+03 8.372330783223818798e+03
6.828918683882802725e+02 8.370225585937500000e+03 8.372321889677161380e+03
6.829123015333898365e+02 8.375555664062500000e+03 8.372313071826518353e+03
6.829327347790822387e+02 8.376569335937500000e+03 8.372304329824090019e+03
6.829531678250059485e+02 8.369278320312500000e+03 8.372295663993067137e+03
6.829736009710468352e+02 8.372995117187500000e+03 8.372287074400963320e+03
6.829940342172048986e+02 8.372572265625000000e+03 8.372278561244145749e+03
6.830144672640599310e+02 8.366838867187500000e+03 8.372270124842056248e+03
6.830349004110321403e+02 8.381627929687500000e+03 8.372261765265757276e+03
6.830553336576558650e+02 8.364768554687500000e+03 8.372253482711819743e+03
6.830757668050937355e+02 8.380622070312500000e+03 8.372245277456091571e+03
6.830961998528800905e+02 8.368413085937500000e+03 8.372237149692882667e+03
6.831166331009007990e+02 8.373413085937500000e+03 8.372229099498723372e+03
6.831370662488043308e+02 8.372175781250000000e+03 8.372221127187765887e+03
6.831574993971735239e+02 8.371245117187500000e+03 8.372213232915451954e+03
6.831779325455427170e+02 8.366859375000000000e+03 8.372205416877201060e+03
6.832187989433296025e+02 8.370449218750000000e+03 8.372190020246229324e+03
6.832392319929786026e+02 8.363173828125000000e+03 8.372182440118504019e+03
6.832596651422791183e+02 8.371883789062500000e+03 8.372174938968693823e+03
6.832800983921624720e+02 8.375064453125000000e+03 8.372167516992862147e+03
6.833005314422771335e+02 8.376724609375000000e+03 8.372160174494780222e+03
6.833209646926261485e+02 8.373058593750000000e+03 8.372152911525963646e+03
6.833413978428579867e+02 8.376845703125000000e+03 8.372145728389004944e+03
6.833618308939039707e+02 8.376849609375000000e+03 8.372138625277653773e+03
6.833822641447186470e+02 8.378382812500000000e+03 8.372131602283829125e+03
6.834026972958818078e+02 8.370688476562500000e+03 8.372124659706281818e+03
6.834231303473934531e+02 8.373452148437500000e+03 8.372117797739081652e+03
6.834435635991394520e+02 8.370344726562500000e+03 8.372111016477363592e+03
6.834639966515824199e+02 8.369715820312500000e+03 8.372104316248976829e+03
6.834844298036769032e+02 8.376890625000000000e+03 8.372097697150547901e+03
6.835048630563542247e+02 8.369739257812500000e+03 8.372091159378218435e+03
6.835252961087971926e+02 8.388009765625000000e+03 8.372084703222888493e+03
6.835457293619401753e+02 8.381981445312500000e+03 8.372078328753132155e+03
6.835661625149659812e+02 8.368245117187500000e+03 8.372072036258643493e+03
6.835865955688059330e+02 8.366806640625000000e+03 8.372065825933186716e+03
6.836070288224145770e+02 8.364272460937500000e+03 8.372059697881753891e+03
6.836274619763717055e+02 8.361457031250000000e+03 8.372053652389999115e+03
6.836478951303288341e+02 8.376370117187500000e+03 8.372047689623086626e+03
6.836683282852172852e+02 8.368067382812500000e+03 8.372041809775993897e+03
6.836887614396400750e+02 8.374658203125000000e+03 8.372036013044375068e+03
6.837091945949941874e+02 8.369414062500000000e+03 8.372030299623091196e+03
6.837296277498826385e+02 8.377935546875000000e+03 8.372024669707778230e+03
6.837500609057024121e+02 8.376328125000000000e+03 8.372019123493308143e+03
6.837704941611737013e+02 8.369253906250000000e+03 8.372013661148752362e+03
6.837909273169934750e+02 8.372518554687500000e+03 8.372008282922637591e+03
6.838113603731617332e+02 8.374296875000000000e+03 8.372002989008986333e+03
6.838317936300300062e+02 8.376400390625000000e+03 8.371997779525849182e+03
6.838522267863154411e+02 8.360398437500000000e+03 8.371992654745914479e+03
6.838726598434150219e+02 8.373662109375000000e+03 8.371987614862837290e+03
6.838930931007489562e+02 8.365874023437500000e+03 8.371982659998644522e+03
6.839135262579657137e+02 8.374502929687500000e+03 8.371977790422039106e+03
6.839339595157653093e+02 8.380846679687500000e+03 8.371973006280450136e+03
6.839543925737962127e+02 8.369015625000000000e+03 8.371968307838822511e+03
6.839748257319442928e+02 8.377661132812500000e+03 8.371963695222826573e+03
6.839952589902095497e+02 8.375981445312500000e+03 8.371959168628967745e+03
6.840156920491717756e+02 8.373949218750000000e+03 8.371954728318201887e+03
6.840361252077855170e+02 8.381028320312500000e+03 8.371950374420182925e+03
6.840565583673305809e+02 8.372570312500000000e+03 8.371946107151828983e+03
6.840769915264099836e+02 8.366559570312500000e+03 8.371941926708688698e+03
6.840974245863035321e+02 8.368464843750000000e+03 8.371937833305564709e+03
6.841178578459657729e+02 8.364288085937500000e+03 8.371933827078468312e+03
6.841382910064421594e+02 8.372076171875000000e+03 8.371929908281899770e+03
6.841587242665700614e+02 8.375833007812500000e+03 8.371926077072985208e+03
6.841791573273949325e+02 8.363758789062500000e+03 8.371922333702379547e+03
6.841995904883369803e+02 8.362039062500000000e+03 8.371918678309841198e+03
6.842200237493962049e+02 8.385105468750000000e+03 8.371915111091911967e+03
6.842404568111523986e+02 8.372072265625000000e+03 8.371911632295474192e+03
6.842608899725601077e+02 8.374331054687500000e+03 8.371908242064229853e+03
6.842813232345506549e+02 8.375411132812500000e+03 8.371904940594577056e+03
6.843017563968896866e+02 8.364766601562500000e+03 8.371901728114124126e+03
6.843221895592287183e+02 8.364662109375000000e+03 8.371898604801805050e+03
6.843426227220334113e+02 8.372832031250000000e+03 8.371895570852797391e+03
6.843630558848381042e+02 8.376152343750000000e+03 8.371892626462424232e+03
6.843834890481084585e+02 8.378793945312500000e+03 8.371889771825870412e+03
6.844039222113788128e+02 8.372370117187500000e+03 8.371887007138453555e+03
6.844243553746491671e+02 8.372446289062500000e+03 8.371884332595425803e+03
6.844447886389680207e+02 8.366350585937500000e+03 8.371881748379473720e+03
6.844652217030525208e+02 8.371739257812500000e+03 8.371879254723295162e+03
6.844856548672541976e+02 8.384060546875000000e+03 8.371876851784818427e+03
6.845060881320387125e+02 8.368572265625000000e+03 8.371874539760578045e+03
6.845265211970545352e+02 8.370193359375000000e+03 8.371872318879144586e+03
6.845469544618390501e+02 8.361848632812500000e+03 8.371870189292340001e+03
6.845673876274377108e+02 8.372113281250000000e+03 8.371868151227248745e+03
6.845878206929191947e+02 8.362363281250000000e+03 8.371866204877869677e+03
6.846082539591006935e+02 8.372877929687500000e+03 8.371864350411477062e+03
6.846286871251650155e+02 8.366272460937500000e+03 8.371862588051300918e+03
6.846491201915778220e+02 8.373970703125000000e+03 8.371860917991201859e+03
6.846695534582249820e+02 8.360834960937500000e+03 8.371859340402592352e+03
6.846899866252206266e+02 8.372413085937500000e+03 8.371857855504567851e+03
6.847104196920990944e+02 8.368777343750000000e+03 8.371856463491043542e+03
6.847308529596775770e+02 8.374764648437500000e+03 8.371855164537468227e+03
6.847512860274873674e+02 8.365978515625000000e+03 8.371853958864550805e+03
6.847717192950658500e+02 8.368260742187500000e+03 8.371852846643967496e+03
6.847921524634584785e+02 8.376115234375000000e+03 8.371851828087930699e+03
6.848125855317339301e+02 8.366685546875000000e+03 8.371850903390364692e+03
6.848330188002437353e+02 8.370651367187500000e+03 8.371850072733617708e+03
6.848534519691020250e+02 8.368837890625000000e+03 8.371849336325822151e+03
6.848738851384259760e+02 8.372713867187500000e+03 8.371848694357939166e+03
6.848943183077499270e+02 8.373175781250000000e+03 8.371848147025231810e+03
6.849147514775395393e+02 8.371819335937500000e+03 8.371847694522941310e+03
6.849351847474463284e+02 8.368118164062500000e+03 8.371847337044811866e+03
6.849556179177016020e+02 8.370866210937500000e+03 8.371847074789591716e+03
6.849760509878396988e+02 8.378277343750000000e+03 8.371846907951139656e+03
6.849964842586778104e+02 8.373142578125000000e+03 8.371846836722952503e+03
6.850169174293987453e+02 8.375837890625000000e+03 8.371846861302035904e+03
6.850373505004681647e+02 8.371298828125000000e+03 8.371846981882234104e+03
6.850577837722375989e+02 8.371606445312500000e+03 8.371847198661280345e+03
6.850782169438898563e+02 8.367556640625000000e+03 8.371847511831943848e+03
6.850986500154249370e+02 8.379749023437500000e+03 8.371847921588059762e+03
6.851190832876600325e+02 8.375706054687500000e+03 8.371848428131619585e+03
6.851395164602436125e+02 8.379324218750000000e+03 8.371849031651145197e+03
6.851599497329443693e+02 8.368831054687500000e+03 8.371849732347793179e+03
6.851803828058764338e+02 8.368705078125000000e+03 8.371850530405819882e+03
6.852008159789256752e+02 8.373679687500000000e+03 8.371851426031473238e+03
6.852416823259554803e+02 8.362814453125000000e+03 8.371853510755689058e+03
6.852621154999360442e+02 8.371898437500000000e+03 8.371854700244763080e+03
6.852825487740337849e+02 8.368317382812500000e+03 8.371855988085349964e+03
6.853029818483628333e+02 8.381513671875000000e+03 8.371857374453080411e+03
6.853234151229262352e+02 8.373536132812500000e+03 8.371858859570342247e+03
6.853438482978381217e+02 8.369044921875000000e+03 8.371860443611323717e+03
6.853642813730984926e+02 8.368245117187500000e+03 8.371862126769825409e+03
6.853847146485932171e+02 8.368960937500000000e+03 8.371863909266530754e+03
6.854051477243192494e+02 8.391916015625000000e+03 8.371865791261796403e+03
6.854255809001624584e+02 8.378935546875000000e+03 8.371867772977768254e+03
6.854460141761228442e+02 8.371765625000000000e+03 8.371869854611160918e+03
6.854664473528973758e+02 8.361589843750000000e+03 8.371872036336924793e+03
6.854868804295547307e+02 8.378248046875000000e+03 8.371874318348749512e+03
6.855073137064464390e+02 8.376425781250000000e+03 8.371876700876166069e+03
6.855277468836866319e+02 8.377745117187500000e+03 8.371879184080196865e+03
6.855481800609268248e+02 8.368006835937500000e+03 8.371881768167462724e+03
6.855686132386326790e+02 8.372223632812500000e+03 8.371884453333284910e+03
6.855890464168041945e+02 8.379548828125000000e+03 8.371887239772911926e+03
6.856094795949757099e+02 8.375812500000000000e+03 8.371890127681537706e+03
6.856299127731472254e+02 8.367643554687500000e+03 8.371893117254407116e+03
6.856503459517844021e+02 8.372519531250000000e+03 8.371896208686848695e+03
6.856707792310044169e+02 8.367445312500000000e+03 8.371899402190012552e+03
6.856912123099900782e+02 8.367792968750000000e+03 8.371902697911384166e+03
6.857116455896757543e+02 8.367711914062500000e+03 8.371906096110891667e+03
6.857320787692442536e+02 8.380163085937500000e+03 8.371909596934507135e+03
6.857525118491612375e+02 8.367236328125000000e+03 8.371913200576058443e+03
6.857729451293125749e+02 8.378011718750000000e+03 8.371916907284441550e+03
6.857933783098123968e+02 8.365109375000000000e+03 8.371920717201266598e+03
6.858138113906607032e+02 8.369672851562500000e+03 8.371924630520275969e+03
6.858342446717433631e+02 8.368201171875000000e+03 8.371928647494911274e+03
6.858546778527088463e+02 8.370113281250000000e+03 8.371932768262144236e+03
6.858751109344884753e+02 8.377308593750000000e+03 8.371936993015888220e+03
6.858955442160367966e+02 8.372138671875000000e+03 8.371941322013974059e+03
6.859159773979336023e+02 8.379722656250000000e+03 8.371945755388984253e+03
6.859364105802960694e+02 8.369991210937500000e+03 8.371950293357132978e+03
6.859568437626585364e+02 8.371765625000000000e+03 8.371954936113565054e+03
6.859772769454866648e+02 8.377403320312500000e+03 8.371959683853641764e+03
6.859977101283147931e+02 8.369853515625000000e+03 8.371964536772509746e+03
6.860181433116085827e+02 8.370471679687500000e+03 8.371969495065532101e+03
6.860385764953680336e+02 8.366799804687500000e+03 8.371974558927966427e+03
6.861203092318028212e+02 8.364248046875000000e+03 8.371995873976073199e+03
6.861407424164935946e+02 8.367996093750000000e+03 8.372001468614016630e+03
6.861611757013015449e+02 8.371576171875000000e+03 8.372007170020966441e+03
6.861816088869236410e+02 8.369082031250000000e+03 8.372012978336566448e+03
6.862020419724285603e+02 8.371016601562500000e+03 8.372018893754240707e+03
6.862224752581678331e+02 8.371459960937500000e+03 8.372024916556976677e+03
6.862429084442555904e+02 8.376163085937500000e+03 8.372031046852425789e+03
6.862633415302261710e+02 8.374511718750000000e+03 8.372037284834117600e+03
6.862837748168967664e+02 8.371857421875000000e+03 8.372043630789938106e+03
6.863042080039158463e+02 8.371081054687500000e+03 8.372050084822654753e+03
6.863246412905864418e+02 8.371949218750000000e+03 8.372056647190474905e+03
6.863450743779540062e+02 8.371905273437500000e+03 8.372063317991840449e+03
6.863655075654387474e+02 8.367808593750000000e+03 8.372070097518962939e+03
6.863859408535063267e+02 8.374666015625000000e+03 8.372076985968846202e+03
6.864063739413395524e+02 8.365093750000000000e+03 8.372083983434538823e+03
6.864268071297556162e+02 8.371947265625000000e+03 8.372091090213503776e+03
6.864472404182888567e+02 8.361537109375000000e+03 8.372098306502444757e+03
6.864676735070534050e+02 8.379554687500000000e+03 8.372105632389895618e+03
6.864881066964007914e+02 8.367646484375000000e+03 8.372113068177997775e+03
6.865085399853996933e+02 8.366910156250000000e+03 8.372120614063276662e+03
6.865289730750955641e+02 8.357421875000000000e+03 8.372128270129773227e+03
6.865494063650257885e+02 8.377140625000000000e+03 8.372136036722451536e+03
6.865698395553044975e+02 8.371827148437500000e+03 8.372143913923389846e+03
6.865902726454660296e+02 8.372145507812500000e+03 8.372151901926034043e+03
6.866107059358619153e+02 8.387636718750000000e+03 8.372160001043870579e+03
6.866311391270719469e+02 8.373172851562500000e+03 8.372168211354290179e+03
6.866515722181648016e+02 8.373753906250000000e+03 8.372176533050540456e+03
6.866720055094920099e+02 8.370011718750000000e+03 8.372184966451015498e+03
6.866924387011677027e+02 8.373005859375000000e+03 8.372193511628018314e+03
6.867128718928433955e+02 8.368659179687500000e+03 8.372202168817655547e+03
6.867333050849847496e+02 8.366839843750000000e+03 8.372210938215373972e+03
6.867537382775917649e+02 8.373527343750000000e+03 8.372219820016438462e+03
6.867741714701987803e+02 8.372112304687500000e+03 8.372228814415895613e+03
6.867946046628057957e+02 8.374637695312500000e+03 8.372237921608999386e+03
6.868150378558784723e+02 8.379033203125000000e+03 8.372247141791207468e+03
6.868354711495339870e+02 8.377228515625000000e+03 8.372256475203788796e+03
6.868559042429551482e+02 8.364191406250000000e+03 8.372265921903755952e+03
6.868763374369591475e+02 8.373250976562500000e+03 8.372275482224606094e+03
6.868967707310803235e+02 8.373896484375000000e+03 8.372285156363048372e+03
6.869172038258984685e+02 8.372335937500000000e+03 8.372294944371740712e+03
6.869376371204853058e+02 8.376115234375000000e+03 8.372304846637103765e+03
6.869580703154206276e+02 8.372861328125000000e+03 8.372314863210125623e+03
6.869785034107044339e+02 8.371559570312500000e+03 8.372324994284379500e+03
6.869989367062225938e+02 8.366461914062500000e+03 8.372335240204654838e+03
6.870193699016235769e+02 8.380001953125000000e+03 8.372345601016437286e+03
6.870398029978387058e+02 8.379587890625000000e+03 8.372356076913762081e+03
6.870602362938225269e+02 8.416833007812500000e+03 8.372366668246009795e+03
6.870806694901548326e+02 8.372234375000000000e+03 8.372377375054074946e+03
6.871011027870699763e+02 8.379237304687500000e+03 8.372388197638139900e+03
6.871215358842164278e+02 8.375106445312500000e+03 8.372399136033525792e+03
6.871419690814800560e+02 8.371458984375000000e+03 8.372410190595172025e+03
6.871624023788608611e+02 8.375356445312500000e+03 8.372421361520038772e+03
6.871828354764729738e+02 8.372185546875000000e+03 8.372432648838574096e+03
6.872032686746679246e+02 8.372439453125000000e+03 8.372444052911097970e+03
6.872237018728628755e+02 8.376243164062500000e+03 8.372455573877583447e+03
6.872441350715234876e+02 8.372562500000000000e+03 8.372467211933548242e+03
6.872645682701840997e+02 8.370290039062500000e+03 8.372478967273978924e+03
6.872850014688447118e+02 8.369491210937500000e+03 8.372490840094125815e+03
6.873054346684366465e+02 8.369553710937500000e+03 8.372502830589794030e+03
6.873258679676800966e+02 8.366079101562500000e+03 8.372514939015027267e+03
6.873463011677376926e+02 8.376218750000000000e+03 8.372527165447258085e+03
6.873667342676781118e+02 8.380007812500000000e+03 8.372539510079448519e+03
6.873871675683185458e+02 8.370375000000000000e+03 8.372551973289462694e+03
6.874076007688418031e+02 8.376925781250000000e+03 8.372564555089942587e+03
6.874280338697135448e+02 8.374483398437500000e+03 8.372577255674683329e+03
6.874484671703539789e+02 8.378416015625000000e+03 8.372590075425920077e+03
6.874689003718085587e+02 8.376976562500000000e+03 8.372603014352223909e+03
6.874893334736116230e+02 8.366248046875000000e+03 8.372616072646804241e+03
6.875097667756490409e+02 8.367939453125000000e+03 8.372629250697442330e+03
6.875301999775692821e+02 8.361650390625000000e+03 8.372642548506568346e+03
6.875506332800723612e+02 8.386967773437500000e+03 8.372655966400052421e+03
6.875710663823410869e+02 8.378463867187500000e+03 8.372669504374722237e+03
6.875914995851926506e+02 8.366706054687500000e+03 8.372683162824261672e+03
6.876119328886270523e+02 8.376509765625000000e+03 8.372696941945698200e+03
6.876323659918271005e+02 8.379669921875000000e+03 8.372710841730542597e+03
6.876527991956099868e+02 8.381125976562500000e+03 8.372724862252849562e+03
6.876732324995100498e+02 8.383169921875000000e+03 8.372739002077618352e+03
6.876936656036414206e+02 8.365925781250000000e+03 8.372753259231581978e+03
6.877140989080071449e+02 8.371670898437500000e+03 8.372767632228953516e+03
6.877345321127213538e+02 8.364801757812500000e+03 8.372782119094754307e+03
6.877549652177840471e+02 8.377349609375000000e+03 8.372796718062450964e+03
6.877753985230810940e+02 8.367644531250000000e+03 8.372811427582240867e+03
6.877958317282609642e+02 8.370698242187500000e+03 8.372826245673830272e+03
6.878162649339064956e+02 8.374400390625000000e+03 8.372841170644485828e+03
6.878366981400176883e+02 8.368949218750000000e+03 8.372856200729329430e+03
6.878571313461288810e+02 8.368791992187500000e+03 8.372871334163139181e+03
6.878775645527057350e+02 8.378550781250000000e+03 8.372886569181380764e+03
6.878979977592825890e+02 8.373399414062500000e+03 8.372901904018826826e+03
6.879184309663251042e+02 8.375634765625000000e+03 8.372917336910952145e+03
6.879388641738332808e+02 8.380747070312500000e+03 8.372932866092876793e+03
6.879592973813414574e+02 8.374933593750000000e+03 8.372948489799364324e+03
6.879797305888496339e+02 8.368164062500000000e+03 8.372964206265534813e+03
6.880001637968234718e+02 8.387754882812500000e+03 8.372980013726868492e+03
6.880205970052629709e+02 8.363351562500000000e+03 8.372995910418489075e+03
6.880410302137024701e+02 8.369244140625000000e+03 8.373011894575145561e+03
6.880614635227248073e+02 8.374388671875000000e+03 8.373027964511276878e+03
6.880818966315127909e+02 8.366257812500000000e+03 8.373044118224795966e+03
6.881023299410007894e+02 8.368684570312500000e+03 8.373060354267778166e+03
6.881227631508372724e+02 8.361349609375000000e+03 8.373076670637285133e+03
6.881431962605565786e+02 8.367699218750000000e+03 8.373093065566901714e+03
6.881636295705102384e+02 8.379029296875000000e+03 8.373109537533302500e+03
6.882044958914630115e+02 8.370781250000000000e+03 8.373142704792286168e+03
6.882249292023479939e+02 8.368946289062500000e+03 8.373159396798475427e+03
6.882453624135814607e+02 8.372267578125000000e+03 8.373176158539650714e+03
6.882657955251634121e+02 8.378447265625000000e+03 8.373192988249918926e+03
6.882862288365140557e+02 8.377375000000000000e+03 8.373209884411508028e+03
6.883066620482131839e+02 8.368463867187500000e+03 8.373226845012421109e+03
6.883270953604951501e+02 8.377015625000000000e+03 8.373243868453973846e+03
6.883475284730084240e+02 8.375903320312500000e+03 8.373260952720595014e+03
6.883679616856388748e+02 8.369093750000000000e+03 8.373278096297703087e+03
6.883883949983865023e+02 8.375038085937500000e+03 8.373295297421265786e+03
6.884088281118310988e+02 8.377558593750000000e+03 8.373312554073932915e+03
6.884292613253928721e+02 8.377275390625000000e+03 8.373329864743294820e+03
6.884496946390718222e+02 8.378321289062500000e+03 8.373347227665242826e+03
6.884701277529820800e+02 8.368564453125000000e+03 8.373364640819698252e+03
6.884905610671266913e+02 8.377446289062500000e+03 8.373382102782647053e+03
6.885109942816197872e+02 8.385158203125000000e+03 8.373399611533286588e+03
6.885314273964613676e+02 8.371169921875000000e+03 8.373417165306054812e+03
6.885518607115373015e+02 8.375943359375000000e+03 8.373434762594020867e+03
6.885722939269617200e+02 8.372683593750000000e+03 8.373452401374353940e+03
6.885927270422689617e+02 8.380647460937500000e+03 8.373470079881164565e+03
6.886131603582762182e+02 8.380969726562500000e+03 8.373487796610121222e+03
6.886335935741662979e+02 8.372780273437500000e+03 8.373505549535790124e+03
6.886540266904048622e+02 8.382101562500000000e+03 8.373523336893171290e+03
6.886744600068777800e+02 8.370682617187500000e+03 8.373541157178680805e+03
6.886948932236991823e+02 8.365229492187500000e+03 8.373559008366137277e+03
6.887153265406377614e+02 8.378404296875000000e+03 8.373576888865158253e+03
6.887357596582733095e+02 8.371605468750000000e+03 8.373594796648645570e+03
6.887561928760260344e+02 8.372898437500000000e+03 8.373612730213928444e+03
6.887766261934302747e+02 8.385139648437500000e+03 8.373630687796081475e+03
6.887970593119971454e+02 8.363594726562500000e+03 8.373648667367728194e+03
6.888174925302155316e+02 8.369276367187500000e+03 8.373666667426470667e+03
6.888379258490167558e+02 8.367068359375000000e+03 8.373684686208531275e+03
6.888583589675836265e+02 8.369744140625000000e+03 8.373702721683626805e+03
6.888787922868505120e+02 8.369444335937500000e+03 8.373720772440748988e+03
6.888992255064658821e+02 8.369930664062500000e+03 8.373738836449787414e+03
6.889196586259640753e+02 8.372787109375000000e+03 8.373756911945263710e+03
6.889400919456966221e+02 8.384534179687500000e+03 8.373774997428066854e+03
6.889605251662433147e+02 8.375490234375000000e+03 8.373793090868353829e+03
6.889809583863243461e+02 8.386303710937500000e+03 8.373811190588599857e+03
6.890013916073367000e+02 8.381083007812500000e+03 8.373829294825158286e+03
6.890218248283490539e+02 8.375684570312500000e+03 8.373847401812310636e+03
6.890422580493614078e+02 8.375055664062500000e+03 8.373865509785173344e+03
6.890626912708394229e+02 8.373442382812500000e+03 8.373883616979273938e+03
6.890831244927830994e+02 8.370302734375000000e+03 8.373901721629725216e+03
6.891035578148439527e+02 8.377471679687500000e+03 8.373919822059899161e+03
6.891239909371361136e+02 8.372647460937500000e+03 8.373937916239305196e+03
6.891444241595454514e+02 8.365326171875000000e+03 8.373956002668657675e+03
6.891648573824204504e+02 8.379560546875000000e+03 8.373974079494815669e+03
6.891852906052954495e+02 8.368497070312500000e+03 8.373992144952473609e+03
6.892057238286361098e+02 8.363504882812500000e+03 8.374010197277160842e+03
6.892261571525596082e+02 8.367603515625000000e+03 8.374028234792323929e+03
6.892465902762487531e+02 8.371063476562500000e+03 8.374046255467648734e+03
6.892670235005207360e+02 8.384703125000000000e+03 8.374064257803676810e+03
6.892874568244442344e+02 8.370573242187500000e+03 8.374082240034415008e+03
6.893078899495303631e+02 8.393610351562500000e+03 8.374100200132445025e+03
6.893283232743851840e+02 8.372448242187500000e+03 8.374118136683235207e+03
6.893487564995884895e+02 8.364771484375000000e+03 8.374136047658881580e+03
6.893691896246746182e+02 8.363919921875000000e+03 8.374153931294475115e+03
6.893896229504607618e+02 8.370550781250000000e+03 8.374171786088205408e+03
6.894100561761297286e+02 8.381094726562500000e+03 8.374189610012103003e+03
6.894304893026128411e+02 8.371113281250000000e+03 8.374207401302561266e+03
6.894509226288646460e+02 8.378061523437500000e+03 8.374225158454746634e+03
6.894713558559305966e+02 8.379987304687500000e+03 8.374242879443707352e+03
6.894917891826480627e+02 8.385708007812500000e+03 8.374260562676987320e+03
6.895122223100624979e+02 8.369791992187500000e+03 8.374278206131257321e+03
6.895326555375941098e+02 8.364333007812500000e+03 8.374295808300466888e+03
6.895530888652428985e+02 8.374615234375000000e+03 8.374313367419108545e+03
6.895735219931229949e+02 8.370141601562500000e+03 8.374330881464917184e+03
6.895939552215859294e+02 8.377888671875000000e+03 8.374348348930769134e+03
6.896143885501660407e+02 8.371443359375000000e+03 8.374365768050687620e+03
6.896348216789774597e+02 8.368746093750000000e+03 8.374383136804492096e+03
6.896552549079060555e+02 8.371636718750000000e+03 8.374400453682579609e+03
6.896756882374174893e+02 8.384811523437500000e+03 8.374417716919679151e+03
6.896961214668117464e+02 8.359712890625000000e+03 8.374434924581328232e+03
6.897165546966716647e+02 8.377568359375000000e+03 8.374452074987744709e+03
6.897369879269972444e+02 8.373495117187500000e+03 8.374469166374037741e+03
6.897574211573228240e+02 8.368141601562500000e+03 8.374486196974929044e+03
6.897778543876484036e+02 8.374912109375000000e+03 8.374503165025525959e+03
6.897982876189053059e+02 8.372801757812500000e+03 8.374520068761708899e+03
6.898187207500450313e+02 8.384208984375000000e+03 8.374536906335482854e+03
6.898391540814191103e+02 8.372387695312500000e+03 8.374553676228959375e+03
6.898595873131416738e+02 8.375164062500000000e+03 8.374570376430627221e+03
6.898800205448642373e+02 8.378860351562500000e+03 8.374587005257542842e+03
6.899004537770524621e+02 8.368765625000000000e+03 8.374603560945201025e+03
6.899208870097063482e+02 8.382824218750000000e+03 8.374620041728705473e+03
6.899413203424774110e+02 8.372297851562500000e+03 8.374636445922971689e+03
6.899617534754797816e+02 8.365033203125000000e+03 8.374652771522924013e+03
6.899821867085993290e+02 8.380583984375000000e+03 8.374669017003860063e+03
6.900026200423017144e+02 8.373420898437500000e+03 8.374685180600057720e+03
6.900230531757697463e+02 8.374029296875000000e+03 8.374701260309284407e+03
6.900434864098206162e+02 8.373695312500000000e+03 8.374717254603987385e+03
6.900639197444543242e+02 8.380388671875000000e+03 8.374733161718002521e+03
6.900843528788536787e+02 8.376743164062500000e+03 8.374748979652904382e+03
6.901047862139530480e+02 8.375085937500000000e+03 8.374764706954165376e+03
6.901252194489352405e+02 8.374676757812500000e+03 8.374780341624684297e+03
6.901456525842659175e+02 8.372001953125000000e+03 8.374795881901300163e+03
6.901660859198309481e+02 8.372201171875000000e+03 8.374811326246488534e+03
6.901865191557444632e+02 8.377451171875000000e+03 8.374826672667983075e+03
6.902069523916579783e+02 8.380697265625000000e+03 8.374841919476448311e+03
6.902273856280371547e+02 8.363480468750000000e+03 8.374857064907337190e+03
6.902478188648819923e+02 8.373776367187500000e+03 8.374872107195755234e+03
6.902682521017268300e+02 8.374060546875000000e+03 8.374887044576462358e+03
6.902886853390373290e+02 8.375008789062500000e+03 8.374901875284907874e+03
6.903091185763478279e+02 8.375408203125000000e+03 8.374916597555857152e+03
6.903295519142411649e+02 8.376297851562500000e+03 8.374931209696071164e+03
6.903499851520173252e+02 8.371341796875000000e+03 8.374945709797129894e+03
6.903704182906076312e+02 8.379774414062500000e+03 8.374960096096452617e+03
6.903908516289666295e+02 8.369942382812500000e+03 8.374974367038781565e+03
6.904112848676741123e+02 8.376110351562500000e+03 8.374988520649258135e+03
6.904317180067300797e+02 8.377441406250000000e+03 8.375002555164712248e+03
6.904521513460204005e+02 8.380285156250000000e+03 8.375016469025349579e+03
6.904725844855420291e+02 8.377765625000000000e+03 8.375030260193901995e+03
6.904930178252980113e+02 8.376500000000000000e+03 8.375043927175445788e+03
6.905134510654024780e+02 8.376621093750000000e+03 8.375057468003586109e+03
6.905338842058554292e+02 8.387074218750000000e+03 8.375070880915285670e+03
6.905543175465427339e+02 8.378073242187500000e+03 8.375084164341558790e+03
6.905747507875785232e+02 8.376545898437500000e+03 8.375097316321596736e+03
6.905951839284971356e+02 8.388581054687500000e+03 8.375110335092151217e+03
6.906156172701157629e+02 8.378412109375000000e+03 8.375123219078999682e+03
6.906360505116172135e+02 8.370711914062500000e+03 8.375135966326572088e+03
6.906564836534671485e+02 8.377957031250000000e+03 8.375148575072284075e+03
6.906769169955514371e+02 8.377323242187500000e+03 8.375161043735268322e+03
6.906973502379842103e+02 8.380198242187500000e+03 8.375173370366595918e+03
6.907177835809998214e+02 8.378091796875000000e+03 8.375185553322140549e+03
6.907382167237810791e+02 8.373667968750000000e+03 8.375197590658717672e+03
6.907586499671451747e+02 8.377282226562500000e+03 8.375209480789713780e+03
6.907790833106264472e+02 8.369548828125000000e+03 8.375221221947784215e+03
6.907995164543390274e+02 8.374005859375000000e+03 8.375232812196816667e+03
6.908199496986344457e+02 8.382295898437500000e+03 8.375244249943392788e+03
6.908403830430470407e+02 8.375843750000000000e+03 8.375255533420098800e+03
6.908608162873424590e+02 8.369505859375000000e+03 8.375266660751458403e+03
6.908812495321035385e+02 8.371875976562500000e+03 8.375277630228494672e+03
6.909016827773302794e+02 8.376800781250000000e+03 8.375288440086307673e+03
6.909221160225570202e+02 8.379686523437500000e+03 8.375299088559750089e+03
6.909425492682494223e+02 8.368407226562500000e+03 8.375309573884165729e+03
6.909629825144074857e+02 8.375429687500000000e+03 8.375319894294649202e+03
6.909834157605655491e+02 8.370031250000000000e+03 8.375330048026069562e+03
6.910038491068407893e+02 8.369231445312500000e+03 8.375340033362044778e+03
6.910242822533473372e+02 8.369246093750000000e+03 8.375349848392368585e+03
6.910447155004367232e+02 8.372142578125000000e+03 8.375359491497671115e+03
6.910651487475261092e+02 8.381678710937500000e+03 8.375368960864318069e+03
6.910855819950811565e+02 8.364893554687500000e+03 8.375378254727633248e+03
6.911060153427533805e+02 8.369458984375000000e+03 8.375387371366730804e+03
6.911264484911225736e+02 8.368792968750000000e+03 8.375396308884428436e+03
6.911468817391432822e+02 8.369775390625000000e+03 8.375405065647910305e+03
6.911877482365816832e+02 8.369382812500000000e+03 8.375422029721139552e+03
6.912081814855337143e+02 8.380153320312500000e+03 8.375430233500890608e+03
6.912286148350685835e+02 8.378251953125000000e+03 8.375438249461802116e+03
6.912490479843690991e+02 8.374067382812500000e+03 8.375446075722351452e+03
6.912694813343696296e+02 8.380259765625000000e+03 8.375453710671194131e+03
6.912899145847186446e+02 8.379272460937500000e+03 8.375461152429781578e+03
6.913103477349504828e+02 8.375101562500000000e+03 8.375468399235898687e+03
6.913307810854166746e+02 8.371745117187500000e+03 8.375475449429733999e+03
6.913512143366970122e+02 8.374907226562500000e+03 8.375482301141611970e+03
6.913716475875116885e+02 8.370795898437500000e+03 8.375488952641200740e+03
6.913920808392576873e+02 8.368603515625000000e+03 8.375495402164047846e+03
6.914125140910036862e+02 8.372047851562500000e+03 8.375501647944951401e+03
6.914329473427496850e+02 8.369255859375000000e+03 8.375507688219020565e+03
6.914533805949613452e+02 8.377190429687500000e+03 8.375513521221488190e+03
6.914738138476386666e+02 8.373996093750000000e+03 8.375519145187443428e+03
6.914942472004331648e+02 8.375167968750000000e+03 8.375524558377863286e+03
6.915146803534589708e+02 8.376436523437500000e+03 8.375529758949956886e+03
6.915351136066019535e+02 8.378412109375000000e+03 8.375534745216715237e+03
6.915555469603277743e+02 8.383408203125000000e+03 8.375539515410186141e+03
6.915759802144020796e+02 8.381601562500000000e+03 8.375544067718705264e+03
6.915964133683592081e+02 8.376086914062500000e+03 8.375548400380486783e+03
6.916168467225506902e+02 8.369234375000000000e+03 8.375552511692698317e+03
6.916372799770906568e+02 8.379387695312500000e+03 8.375556399828461508e+03
6.916577132320962846e+02 8.369253906250000000e+03 8.375560063043558330e+03
6.916781464875675738e+02 8.384998046875000000e+03 8.375563499573077934e+03
6.916985797430388629e+02 8.377793945312500000e+03 8.375566707652036712e+03
6.917190129985101521e+02 8.371680664062500000e+03 8.375569685515540186e+03
6.917394462544471025e+02 8.375756835937500000e+03 8.375572431398755725e+03
6.917598794107325375e+02 8.370789062500000000e+03 8.375574943525036360e+03
6.917803127672523260e+02 8.382513671875000000e+03 8.375577220164619575e+03
6.918007460241205990e+02 8.373934570312500000e+03 8.375579259517455284e+03
6.918211791813373566e+02 8.378824218750000000e+03 8.375581059822132374e+03
6.918416125383228064e+02 8.375754882812500000e+03 8.375582619338367294e+03
6.918620457961224020e+02 8.375836914062500000e+03 8.375583936276667373e+03
6.918824791535735130e+02 8.375527343750000000e+03 8.375585008884925628e+03
6.919029123117215931e+02 8.375088867187500000e+03 8.375585835384350503e+03
6.919233455704525113e+02 8.375098632812500000e+03 8.375586414023960970e+03
6.919437789288349450e+02 8.381196289062500000e+03 8.375586743035177278e+03
6.919642120879143476e+02 8.381074218750000000e+03 8.375586820650125446e+03
6.919846453471109271e+02 8.381965820312500000e+03 8.375586645106881406e+03
6.920050787064246833e+02 8.368263671875000000e+03 8.375586214636814475e+03
6.920255118659697473e+02 8.388309570312500000e+03 8.375585527483219266e+03
6.920459451260976493e+02 8.386384765625000000e+03 8.375584581872972194e+03
6.920663784863427281e+02 8.378514648437500000e+03 8.375583376037378912e+03
6.920868117469362915e+02 8.378030273437500000e+03 8.375581908223310165e+03
6.921072450075298548e+02 8.378707031250000000e+03 8.375580176660630968e+03
6.921276782685890794e+02 8.373073242187500000e+03 8.375578179584390455e+03
6.921481115296483040e+02 8.377855468750000000e+03 8.375575915229730526e+03
6.921685447911731899e+02 8.374419921875000000e+03 8.375573381831694860e+03
6.921889780531637371e+02 8.379168945312500000e+03 8.375570577625368969e+03
6.922094113151542842e+02 8.370399414062500000e+03 8.375567500845903851e+03
6.922298446777276695e+02 8.374768554687500000e+03 8.375564149711235586e+03
6.922502778405323625e+02 8.376633789062500000e+03 8.375560522507730639e+03
6.922707112031057477e+02 8.377634765625000000e+03 8.375556617399550305e+03
6.922911443663761020e+02 8.370150390625000000e+03 8.375552432698072153e+03
6.923115776297636330e+02 8.370881835937500000e+03 8.375547966579119020e+03
6.923320109932683408e+02 8.367685546875000000e+03 8.375543217273640039e+03
6.923524441574700177e+02 8.371433593750000000e+03 8.375538183088405276e+03
6.923728774217888713e+02 8.373075195312500000e+03 8.375532862186828424e+03
6.923933107862249017e+02 8.376518554687500000e+03 8.375527252799778580e+03
6.924137439508922398e+02 8.368535156250000000e+03 8.375521353246806029e+03
6.924341772161424160e+02 8.376653320312500000e+03 8.375515161678411459e+03
6.924546105810441077e+02 8.380229492187500000e+03 8.375508676325673150e+03
6.924750437466427684e+02 8.373357421875000000e+03 8.375501895520734251e+03
6.924954771124757826e+02 8.377436523437500000e+03 8.375494817366081406e+03
6.925159103786572814e+02 8.378331054687500000e+03 8.375487440198496188e+03
6.925363435451872647e+02 8.372929687500000000e+03 8.375479762257467883e+03
6.925567769119516015e+02 8.376689453125000000e+03 8.375471781663185538e+03
6.925772101785987616e+02 8.369690429687500000e+03 8.375463496765827585e+03
6.925976434457115829e+02 8.368843750000000000e+03 8.375454905761935152e+03
6.926180767132900655e+02 8.372356445312500000e+03 8.375446006886593750e+03
6.926385099808685482e+02 8.370453125000000000e+03 8.375436798375096259e+03
6.926589433490298688e+02 8.377228515625000000e+03 8.375427278414907050e+03
6.926793765169568360e+02 8.373924804687500000e+03 8.375417445383573067e+03
6.926998097854666412e+02 8.379464843750000000e+03 8.375407297373723850e+03
6.927202431545592844e+02 8.374112304687500000e+03 8.375396832615799212e+03
6.927406764235347509e+02 8.377488281250000000e+03 8.375386049447670302e+03
6.927611095928587019e+02 8.373630859375000000e+03 8.375374946108871882e+03
6.927815429624170065e+02 8.365483398437500000e+03 8.375363520669176069e+03
6.928019762323237956e+02 8.374628906250000000e+03 8.375351771528985410e+03
6.928224094021134079e+02 8.372424804687500000e+03 8.375339696928427657e+03
6.928428427726030350e+02 8.370063476562500000e+03 8.375327294922433794e+03
6.928632760434411466e+02 8.385375000000000000e+03 8.375314563925961920e+03
6.928837094143964350e+02 8.375118164062500000e+03 8.375301502049624105e+03
6.929041425855830312e+02 8.380747070312500000e+03 8.375288107722644781e+03
6.929245758568868041e+02 8.380836914062500000e+03 8.375274378985985095e+03
6.929450091286562383e+02 8.375829101562500000e+03 8.375260314139228285e+03
6.929654424004256725e+02 8.376408203125000000e+03 8.375245911417787283e+03
6.929858755730092525e+02 8.368424804687500000e+03 8.375231169129148839e+03
6.930063089453615248e+02 8.371686523437500000e+03 8.375216085290208866e+03
6.930267422180622816e+02 8.375655273437500000e+03 8.375200658354578991e+03
6.930471755913458765e+02 8.376196289062500000e+03 8.375184886406144869e+03
6.930676087643951178e+02 8.372694335937500000e+03 8.375168767914730779e+03
6.930880420380271971e+02 8.377795898437500000e+03 8.375152300880681651e+03
6.931084754122421145e+02 8.384011718750000000e+03 8.375135483533937077e+03
6.931289085862226784e+02 8.373129882812500000e+03 8.375118314359750002e+03
6.931493418607860804e+02 8.369715820312500000e+03 8.375100791343034871e+03
6.931697752350009978e+02 8.374694335937500000e+03 8.375082912714475242e+03
6.931902084103785455e+02 8.367578125000000000e+03 8.375064676972942834e+03
6.932106416854076087e+02 8.375716796875000000e+03 8.375046082089749689e+03
6.932310750610195100e+02 8.372718750000000000e+03 8.375027126293858601e+03
6.932515083365142345e+02 8.373771484375000000e+03 8.375007808006535925e+03
6.932719416124746203e+02 8.372051757812500000e+03 8.374988125370435228e+03
6.932923748889006674e+02 8.383470703125000000e+03 8.374968076620632928e+03
6.933128081653267145e+02 8.378521484375000000e+03 8.374947659992671106e+03
6.933332414422184229e+02 8.378398437500000000e+03 8.374926873721171432e+03
6.933536747195757926e+02 8.372167968750000000e+03 8.374905716041204869e+03
6.933741079969331622e+02 8.380123046875000000e+03 8.374884185188346237e+03
6.933945413744077086e+02 8.381409179687500000e+03 8.374862279289434809e+03
6.934149745521135628e+02 8.374663085937500000e+03 8.374839996903818246e+03
6.934354079305194318e+02 8.374098632812500000e+03 8.374817335829851800e+03
6.934558412088081241e+02 8.378339843750000000e+03 8.374794294633444224e+03
6.934762743874453008e+02 8.380562500000000000e+03 8.374770871554759651e+03
6.934967077667824924e+02 8.371660156250000000e+03 8.374747064481749476e+03
6.935171410460025072e+02 8.376482421875000000e+03 8.374722871997164475e+03
6.935375742251053452e+02 8.375685546875000000e+03 8.374698292341779961e+03
6.935580076049081981e+02 8.376513671875000000e+03 8.374673323385964977e+03
6.935784408850595355e+02 8.371237304687500000e+03 8.374647963728944887e+03
6.935988740655593574e+02 8.376989257812500000e+03 8.374622211611553212e+03
6.936193074462935328e+02 8.370877929687500000e+03 8.374596064888028195e+03
6.936397406267933547e+02 8.375514648437500000e+03 8.374569522305924693e+03
6.936601740079931915e+02 8.373622070312500000e+03 8.374542581579502439e+03
6.936806072895415127e+02 8.375639648437500000e+03 8.374515241336910549e+03
6.937010404709726572e+02 8.378716796875000000e+03 8.374487499819739242e+03
6.937419071351177990e+02 8.369708984375000000e+03 8.374430805079271522e+03
6.937623403174802661e+02 8.381864257812500000e+03 8.374401848742836592e+03
6.937827737005427480e+02 8.374016601562500000e+03 8.374372483648832713e+03
6.938032069834880531e+02 8.373875976562500000e+03 8.374342708461652364e+03
6.938236403670161963e+02 8.370641601562500000e+03 8.374312521123898478e+03
6.938440735503099859e+02 8.370914062500000000e+03 8.374281920318104312e+03
6.938645068341866136e+02 8.372722656250000000e+03 8.374250903831893083e+03
6.938849402181804180e+02 8.380253906250000000e+03 8.374219469894935173e+03
6.939053734028711915e+02 8.374198242187500000e+03 8.374187617205991046e+03
6.939258066872134805e+02 8.370554687500000000e+03 8.374155343537197041e+03
6.939462400721386075e+02 8.371110351562500000e+03 8.374122647115977088e+03
6.939666733574122190e+02 8.380475585937500000e+03 8.374089526497798943e+03
6.939871065430343151e+02 8.374106445312500000e+03 8.374055979923981795e+03
6.940075399284251034e+02 8.381261718750000000e+03 8.374022005134898791e+03
6.940279732146300375e+02 8.366000976562500000e+03 8.373987600859563827e+03
6.940484066009521484e+02 8.366201171875000000e+03 8.373952764997444319e+03
