1.492246490892954171e+03 1.020495898437500000e+04 1.020324988126531753e+04
1.492266924905125052e+03 1.020999609375000000e+04 1.020323800936914449e+04
1.492287359016947448e+03 1.020585546875000000e+04 1.020322615358243638e+04
1.492307792929001153e+03 1.020619042968750000e+04 1.020321431407445743e+04
1.492328226941637695e+03 1.020450683593750000e+04 1.020320249066671386e+04
1.492348661053925753e+03 1.020534667968750000e+04 1.020319068335564225e+04
1.492369094966910779e+03 1.020464746093750000e+04 1.020317889230953006e+04
1.492389529079664499e+03 1.020164843750000000e+04 1.020316711729374583e+04
1.492409963092766702e+03 1.020105859375000000e+04 1.020315535847660976e+04
1.492430397106334567e+03 1.020460742187500000e+04 1.020314361579604520e+04
1.492450831119902432e+03 1.020928027343750000e+04 1.020313188924798123e+04
1.492471265133470297e+03 1.021099316406250000e+04 1.020312017882807049e+04
1.492491699147503823e+03 1.020869238281250000e+04 1.020310848453170547e+04
1.492512133161537349e+03 1.019965234375000000e+04 1.020309680635481163e+04
1.492532567176036537e+03 1.020845605468750000e+04 1.020308514429277420e+04
1.492553001190535724e+03 1.020696386718750000e+04 1.020307349834152046e+04
1.492573435205034912e+03 1.021179882812500000e+04 1.020306186849670303e+04
1.492593869219999760e+03 1.020521093750000000e+04 1.020305025475371986e+04
1.492614303234964609e+03 1.020517382812500000e+04 1.020303865710848368e+04
1.492634737250395119e+03 1.020840917968750000e+04 1.020302707555639790e+04
1.492655171265825629e+03 1.020306835937500000e+04 1.020301551009337709e+04
1.492675605381373316e+03 1.019935644531250000e+04 1.020300396065853420e+04
1.492696039297617972e+03 1.020510449218750000e+04 1.020299242741663693e+04
1.492716473313514143e+03 1.020056738281250000e+04 1.020298091019449384e+04
1.492736907429527491e+03 1.019797753906250000e+04 1.020296940898773391e+04
1.492757341346237808e+03 1.020111621093750000e+04 1.020295792396042089e+04
1.492777775462716818e+03 1.020271093750000000e+04 1.020294645488391325e+04
1.492798209479544312e+03 1.020635644531250000e+04 1.020293500192204010e+04
1.492818643396254629e+03 1.019701269531250000e+04 1.020292356507048680e+04
1.492839077513664961e+03 1.020184570312500000e+04 1.020291214415665308e+04
1.492859511530958116e+03 1.020440136718750000e+04 1.020290073934445354e+04
1.492879945448599756e+03 1.019957617187500000e+04 1.020288935062904784e+04
1.492900379566475749e+03 1.019783593750000000e+04 1.020287797783907081e+04
1.492920813584234565e+03 1.020410546875000000e+04 1.020286662113745479e+04
1.492941247702576220e+03 1.019962109375000000e+04 1.020285528040832105e+04
1.492961681620683521e+03 1.020948925781250000e+04 1.020284395581415265e+04
1.492982115639373660e+03 1.020280957031250000e+04 1.020283264718377905e+04
1.493002549758180976e+03 1.020065722656250000e+04 1.020282135451334943e+04
1.493022983677219599e+03 1.020005566406250000e+04 1.020281007796413178e+04
1.493043417695909739e+03 1.019899511718750000e+04 1.020279881736642710e+04
1.493063851815182716e+03 1.020610449218750000e+04 1.020278757271561517e+04
1.493084285734687001e+03 1.020221386718750000e+04 1.020277634417251284e+04
1.493104719854425639e+03 1.020591601562500000e+04 1.020276513151297695e+04
1.493125153874512762e+03 1.020428222656250000e+04 1.020275393489733688e+04
1.493145587794482708e+03 1.020190625000000000e+04 1.020274275432126524e+04
1.493166021914687008e+03 1.019846679687500000e+04 1.020273158961620356e+04
1.493186455935239792e+03 1.019488964843750000e+04 1.020272044094176817e+04
1.493206889855675399e+03 1.018676855468750000e+04 1.020270930829364443e+04
1.493227323976345360e+03 1.019123925781250000e+04 1.020269819150396506e+04
1.493247757997363806e+03 1.019537304687500000e+04 1.020268709073164791e+04
1.493268191918730736e+03 1.020033593750000000e+04 1.020267600597212731e+04
1.493288626040332019e+03 1.020203125000000000e+04 1.020266493705848916e+04
1.493309060061816126e+03 1.021170214843750000e+04 1.020265388414920744e+04
1.493329494083765894e+03 1.020057617187500000e+04 1.020264284718541785e+04
1.493349928105715662e+03 1.019618457031250000e+04 1.020263182616302947e+04
1.493370362127665430e+03 1.020486132812500000e+04 1.020262082107769129e+04
1.493390796250198036e+03 1.020254785156250000e+04 1.020260983187101374e+04
1.493411230172496289e+03 1.020196679687500000e+04 1.020259885870031212e+04
1.493431664195377380e+03 1.020265917968750000e+04 1.020258790139958546e+04
1.493452098318375647e+03 1.019710351562500000e+04 1.020257695996497023e+04
1.493472532241139561e+03 1.019844042968750000e+04 1.020256603455283403e+04
1.493492966364603490e+03 1.020907324218750000e+04 1.020255512494446521e+04
1.493513400387950242e+03 1.020798437500000000e+04 1.020254423129623683e+04
1.493533834311645478e+03 1.019847070312500000e+04 1.020253335360333222e+04
1.493554268435575068e+03 1.019604589843750000e+04 1.020252249170187679e+04
1.493574702459853142e+03 1.020064453125000000e+04 1.020251164574705763e+04
1.493595136384014040e+03 1.019650878906250000e+04 1.020250081573454008e+04
1.493615570508409292e+03 1.020271289062500000e+04 1.020249000150091706e+04
1.493636004532687366e+03 1.020595312500000000e+04 1.020247920320090998e+04
1.493656438557896763e+03 1.019631738281250000e+04 1.020246842077666406e+04
1.493676872582640499e+03 1.020604101562500000e+04 1.020245765422456680e+04
1.493697306607849896e+03 1.019647363281250000e+04 1.020244690353979422e+04
1.493738174658734351e+03 1.019837207031250000e+04 1.020242544975532292e+04
1.493758608684409410e+03 1.020037792968750000e+04 1.020241474664694033e+04
1.493779042810667306e+03 1.019721972656250000e+04 1.020240405933618240e+04
1.493799476736690849e+03 1.019373828125000000e+04 1.020239338797592063e+04
1.493819910762831569e+03 1.020089648437500000e+04 1.020238273240484341e+04
1.493840344889555126e+03 1.020359179687500000e+04 1.020237209261859243e+04
1.493962949052453041e+03 1.019617968750000000e+04 1.020230858654961230e+04
1.493983382980339229e+03 1.019152441406250000e+04 1.020229805760488853e+04
1.494003817108459771e+03 1.020739062500000000e+04 1.020228754435948576e+04
1.494024251136463135e+03 1.019882128906250000e+04 1.020227704696370165e+04
1.494044685265049338e+03 1.019218847656250000e+04 1.020226656531009394e+04
1.494065119193401188e+03 1.020669726562500000e+04 1.020225609954850734e+04
1.494085553222335875e+03 1.019119921875000000e+04 1.020224564952041146e+04
1.494105987351387739e+03 1.025416796875000000e+04 1.020223521522193187e+04
1.494126421280205250e+03 1.021265234375000000e+04 1.020222479680198012e+04
1.494146855309605598e+03 1.020217773437500000e+04 1.020221439410272251e+04
1.494167289439123124e+03 1.020062597656250000e+04 1.020220400712028277e+04
1.494187723368871957e+03 1.019518457031250000e+04 1.020219363600264114e+04
1.494208157398737967e+03 1.021295019531250000e+04 1.020218328059313171e+04
1.494228591528721154e+03 1.021546386718750000e+04 1.020217294088764538e+04
1.494249025458935648e+03 1.020624511718750000e+04 1.020216261703346208e+04
1.494269459589384496e+03 1.020180175781250000e+04 1.020215230882414835e+04
1.494289893620181829e+03 1.019913281250000000e+04 1.020214201640675856e+04
1.494310327650979161e+03 1.019854882812500000e+04 1.020213173972663571e+04
1.494330761682242155e+03 1.020500292968750000e+04 1.020212147877920688e+04
1.494351195713505149e+03 1.019529101562500000e+04 1.020211123356035932e+04
1.494371629744768143e+03 1.020499218750000000e+04 1.020210100406575657e+04
1.494392063776496798e+03 1.019489648437500000e+04 1.020209079029081477e+04
1.494412497808225453e+03 1.019926171875000000e+04 1.020208059223142845e+04
1.494432931940071285e+03 1.019236425781250000e+04 1.020207040983339903e+04
1.494453365872148424e+03 1.020363574218750000e+04 1.020206024324170903e+04
1.494473799904342741e+03 1.020425292968750000e+04 1.020205009230268843e+04
1.494494233937002718e+03 1.019960937500000000e+04 1.020203995706162277e+04
1.494514667969662696e+03 1.020749804687500000e+04 1.020202983751439206e+04
1.494535102002788335e+03 1.019169628906250000e+04 1.020201973365642698e+04
1.494555536135565490e+03 1.020871972656250000e+04 1.020200964543445480e+04
1.494575970069039613e+03 1.020083203125000000e+04 1.020199957299160815e+04
1.494596404102630913e+03 1.020793554687500000e+04 1.020198951617583953e+04
1.494616838235873729e+03 1.020152343750000000e+04 1.020197947498326175e+04
1.494637272169813514e+03 1.019542187500000000e+04 1.020196944955632353e+04
1.494657706303987652e+03 1.020248046875000000e+04 1.020195943969465588e+04
1.494678140338044614e+03 1.020618554687500000e+04 1.020194944554116228e+04
1.494698574272450060e+03 1.020773437500000000e+04 1.020193946709104421e+04
1.494719008407089859e+03 1.019180175781250000e+04 1.020192950419362933e+04
1.494739442441612482e+03 1.021099804687500000e+04 1.020191955699112623e+04
1.494759876376483589e+03 1.020731933593750000e+04 1.020190962547873642e+04
1.494780310512054712e+03 1.020260058593750000e+04 1.020189970950625866e+04
1.494800744547042996e+03 1.020071191406250000e+04 1.020188980921565962e+04
1.494821178682614118e+03 1.020455566406250000e+04 1.020187992450513048e+04
1.494841612618416548e+03 1.020183203125000000e+04 1.020187005551550828e+04
1.494862046654336154e+03 1.019575976562500000e+04 1.020186020209749950e+04
1.494882480790372938e+03 1.019118066406250000e+04 1.020185036424698956e+04
1.494902914726641029e+03 1.019386425781250000e+04 1.020184054210389513e+04
1.494923348763026297e+03 1.020441210937500000e+04 1.020183073551961570e+04
1.494943782899528742e+03 1.020161523437500000e+04 1.020182094449003307e+04
1.494964216836262494e+03 1.021444921875000000e+04 1.020181116915437815e+04
1.494984650873113424e+03 1.020105468750000000e+04 1.020180140936473617e+04
1.495005085010547191e+03 1.019635253906250000e+04 1.020179166511677249e+04
1.495025519047863781e+03 1.020110839843750000e+04 1.020178193650184403e+04
1.495045953085646033e+03 1.019385253906250000e+04 1.020177222346761118e+04
1.495066387122962624e+03 1.020284375000000000e+04 1.020176252601017040e+04
1.495086821061093360e+03 1.020477636718750000e+04 1.020175284417191324e+04
1.495107255198992789e+03 1.023066308593750000e+04 1.020174317780696765e+04
1.495127689237240702e+03 1.019810839843750000e+04 1.020173352705274010e+04
1.495148123175837100e+03 1.018832812500000000e+04 1.020172389190466492e+04
1.495168557314667851e+03 1.020531445312500000e+04 1.020171427221710292e+04
1.495188991353381425e+03 1.020686523437500000e+04 1.020170466812722407e+04
1.495209425492212176e+03 1.020571875000000000e+04 1.020169507953657558e+04
1.495229859431739897e+03 1.019880175781250000e+04 1.020168550658119784e+04
1.495250293470919132e+03 1.020400000000000000e+04 1.020167594911657943e+04
1.495270727610681206e+03 1.020192187500000000e+04 1.020166640713816923e+04
1.495291161550208926e+03 1.020882031250000000e+04 1.020165688078198400e+04
1.495311595590319484e+03 1.020000585937500000e+04 1.020164736990332131e+04
1.495332029730547220e+03 1.020380859375000000e+04 1.020163787449828487e+04
1.495352463670540601e+03 1.019949902343750000e+04 1.020162839470198378e+04
1.495372897811233997e+03 1.021300000000000000e+04 1.020161893032407534e+04
1.495393331851810217e+03 1.020130273437500000e+04 1.020160948149965589e+04
1.495413765792734921e+03 1.020745507812500000e+04 1.020160004822393785e+04
1.495434199933893979e+03 1.020526367187500000e+04 1.020159063035425061e+04
1.495454633974935859e+03 1.019450781250000000e+04 1.020158122802479920e+04
1.495475067916326225e+03 1.019512500000000000e+04 1.020157184123079423e+04
1.495495502057950944e+03 1.018930664062500000e+04 1.020156246983024903e+04
1.495515936099924147e+03 1.019399023437500000e+04 1.020155311395646459e+04
1.495536370141897351e+03 1.019471582031250000e+04 1.020154377355935321e+04
1.495556804183870554e+03 1.019457421875000000e+04 1.020153444863458208e+04
1.495577238226309419e+03 1.019809667968750000e+04 1.020152513917759097e+04
1.495597672368865460e+03 1.020994531250000000e+04 1.020151584513874877e+04
1.495618106311652809e+03 1.019598828125000000e+04 1.020150656664999769e+04
1.495638540354557335e+03 1.020206738281250000e+04 1.020149730357070803e+04
1.495658974497579038e+03 1.019954980468750000e+04 1.020148805589676886e+04
1.495679408540949225e+03 1.020275781250000000e+04 1.020147882371424203e+04
1.495699842484202236e+03 1.020268066406250000e+04 1.020146960701876560e+04
1.495720276627689600e+03 1.019865722656250000e+04 1.020146040567064119e+04
1.495740710571408272e+03 1.020246679687500000e+04 1.020145121984564139e+04
1.495761144715826958e+03 1.020512011718750000e+04 1.020144204935939706e+04
1.495781578759662807e+03 1.020615136718750000e+04 1.020143289434289545e+04
1.495802012704312801e+03 1.019727929687500000e+04 1.020142375479092880e+04
1.495822446848731488e+03 1.020981542968750000e+04 1.020141463056556313e+04
1.495842880893498659e+03 1.019415820312500000e+04 1.020140552179626320e+04
1.495863314838148654e+03 1.019828808593750000e+04 1.020139642847866526e+04
1.495883748983498663e+03 1.020699511718750000e+04 1.020138735047466980e+04
1.495904183028731495e+03 1.020243261718750000e+04 1.020137828791369429e+04
1.495924616974312812e+03 1.020553125000000000e+04 1.020136924079095843e+04
1.495945051119662821e+03 1.020612500000000000e+04 1.020136020896966147e+04
1.495965485165361315e+03 1.019841210937500000e+04 1.020135119257792394e+04
1.495985919311642647e+03 1.019716308593750000e+04 1.020134219152304286e+04
1.496006353257689625e+03 1.020531152343750000e+04 1.020133320593307508e+04
1.496026787304319441e+03 1.019760449218750000e+04 1.020132423567127807e+04
1.496047221450600773e+03 1.020295214843750000e+04 1.020131528073394838e+04
1.496067655397579074e+03 1.020375878906250000e+04 1.020130634124764038e+04
1.496088089444208890e+03 1.020514746093750000e+04 1.020129741707711219e+04
1.496108523591421545e+03 1.019793066406250000e+04 1.020128850821783635e+04
1.496128957538865507e+03 1.020235351562500000e+04 1.020127961479630358e+04
1.496149391686078161e+03 1.019883105468750000e+04 1.020127073663428746e+04
1.496169825733639300e+03 1.019566992187500000e+04 1.020126187385763842e+04
1.496190259781666100e+03 1.020550781250000000e+04 1.020125302641849157e+04
1.496210693829692900e+03 1.019703906250000000e+04 1.020124419431269052e+04
1.496231127877719700e+03 1.019995214843750000e+04 1.020123537753590244e+04
1.496251561926212162e+03 1.020231054687500000e+04 1.020122657608357804e+04
1.496271995974704623e+03 1.020529785156250000e+04 1.020121778995157911e+04
1.496292430023662746e+03 1.020361621093750000e+04 1.020120901913535818e+04
1.496312864072155207e+03 1.019922753906250000e+04 1.020120026363097350e+04
1.496333298221230507e+03 1.020456347656250000e+04 1.020119152339089669e+04
1.496353732170537114e+03 1.020392382812500000e+04 1.020118279853914464e+04
1.496374166219960898e+03 1.020191113281250000e+04 1.020117408894321125e+04
1.496394600269850343e+03 1.020450000000000000e+04 1.020116539464134439e+04
1.496415034319739789e+03 1.020875390625000000e+04 1.020115671562939860e+04
1.496435468469746411e+03 1.020591406250000000e+04 1.020114805186061858e+04
1.496455902419984341e+03 1.020167773437500000e+04 1.020113940345769879e+04
1.496476336470339447e+03 1.019823046875000000e+04 1.020113077028925909e+04
1.496496770620811731e+03 1.019808007812500000e+04 1.020112215235117947e+04
1.496517204571515322e+03 1.020959960937500000e+04 1.020111354976548137e+04
1.496537638722453266e+03 1.019626074218750000e+04 1.020110496235942082e+04
1.496558072773274034e+03 1.020514257812500000e+04 1.020109639025499200e+04
1.496578506724908948e+03 1.019455859375000000e+04 1.020108783344723270e+04
1.496598940876312554e+03 1.020059375000000000e+04 1.020107929180672727e+04
1.496619374927598983e+03 1.020279785156250000e+04 1.020107076545459677e+04
1.496639808879699558e+03 1.019676464843750000e+04 1.020106225438588081e+04
1.496660243031568825e+03 1.020851464843750000e+04 1.020105375847184223e+04
1.496680677083786577e+03 1.020917871093750000e+04 1.020104527783272897e+04
1.496721545188687742e+03 1.020420410156250000e+04 1.020102836223731538e+04
1.496741979241371155e+03 1.020481347656250000e+04 1.020101992727232573e+04
1.496762413394171745e+03 1.019866992187500000e+04 1.020101150748220971e+04
1.496782847347203642e+03 1.020636328125000000e+04 1.020100310298607110e+04
1.496803281400818378e+03 1.020745507812500000e+04 1.020099471365592944e+04
1.496823715554084629e+03 1.019837207031250000e+04 1.020098633948804127e+04
1.496844149607699364e+03 1.019220117187500000e+04 1.020097798055974090e+04
1.496864583561662585e+03 1.020390332031250000e+04 1.020096963686646632e+04
1.496885017715394497e+03 1.020452734375000000e+04 1.020096130828172318e+04
1.496905451769474894e+03 1.019889843750000000e+04 1.020095299492331105e+04
1.496925885824020952e+03 1.019625878906250000e+04 1.020094469674605352e+04
1.496946319878567010e+03 1.020130761718750000e+04 1.020093641374579420e+04
1.496966753933113068e+03 1.020586132812500000e+04 1.020092814591818751e+04
1.496987187988124788e+03 1.020292578125000000e+04 1.020091989325870236e+04
1.497007622043136507e+03 1.019870996093750000e+04 1.020091165576318235e+04
1.497028056098148227e+03 1.019927636718750000e+04 1.020090343342729102e+04
1.497048490153625607e+03 1.020874414062500000e+04 1.020089522624649180e+04
1.497068924209102988e+03 1.020262304687500000e+04 1.020088703421662831e+04
1.497089358365163207e+03 1.019634082031250000e+04 1.020087885729314985e+04
1.497109792320989072e+03 1.020205957031250000e+04 1.020087069559197334e+04
1.497130226376932114e+03 1.021330371093750000e+04 1.020086254898867628e+04
1.497150660533457994e+03 1.020823339843750000e+04 1.020085441747896039e+04
1.497171094489749521e+03 1.020131445312500000e+04 1.020084630117806955e+04
1.497191528546623886e+03 1.020317968750000000e+04 1.020083819996206876e+04
1.497211962703615427e+03 1.020710742187500000e+04 1.020083011382702171e+04
1.497232396660372615e+03 1.019956640625000000e+04 1.020082204288733192e+04
1.497252830717712641e+03 1.020752343750000000e+04 1.020081398701972466e+04
1.497273264875169843e+03 1.019725195312500000e+04 1.020080594622026183e+04
1.497293698832392693e+03 1.020622460937500000e+04 1.020079792060268119e+04
1.497314132990315557e+03 1.020906347656250000e+04 1.020078991000516908e+04
1.497334567048121244e+03 1.020440722656250000e+04 1.020078191454141597e+04
1.497355001006275415e+03 1.020167578125000000e+04 1.020077393420667249e+04
1.497375435164663941e+03 1.019944726562500000e+04 1.020076596887959749e+04
1.497395869222935289e+03 1.020179980468750000e+04 1.020075801867302653e+04
1.497416303281672299e+03 1.020679980468750000e+04 1.020075008354338388e+04
1.497436737340409309e+03 1.019812597656250000e+04 1.020074216348649679e+04
1.497457171399611980e+03 1.020438085937500000e+04 1.020073425849784689e+04
1.497477605558466166e+03 1.020097949218750000e+04 1.020072636853483164e+04
1.497498039618134499e+03 1.020914453125000000e+04 1.020071849366987954e+04
1.497518473577685654e+03 1.020280761718750000e+04 1.020071063389878691e+04
1.497538907737005502e+03 1.021007324218750000e+04 1.020070278910197158e+04
1.497559341797139496e+03 1.019667773437500000e+04 1.020069495938997170e+04
1.497579775757156312e+03 1.019786230468750000e+04 1.020068714475858360e+04
1.497600209917407483e+03 1.020239843750000000e+04 1.020067934508870167e+04
1.497620643977541476e+03 1.020390722656250000e+04 1.020067156049074401e+04
1.497641077938489616e+03 1.019737792968750000e+04 1.020066379095979028e+04
1.497661512099206448e+03 1.020356835937500000e+04 1.020065603637793538e+04
1.497681946060154587e+03 1.020187597656250000e+04 1.020064829689245926e+04
1.497702380221337080e+03 1.019523242187500000e+04 1.020064057234751454e+04
1.497722814282402396e+03 1.020261523437500000e+04 1.020063286285240974e+04
1.497743248243816197e+03 1.019839843750000000e+04 1.020062516840240278e+04
1.497763682405464351e+03 1.020733300781250000e+04 1.020061748888033435e+04
1.497784116467460990e+03 1.020236816406250000e+04 1.020060982439468171e+04
1.497804550429340452e+03 1.019735351562500000e+04 1.020060217494105200e+04
1.497824984591454268e+03 1.019778222656250000e+04 1.020059454040277888e+04
1.497845418653916568e+03 1.019796582031250000e+04 1.020058692088766657e+04
1.497865852816496044e+03 1.018786523437500000e+04 1.020057931631688371e+04
1.497886286779306829e+03 1.018972753906250000e+04 1.020057172679758150e+04
1.497906720842234790e+03 1.019676074218750000e+04 1.020056415221392308e+04
1.497927155005279928e+03 1.019575292968750000e+04 1.020055659256178660e+04
1.497947588968556374e+03 1.020577539062500000e+04 1.020054904794766117e+04
1.497968023031949997e+03 1.019585937500000000e+04 1.020054151825636836e+04
1.497988457195460796e+03 1.019901464843750000e+04 1.020053400348378636e+04
1.498008891159202904e+03 1.019511132812500000e+04 1.020052650373574215e+04
1.498029325223062187e+03 1.020133105468750000e+04 1.020051901889772853e+04
1.498049759387504309e+03 1.020386816406250000e+04 1.020051154896544176e+04
1.498070193451829255e+03 1.019674707031250000e+04 1.020050409400791068e+04
1.498090627516154200e+03 1.020331738281250000e+04 1.020049665398415709e+04
1.498111061580944806e+03 1.020675000000000000e+04 1.020048922888966626e+04
1.498131495645735413e+03 1.019720703125000000e+04 1.020048181872026544e+04
1.498151929710526019e+03 1.020044921875000000e+04 1.020047442347161086e+04
1.498172363775782287e+03 1.020264355468750000e+04 1.020046704313919327e+04
1.498192797841038555e+03 1.020056445312500000e+04 1.020045967771883261e+04
1.498213232006877661e+03 1.020220214843750000e+04 1.020045232717004910e+04
1.498233665972482413e+03 1.019860839843750000e+04 1.020044499159658881e+04
1.498254100138321519e+03 1.020006835937500000e+04 1.020043767085035142e+04
1.498274534204509109e+03 1.020775000000000000e+04 1.020043036503454459e+04
1.498294968170579523e+03 1.020417968750000000e+04 1.020042307414476090e+04
1.498315402336884290e+03 1.020340136718750000e+04 1.020041579806960726e+04
1.498335836303420365e+03 1.019681933593750000e+04 1.020040853694717407e+04
1.498356270370539278e+03 1.020693359375000000e+04 1.020040129066627196e+04
1.498376704537309706e+03 1.019487695312500000e+04 1.020039405922311926e+04
1.498397138504311442e+03 1.019515820312500000e+04 1.020038684271921375e+04
1.498417572571896017e+03 1.019710546875000000e+04 1.020037964104403363e+04
1.498438006739132106e+03 1.019772363281250000e+04 1.020037245419378633e+04
1.498458440707065165e+03 1.020119238281250000e+04 1.020036528226916016e+04
1.498478874874766916e+03 1.020523730468750000e+04 1.020035812512574739e+04
1.498499308942817152e+03 1.020137695312500000e+04 1.020035098286418361e+04
1.498519742910750210e+03 1.020000292968750000e+04 1.020034385548007413e+04
1.498540177079383284e+03 1.019859472656250000e+04 1.020033674286425958e+04
1.498560611147899181e+03 1.020813085937500000e+04 1.020032964511721366e+04
1.498581045216415077e+03 1.020503320312500000e+04 1.020032256219970077e+04
1.498601479285396636e+03 1.019155566406250000e+04 1.020031549410722619e+04
1.498621913354378194e+03 1.020033203125000000e+04 1.020030844083560078e+04
1.498642347523476928e+03 1.020534179687500000e+04 1.020030140234603823e+04
1.498662781492806971e+03 1.020682812500000000e+04 1.020029437873737697e+04
1.498683215562254190e+03 1.020039355468750000e+04 1.020028736990208927e+04
1.498703649732284248e+03 1.019602832031250000e+04 1.020028037583589321e+04
1.498724083802197129e+03 1.018430761718750000e+04 1.020027339660313373e+04
1.498744517772458494e+03 1.020100195312500000e+04 1.020026643219909420e+04
1.498764951942488551e+03 1.019504003906250000e+04 1.020025948251749287e+04
1.498785386012867093e+03 1.020833203125000000e+04 1.020025254765592399e+04
1.498805820083711296e+03 1.019780175781250000e+04 1.020024562757596505e+04
1.498826254154555500e+03 1.019897363281250000e+04 1.020023872227341781e+04
1.498846688225399703e+03 1.020612695312500000e+04 1.020023183174395308e+04
1.498867122396361083e+03 1.020470312500000000e+04 1.020022495594956854e+04
1.498887556367553771e+03 1.020354003906250000e+04 1.020021809498672155e+04
1.498907990439329296e+03 1.020057128906250000e+04 1.020021124875011265e+04
1.498928424610756338e+03 1.020306054687500000e+04 1.020020441723592921e+04
1.498948858582880348e+03 1.020013183593750000e+04 1.020019760053966456e+04
1.498969292654655874e+03 1.019407812500000000e+04 1.020019079855713426e+04
1.498989726726897061e+03 1.019703613281250000e+04 1.020018401131712744e+04
1.499010160799138248e+03 1.020074707031250000e+04 1.020017723881544953e+04
1.499030594971496612e+03 1.019487890625000000e+04 1.020017048101468572e+04
1.499051028944551945e+03 1.020487792968750000e+04 1.020016373800940528e+04
1.499071463017258793e+03 1.019941894531250000e+04 1.020015700969650425e+04
1.499091897190548480e+03 1.019231445312500000e+04 1.020015029607155157e+04
1.499112331163603812e+03 1.020421093750000000e+04 1.020014359722892914e+04
1.499132765236776322e+03 1.020158496093750000e+04 1.020013691306572036e+04
1.499153199410531670e+03 1.020983203125000000e+04 1.020013024357764698e+04
1.499173633384052664e+03 1.019955859375000000e+04 1.020012358885843605e+04
1.499194067558273673e+03 1.020669531250000000e+04 1.020011694877318223e+04
1.499214501632377505e+03 1.020604687500000000e+04 1.020011032341539249e+04
1.499234935606364161e+03 1.020209570312500000e+04 1.020010371278051389e+04
1.499255369781050831e+03 1.019757617187500000e+04 1.020009711676698498e+04
1.499275803855620325e+03 1.020722070312500000e+04 1.020009053546768155e+04
1.499296237930189818e+03 1.020782128906250000e+04 1.020008396884590547e+04
1.499316672005224973e+03 1.020161230468750000e+04 1.020007741689715658e+04
1.499337106080260128e+03 1.020359375000000000e+04 1.020007087961724756e+04
1.499357540155760944e+03 1.020199609375000000e+04 1.020006435700168731e+04
1.499377974331378937e+03 1.020847265625000000e+04 1.020005784901442712e+04
1.499398408306762576e+03 1.019956347656250000e+04 1.020005135574667656e+04
1.499418842482380569e+03 1.020965917968750000e+04 1.020004487706683722e+04
1.499439276558347046e+03 1.020751171875000000e+04 1.020003841306574941e+04
1.499459710534662008e+03 1.020511230468750000e+04 1.020003196373886021e+04
1.499480144711211324e+03 1.020204296875000000e+04 1.020002552898727299e+04
1.499500578787643462e+03 1.019615917968750000e+04 1.020001910890134968e+04
1.499521012763958424e+03 1.020710351562500000e+04 1.020001270347652098e+04
1.499541446940973401e+03 1.019932812500000000e+04 1.020000631261425224e+04
1.499561881017871201e+03 1.020938574218750000e+04 1.019999993640439789e+04
1.499582315095234662e+03 1.020140527343750000e+04 1.019999357481112202e+04
1.499602749172598124e+03 1.019903320312500000e+04 1.019998722783021367e+04
1.499623183150310069e+03 1.020397851562500000e+04 1.019998089548819189e+04
1.499643617327790707e+03 1.019900781250000000e+04 1.019997457768802269e+04
1.499664051405619830e+03 1.019962304687500000e+04 1.019996827451804347e+04
1.499704919561743736e+03 1.020131738281250000e+04 1.019995571195861157e+04
1.499725353640504181e+03 1.021554785156250000e+04 1.019994945256032770e+04
1.499745787718798965e+03 1.020022460937500000e+04 1.019994320774416519e+04
1.499766221797559410e+03 1.019651953125000000e+04 1.019993697750548381e+04
1.499786655876319855e+03 1.020254003906250000e+04 1.019993076184009260e+04
1.499807090055663139e+03 1.020297656250000000e+04 1.019992456071315610e+04
1.499827524034772068e+03 1.019712890625000000e+04 1.019991837421151649e+04
1.499847958113998175e+03 1.020755859375000000e+04 1.019991220223978235e+04
1.499868392293807119e+03 1.020050585937500000e+04 1.019990604479369176e+04
1.499888826373498887e+03 1.020113574218750000e+04 1.019989990192937876e+04
1.499909260353539139e+03 1.020001269531250000e+04 1.019989377364213942e+04
1.499929694533348083e+03 1.020089062500000000e+04 1.019988765983794474e+04
1.499950128613971174e+03 1.020161718750000000e+04 1.019988156060200708e+04
1.499970562694128603e+03 1.019730468750000000e+04 1.019987547590040049e+04
1.499990996774751693e+03 1.020136718750000000e+04 1.019986940572851381e+04
1.500011430855374783e+03 1.019541894531250000e+04 1.019986335008213427e+04
1.500031864936463535e+03 1.021443945312500000e+04 1.019985730895678716e+04
1.500052299017552286e+03 1.019728222656250000e+04 1.019985128234826334e+04
1.500072733099106699e+03 1.019820214843750000e+04 1.019984527025208808e+04
1.500093167280312628e+03 1.020504785156250000e+04 1.019983927263483565e+04
1.500113601262215525e+03 1.019886328125000000e+04 1.019983328957980484e+04
1.500134035443887115e+03 1.019864550781250000e+04 1.019982732096580366e+04
1.500154469525907189e+03 1.020020019531250000e+04 1.019982136687605816e+04
1.500174903507810086e+03 1.019617187500000000e+04 1.019981542730613728e+04
1.500195337690412998e+03 1.018951855468750000e+04 1.019980950216437304e+04
1.500215771772898734e+03 1.018074316406250000e+04 1.019980359153375684e+04
1.500236205755267292e+03 1.018777343750000000e+04 1.019979769540972848e+04
1.500256639938335866e+03 1.020119140625000000e+04 1.019979181370124934e+04
1.500277073921170086e+03 1.020097753906250000e+04 1.019978594651938511e+04
1.500297508004121482e+03 1.020705664062500000e+04 1.019978009377344279e+04
1.500317942187655717e+03 1.019435546875000000e+04 1.019977425545916049e+04
1.500338376170955598e+03 1.019967871093750000e+04 1.019976843165803803e+04
1.500358810354955494e+03 1.019779589843750000e+04 1.019976262225145911e+04
1.500379244438838214e+03 1.019715039062500000e+04 1.019975682732071436e+04
1.500399678422603756e+03 1.020101171875000000e+04 1.019975104686124359e+04
1.500420112606603652e+03 1.020031250000000000e+04 1.019974528078384537e+04
1.500440546690952033e+03 1.020079394531250000e+04 1.019973952916890812e+04
1.500460980775766075e+03 1.020992578125000000e+04 1.019973379198379916e+04
1.500481414860114455e+03 1.019699023437500000e+04 1.019972806922443488e+04
1.500501848945394158e+03 1.019793750000000000e+04 1.019972236088608406e+04
1.500522283130325377e+03 1.019832031250000000e+04 1.019971666693692896e+04
1.500542717115487903e+03 1.020212988281250000e+04 1.019971098745595737e+04
1.500563151200767606e+03 1.020017871093750000e+04 1.019970532235536666e+04
1.500583585386164486e+03 1.020031542968750000e+04 1.019969967163102410e+04
1.500604019471909851e+03 1.019813281250000000e+04 1.019969403533383229e+04
1.500624453458003700e+03 1.019470214843750000e+04 1.019968841345923283e+04
1.500644887643866241e+03 1.019637597656250000e+04 1.019968280592061637e+04
1.500665321730077267e+03 1.019735351562500000e+04 1.019967721279590478e+04
1.500685755716171116e+03 1.019652246093750000e+04 1.019967163408067609e+04
1.500706189902964979e+03 1.020621777343750000e+04 1.019966606968856286e+04
1.500726623989641666e+03 1.019687890625000000e+04 1.019966051969724867e+04
1.500747058176435530e+03 1.019345703125000000e+04 1.019965498404800019e+04
1.500767492163460702e+03 1.020357617187500000e+04 1.019964946281760785e+04
1.500787926250603050e+03 1.019879101562500000e+04 1.019964395592059736e+04
1.500808360437862575e+03 1.020394531250000000e+04 1.019963846335283233e+04
1.500828794425819069e+03 1.020189453125000000e+04 1.019963298519035379e+04
1.500849228513427079e+03 1.019259570312500000e+04 1.019962752134856237e+04
1.500869662701152265e+03 1.019690234375000000e+04 1.019962207182319617e+04
1.500890096689108759e+03 1.019409375000000000e+04 1.019961663668979054e+04
1.500910530877299607e+03 1.019547363281250000e+04 1.019961121583760178e+04
1.500930964865721762e+03 1.020429003906250000e+04 1.019960580936840051e+04
1.500951398954261094e+03 1.019762109375000000e+04 1.019960041719839865e+04
1.500971833142917603e+03 1.021896289062500000e+04 1.019959503932345797e+04
1.500992267131805420e+03 1.019429589843750000e+04 1.019958967581805882e+04
1.501012701220810413e+03 1.019907421875000000e+04 1.019958432659903883e+04
1.501033135410398245e+03 1.020150585937500000e+04 1.019957899166213974e+04
1.501053569399751723e+03 1.020037597656250000e+04 1.019957367108145445e+04
1.501074003489222378e+03 1.020657421875000000e+04 1.019956836477432444e+04
1.501094437678810209e+03 1.020496582031250000e+04 1.019956307273661878e+04
1.501114871768746525e+03 1.019806640625000000e+04 1.019955779501573488e+04
1.501135305858682841e+03 1.020583789062500000e+04 1.019955253158148116e+04
1.501155739949084818e+03 1.020611816406250000e+04 1.019954728242939746e+04
1.501176174039486796e+03 1.019659570312500000e+04 1.019954204755525643e+04
1.501196608129888773e+03 1.019381542968750000e+04 1.019953682695471798e+04
1.501217042220756412e+03 1.031947656250000000e+04 1.019953162062331830e+04
1.501237476311624050e+03 1.019670214843750000e+04 1.019952642855683371e+04
1.501257910502608865e+03 1.018671386718750000e+04 1.019952125072558920e+04
1.501278344493824989e+03 1.019803417968750000e+04 1.019951608720112199e+04
1.501298778685275465e+03 1.020350097656250000e+04 1.019951093787801437e+04
1.501319212776608765e+03 1.020054882812500000e+04 1.019950580282770898e+04
1.501339646768756211e+03 1.019607812500000000e+04 1.019950068204542549e+04
1.501360080960206687e+03 1.019941503906250000e+04 1.019949557545212156e+04
1.501380515052471310e+03 1.019006250000000000e+04 1.019949048311815204e+04
1.501400949044618756e+03 1.019388574218750000e+04 1.019948540503919685e+04
1.501421383237000555e+03 1.020025976562500000e+04 1.019948034113637550e+04
1.501441817329730839e+03 1.019832617187500000e+04 1.019947529147977184e+04
1.501462251322343946e+03 1.019667285156250000e+04 1.019947025606493844e+04
1.501482685515191406e+03 1.019846679687500000e+04 1.019946523481363329e+04
1.501503119608387351e+03 1.019933886718750000e+04 1.019946022779529812e+04
1.501523553801234812e+03 1.019989746093750000e+04 1.019945523495676025e+04
1.501543987794779241e+03 1.019541406250000000e+04 1.019945025636661740e+04
1.501564421788323671e+03 1.020122460937500000e+04 1.019944529197175689e+04
1.501584855982102454e+03 1.020953515625000000e+04 1.019944034171940075e+04
1.501605290075764060e+03 1.019358105468750000e+04 1.019943540567806849e+04
1.501625724169891328e+03 1.020017187500000000e+04 1.019943048381901463e+04
1.501646158264018595e+03 1.019776367187500000e+04 1.019942557613801546e+04
1.501666592358611524e+03 1.019190332031250000e+04 1.019942068263060719e+04
1.501687026553321630e+03 1.019771972656250000e+04 1.019941580326869007e+04
1.501707460547797382e+03 1.019125683593750000e+04 1.019941093811953760e+04
1.501727894642855972e+03 1.019390820312500000e+04 1.019940608710708329e+04
1.501748328837566078e+03 1.019591796875000000e+04 1.019940125022740176e+04
1.501768762933090329e+03 1.019463867187500000e+04 1.019939642752322834e+04
1.501789196928031743e+03 1.019919921875000000e+04 1.019939161899033570e+04
1.501809631123673171e+03 1.020612207031250000e+04 1.019938682455358503e+04
1.501830065219197422e+03 1.019977636718750000e+04 1.019938204427932214e+04
1.501850499315187335e+03 1.019766601562500000e+04 1.019937727813956553e+04
1.501870933411177248e+03 1.020303906250000000e+04 1.019937252613008241e+04
1.501891367507632822e+03 1.019915917968750000e+04 1.019936778824642170e+04
1.501911801703739911e+03 1.020714941406250000e+04 1.019936306446134586e+04
1.501932235700543970e+03 1.019414257812500000e+04 1.019935835483951814e+04
1.501952669796999544e+03 1.019245019531250000e+04 1.019935365930759144e+04
1.501973103994037956e+03 1.019975390625000000e+04 1.019934897786120928e+04
1.501993537990842015e+03 1.020216015625000000e+04 1.019934431056484755e+04
1.502013972088228911e+03 1.020026757812500000e+04 1.019933965734534831e+04
1.502034406285267323e+03 1.019955859375000000e+04 1.019933501819878438e+04
1.502054840283002704e+03 1.019005664062500000e+04 1.019933039318858937e+04
1.502075274480506778e+03 1.019785449218750000e+04 1.019932578222008306e+04
1.502095708578359336e+03 1.019989648437500000e+04 1.019932118535659902e+04
1.502116142576560378e+03 1.020671386718750000e+04 1.019931660259357886e+04
1.502136576774530113e+03 1.019781738281250000e+04 1.019931203385964182e+04
1.502157010872848332e+03 1.019931640625000000e+04 1.019930747921748298e+04
1.502177444871049374e+03 1.020019433593750000e+04 1.019930293866266220e+04
1.502197879069950432e+03 1.020429687500000000e+04 1.019929841212409519e+04
1.502218313068617135e+03 1.020067871093750000e+04 1.019929389968625037e+04
1.502238747267518193e+03 1.020638574218750000e+04 1.019928940125635199e+04
1.502259181366767734e+03 1.019515917968750000e+04 1.019928491689617840e+04
1.502279615365900099e+03 1.020219726562500000e+04 1.019928044660127853e+04
1.502300049565732479e+03 1.019993554687500000e+04 1.019927599030160854e+04
1.502320483664982021e+03 1.019891113281250000e+04 1.019927154805863029e+04
1.502340917765162885e+03 1.019840917968750000e+04 1.019926711984582653e+04
1.502361351864878088e+03 1.020280468750000000e+04 1.019926270565915365e+04
1.502381785965058953e+03 1.020285937500000000e+04 1.019925830549407692e+04
1.502402220065239817e+03 1.019314550781250000e+04 1.019925391934634717e+04
1.502422654165886343e+03 1.020450000000000000e+04 1.019924954721152244e+04
1.502443088266532868e+03 1.019552929687500000e+04 1.019924518908535902e+04
1.502463522467296571e+03 1.019580664062500000e+04 1.019924084494226372e+04
1.502483956567943096e+03 1.019571679687500000e+04 1.019923651482046262e+04
1.502504390568938106e+03 1.019947070312500000e+04 1.019923219871530819e+04
1.502524824770167470e+03 1.019071875000000000e+04 1.019922789655921588e+04
1.502545258871745318e+03 1.019299804687500000e+04 1.019922360841108457e+04
1.502565692873205990e+03 1.019238964843750000e+04 1.019921933426646137e+04
1.502586127074901015e+03 1.020063085937500000e+04 1.019921507405828015e+04
1.502606561176944524e+03 1.019903417968750000e+04 1.019921082784482678e+04
1.502626995379105210e+03 1.019840917968750000e+04 1.019920659558024636e+04
1.502647429381497204e+03 1.020796386718750000e+04 1.019920237732219721e+04
1.502688297686167061e+03 1.019678710937500000e+04 1.019919398262261166e+04
1.502708731689024717e+03 1.020390527343750000e+04 1.019918980623388961e+04
1.502729165791999549e+03 1.020326660156250000e+04 1.019918564377252915e+04
1.502749599995091558e+03 1.020432714843750000e+04 1.019918149523438660e+04
1.502770033997949213e+03 1.019864941406250000e+04 1.019917736067599799e+04
1.502790468101389706e+03 1.020131542968750000e+04 1.019917324003205067e+04
1.502810902304947376e+03 1.020126562500000000e+04 1.019916913329849740e+04
1.502831336308736354e+03 1.019672460937500000e+04 1.019916504053116296e+04
1.502851770512294024e+03 1.019416406250000000e+04 1.019916096164567716e+04
1.502872204516548663e+03 1.018943457031250000e+04 1.019915689671736254e+04
1.502892638620454818e+03 1.019621972656250000e+04 1.019915284568229981e+04
1.502913072824943811e+03 1.019613769531250000e+04 1.019914880853616341e+04
1.502933506829198450e+03 1.019846386718750000e+04 1.019914478533394140e+04
1.502953940934035927e+03 1.019873144531250000e+04 1.019914077601196186e+04
1.502974375138990581e+03 1.019427539062500000e+04 1.019913678056617755e+04
1.502994809243828058e+03 1.019720312500000000e+04 1.019913279903139301e+04
1.503015243349131197e+03 1.020250390625000000e+04 1.019912883138356847e+04
1.503035677454434335e+03 1.019206347656250000e+04 1.019912487761845478e+04
1.503056111559737474e+03 1.019383203125000000e+04 1.019912093773169545e+04
1.503076545665506274e+03 1.019513378906250000e+04 1.019911701171887216e+04
1.503096979771275073e+03 1.020390527343750000e+04 1.019911309957572121e+04
1.503117413877043873e+03 1.019569824218750000e+04 1.019910920129790611e+04
1.503137848083395511e+03 1.019999804687500000e+04 1.019910531686199101e+04
1.503158282089512795e+03 1.019489648437500000e+04 1.019910144632072115e+04
1.503178716295864433e+03 1.019832128906250000e+04 1.019909758959389364e+04
1.503199150402564555e+03 1.020106054687500000e+04 1.019909374673386628e+04
1.503219584409147501e+03 1.019403515625000000e+04 1.019908991773618254e+04
1.503240018615964800e+03 1.019640625000000000e+04 1.019908610254032101e+04
1.503260452723130584e+03 1.019359570312500000e+04 1.019908230119802465e+04
1.503280886730179191e+03 1.020005468750000000e+04 1.019907851370484241e+04
1.503301320937462151e+03 1.019503515625000000e+04 1.019907474000085494e+04
1.503321755045093596e+03 1.019449609375000000e+04 1.019907098013720315e+04
1.503342189053073525e+03 1.019651367187500000e+04 1.019906723410934683e+04
1.503362623260822147e+03 1.020025097656250000e+04 1.019906350185814517e+04
1.503383057368919253e+03 1.019723925781250000e+04 1.019905978343404786e+04
1.503403491477016360e+03 1.019636035156250000e+04 1.019905607881447941e+04
1.503423925585113466e+03 1.020490234375000000e+04 1.019905238799509607e+04
1.503444359693676233e+03 1.019181640625000000e+04 1.019904871097146679e+04
1.503464793802704662e+03 1.020385156250000000e+04 1.019904504773924964e+04
1.503485227911267430e+03 1.020071093750000000e+04 1.019904139829427004e+04
1.503505662020295858e+03 1.019696582031250000e+04 1.019903776263201689e+04
1.503526096129324287e+03 1.020256933593750000e+04 1.019903414074823377e+04
1.503546530238818377e+03 1.019961816406250000e+04 1.019903053263848960e+04
1.503566964447963983e+03 1.020363085937500000e+04 1.019902693828102929e+04
1.503587398457806557e+03 1.018855078125000000e+04 1.019902335772399601e+04
1.503607832567766309e+03 1.019459863281250000e+04 1.019901979091048270e+04
1.503628266777377576e+03 1.020887011718750000e+04 1.019901623783642572e+04
1.503648700887802988e+03 1.019825488281250000e+04 1.019901269853205667e+04
1.503669134897645563e+03 1.019837695312500000e+04 1.019900917299307184e+04
1.503689569108188152e+03 1.019650488281250000e+04 1.019900566116324444e+04
1.503710003218613565e+03 1.019697753906250000e+04 1.019900216309003372e+04
1.503730437229387462e+03 1.020106640625000000e+04 1.019899867876881763e+04
1.503750871440395713e+03 1.020366601562500000e+04 1.019899520814421703e+04
1.503771305551286787e+03 1.020290527343750000e+04 1.019899175126299815e+04
1.503791739762760699e+03 1.020257226562500000e+04 1.019898830808687126e+04
1.503812173774000257e+03 1.020150585937500000e+04 1.019898487866207688e+04
1.503832607885356992e+03 1.019834765625000000e+04 1.019898146293376340e+04
1.503853042097296566e+03 1.020356542968750000e+04 1.019897806089770893e+04
1.503873476109001786e+03 1.020400292968750000e+04 1.019897467259955738e+04
1.503893910220824182e+03 1.019762109375000000e+04 1.019897129798505921e+04
1.503914344433229417e+03 1.019582324218750000e+04 1.019896793704999436e+04
1.503934778445400298e+03 1.020406347656250000e+04 1.019896458983939374e+04
1.503955212657805532e+03 1.019363964843750000e+04 1.019896125628332084e+04
1.503975646770559251e+03 1.020452441406250000e+04 1.019895793642645185e+04
1.503996080783195794e+03 1.020083007812500000e+04 1.019895463026432117e+04
1.504016514996532351e+03 1.020474511718750000e+04 1.019895133774400892e+04
1.504036949109286070e+03 1.020447363281250000e+04 1.019894805890982207e+04
1.504057383122853935e+03 1.019402929687500000e+04 1.019894479375699120e+04
1.504077817336190492e+03 1.020041601562500000e+04 1.019894154223350415e+04
1.504098251449875534e+03 1.020139453125000000e+04 1.019893830438276200e+04
1.504118685463443398e+03 1.018866113281250000e+04 1.019893508020029549e+04
1.504139119677245617e+03 1.019274218750000000e+04 1.019893186963446533e+04
1.504159553791396320e+03 1.019501562500000000e+04 1.019892867272815420e+04
1.504179987905547023e+03 1.019818457031250000e+04 1.019892548946132229e+04
1.504200422019697726e+03 1.020288085937500000e+04 1.019892231982962767e+04
1.504220856134314090e+03 1.020565039062500000e+04 1.019891916382865384e+04
1.504241290248930454e+03 1.019284375000000000e+04 1.019891602145413344e+04
1.504261724364012480e+03 1.019389550781250000e+04 1.019891289270164998e+04
1.504282158478628844e+03 1.020539843750000000e+04 1.019890977756700340e+04
1.504302592594176531e+03 1.019291015625000000e+04 1.019890667604563350e+04
1.504323026709258556e+03 1.019358984375000000e+04 1.019890358813341300e+04
1.504343460924923420e+03 1.019876855468750000e+04 1.019890051381082594e+04
1.504363895040471107e+03 1.020056054687500000e+04 1.019889745310372746e+04
1.504384329055901617e+03 1.020505371093750000e+04 1.019889440600757189e+04
1.504404763272032142e+03 1.019766406250000000e+04 1.019889137247326107e+04
1.504425197388045490e+03 1.020154394531250000e+04 1.019888835254120568e+04
1.504445631404407322e+03 1.019835351562500000e+04 1.019888534620679638e+04
1.504466065620537847e+03 1.019974121093750000e+04 1.019888235342173721e+04
1.504486499737482518e+03 1.019223339843750000e+04 1.019887937422556934e+04
1.504506933753844351e+03 1.018966015625000000e+04 1.019887640861395630e+04
1.504527367970906198e+03 1.020696972656250000e+04 1.019887345653892226e+04
1.504547802087850869e+03 1.020472656250000000e+04 1.019887051803969189e+04
1.504568236304912716e+03 1.020623242187500000e+04 1.019886759308311957e+04
1.504588670322205871e+03 1.019818750000000000e+04 1.019886468170768785e+04
1.504609104440081865e+03 1.020018261718750000e+04 1.019886178386616666e+04
1.504629538657609373e+03 1.020032324218750000e+04 1.019885889955454149e+04
1.504649972675368190e+03 1.019805468750000000e+04 1.019885602881063096e+04
1.504670406793244183e+03 1.019529882812500000e+04 1.019885317158786347e+04
1.504690841011237353e+03 1.019639355468750000e+04 1.019885032788209355e+04
1.504711275029461831e+03 1.020213867187500000e+04 1.019884749773061412e+04
1.504731709247920662e+03 1.019776953125000000e+04 1.019884468107367866e+04
1.504752143366727978e+03 1.020433789062500000e+04 1.019884187794838363e+04
1.504772577385418117e+03 1.020317089843750000e+04 1.019883908835024704e+04
1.504793011604342610e+03 1.019935742187500000e+04 1.019883631223401972e+04
1.504813445723149925e+03 1.020197265625000000e+04 1.019883354963626880e+04
1.504833879742305726e+03 1.019680761718750000e+04 1.019883080055238315e+04
1.504854313961695880e+03 1.020037597656250000e+04 1.019882806493777753e+04
1.504874748081434518e+03 1.018537402343750000e+04 1.019882534282835695e+04
1.504895182101055980e+03 1.018448828125000000e+04 1.019882263421963580e+04
1.504915616320911795e+03 1.018977929687500000e+04 1.019881993906756543e+04
1.504936050440650433e+03 1.019485742187500000e+04 1.019881725740750335e+04
1.504956484660971910e+03 1.019311425781250000e+04 1.019881458920877958e+04
1.504976918681059033e+03 1.020378515625000000e+04 1.019881193450622595e+04
1.504997352801728994e+03 1.019822265625000000e+04 1.019880929325632314e+04
1.505017787022050470e+03 1.019565722656250000e+04 1.019880666545504027e+04
1.505038221043068916e+03 1.019849121093750000e+04 1.019880405113638699e+04
1.505058655163738877e+03 1.019780566406250000e+04 1.019880145025766615e+04
1.505079089384991676e+03 1.020016406250000000e+04 1.019879886281461950e+04
1.505099523406010121e+03 1.019351855468750000e+04 1.019879628884089107e+04
1.505119957627728581e+03 1.020495703125000000e+04 1.019879372828163650e+04
1.505140391748864204e+03 1.020020996093750000e+04 1.019879118117036342e+04
1.505160825770813972e+03 1.020044433593750000e+04 1.019878864750235880e+04
1.505181259992532432e+03 1.018971191406250000e+04 1.019878612723630431e+04
1.505201694114599377e+03 1.019017675781250000e+04 1.019878362040489083e+04
1.505222128136549145e+03 1.019932226562500000e+04 1.019878112700363272e+04
1.505242562358733267e+03 1.021091406250000000e+04 1.019877864699163911e+04
1.505262996481265873e+03 1.020425585937500000e+04 1.019877618040105153e+04
1.505283430603798479e+03 1.019636132812500000e+04 1.019877372721540996e+04
1.505303864726796746e+03 1.019605957031250000e+04 1.019877128743031062e+04
1.505324298849329352e+03 1.019925292968750000e+04 1.019876886104152072e+04
1.505344732972793281e+03 1.019792187500000000e+04 1.019876644804453099e+04
1.505365167095791548e+03 1.019313281250000000e+04 1.019876404843516866e+04
1.505385601219255477e+03 1.019844921875000000e+04 1.019876166220897358e+04
1.505406035342719406e+03 1.019347851562500000e+04 1.019875928936166201e+04
1.505426469466183335e+03 1.020303808593750000e+04 1.019875692988888841e+04
1.505446903590112925e+03 1.020453027343750000e+04 1.019875458378625444e+04
1.505467337714042515e+03 1.020041113281250000e+04 1.019875225104947640e+04
1.505487771838437766e+03 1.020914843750000000e+04 1.019874993167415232e+04
1.505508206062484533e+03 1.019794531250000000e+04 1.019874762564477714e+04
1.505528640186879784e+03 1.019264843750000000e+04 1.019874533297950620e+04
1.505549074211623520e+03 1.019463964843750000e+04 1.019874305367379566e+04
1.505569508436135948e+03 1.019042578125000000e+04 1.019874078769000153e+04
1.505589942560996860e+03 1.020389550781250000e+04 1.019873853505708212e+04
1.505610376586206257e+03 1.020204394531250000e+04 1.019873629577050087e+04
1.505630810811184347e+03 1.020082910156250000e+04 1.019873406979319407e+04
1.505671678962185979e+03 1.019694238281250000e+04 1.019872965784699954e+04
1.505692113187629730e+03 1.020217578125000000e+04 1.019872747183709544e+04
1.505712547313887626e+03 1.018959179687500000e+04 1.019872529915156701e+04
1.505732981539797038e+03 1.019682128906250000e+04 1.019872313976493024e+04
1.505753415565937757e+03 1.020097851562500000e+04 1.019872099370438445e+04
1.505773849692195654e+03 1.019660546875000000e+04 1.019871886093399007e+04
1.505794283918570727e+03 1.019662597656250000e+04 1.019871674144960707e+04
1.505814717945177108e+03 1.019628906250000000e+04 1.019871463527789092e+04
1.505835152071900666e+03 1.019687792968750000e+04 1.019871254238349684e+04
1.505855586298741400e+03 1.019340429687500000e+04 1.019871046276227207e+04
1.505876020325347781e+03 1.019027441406250000e+04 1.019870839644035186e+04
1.505896454552654177e+03 1.020287402343750000e+04 1.019870634337283627e+04
1.505916888679843396e+03 1.019767382812500000e+04 1.019870430358571321e+04
1.505937322707381099e+03 1.020287597656250000e+04 1.019870227707439699e+04
1.505957756935153157e+03 1.019863183593750000e+04 1.019870026380490162e+04
1.505978191062808037e+03 1.018977050781250000e+04 1.019869826380256745e+04
1.505998625190928578e+03 1.019064941406250000e+04 1.019869627705311177e+04
1.506019059319049120e+03 1.019846093750000000e+04 1.019869430355224176e+04
1.506039493447169662e+03 1.020041699218750000e+04 1.019869234329560823e+04
1.506059927475638688e+03 1.019766113281250000e+04 1.019869039628833343e+04
1.506080361703876406e+03 1.019308496093750000e+04 1.019868846249763919e+04
1.506100795832928270e+03 1.019992089843750000e+04 1.019868654194757619e+04
1.506121229961514473e+03 1.020090136718750000e+04 1.019868463462441832e+04
1.506141664090566337e+03 1.020164648437500000e+04 1.019868274052373999e+04
1.506162098219618201e+03 1.019879492187500000e+04 1.019868085964124111e+04
1.506182532448787242e+03 1.019863671875000000e+04 1.019867899196345752e+04
1.506202966478187591e+03 1.019397167968750000e+04 1.019867713751335941e+04
1.506223400608170778e+03 1.019526464843750000e+04 1.019867529625925090e+04
1.506243834837805480e+03 1.019548046875000000e+04 1.019867346819706654e+04
1.506264268867671490e+03 1.019775390625000000e+04 1.019867165334914898e+04
1.506284703097771853e+03 1.019677246093750000e+04 1.019866985167562962e+04
1.506305137227755040e+03 1.019406835937500000e+04 1.019866806319874559e+04
1.506325571258086711e+03 1.019427148437500000e+04 1.019866628791392031e+04
1.506346005488652736e+03 1.019921582031250000e+04 1.019866452579084944e+04
1.506366439619101584e+03 1.019435058593750000e+04 1.019866277685119348e+04
1.506386873649898916e+03 1.020065820312500000e+04 1.019866104109037042e+04
1.506407307880930603e+03 1.020027539062500000e+04 1.019865931847865795e+04
1.506427742012310773e+03 1.019307812500000000e+04 1.019865760903709815e+04
1.506448176043573767e+03 1.019303613281250000e+04 1.019865591276118357e+04
1.506468610274605453e+03 1.020299511718750000e+04 1.019865422962178127e+04
1.506489044406451285e+03 1.020677734375000000e+04 1.019865255963927120e+04
1.506509478637948632e+03 1.019070605468750000e+04 1.019865090279304786e+04
1.506529912669677287e+03 1.020514550781250000e+04 1.019864925910296006e+04
1.506550346801988780e+03 1.020576562500000000e+04 1.019864762854040237e+04
1.506570781033951789e+03 1.019058007812500000e+04 1.019864601110130207e+04
1.506591215066146106e+03 1.019695117187500000e+04 1.019864440680491862e+04
1.506611649198457599e+03 1.019723828125000000e+04 1.019864281562326869e+04
1.506632083431351930e+03 1.020274121093750000e+04 1.019864123755216497e+04
1.506652517564129084e+03 1.019378417968750000e+04 1.019863967260275967e+04
1.506672951696906239e+03 1.019631738281250000e+04 1.019863812076295471e+04
1.506693385829683393e+03 1.020132031250000000e+04 1.019863658202839724e+04
1.506713819862809032e+03 1.019405761718750000e+04 1.019863505640215772e+04
1.506734254096169025e+03 1.019898632812500000e+04 1.019863354385759885e+04
1.506754688229877502e+03 1.019697558593750000e+04 1.019863204441266680e+04
1.506775122263468802e+03 1.019763867187500000e+04 1.019863055806286502e+04
1.506795556497294456e+03 1.019892285156250000e+04 1.019862908478209647e+04
1.506815990631002933e+03 1.019791406250000000e+04 1.019862762458777070e+04
1.506836424665059894e+03 1.019927343750000000e+04 1.019862617747532022e+04
1.506856858899351209e+03 1.019387109375000000e+04 1.019862474341925554e+04
1.506877293033991009e+03 1.020057421875000000e+04 1.019862332243637866e+04
1.506897727268282324e+03 1.020402148437500000e+04 1.019862191450848877e+04
1.506918161302804947e+03 1.020479296875000000e+04 1.019862051965176943e+04
1.506938595437910408e+03 1.019901464843750000e+04 1.019861913784128774e+04
1.506959029672667384e+03 1.020539843750000000e+04 1.019861776907294916e+04
1.506979463708121330e+03 1.019940136718750000e+04 1.019861641336234243e+04
1.506999897843226790e+03 1.019240136718750000e+04 1.019861507068519495e+04
1.507020332078449428e+03 1.019579492187500000e+04 1.019861374103731941e+04
1.507040766113903373e+03 1.020117578125000000e+04 1.019861242443379888e+04
1.507061200349591672e+03 1.020024218750000000e+04 1.019861112084450906e+04
1.507081634485628456e+03 1.019537109375000000e+04 1.019860983028433657e+04
1.507102068521548063e+03 1.020005175781250000e+04 1.019860855274877395e+04
1.507122502757702023e+03 1.020404199218750000e+04 1.019860728821480370e+04
1.507142936894204468e+03 1.019808105468750000e+04 1.019860603669672673e+04
1.507163371030706912e+03 1.019567187500000000e+04 1.019860479818400381e+04
1.507183805167209357e+03 1.019637792968750000e+04 1.019860357267229301e+04
1.507204239303711802e+03 1.018346289062500000e+04 1.019860236015725241e+04
1.507224673440679908e+03 1.018661523437500000e+04 1.019860116063450914e+04
1.507245107577648014e+03 1.018962500000000000e+04 1.019859997409974494e+04
1.507265541715081781e+03 1.020126464843750000e+04 1.019859880054859059e+04
1.507285975852049887e+03 1.019565429687500000e+04 1.019859763997676055e+04
1.507306410089600831e+03 1.020155273437500000e+04 1.019859649237426129e+04
1.507326844127383083e+03 1.020008203125000000e+04 1.019859535775352742e+04
1.507347278265282512e+03 1.020376367187500000e+04 1.019859423609346777e+04
1.507367712403181940e+03 1.019705957031250000e+04 1.019859312739532834e+04
1.507388146541081369e+03 1.020364355468750000e+04 1.019859203165476720e+04
1.507408580779097974e+03 1.020433398437500000e+04 1.019859094886216735e+04
1.507429014817811549e+03 1.020334863281250000e+04 1.019858987902895751e+04
1.507449449056293815e+03 1.020100195312500000e+04 1.019858882212989920e+04
1.507469883194658905e+03 1.019877343750000000e+04 1.019858777817625378e+04
1.507490317233372480e+03 1.019796191406250000e+04 1.019858674716346650e+04
1.507510751472320408e+03 1.020377246093750000e+04 1.019858572907215603e+04
1.507531185611616820e+03 1.019859179687500000e+04 1.019858472391301984e+04
1.507551619650796056e+03 1.020337890625000000e+04 1.019858373168154139e+04
1.507572053890209645e+03 1.019694140625000000e+04 1.019858275235889232e+04
1.507592488029506058e+03 1.019772851562500000e+04 1.019858178595521531e+04
1.507612922269385308e+03 1.019872167968750000e+04 1.019858083245668240e+04
1.507633356309030205e+03 1.019880078125000000e+04 1.019857989187288331e+04
1.507653790449257940e+03 1.019842089843750000e+04 1.019857896418554083e+04
1.507674224689137191e+03 1.021264160156250000e+04 1.019857804939053676e+04
1.507694658729247749e+03 1.019554687500000000e+04 1.019857714749684237e+04
1.507715092869941145e+03 1.019747753906250000e+04 1.019857625848675707e+04
1.507735527110286057e+03 1.020253613281250000e+04 1.019857538235617540e+04
1.507755961150862277e+03 1.020419921875000000e+04 1.019857451911349199e+04
1.507776395292021334e+03 1.019845312500000000e+04 1.019857366874158106e+04
1.507796829532831907e+03 1.020016210937500000e+04 1.019857283123633169e+04
1.507817263673990965e+03 1.019856445312500000e+04 1.019857200660156377e+04
1.507837697815150023e+03 1.019944824218750000e+04 1.019857119482881899e+04
1.507858131956774741e+03 1.019932031250000000e+04 1.019857039591373541e+04
1.507878566098399460e+03 1.019847070312500000e+04 1.019856960985199476e+04
1.507899000240024179e+03 1.020387500000000000e+04 1.019856883663924236e+04
1.507919434381648898e+03 1.019663281250000000e+04 1.019856807627114358e+04
1.507939868523739278e+03 1.019842773437500000e+04 1.019856732874333284e+04
1.507960302665829659e+03 1.019337011718750000e+04 1.019856659405148821e+04
1.507980736807920039e+03 1.020499414062500000e+04 1.019856587219126413e+04
1.508001170950476080e+03 1.019829296875000000e+04 1.019856516315829867e+04
1.508021605093032122e+03 1.019747070312500000e+04 1.019856446694826809e+04
1.508042039236053824e+03 1.020227050781250000e+04 1.019856378355681227e+04
1.508062473478727043e+03 1.019209277343750000e+04 1.019856311297636785e+04
1.508082907521631569e+03 1.019530859375000000e+04 1.019856245521231904e+04
1.508103341664653271e+03 1.019667773437500000e+04 1.019856181025057231e+04
1.508123775908257812e+03 1.020685058593750000e+04 1.019856117808696581e+04
1.508144209951628000e+03 1.020098828125000000e+04 1.019856055872636352e+04
1.508164644095115364e+03 1.020531835937500000e+04 1.019855995215522671e+04
1.508185078338719904e+03 1.019909570312500000e+04 1.019855935836939898e+04
1.508205512382555753e+03 1.020264453125000000e+04 1.019855877737315677e+04
1.508225946626625955e+03 1.020244140625000000e+04 1.019855820915078402e+04
1.508246380771044642e+03 1.019407031250000000e+04 1.019855765370637164e+04
1.508266814815346152e+03 1.020429882812500000e+04 1.019855711103539761e+04
1.508287249059416354e+03 1.020889257812500000e+04 1.019855658112565470e+04
1.508307683204300702e+03 1.020205273437500000e+04 1.019855606398063901e+04
1.508328117249067873e+03 1.019452148437500000e+04 1.019855555959584854e+04
1.508348551493603736e+03 1.020085156250000000e+04 1.019855506795963083e+04
1.508368985638953745e+03 1.020632910156250000e+04 1.019855458907492539e+04
1.508389419883955270e+03 1.019787402343750000e+04 1.019855412293273184e+04
1.508409853929188102e+03 1.019985449218750000e+04 1.019855366953544217e+04
1.508430288074538112e+03 1.019745800781250000e+04 1.019855322887196780e+04
1.508450722320470959e+03 1.019533886718750000e+04 1.019855280093814144e+04
1.508471156466286629e+03 1.019985644531250000e+04 1.019855238573382303e+04
1.508491590511985123e+03 1.019565722656250000e+04 1.019855198325448146e+04
1.508512024757917970e+03 1.020083105468750000e+04 1.019855159348995221e+04
1.508532458904199302e+03 1.019561523437500000e+04 1.019855121644170140e+04
1.508552892950363457e+03 1.020513085937500000e+04 1.019855085210521429e+04
1.508573327196761966e+03 1.019593261718750000e+04 1.019855050047088298e+04
1.508593761343508959e+03 1.019696875000000000e+04 1.019855016153961333e+04
1.508614195490255952e+03 1.020044140625000000e+04 1.019854983530532263e+04
1.508655063684098423e+03 1.018983300781250000e+04 1.019854922091173285e+04
1.508675497931428254e+03 1.019559179687500000e+04 1.019854893274086498e+04
1.508695932078640908e+03 1.020339355468750000e+04 1.019854865725103809e+04
1.508716366125736386e+03 1.020191406250000000e+04 1.019854839443772653e+04
1.508736800373531878e+03 1.019790527343750000e+04 1.019854814429281396e+04
1.508757234521210194e+03 1.019362890625000000e+04 1.019854790681573104e+04
1.508777668769005686e+03 1.020101074218750000e+04 1.019854768199980390e+04
1.508798102817032486e+03 1.019653710937500000e+04 1.019854746984390476e+04
1.508818536965176463e+03 1.019380957031250000e+04 1.019854727034047391e+04
1.508838971213437617e+03 1.019780078125000000e+04 1.019854708348535860e+04
1.508859405261930078e+03 1.020694238281250000e+04 1.019854690927686352e+04
1.508879839410539716e+03 1.019557714843750000e+04 1.019854674770799465e+04
1.508900273659266531e+03 1.019931250000000000e+04 1.019854659877459926e+04
1.508920707708224654e+03 1.020119628906250000e+04 1.019854646247442361e+04
1.508941141857299954e+03 1.019231347656250000e+04 1.019854633880103029e+04
1.508961576106492430e+03 1.021170800781250000e+04 1.019854622775026655e+04
1.508982010155450553e+03 1.019664257812500000e+04 1.019854612931932206e+04
1.509002444405108690e+03 1.020056445312500000e+04 1.019854604350192312e+04
1.509022878554649651e+03 1.020924316406250000e+04 1.019854597029508659e+04
1.509043312704190612e+03 1.020714160156250000e+04 1.019854590969401761e+04
1.509063746854197234e+03 1.020304589843750000e+04 1.019854586169436516e+04
1.509084181004203856e+03 1.019293945312500000e+04 1.019854582629179458e+04
1.509104615154210478e+03 1.019896093750000000e+04 1.019854580348196032e+04
1.509125049304682761e+03 1.019777343750000000e+04 1.019854579326051498e+04
1.509145483455155045e+03 1.019304296875000000e+04 1.019854579562312028e+04
1.509165917605627328e+03 1.021294140625000000e+04 1.019854581056542884e+04
1.509186351856216788e+03 1.019653125000000000e+04 1.019854583808326788e+04
1.509206785907037556e+03 1.020046093750000000e+04 1.019854587817179527e+04
1.509227220158092678e+03 1.020404296875000000e+04 1.019854593082744941e+04
1.509247654309030622e+03 1.019813476562500000e+04 1.019854599604521172e+04
1.509268088360317051e+03 1.020242187500000000e+04 1.019854607382054928e+04
1.509288522611837834e+03 1.020380273437500000e+04 1.019854616415035707e+04
1.509308956663124263e+03 1.019484082031250000e+04 1.019854626702851783e+04
1.509329390814993531e+03 1.019428710937500000e+04 1.019854638245211572e+04
1.509349825066979975e+03 1.019294140625000000e+04 1.019854651041698526e+04
1.509390693370718509e+03 1.020181347656250000e+04 1.019854680395000287e+04
1.509411127523053437e+03 1.021090429687500000e+04 1.019854696951006554e+04
1.509431561575736851e+03 1.019698925781250000e+04 1.019854714759246781e+04
1.509451995828188956e+03 1.020189941406250000e+04 1.019854733819557259e+04
1.509472429980523884e+03 1.019732128906250000e+04 1.019854754131232767e+04
1.509492864033672959e+03 1.019967871093750000e+04 1.019854775693821830e+04
1.509513298286590725e+03 1.019270605468750000e+04 1.019854798507214582e+04
1.509533732439391315e+03 1.019103613281250000e+04 1.019854822570650867e+04
1.509554166592657566e+03 1.019118652343750000e+04 1.019854847883805996e+04
1.509574600745923817e+03 1.018755175781250000e+04 1.019854874446244867e+04
1.509595034899655730e+03 1.019551367187500000e+04 1.019854902257533831e+04
1.509615469153039157e+03 1.019112402343750000e+04 1.019854931317382761e+04
1.509635903207119554e+03 1.019290429687500000e+04 1.019854961624922726e+04
1.509656337360851467e+03 1.020487695312500000e+04 1.019854993180154270e+04
1.509676771614700556e+03 1.019782714843750000e+04 1.019855025982661391e+04
1.509697205768898129e+03 1.019814257812500000e+04 1.019855060031689391e+04
1.509717639823444188e+03 1.019853320312500000e+04 1.019855095326785704e+04
1.509738074077758938e+03 1.019684960937500000e+04 1.019855131868042008e+04
1.509758508232422173e+03 1.020314160156250000e+04 1.019855169654498059e+04
1.509778942387085408e+03 1.019492578125000000e+04 1.019855208685894468e+04
1.509799376542214304e+03 1.020339062500000000e+04 1.019855248961798134e+04
1.509819810697343200e+03 1.019387402343750000e+04 1.019855290481773409e+04
1.509840244952123612e+03 1.018903808593750000e+04 1.019855333245597285e+04
1.509860679007600993e+03 1.019405859375000000e+04 1.019855377252201470e+04
1.509881113163195550e+03 1.019786230468750000e+04 1.019855422501786961e+04
1.509901547418441623e+03 1.020765527343750000e+04 1.019855468993936665e+04
1.509921981474384665e+03 1.019229492187500000e+04 1.019855516727526629e+04
1.509942415629979223e+03 1.019303808593750000e+04 1.019855565702812237e+04
1.509962849786039442e+03 1.020708789062500000e+04 1.019855615919130287e+04
1.509983283942099661e+03 1.019729980468750000e+04 1.019855667376045130e+04
1.510003718198742718e+03 1.020311523437500000e+04 1.019855720073385601e+04
1.510024152254685760e+03 1.019895996093750000e+04 1.019855774009930246e+04
1.510044586411677301e+03 1.020212695312500000e+04 1.019855829186032861e+04
1.510065020668320358e+03 1.019727734375000000e+04 1.019855885601273258e+04
1.510085454724729061e+03 1.020036132812500000e+04 1.019855943254380327e+04
1.510105888881720603e+03 1.019371679687500000e+04 1.019856002145758794e+04
1.510126323138829321e+03 1.019510351562500000e+04 1.019856062274991746e+04
1.510146757196169347e+03 1.019103710937500000e+04 1.019856123640753140e+04
1.510167191453743726e+03 1.019116308593750000e+04 1.019856186243809861e+04
1.510187625611200929e+03 1.020242382812500000e+04 1.019856250082816769e+04
1.510208059668540955e+03 1.020059863281250000e+04 1.019856315157320569e+04
1.510228493926580995e+03 1.019811816406250000e+04 1.019856381467855135e+04
1.510248928084503859e+03 1.019987304687500000e+04 1.019856449013018209e+04
1.510269362242426723e+03 1.019873144531250000e+04 1.019856517792697741e+04
1.510289796400815248e+03 1.020336914062500000e+04 1.019856587806460630e+04
1.510310230558738112e+03 1.018621289062500000e+04 1.019856659053869771e+04
1.510330664717592299e+03 1.019273535156250000e+04 1.019856731534495339e+04
1.510351098976098001e+03 1.020216503906250000e+04 1.019856805248262390e+04
1.510371533034835011e+03 1.020403222656250000e+04 1.019856880193647157e+04
1.510391967293806374e+03 1.020716796875000000e+04 1.019856956371682827e+04
1.510412401452660561e+03 1.019464550781250000e+04 1.019857033780823986e+04
1.510432835511863232e+03 1.020251464843750000e+04 1.019857112420620251e+04
1.510453269770834595e+03 1.021619433593750000e+04 1.019857192291798856e+04
1.510473703930620104e+03 1.019407519531250000e+04 1.019857273392765637e+04
1.510494137989822775e+03 1.019187695312500000e+04 1.019857355723062392e+04
1.510514572249725461e+03 1.020463183593750000e+04 1.019857439283478379e+04
1.510535006409510970e+03 1.019626757812500000e+04 1.019857524072357774e+04
1.510555440569296479e+03 1.020299121093750000e+04 1.019857610089672562e+04
1.510575874729547650e+03 1.019847949218750000e+04 1.019857697334990735e+04
1.510596308789681643e+03 1.019421972656250000e+04 1.019857785807439359e+04
1.510616743050049990e+03 1.019864160156250000e+04 1.019857875507893186e+04
1.510637177210766822e+03 1.020219140625000000e+04 1.019857966434611080e+04
1.510657611271366477e+03 1.019876464843750000e+04 1.019858058587138112e+04
1.510678045532200485e+03 1.020570019531250000e+04 1.019858151966403784e+04
1.510698479692917317e+03 1.019841210937500000e+04 1.019858246570610208e+04
1.510718913854099810e+03 1.020059375000000000e+04 1.019858342399779576e+04
1.510739348015282303e+03 1.020293359375000000e+04 1.019858439453475512e+04
1.510759782176464796e+03 1.019597753906250000e+04 1.019858537731263641e+04
1.510780216437764466e+03 1.019748828125000000e+04 1.019858637233199988e+04
1.510800650499761105e+03 1.019502636718750000e+04 1.019858737957383346e+04
1.510821084661409259e+03 1.020771582031250000e+04 1.019858839904843990e+04
1.510841518923174590e+03 1.019673242187500000e+04 1.019858943075168099e+04
1.510861953085288405e+03 1.019843750000000000e+04 1.019859047466912489e+04
1.510882387147285044e+03 1.019323632812500000e+04 1.019859153079622411e+04
1.510902821409516037e+03 1.019916796875000000e+04 1.019859259914425274e+04
1.510923255572095513e+03 1.020399609375000000e+04 1.019859367969327286e+04
1.510943689734674990e+03 1.020420312500000000e+04 1.019859477244412847e+04
1.510964123897254467e+03 1.019537988281250000e+04 1.019859587739246854e+04
1.510984558059833944e+03 1.020777441406250000e+04 1.019859699453395297e+04
1.511004992222879082e+03 1.019578710937500000e+04 1.019859812386426347e+04
1.511025426385924220e+03 1.019463085937500000e+04 1.019859926537903448e+04
1.511045860548969358e+03 1.019356445312500000e+04 1.019860041907391678e+04
1.511066294812597334e+03 1.019303515625000000e+04 1.019860158495033829e+04
1.511086728875990957e+03 1.020178222656250000e+04 1.019860276298670215e+04
1.511107163039501756e+03 1.019592382812500000e+04 1.019860395319589588e+04
1.511127597303129733e+03 1.020481347656250000e+04 1.019860515557374856e+04
1.511148031366989017e+03 1.019798535156250000e+04 1.019860637009818493e+04
1.511168465631082654e+03 1.019312988281250000e+04 1.019860759678863542e+04
1.511188899795059115e+03 1.019889453125000000e+04 1.019860883562281560e+04
1.511209333859384060e+03 1.019417382812500000e+04 1.019861008659623440e+04
1.511229768123943359e+03 1.019926269531250000e+04 1.019861134972299078e+04
1.511250202188268304e+03 1.020062109375000000e+04 1.019861262497399366e+04
1.511270636353176087e+03 1.019833398437500000e+04 1.019861391236357849e+04
1.511291070617735386e+03 1.019963769531250000e+04 1.019861521188752704e+04
1.511311504682991654e+03 1.020046093750000000e+04 1.019861652352238889e+04
1.511331938948016614e+03 1.018905273437500000e+04 1.019861784728944076e+04
1.511352373113390058e+03 1.019574707031250000e+04 1.019861918316502852e+04
1.511372807178646326e+03 1.019968652343750000e+04 1.019862053114460650e+04
1.511393241444136947e+03 1.019583105468750000e+04 1.019862189124372526e+04
1.511413675609510392e+03 1.019736328125000000e+04 1.019862326343814493e+04
1.511434109775349498e+03 1.020271484375000000e+04 1.019862464773018291e+04
1.511454543941188604e+03 1.020172363281250000e+04 1.019862604411546999e+04
1.511474978107027709e+03 1.020532714843750000e+04 1.019862745258965879e+04
1.511495412273332477e+03 1.021798535156250000e+04 1.019862887314843829e+04
1.511515846439637244e+03 1.019953320312500000e+04 1.019863030578743383e+04
1.511536280605942011e+03 1.020309472656250000e+04 1.019863175050230348e+04
1.511556714872363955e+03 1.020811035156250000e+04 1.019863320729586849e+04
1.511577149039134383e+03 1.019876171875000000e+04 1.019863467614954425e+04
1.511597583106253296e+03 1.020063378906250000e+04 1.019863615705881239e+04
1.511638451539911330e+03 1.019733496093750000e+04 1.019863915507028651e+04
1.511658885607030243e+03 1.018869433593750000e+04 1.019864067214184615e+04
1.511679319874383509e+03 1.019929589843750000e+04 1.019864220127379667e+04
1.511699754042085260e+03 1.020222265625000000e+04 1.019864374243944621e+04
1.511720188109669834e+03 1.020438574218750000e+04 1.019864529563423821e+04
1.511740622377488762e+03 1.020326660156250000e+04 1.019864686087674636e+04
1.511761056545190513e+03 1.019831933593750000e+04 1.019864843813971311e+04
1.511781490813009441e+03 1.020852929687500000e+04 1.019865002743424520e+04
1.511801924881525338e+03 1.020702441406250000e+04 1.019865162873262670e+04
1.511822359049692750e+03 1.020431347656250000e+04 1.019865324205385332e+04
1.511842793317977339e+03 1.019966601562500000e+04 1.019865486739379412e+04
1.511863227386493236e+03 1.019658007812500000e+04 1.019865650472416564e+04
1.511883661555126309e+03 1.017708203125000000e+04 1.019865815406456386e+04
1.511904095723759383e+03 1.019044140625000000e+04 1.019865981540265420e+04
1.511924529892858118e+03 1.018948242187500000e+04 1.019866148873412931e+04
1.511944964161608368e+03 1.020470507812500000e+04 1.019866317406285816e+04
1.511965398231055588e+03 1.020253710937500000e+04 1.019866487135975149e+04
1.511985832400154322e+03 1.020117968750000000e+04 1.019866658064521107e+04
1.512006266669835895e+03 1.019684082031250000e+04 1.019866830191514782e+04
1.512026700739283115e+03 1.019975781250000000e+04 1.019867003513978852e+04
1.512047134908847511e+03 1.020449023437500000e+04 1.019867178034017888e+04
1.512067569178994745e+03 1.020196191406250000e+04 1.019867353751219343e+04
1.512088003348559141e+03 1.019960839843750000e+04 1.019867530663418802e+04
1.512108437418937683e+03 1.019671972656250000e+04 1.019867708770176614e+04
1.512128871689084917e+03 1.019905761718750000e+04 1.019867888073673021e+04
1.512149305859580636e+03 1.019876367187500000e+04 1.019868068570854666e+04
1.512169740030076355e+03 1.019698828125000000e+04 1.019868250262159199e+04
1.512190174200572073e+03 1.020512109375000000e+04 1.019868433147152064e+04
1.512210608371067792e+03 1.019784179687500000e+04 1.019868617225399066e+04
1.512231042642146349e+03 1.019341015625000000e+04 1.019868802497380602e+04
1.512251476712990552e+03 1.020266992187500000e+04 1.019868988959925991e+04
1.512271910884417593e+03 1.020445507812500000e+04 1.019869176615337346e+04
1.512292345155496150e+03 1.020130468750000000e+04 1.019869365463189570e+04
1.512312779226806015e+03 1.019701757812500000e+04 1.019869555500271781e+04
1.512333213498350233e+03 1.019493652343750000e+04 1.019869746729870167e+04
1.512353647670242935e+03 1.019290429687500000e+04 1.019869939148752383e+04
1.512374081742018461e+03 1.019875488281250000e+04 1.019870132756462590e+04
1.512394516013562679e+03 1.020057714843750000e+04 1.019870327555416225e+04
1.512414950185921043e+03 1.020191113281250000e+04 1.019870523542337833e+04
1.512435384258162230e+03 1.019399902343750000e+04 1.019870720716767028e+04
1.512455818530172110e+03 1.020400781250000000e+04 1.019870919081171269e+04
1.512476252702530473e+03 1.019409667968750000e+04 1.019871118632219077e+04
1.512496686775237322e+03 1.019931054687500000e+04 1.019871319369458070e+04
1.512517121047712862e+03 1.020972363281250000e+04 1.019871521295404273e+04
1.512537555120885372e+03 1.019953027343750000e+04 1.019871724405679925e+04
1.512557989393826574e+03 1.020275195312500000e+04 1.019871928703816957e+04
1.512578423566650599e+03 1.019707910156250000e+04 1.019872134186392213e+04
1.512598857739940286e+03 1.020149414062500000e+04 1.019872340853973401e+04
1.512619291913229972e+03 1.019166601562500000e+04 1.019872548706121597e+04
1.512639726086519659e+03 1.020450683593750000e+04 1.019872757742403155e+04
1.512660160260275006e+03 1.019747460937500000e+04 1.019872967962388066e+04
1.512680594434030354e+03 1.019707226562500000e+04 1.019873179365636679e+04
1.512701028607785702e+03 1.019543652343750000e+04 1.019873391951715712e+04
1.512721462881658226e+03 1.020019531250000000e+04 1.019873605721240165e+04
1.512741897055879235e+03 1.019501269531250000e+04 1.019873820671686008e+04
1.512762331129983068e+03 1.019795019531250000e+04 1.019874036802597402e+04
1.512782765404786915e+03 1.020295117187500000e+04 1.019874254116729571e+04
1.512803199579007924e+03 1.020559765625000000e+04 1.019874472610453267e+04
1.512823633653577417e+03 1.019946777343750000e+04 1.019874692283326294e+04
1.512844067928381264e+03 1.019616308593750000e+04 1.019874913138147167e+04
1.512864502103067935e+03 1.020624316406250000e+04 1.019875135171244256e+04
1.512884936178103089e+03 1.019691308593750000e+04 1.019875358382170452e+04
1.512905370453372598e+03 1.019562109375000000e+04 1.019875582773776296e+04
1.512925804628524929e+03 1.019861328125000000e+04 1.019875808342337768e+04
1.512946238904260099e+03 1.019862207031250000e+04 1.019876035089635843e+04
1.512966672979760915e+03 1.019519628906250000e+04 1.019876263011889750e+04
1.512987107155378908e+03 1.019847363281250000e+04 1.019876492112006417e+04
1.513007541431114078e+03 1.019284179687500000e+04 1.019876722389569113e+04
1.513027975507080555e+03 1.019837792968750000e+04 1.019876953840755050e+04
1.513048409682698548e+03 1.019605664062500000e+04 1.019877186468513173e+04
1.513068843958899379e+03 1.019358886718750000e+04 1.019877420272436393e+04
1.513089278035331517e+03 1.019906445312500000e+04 1.019877655248645715e+04
1.513109712211880833e+03 1.020782714843750000e+04 1.019877891400146291e+04
1.513130146488081664e+03 1.020872167968750000e+04 1.019878128726515934e+04
1.513150580564979464e+03 1.019722363281250000e+04 1.019878367223839268e+04
1.513171014841645956e+03 1.020492773437500000e+04 1.019878606896340170e+04
1.513191448918543756e+03 1.019415820312500000e+04 1.019878847738897821e+04
1.513211883095558733e+03 1.019524609375000000e+04 1.019879089754604138e+04
1.513232317372690886e+03 1.020161328125000000e+04 1.019879332943041663e+04
1.513252751450054348e+03 1.020496289062500000e+04 1.019879577300198434e+04
1.513273185627534986e+03 1.019648828125000000e+04 1.019879822829218028e+04
1.513293619905132800e+03 1.020375878906250000e+04 1.019880069529683351e+04
1.513314054082613438e+03 1.020171875000000000e+04 1.019880317398742409e+04
1.513334488260559738e+03 1.020702246093750000e+04 1.019880566437172092e+04
1.513354922438506037e+03 1.020078222656250000e+04 1.019880816644532933e+04
1.513375356616452336e+03 1.019770507812500000e+04 1.019881068020390376e+04
1.513395790794398636e+03 1.019612890625000000e+04 1.019881320564310045e+04
1.513416224972810596e+03 1.019772949218750000e+04 1.019881574275863204e+04
1.513436659151222557e+03 1.020137207031250000e+04 1.019881829154610205e+04
1.513457093429751694e+03 1.019669628906250000e+04 1.019882085201373411e+04
1.513477527508512139e+03 1.019395117187500000e+04 1.019882342411952777e+04
1.513497961687389761e+03 1.019784863281250000e+04 1.019882600789680146e+04
1.513518395966384560e+03 1.019697363281250000e+04 1.019882860334138240e+04
1.513538830045145005e+03 1.019913378906250000e+04 1.019883121041068807e+04
1.513559264324605465e+03 1.019967578125000000e+04 1.019883382915153561e+04
1.513579698503948748e+03 1.019737304687500000e+04 1.019883645952111328e+04
1.513600132583174855e+03 1.020399316406250000e+04 1.019883910151490818e+04
1.513620566862635314e+03 1.019058105468750000e+04 1.019884175516749019e+04
1.513641001042444259e+03 1.019707812500000000e+04 1.019884442043566014e+04
1.513661435122136027e+03 1.020059277343750000e+04 1.019884709731484691e+04
1.513681869402062148e+03 1.020514746093750000e+04 1.019884978584013516e+04
1.513702303582336754e+03 1.019970703125000000e+04 1.019885248596781094e+04
1.513722737862728536e+03 1.019860253906250000e+04 1.019885519771993131e+04
1.513743171942885965e+03 1.020435937500000000e+04 1.019885792105220571e+04
1.513763606123160571e+03 1.019712500000000000e+04 1.019886065600023539e+04
1.513784040404018015e+03 1.019595996093750000e+04 1.019886340255990945e+04
1.513804474484641105e+03 1.019979785156250000e+04 1.019886616068636613e+04
1.513824908665381372e+03 1.020061230468750000e+04 1.019886893041572148e+04
1.513845342846121639e+03 1.019761425781250000e+04 1.019887171173014212e+04
1.513865777027327567e+03 1.019799511718750000e+04 1.019887450462535162e+04
1.513886211208533496e+03 1.019198144531250000e+04 1.019887730909694073e+04
1.513906645389739424e+03 1.020192773437500000e+04 1.019888012514056572e+04
1.513927079571411014e+03 1.019916601562500000e+04 1.019888295275195014e+04
1.513947513852734119e+03 1.020427929687500000e+04 1.019888579194055637e+04
1.513967948034405708e+03 1.019743945312500000e+04 1.019888864267435565e+04
1.513988382116425782e+03 1.020060742187500000e+04 1.019889150494882779e+04
1.514008816398214549e+03 1.019591992187500000e+04 1.019889437880166224e+04
1.514029250580351800e+03 1.019821093750000000e+04 1.019889726418648388e+04
1.514049684662371874e+03 1.019578906250000000e+04 1.019890016109871613e+04
1.514070118944626302e+03 1.018631250000000000e+04 1.019890306957668145e+04
1.514090553127229214e+03 1.018838769531250000e+04 1.019890598957343900e+04
1.514110987409483641e+03 1.019985058593750000e+04 1.019890892111312132e+04
1.514131421492435038e+03 1.020530273437500000e+04 1.019891186414841650e+04
1.514151855675037950e+03 1.019639550781250000e+04 1.019891481871795077e+04
1.514172289958223701e+03 1.020778515625000000e+04 1.019891778481768415e+04
1.514192724041175097e+03 1.019193164062500000e+04 1.019892076239952621e+04
1.514213158224243671e+03 1.018958203125000000e+04 1.019892375150281441e+04
1.514233592507429421e+03 1.018333496093750000e+04 1.019892675212337781e+04
1.514254026590846479e+03 1.018743261718750000e+04 1.019892976421274579e+04
1.514274460774380714e+03 1.019097558593750000e+04 1.019893278781069785e+04
1.514294895058032125e+03 1.019845996093750000e+04 1.019893582291305938e+04
1.514315329141914845e+03 1.019272851562500000e+04 1.019893886947086503e+04
1.514335763425566256e+03 1.020208789062500000e+04 1.019894192753933385e+04
1.514356197610031813e+03 1.019829785156250000e+04 1.019894499706946954e+04
1.514376631794031709e+03 1.020008691406250000e+04 1.019894807807166944e+04
1.514397065978031605e+03 1.019190039062500000e+04 1.019895117054166985e+04
1.514417500162497163e+03 1.019522460937500000e+04 1.019895427447518887e+04
1.514437934346962720e+03 1.020451464843750000e+04 1.019895738986781544e+04
1.514458368531893939e+03 1.019572363281250000e+04 1.019896051671528039e+04
1.514478802716359496e+03 1.019950781250000000e+04 1.019896365501309083e+04
1.514499236901290715e+03 1.019314453125000000e+04 1.019896680475705216e+04
1.514519671086221933e+03 1.019462890625000000e+04 1.019896996594274970e+04
1.514540105271618813e+03 1.019828515625000000e+04 1.019897313856590699e+04
1.514560539457015693e+03 1.020338281250000000e+04 1.019897632262211118e+04
1.514580973641946912e+03 1.020747363281250000e+04 1.019897951810694758e+04
