1.519832850547507405e+03 1.270110644531250000e+04 1.270356863106682067e+04
1.519853285258635879e+03 1.270355273437500000e+04 1.270375199534510284e+04
1.519873719769995660e+03 1.270159375000000000e+04 1.270392983583726891e+04
1.519894154481589794e+03 1.271808300781250000e+04 1.270410221175415609e+04
1.519914589093066752e+03 1.270652734375000000e+04 1.270426917625157512e+04
1.519935023604892194e+03 1.270342578125000000e+04 1.270443078514171611e+04
1.519955458316486329e+03 1.269968652343750000e+04 1.270458709648296099e+04
1.519975892928428948e+03 1.268174511718750000e+04 1.270473816367558902e+04
1.519996327539905906e+03 1.269360449218750000e+04 1.270488404322093993e+04
1.520016762151848525e+03 1.270436230468750000e+04 1.270502479085511186e+04
1.520037196763791144e+03 1.269872656250000000e+04 1.270516046230418033e+04
1.520057631475850940e+03 1.270060937500000000e+04 1.270529111392550112e+04
1.520078066088259220e+03 1.270720117187500000e+04 1.270541680017134422e+04
1.520098500600084662e+03 1.270822460937500000e+04 1.270553757683799631e+04
1.520118935312610120e+03 1.271160839843750000e+04 1.270565350139983275e+04
1.520139369925018400e+03 1.270747753906250000e+04 1.270576462784409159e+04
1.520159804437309504e+03 1.270663378906250000e+04 1.270587101197034281e+04
1.520180239149834961e+03 1.270795898437500000e+04 1.270597271103713501e+04
1.520200673762243241e+03 1.271331640625000000e+04 1.270606977924483544e+04
1.520221108374651521e+03 1.269838671875000000e+04 1.270616227283260014e+04
1.520241542987525463e+03 1.271059960937500000e+04 1.270625024753184152e+04
1.520261977500282228e+03 1.270877441406250000e+04 1.270633375867154973e+04
1.520282412212807685e+03 1.270439257812500000e+04 1.270641286317437698e+04
1.520302846825681627e+03 1.271119335937500000e+04 1.270648761557844591e+04
1.520323281338438392e+03 1.270113574218750000e+04 1.270655807167492458e+04
1.520343716051429510e+03 1.270323242187500000e+04 1.270662428819755951e+04
1.520364150664769113e+03 1.270804296875000000e+04 1.270668631987288973e+04
1.520384585377760231e+03 1.271427148437500000e+04 1.270674422303598476e+04
1.520405019890982658e+03 1.271192968750000000e+04 1.270679805259795467e+04
1.520425454503856599e+03 1.269782910156250000e+04 1.270684786510679623e+04
1.520445889217313379e+03 1.270837597656250000e+04 1.270689371623561601e+04
1.520466323730535805e+03 1.269946191406250000e+04 1.270693566106761682e+04
1.520507193057797849e+03 1.270633984375000000e+04 1.270700805663883148e+04
1.520527627571020275e+03 1.270920117187500000e+04 1.270703861830343158e+04
1.520548062284942716e+03 1.270675390625000000e+04 1.270706549730131519e+04
1.520568496898282319e+03 1.270466308593750000e+04 1.270708874893872053e+04
1.520588931512087584e+03 1.270567382812500000e+04 1.270710842908684390e+04
1.520609366125892848e+03 1.269944726562500000e+04 1.270712459347458571e+04
1.520629800739698112e+03 1.270873730468750000e+04 1.270713729783141935e+04
1.520650235353969038e+03 1.270216699218750000e+04 1.270714659788698555e+04
1.520670669967774302e+03 1.270716601562500000e+04 1.270715254937033569e+04
1.520691104582045227e+03 1.270410156250000000e+04 1.270715520801120874e+04
1.520711539295967668e+03 1.270485839843750000e+04 1.270715462952828602e+04
1.520731973810121417e+03 1.271159863281250000e+04 1.270715086968303149e+04
1.520752408424392343e+03 1.270430566406250000e+04 1.270714398417288248e+04
1.520772843138780445e+03 1.271316601562500000e+04 1.270713402868177218e+04
1.520793277753051370e+03 1.270986621093750000e+04 1.270712105903696283e+04
1.520813712267670780e+03 1.271878710937500000e+04 1.270710513101141805e+04
1.520834146982058883e+03 1.270711718750000000e+04 1.270708630007975989e+04
1.520854581496678293e+03 1.270988964843750000e+04 1.270706462233928687e+04
1.520875016211066395e+03 1.271011425781250000e+04 1.270704015309598799e+04
1.520895450825802982e+03 1.271020312500000000e+04 1.270701294841749768e+04
1.520915885340888053e+03 1.269953515625000000e+04 1.270698306407291238e+04
1.520936320055276155e+03 1.271254785156250000e+04 1.270695055533517007e+04
1.520956754670478404e+03 1.271386523437500000e+04 1.270691547838945917e+04
1.520977189185097814e+03 1.270562207031250000e+04 1.270687788900491068e+04
1.520997623900417238e+03 1.270755175781250000e+04 1.270683784233859842e+04
1.521018058515153825e+03 1.270731445312500000e+04 1.270679539469252268e+04
1.521038493030238897e+03 1.271024121093750000e+04 1.270675060182910602e+04
1.521058927745558321e+03 1.271161621093750000e+04 1.270670351880343151e+04
1.521079362360760570e+03 1.270714941406250000e+04 1.270665420202032510e+04
1.521099797076079994e+03 1.269715039062500000e+04 1.270660270672661318e+04
1.521120231591630727e+03 1.270945605468750000e+04 1.270654908942315888e+04
1.521140666206832975e+03 1.270164257812500000e+04 1.270649340506925546e+04
1.521161100922618061e+03 1.269950000000000000e+04 1.270643570936188917e+04
1.521181535438168794e+03 1.271095019531250000e+04 1.270637605889431870e+04
1.521201970053836703e+03 1.270702148437500000e+04 1.270631450853350179e+04
1.521222404769156128e+03 1.270511914062500000e+04 1.270625111398287845e+04
1.521242839285172522e+03 1.270941699218750000e+04 1.270618593191259424e+04
1.521263274000957608e+03 1.271160351562500000e+04 1.270611901677948481e+04
1.521283708616625518e+03 1.270697949218750000e+04 1.270605042528249760e+04
1.521304143232759088e+03 1.270138085937500000e+04 1.270598021282585614e+04
1.521324577848426998e+03 1.270500390625000000e+04 1.270590843514224798e+04
1.521345012464560568e+03 1.270524707031250000e+04 1.270583514795789233e+04
1.521365447080694139e+03 1.270933496093750000e+04 1.270576040700389058e+04
1.521385881696827710e+03 1.268236816406250000e+04 1.270568426800973975e+04
1.521406316312961280e+03 1.267460058593750000e+04 1.270560678670492416e+04
1.521426750929094851e+03 1.269547656250000000e+04 1.270552801881893720e+04
1.521447185645811260e+03 1.270954785156250000e+04 1.270544801968455977e+04
1.521467620161827654e+03 1.269909179687500000e+04 1.270536684621954009e+04
1.521488054878544062e+03 1.271451953125000000e+04 1.270528455255922381e+04
1.521508489395026118e+03 1.271147167968750000e+04 1.270520119604732099e+04
1.521528924011625350e+03 1.270297265625000000e+04 1.270511683119580994e+04
1.521549358727876097e+03 1.269919726562500000e+04 1.270503151372174216e+04
1.521569793244823813e+03 1.269679199218750000e+04 1.270494530060947000e+04
1.521590227861423045e+03 1.270555761718750000e+04 1.270485824633362427e+04
1.521610662578139454e+03 1.270062402343750000e+04 1.270477040660979037e+04
1.521631097095087171e+03 1.270419238281250000e+04 1.270468183846201646e+04
1.521651531812269241e+03 1.270209375000000000e+04 1.270459259588642271e+04
1.521671966428868473e+03 1.270361914062500000e+04 1.270450273592144731e+04
1.521692400945816189e+03 1.270115039062500000e+04 1.270441231430115477e+04
1.521712835662998259e+03 1.270554687500000000e+04 1.270432138542419671e+04
1.521733270280063152e+03 1.269565039062500000e+04 1.270423000635296739e+04
1.521753704797476530e+03 1.270945605468750000e+04 1.270413823282107114e+04
1.521774139514658600e+03 1.271710644531250000e+04 1.270404611921065953e+04
1.521794574132189155e+03 1.270645410156250000e+04 1.270395372259856958e+04
1.521815008749254048e+03 1.269699707031250000e+04 1.270386109826800021e+04
1.521835443366784602e+03 1.270322851562500000e+04 1.270376830194422655e+04
1.521855877984315157e+03 1.270179296875000000e+04 1.270367538935886114e+04
1.521876312701962888e+03 1.269983398437500000e+04 1.270358241578583511e+04
1.521896747219376266e+03 1.270015722656250000e+04 1.270348943832135410e+04
1.521917181836906821e+03 1.269594531250000000e+04 1.270339651132821746e+04
1.521937616554554552e+03 1.271250585937500000e+04 1.270330369053708273e+04
1.521958051172550768e+03 1.269505371093750000e+04 1.270321103258509174e+04
1.521978485690429807e+03 1.270277929687500000e+04 1.270311859320107033e+04
1.521998920408077538e+03 1.270598632812500000e+04 1.270302642675980314e+04
1.522019355026073754e+03 1.270282519531250000e+04 1.270293459034341504e+04
1.522039789543952793e+03 1.270663964843750000e+04 1.270284313967825437e+04
1.522060224262066185e+03 1.271052539062500000e+04 1.270275212915276825e+04
1.522080658880062401e+03 1.270256054687500000e+04 1.270266161583752546e+04
1.522101093598641455e+03 1.270384375000000000e+04 1.270257165457365591e+04
1.522121528116520494e+03 1.270371582031250000e+04 1.270248230241268902e+04
1.522141962734982371e+03 1.269962988281250000e+04 1.270239361376214219e+04
1.522162397353444248e+03 1.270768164062500000e+04 1.270230564479287023e+04
1.522182831971440464e+03 1.270424121093750000e+04 1.270221845123636012e+04
1.522203266489785165e+03 1.269979296875000000e+04 1.270213208923913771e+04
1.522223701208364218e+03 1.270389843750000000e+04 1.270204661326972564e+04
1.522244135826826096e+03 1.270455859375000000e+04 1.270196208032062168e+04
1.522264570545405149e+03 1.270989941406250000e+04 1.270187854529360084e+04
1.522285005064215511e+03 1.270029296875000000e+04 1.270179606513650469e+04
1.522305439683143049e+03 1.270948730468750000e+04 1.270171469436056213e+04
1.522325874401722103e+03 1.269266503906250000e+04 1.270163448871382207e+04
1.522346308920532465e+03 1.270253222656250000e+04 1.270155550509217392e+04
1.522366743539460003e+03 1.270741992187500000e+04 1.270147779805693790e+04
1.522387178258504719e+03 1.270598632812500000e+04 1.270140142335680503e+04
1.522407612777315080e+03 1.269745996093750000e+04 1.270132643783378444e+04
1.522428047396242619e+03 1.269658789062500000e+04 1.270125289610489381e+04
1.522448482115287334e+03 1.270825878906250000e+04 1.270118085392127978e+04
1.522468916734680533e+03 1.269776855468750000e+04 1.270111036771701765e+04
1.522489351353608072e+03 1.270064062500000000e+04 1.270104149286815118e+04
1.522509785973001271e+03 1.269988867187500000e+04 1.270097428510105965e+04
1.522530220592394471e+03 1.270100195312500000e+04 1.270090880014684080e+04
1.522550655211322010e+03 1.268698730468750000e+04 1.270084509373645051e+04
1.522571089830715209e+03 1.270655957031250000e+04 1.270078322159649724e+04
1.522591524450574070e+03 1.270520117187500000e+04 1.270072323945661992e+04
1.522611959169618785e+03 1.270189355468750000e+04 1.270066520277089148e+04
1.522632393689360470e+03 1.270310546875000000e+04 1.270060916810198978e+04
1.522652828309219331e+03 1.269674121093750000e+04 1.270055519034367535e+04
1.522673263028729707e+03 1.269645996093750000e+04 1.270050332525726299e+04
1.522693697548471391e+03 1.269903515625000000e+04 1.270045362931643467e+04
1.522714132267981768e+03 1.269517675781250000e+04 1.270040615727940531e+04
1.522734566887840629e+03 1.270131640625000000e+04 1.270036096558776626e+04
1.522755001407582313e+03 1.269504980468750000e+04 1.270031810993822364e+04
1.522775436127558351e+03 1.270124316406250000e+04 1.270027764544783167e+04
1.522795870747417212e+03 1.269887597656250000e+04 1.270023962845857204e+04
1.522816305267624557e+03 1.269010546875000000e+04 1.270020411466280711e+04
1.522857174507807940e+03 1.269289355468750000e+04 1.270014081870871087e+04
1.522877609227783978e+03 1.269916210937500000e+04 1.270011314806054179e+04
1.522898043848108500e+03 1.270053027343750000e+04 1.270008820349857160e+04
1.522918478368315846e+03 1.269775878906250000e+04 1.270006604071251240e+04
1.522938913088757545e+03 1.270407324218750000e+04 1.270004671512684945e+04
1.522959347709082067e+03 1.269310546875000000e+04 1.270003028277614976e+04
1.522979782229755074e+03 1.269324902343750000e+04 1.270001679934672211e+04
1.523000216950196773e+03 1.270016015625000000e+04 1.270000632039247284e+04
1.523020651570521295e+03 1.269794628906250000e+04 1.269999890181882074e+04
1.523041086191311479e+03 1.269888183593750000e+04 1.269999459929648583e+04
1.523061520811636001e+03 1.270745703125000000e+04 1.269999346855517979e+04
1.523081955432426184e+03 1.270314550781250000e+04 1.269999556532438692e+04
1.523102390153333545e+03 1.270283105468750000e+04 1.270000094536818688e+04
1.523122824674006552e+03 1.269641503906250000e+04 1.270000966431262896e+04
1.523143259294796735e+03 1.269890429687500000e+04 1.270002177799072160e+04
1.523163694015704095e+03 1.270388964843750000e+04 1.270003734218229147e+04
1.523184128636494279e+03 1.269482519531250000e+04 1.270005641246458981e+04
1.523204563157632947e+03 1.270421289062500000e+04 1.270007904451575814e+04
1.523224997878540307e+03 1.270399804687500000e+04 1.270010529442339248e+04
1.523245432499330491e+03 1.269387792968750000e+04 1.270013521755839247e+04
1.523265867020469159e+03 1.269829980468750000e+04 1.270016886959670046e+04
1.523286301741842180e+03 1.270133300781250000e+04 1.270020630678950511e+04
1.523306736363098025e+03 1.270435546875000000e+04 1.270024758434403702e+04
1.523327171084471047e+03 1.270169531250000000e+04 1.270029275839489128e+04
1.523347605605609715e+03 1.270927441406250000e+04 1.270034188397872094e+04
1.523368040226865560e+03 1.270470996093750000e+04 1.270039501751793068e+04
1.523388474948238581e+03 1.270919042968750000e+04 1.270045221480137116e+04
1.523408909469842911e+03 1.270156054687500000e+04 1.270051353068919343e+04
1.523429344091098756e+03 1.270717578125000000e+04 1.270057902177896176e+04
1.523449778712820262e+03 1.269056445312500000e+04 1.270064874351291655e+04
1.523470213334541768e+03 1.270338671875000000e+04 1.270072275161915059e+04
1.523490648055914789e+03 1.270792187500000000e+04 1.270080110221996074e+04
1.523511082577519119e+03 1.269886523437500000e+04 1.270088384986466190e+04
1.523531517199240625e+03 1.270346093750000000e+04 1.270097105146484682e+04
1.523551951921079308e+03 1.270795605468750000e+04 1.270106276281591636e+04
1.523572386443149298e+03 1.269773730468750000e+04 1.270115903826825524e+04
1.523592821064870805e+03 1.270547851562500000e+04 1.270125993492841008e+04
1.523613255786709487e+03 1.269816894531250000e+04 1.270136550859638010e+04
1.523633690308779478e+03 1.270892871093750000e+04 1.270147581341789919e+04
1.523654124930966645e+03 1.270409472656250000e+04 1.270159090670652222e+04
1.523674559652805328e+03 1.269634277343750000e+04 1.270171084425979279e+04
1.523694994274992496e+03 1.270251757812500000e+04 1.270183568063769781e+04
1.523715428897179663e+03 1.270259960937500000e+04 1.270196547214281418e+04
1.523735863519366831e+03 1.269992285156250000e+04 1.270210027450467169e+04
1.523756298141553998e+03 1.270074902343750000e+04 1.270224014345281466e+04
1.523776732763741165e+03 1.270417578125000000e+04 1.270238513471678198e+04
1.523797167386393994e+03 1.270468457031250000e+04 1.270253530402959404e+04
1.523817602008581161e+03 1.269368261718750000e+04 1.270269070711394488e+04
1.523838036730885506e+03 1.270030859375000000e+04 1.270285140050308473e+04
1.523858471253421158e+03 1.270650097656250000e+04 1.270301743752935727e+04
1.523878905876073986e+03 1.270014062500000000e+04 1.270318887631974940e+04
1.523899340598378330e+03 1.270605761718750000e+04 1.270336577267949360e+04
1.523919775120913982e+03 1.270172656250000000e+04 1.270354817970578188e+04
1.523940209843683988e+03 1.270258398437500000e+04 1.270373615669930405e+04
1.523960644466336817e+03 1.270000390625000000e+04 1.270392975666775783e+04
1.523981078989338130e+03 1.263706640625000000e+04 1.270412903526221817e+04
1.524001513712108135e+03 1.270070703125000000e+04 1.270433405117420625e+04
