1.055253256069496274e+03 6.980803710937500000e+03 6.977464583415345260e+03
1.055273689267691225e+03 6.980083984375000000e+03 6.977492874179333739e+03
1.055294122466351837e+03 6.968922851562500000e+03 6.977519635225453385e+03
1.055314555765129626e+03 6.979518066406250000e+03 6.977544884591297887e+03
1.055334988864138722e+03 6.979060058593750000e+03 6.977568639835481918e+03
1.055355422063730657e+03 6.977831542968750000e+03 6.977590919236241461e+03
1.055375855363439769e+03 6.982580566406250000e+03 6.977611740689672843e+03
1.055396288463380188e+03 6.970209960937500000e+03 6.977631121818988504e+03
1.055416721663437784e+03 6.975974121093750000e+03 6.977649080837343718e+03
1.055437154964078218e+03 6.989938964843750000e+03 6.977665635642542838e+03
1.055457588064949960e+03 6.982886230468750000e+03 6.977680803919603022e+03
1.055478021265938878e+03 6.974402832031250000e+03 6.977694603819460099e+03
1.055498454567044973e+03 6.973345214843750000e+03 6.977707053240350433e+03
1.055518887668382376e+03 6.974339843750000000e+03 6.977718169927575218e+03
1.055539320969954133e+03 6.977399414062500000e+03 6.977727972017050888e+03
1.055559754171874374e+03 6.978273437500000000e+03 6.977736477273476339e+03
1.055580187374260277e+03 6.971131835937500000e+03 6.977743703666219517e+03
1.055600620576646179e+03 6.976476562500000000e+03 6.977749669113297387e+03
1.055621053779497743e+03 6.971908691406250000e+03 6.977754391533028866e+03
1.055641486982349306e+03 6.974849609375000000e+03 6.977757888843484579e+03
1.055661920185666531e+03 6.988620605468750000e+03 6.977760178962931604e+03
1.055682353389449418e+03 6.976047851562500000e+03 6.977761279809515145e+03
1.055702786692883819e+03 6.971675292968750000e+03 6.977761209298223548e+03
1.055723219896666706e+03 6.977664062500000000e+03 6.977759985348047849e+03
1.055743653001263738e+03 6.977112792968750000e+03 6.977757625893891600e+03
1.055764086305629462e+03 6.976798339843750000e+03 6.977754148811166488e+03
1.055784519510343671e+03 6.985576171875000000e+03 6.977749572060887658e+03
1.055804952615406364e+03 6.986530761718750000e+03 6.977743913577236526e+03
1.055825385920703411e+03 6.979638671875000000e+03 6.977737191187505232e+03
1.055845819126348943e+03 6.976408203125000000e+03 6.977729422900771169e+03
1.055866252432111651e+03 6.974186523437500000e+03 6.977720626559474113e+03
1.055886685538105667e+03 6.969707519531250000e+03 6.977710820218376284e+03
1.055907118744682521e+03 6.982232421875000000e+03 6.977700021658877631e+03
1.055927551951259375e+03 6.979764648437500000e+03 6.977688248845015551e+03
1.055947985157836229e+03 6.986628906250000000e+03 6.977675519695023468e+03
1.055968418264761567e+03 6.976044433593750000e+03 6.977661852196053587e+03
1.055988851572386920e+03 6.969850585937500000e+03 6.977647264058567089e+03
1.056009284779895097e+03 6.979124023437500000e+03 6.977631773408807931e+03
1.056029717887751758e+03 6.973769531250000000e+03 6.977615398177775205e+03
1.056050151195842773e+03 6.980486328125000000e+03 6.977598156036927321e+03
1.056070584404282272e+03 6.982994140625000000e+03 6.977580065151198141e+03
1.056091017712838948e+03 6.973825195312500000e+03 6.977561143262122641e+03
1.056111450821626931e+03 6.979733398437500000e+03 6.977541408571636566e+03
1.056131884030532092e+03 6.973134277343750000e+03 6.977520878714247374e+03
1.056152317340020090e+03 6.972658691406250000e+03 6.977499571596146779e+03
1.056172750449739397e+03 6.981374511718750000e+03 6.977477505454345192e+03
1.056193183659575880e+03 6.975417480468750000e+03 6.977454697888741066e+03
1.056213616969995201e+03 6.970215332031250000e+03 6.977431166806272813e+03
1.056234050180297345e+03 6.973754882812500000e+03 6.977406930356355588e+03
1.056254483390599489e+03 6.978956054687500000e+03 6.977382006343703324e+03
1.056274916601832956e+03 6.968488281250000000e+03 6.977356412685371652e+03
1.056295349813066423e+03 6.974292968750000000e+03 6.977330167300733592e+03
1.056315783024299890e+03 6.984014648437500000e+03 6.977303288108033485e+03
1.056336216235999018e+03 6.989366699218750000e+03 6.977275793024887207e+03
1.056356649447698146e+03 6.979462402343750000e+03 6.977247699970148460e+03
1.056377082759980112e+03 6.989844726562500000e+03 6.977219026719523754e+03
1.056397515872493386e+03 6.974925781250000000e+03 6.977189791616869115e+03
1.056417949085123837e+03 6.983226074218750000e+03 6.977160012155436561e+03
1.056438382398337126e+03 6.977627929687500000e+03 6.977129706244913905e+03
1.056458815511316061e+03 6.979029785156250000e+03 6.977098892253474332e+03
1.056479248824995011e+03 6.989812988281250000e+03 6.977067587494846521e+03
1.056499682038556784e+03 6.973173828125000000e+03 6.977035810344570564e+03
1.056520115152467042e+03 6.978764648437500000e+03 6.977003578726973501e+03
1.056560981681570411e+03 6.976631347656250000e+03 6.976937822809411955e+03
1.056581414796411991e+03 6.978316894531250000e+03 6.976904334828977881e+03
1.056601848111022264e+03 6.981925292968750000e+03 6.976870463566621765e+03
1.056622281226795167e+03 6.972852050781250000e+03 6.976836227601208520e+03
1.056642714541871101e+03 6.971452636718750000e+03 6.976801644184010001e+03
1.056663147757761180e+03 6.977157226562500000e+03 6.976766731735969188e+03
1.056683580873999745e+03 6.973023925781250000e+03 6.976731508180818309e+03
1.056704014190472662e+03 6.974291503906250000e+03 6.976695990917651216e+03
1.056724447406828403e+03 6.977191406250000000e+03 6.976660198384682189e+03
1.056744880623649806e+03 6.976266113281250000e+03 6.976624148326032810e+03
1.056765313840471208e+03 6.974670410156250000e+03 6.976587858660777783e+03
1.056785747057758272e+03 6.974527832031250000e+03 6.976551347306341995e+03
1.056806180375628173e+03 6.971450683593750000e+03 6.976514632000613346e+03
1.056826613493263721e+03 6.978790527343750000e+03 6.976477731203774965e+03
1.056847046711482108e+03 6.968944335937500000e+03 6.976440662292155139e+03
1.056867480029817671e+03 6.967916015625000000e+03 6.976403443182518458e+03
1.056887913248501718e+03 6.967345703125000000e+03 6.976366092157080857e+03
1.056908346367534250e+03 6.974708496093750000e+03 6.976328627135908391e+03
1.056928779686801136e+03 6.972102050781250000e+03 6.976291065486659136e+03
1.056949212905950844e+03 6.969230468750000000e+03 6.976253425679062275e+03
1.056969646025914699e+03 6.976061035156250000e+03 6.976215725630686393e+03
1.056990079345647246e+03 6.974903320312500000e+03 6.976177982707854426e+03
1.057010512565728277e+03 6.970661132812500000e+03 6.976140215381637972e+03
1.057030945886392146e+03 6.980026855468750000e+03 6.976102441200398971e+03
1.057051379006821662e+03 6.969808593750000000e+03 6.976064678638475016e+03
1.057071812227834016e+03 6.979296875000000000e+03 6.976026945058072670e+03
1.057092245548963547e+03 6.980488769531250000e+03 6.975989258378885097e+03
1.057112678670324385e+03 6.976887207031250000e+03 6.975951637071854748e+03
1.057133111892268062e+03 6.971316406250000000e+03 6.975914098501735680e+03
1.057153545214328915e+03 6.980125976562500000e+03 6.975876660589010498e+03
1.057173978336155415e+03 6.967474121093750000e+03 6.975839341801431146e+03
1.057194411659147590e+03 6.982433105468750000e+03 6.975802159324287459e+03
1.057214844881556928e+03 6.994996582031250000e+03 6.975765131626000766e+03
1.057235278004780412e+03 6.981531738281250000e+03 6.975728276619921417e+03
1.057255711327772588e+03 6.971710449218750000e+03 6.975691611686463148e+03
1.057276144451461732e+03 6.971143554687500000e+03 6.975655155459880916e+03
1.057296577675268054e+03 6.978962402343750000e+03 6.975618925322674841e+03
1.057317010999191552e+03 6.974231445312500000e+03 6.975582939196583538e+03
1.057337444123812020e+03 6.970660644531250000e+03 6.975547215525346473e+03
1.057357877348084003e+03 6.984546386718750000e+03 6.975511771702616898e+03
1.057378310672938824e+03 6.971962402343750000e+03 6.975476625649307607e+03
1.057398743798024952e+03 6.974826660156250000e+03 6.975441795798062230e+03
1.057419177123345435e+03 6.972651855468750000e+03 6.975407299385454280e+03
1.057439610349014401e+03 6.981178710937500000e+03 6.975373154838556729e+03
1.057460043575149029e+03 6.980855468750000000e+03 6.975339379905830356e+03
1.057480476801283658e+03 6.981295410156250000e+03 6.975305992506338043e+03
1.057500910027418286e+03 6.979660156250000000e+03 6.975273010558370515e+03
1.057521343254018575e+03 6.978820800781250000e+03 6.975240451979472709e+03
1.057541776481084526e+03 6.977990234375000000e+03 6.975208334687964452e+03
1.057562209708150476e+03 6.981679687500000000e+03 6.975176676602883163e+03
1.057582643035799265e+03 6.978673339843750000e+03 6.975145495490231042e+03
1.057603076263330877e+03 6.971994628906250000e+03 6.975114809574653009e+03
1.057623509391210973e+03 6.976901855468750000e+03 6.975084636766352560e+03
1.057643942719325423e+03 6.979483886718750000e+03 6.975054994544665533e+03
1.057664375947788358e+03 6.976220703125000000e+03 6.975025901266884830e+03
1.057684809076599777e+03 6.973376953125000000e+03 6.974997374843143916e+03
1.057705242405645549e+03 6.971327636718750000e+03 6.974969432777343172e+03
1.057725675634574145e+03 6.974164550781250000e+03 6.974942093402836690e+03
1.057746108964085579e+03 6.990336425781250000e+03 6.974915374369600613e+03
1.057766542093828321e+03 6.977452636718750000e+03 6.974889293984067081e+03
1.057786975324153900e+03 6.973654785156250000e+03 6.974863869776480897e+03
1.057807408654130995e+03 6.972359375000000000e+03 6.974839119676075825e+03
1.057827841784805059e+03 6.979289062500000000e+03 6.974815061958242950e+03
1.057848275015596300e+03 6.975455566406250000e+03 6.974791714183662407e+03
1.057868708246853203e+03 6.976368652343750000e+03 6.974769094389714155e+03
1.057889141478110105e+03 6.973458496093750000e+03 6.974747220495237343e+03
1.057909574609715492e+03 6.978898925781250000e+03 6.974726110519593021e+03
1.057930007941555232e+03 6.976227539062500000e+03 6.974705782076991454e+03
1.057950441173743457e+03 6.977037597656250000e+03 6.974686253389893864e+03
1.057970874506048858e+03 6.977268554687500000e+03 6.974667542185899947e+03
1.057991307638585567e+03 6.979300292968750000e+03 6.974649666651852385e+03
1.058011740871239454e+03 6.975515625000000000e+03 6.974632644437548151e+03
1.058032174204476178e+03 6.978562988281250000e+03 6.974616493473613446e+03
1.058052607337944210e+03 6.969745605468750000e+03 6.974601231909322451e+03
1.058073040571529418e+03 6.973592285156250000e+03 6.974586877432446272e+03
1.058093473905697465e+03 6.979577148437500000e+03 6.974573447974466035e+03
1.058113907139748335e+03 6.978227050781250000e+03 6.974560961585695622e+03
1.058134340374264866e+03 6.968955078125000000e+03 6.974549436116112702e+03
1.058154773608781397e+03 6.977264160156250000e+03 6.974538889484321771e+03
1.058175206843763590e+03 6.975320800781250000e+03 6.974529339608421651e+03
1.058195640078745782e+03 6.980441406250000000e+03 6.974520804406975913e+03
1.058236506550107151e+03 6.967165527343750000e+03 6.974506849700284874e+03
1.058256939886137843e+03 6.965158691406250000e+03 6.974501466008182433e+03
1.058277373022399843e+03 6.964487304687500000e+03 6.974497168711253835e+03
1.058297806259244680e+03 6.962399902343750000e+03 6.974493975656690964e+03
1.058318239595741034e+03 6.963408691406250000e+03 6.974491904779317338e+03
1.058338672732934356e+03 6.960590820312500000e+03 6.974490974019448913e+03
1.058359106069896370e+03 6.964946777343750000e+03 6.974491201277378423e+03
1.058379539307672530e+03 6.965005859375000000e+03 6.974492604476691668e+03
1.058399972445331514e+03 6.974033691406250000e+03 6.974495201518306203e+03
1.058420405783690512e+03 6.972936523437500000e+03 6.974499010367673691e+03
1.058440839021932334e+03 6.972841796875000000e+03 6.974504048896033964e+03
1.058461272160522640e+03 6.980803222656250000e+03 6.974510335003653381e+03
1.058481705499347299e+03 6.970924804687500000e+03 6.974517886710409584e+03
1.058502138738520443e+03 6.972071289062500000e+03 6.974526721833179181e+03
1.058522571978159249e+03 6.977164550781250000e+03 6.974536858324259811e+03
1.058543005217798054e+03 6.983251464843750000e+03 6.974548314101786673e+03
1.058563438357785344e+03 6.978894042968750000e+03 6.974561107018399525e+03
1.058583871698006988e+03 6.982527832031250000e+03 6.974575255190137796e+03
1.058604304938111454e+03 6.980776855468750000e+03 6.974590776337364332e+03
1.058624738179147243e+03 6.972711425781250000e+03 6.974607688445190433e+03
1.058645171419717371e+03 6.972349609375000000e+03 6.974626009430834529e+03
1.058665604661218822e+03 6.974076171875000000e+03 6.974645757213922479e+03
1.058686037902720273e+03 6.978966796875000000e+03 6.974666949711980124e+03
1.058706471144221723e+03 6.967625000000000000e+03 6.974689604843330017e+03
1.058726904386188835e+03 6.984425781250000000e+03 6.974713740526869515e+03
1.058747337728738785e+03 6.970652832031250000e+03 6.974739374810329537e+03
1.058767770971171558e+03 6.974064941406250000e+03 6.974766525360377273e+03
1.058788204113952816e+03 6.979583007812500000e+03 6.974795210073593807e+03
1.058808637456968427e+03 6.972931640625000000e+03 6.974825447300716405e+03
1.058829070700332522e+03 6.975092285156250000e+03 6.974857254527807527e+03
1.058849503844045103e+03 6.976876464843750000e+03 6.974890649650096748e+03
1.058869937187992036e+03 6.980166503906250000e+03 6.974925651087856750e+03
1.058890370431821793e+03 6.973573730468750000e+03 6.974962276256772384e+03
