1.059646351706236601e+03 9.734830078125000000e+03 9.741560699411946189e+03
1.059666784972418100e+03 9.737480468750000000e+03 9.741406338778133431e+03
1.059687218338716775e+03 9.739570312500000000e+03 9.741254885838661721e+03
1.059707651505712420e+03 9.744509765625000000e+03 9.741106309912269353e+03
1.059728084772825241e+03 9.742813476562500000e+03 9.740960575921326381e+03
1.059748518040403724e+03 9.747809570312500000e+03 9.740817651718041816e+03
1.059768951307982206e+03 9.743066406250000000e+03 9.740677504426190353e+03
1.059789384576026350e+03 9.737741210937500000e+03 9.740540101163085637e+03
1.059809817844070494e+03 9.735448242187500000e+03 9.740405409052376854e+03
1.059830251112580299e+03 9.741890625000000000e+03 9.740273395211499519e+03
1.059850684481672943e+03 9.731548828125000000e+03 9.740144026133613806e+03
1.059871117650531232e+03 9.739953125000000000e+03 9.740017270824495426e+03
1.059891550919972360e+03 9.740855468750000000e+03 9.739893094519431543e+03
1.059911984289530665e+03 9.742176757812500000e+03 9.739771464379431563e+03
1.059932417559437454e+03 9.743745117187500000e+03 9.739652348713980246e+03
1.059952850729227066e+03 9.738650390625000000e+03 9.739535714609584829e+03
1.059973284099716693e+03 9.740839843750000000e+03 9.739421527487718777e+03
1.059993717370554805e+03 9.741483398437500000e+03 9.739309756165313956e+03
1.060014150641392916e+03 9.738039062500000000e+03 9.739200367199951870e+03
1.060034583912696689e+03 9.744546875000000000e+03 9.739093327709622827e+03
1.060055017184000462e+03 9.743152343750000000e+03 9.738988604817252053e+03
1.060075450555887073e+03 9.739474609375000000e+03 9.738886165144549523e+03
1.060095883727539331e+03 9.742898437500000000e+03 9.738785977303476102e+03
1.060116316999774426e+03 9.733617187500000000e+03 9.738688006923071953e+03
1.060136750372592360e+03 9.737761718750000000e+03 9.738592221156253800e+03
1.060157183545175940e+03 9.737982421875000000e+03 9.738498588517733879e+03
1.060177616818342358e+03 9.740630859375000000e+03 9.738407074733786430e+03
1.060198050191625953e+03 9.738661132812500000e+03 9.738317646957872057e+03
1.060218483365606517e+03 9.752309570312500000e+03 9.738230273605779075e+03
1.060238916739355773e+03 9.736766601562500000e+03 9.738144920091299355e+03
1.060259350013453513e+03 9.740301757812500000e+03 9.738061554800326121e+03
1.060279783187899739e+03 9.727813476562500000e+03 9.737980144824397939e+03
1.060300216562580317e+03 9.743757812500000000e+03 9.737900656103371148e+03
1.060320649837609380e+03 9.737220703125000000e+03 9.737823056938343143e+03
1.060341083012986928e+03 9.743013671875000000e+03 9.737747314422300406e+03
1.060361516388598830e+03 9.736508789062500000e+03 9.737673394577534054e+03
1.060381949664559215e+03 9.742716796875000000e+03 9.737601265622684878e+03
1.060402382940519601e+03 9.736811523437500000e+03 9.737530894313204044e+03
1.060422816216945648e+03 9.736841796875000000e+03 9.737462247767934969e+03
1.060443249493371695e+03 9.739694335937500000e+03 9.737395293108875194e+03
1.060463682770263404e+03 9.737952148437500000e+03 9.737329997454933618e+03
1.060484116047620773e+03 9.740278320312500000e+03 9.737266327926594386e+03
1.060504549324978143e+03 9.733424804687500000e+03 9.737204251645740442e+03
1.060524982602801174e+03 9.728086914062500000e+03 9.737143735731386187e+03
1.060545415880624205e+03 9.737117187500000000e+03 9.737084747305332712e+03
1.060565849158912897e+03 9.734877929687500000e+03 9.737027253486656264e+03
1.060586282437667251e+03 9.738426757812500000e+03 9.736971221395830071e+03
1.060606715716421604e+03 9.742557617187500000e+03 9.736916618154540629e+03
1.060627149095293134e+03 9.736490234375000000e+03 9.736863410625828692e+03
1.060647582374513149e+03 9.737441406250000000e+03 9.736811566450152895e+03
1.060668015554081649e+03 9.737350585937500000e+03 9.736761052728183131e+03
1.060688448934350163e+03 9.736260742187500000e+03 9.736711835847469047e+03
1.060708882214035839e+03 9.733626953125000000e+03 9.736663883663513843e+03
1.060729315394535661e+03 9.737042968750000000e+03 9.736617163275095663e+03
1.060749748775269836e+03 9.740885742187500000e+03 9.736571641126920440e+03
1.060770182056352496e+03 9.736463867187500000e+03 9.736527285016216410e+03
1.060790615437552333e+03 9.737513671875000000e+03 9.736484061629374992e+03
1.060811048618983477e+03 9.732895507812500000e+03 9.736441938712974661e+03
1.060831481900997460e+03 9.735128906250000000e+03 9.736400882760273817e+03
1.060851915283128619e+03 9.733787109375000000e+03 9.736360860908036557e+03
1.060872348465491086e+03 9.734690429687500000e+03 9.736321840856577182e+03
1.060892781747970730e+03 9.735004882812500000e+03 9.736283789146324125e+03
1.060913215131033212e+03 9.726976562500000000e+03 9.736246672910789130e+03
1.060933648313861340e+03 9.734781250000000000e+03 9.736210459810054090e+03
1.060954081597272307e+03 9.745103515625000000e+03 9.736175116424808948e+03
1.060974514981266111e+03 9.742080078125000000e+03 9.736140609888003382e+03
1.060994948165025562e+03 9.736306640625000000e+03 9.736106907822013454e+03
1.061015381549485028e+03 9.739958007812500000e+03 9.736073976685704110e+03
1.061035814833827317e+03 9.731470703125000000e+03 9.736041784089829889e+03
1.061056248018518090e+03 9.734477539062500000e+03 9.736010297143415301e+03
1.061076681403908879e+03 9.734003906250000000e+03 9.735979482509033915e+03
1.061097114689182490e+03 9.724717773437500000e+03 9.735949307765553385e+03
1.061117547874804586e+03 9.729535156250000000e+03 9.735919740023480699e+03
1.061137981260661036e+03 9.737703125000000000e+03 9.735890745973520097e+03
1.061158414546865970e+03 9.733436523437500000e+03 9.735862293165686424e+03
1.061178847833070904e+03 9.736508789062500000e+03 9.735834348577529454e+03
1.061199281119741499e+03 9.730374023437500000e+03 9.735806879328771174e+03
1.061219714406877756e+03 9.732982421875000000e+03 9.735779852539761123e+03
1.061240147694014013e+03 9.738205078125000000e+03 9.735753235331456381e+03
1.061260580981615931e+03 9.737403320312500000e+03 9.735726994823597124e+03
1.061281014269217849e+03 9.746519531250000000e+03 9.735701098137109511e+03
1.061301447657402605e+03 9.741119140625000000e+03 9.735675512267087470e+03
1.061321880845818669e+03 9.735623046875000000e+03 9.735650204707833836e+03
1.061342314134351909e+03 9.736279296875000000e+03 9.735625142206292367e+03
1.061362747523467988e+03 9.732934570312500000e+03 9.735600291885581100e+03
1.061383180712349713e+03 9.731008789062500000e+03 9.735575621230465913e+03
1.061403614101931453e+03 9.737994140625000000e+03 9.735551096876977681e+03
1.061424047391396016e+03 9.739547851562500000e+03 9.735526686307464843e+03
1.061444480581674725e+03 9.736250000000000000e+03 9.735502356639717618e+03
1.061464913971722126e+03 9.737442382812500000e+03 9.735478074638513135e+03
1.061485347262583673e+03 9.741771484375000000e+03 9.735453807779702402e+03
1.061505780453328043e+03 9.744612304687500000e+03 9.735429523184717254e+03
1.061526213844306767e+03 9.740776367187500000e+03 9.735405187616610419e+03
1.061546647135633975e+03 9.731084960937500000e+03 9.735380768552386144e+03
1.061567080527078360e+03 9.736841796875000000e+03 9.735356232873267800e+03
1.061587513719219714e+03 9.735354492187500000e+03 9.735331548060095884e+03
1.061607947011478245e+03 9.736032226562500000e+03 9.735306681497917452e+03
1.061628380403853953e+03 9.738146484375000000e+03 9.735281621681908291e+03
1.061648813596460968e+03 9.735238281250000000e+03 9.735256382543102518e+03
1.061669246889650822e+03 9.727520507812500000e+03 9.735230978770980073e+03
1.061689680182840675e+03 9.728061523437500000e+03 9.735205425548558196e+03
1.061710113476496190e+03 9.731997070312500000e+03 9.735179737934455261e+03
1.061730546770151705e+03 9.731920898437500000e+03 9.735153930988457432e+03
1.061750980064272881e+03 9.738327148437500000e+03 9.735128019769181265e+03
1.061771413358394057e+03 9.731746093750000000e+03 9.735102019336420199e+03
1.061791846753098071e+03 9.728766601562500000e+03 9.735075944620875816e+03
1.061812280048150569e+03 9.736398437500000000e+03 9.735049810937318398e+03
1.061832713243085891e+03 9.725780273437500000e+03 9.735023633346321731e+03
1.061853146638721228e+03 9.730712890625000000e+03 9.734997426521451416e+03
1.061873579934705049e+03 9.738166992187500000e+03 9.734971205906957039e+03
1.061894013130571693e+03 9.743538085937500000e+03 9.734944986562739359e+03
1.061934879823122174e+03 9.723369140625000000e+03 9.734892611150753510e+03
1.061955313220154494e+03 9.735884765625000000e+03 9.734866485329821444e+03
1.061975746417418122e+03 9.738664062500000000e+03 9.734840421142727791e+03
1.061996179714798927e+03 9.731668945312500000e+03 9.734814433265675689e+03
1.062016613112296909e+03 9.725238281250000000e+03 9.734788536759104318e+03
1.062037046310026199e+03 9.735243164062500000e+03 9.734762747061562550e+03
1.062057479608338326e+03 9.732871093750000000e+03 9.734737078852358536e+03
1.062077913006767631e+03 9.738975585937500000e+03 9.734711547193197475e+03
1.062098346205428243e+03 9.735269531250000000e+03 9.734686167516932983e+03
1.062118779504671693e+03 9.734996093750000000e+03 9.734660954508577561e+03
1.062139212904032320e+03 9.733338867187500000e+03 9.734635923230496701e+03
1.062159646103624254e+03 9.745414062500000000e+03 9.734611089107875159e+03
1.062180079503450543e+03 9.735163085937500000e+03 9.734586466713870323e+03
1.062200512803625315e+03 9.730641601562500000e+03 9.734562071470678347e+03
1.062220946004148573e+03 9.731818359375000000e+03 9.734537918434083622e+03
1.062241379404440522e+03 9.740104492187500000e+03 9.734514022311233930e+03
1.062261812705546618e+03 9.741978515625000000e+03 9.734490398512902175e+03
1.062282246006652713e+03 9.737127929687500000e+03 9.734467061981682491e+03
1.062302679308224469e+03 9.742829101562500000e+03 9.734444027776273288e+03
1.062323112609796226e+03 9.731196289062500000e+03 9.734421310956437082e+03
1.062343545912299305e+03 9.738250976562500000e+03 9.734398926580381158e+03
1.062363979214336723e+03 9.730244140625000000e+03 9.734376889708877570e+03
1.062384412516839802e+03 9.739683593750000000e+03 9.734355215400144516e+03
1.062404845819808543e+03 9.731352539062500000e+03 9.734333918713433377e+03
1.062425279123242944e+03 9.737093750000000000e+03 9.734313014707997354e+03
1.062445712426677346e+03 9.750639648437500000e+03 9.734292518443555309e+03
1.062466145730111748e+03 9.734813476562500000e+03 9.734272444979334978e+03
1.062486579034011811e+03 9.729750976562500000e+03 9.734252809374122080e+03
1.062507012438494712e+03 9.733459960937500000e+03 9.734233626594319503e+03
1.062527445742860436e+03 9.732367187500000000e+03 9.734214911887651397e+03
1.062547878947574645e+03 9.734882812500000000e+03 9.734196680305949485e+03
1.062568312352988869e+03 9.729179687500000000e+03 9.734178946644109601e+03
1.062588745658285916e+03 9.730032226562500000e+03 9.734161726226157043e+03
1.062609178863931447e+03 9.734705078125000000e+03 9.734145034103286889e+03
1.062629612269811332e+03 9.734868164062500000e+03 9.734128885093734425e+03
1.062650045576039702e+03 9.740504882812500000e+03 9.734113294497783500e+03
1.062670478782150894e+03 9.748951171875000000e+03 9.734098277366727416e+03
1.062690912188962102e+03 9.734315429687500000e+03 9.734083848543028580e+03
1.062711345496121794e+03 9.730538085937500000e+03 9.734070023302407208e+03
1.062731778903398663e+03 9.737362304687500000e+03 9.734056816569123839e+03
1.062752212110906839e+03 9.743888671875000000e+03 9.734044243591641134e+03
1.062772645418532193e+03 9.733571289062500000e+03 9.734032319239991921e+03
1.062793078826740384e+03 9.733462890625000000e+03 9.734021058582813566e+03
1.062813512035179883e+03 9.734004882812500000e+03 9.734010476839963303e+03
1.062833945343736559e+03 9.730708984375000000e+03 9.734000588910368606e+03
1.062854378752876073e+03 9.729540039062500000e+03 9.733991409863385343e+03
1.062874811961781234e+03 9.730727539062500000e+03 9.733982954888120730e+03
1.062895245371386409e+03 9.730304687500000000e+03 9.733975238878041637e+03
1.062915678681340069e+03 9.731916015625000000e+03 9.733968277011321334e+03
1.062936111991293728e+03 9.734192382812500000e+03 9.733962084307764599e+03
1.062956545301713049e+03 9.729157226562500000e+03 9.733956675826497303e+03
1.062976978512480855e+03 9.741980468750000000e+03 9.733952066647418178e+03
1.062997411923017353e+03 9.726222656250000000e+03 9.733948271768176710e+03
1.063017845234367996e+03 9.732819335937500000e+03 9.733945306309589796e+03
1.063038278545718640e+03 9.728569335937500000e+03 9.733943185310494300e+03
1.063058711757417768e+03 9.743632812500000000e+03 9.733941923834167028e+03
1.063099578481633216e+03 9.731313476562500000e+03 9.733942039662695606e+03
1.063120011793915182e+03 9.731337890625000000e+03 9.733943447094185103e+03
1.063140445106662810e+03 9.740182617187500000e+03 9.733945774281546619e+03
1.063160878419876099e+03 9.731250976562500000e+03 9.733949036284084286e+03
1.063181311833206564e+03 9.732837890625000000e+03 9.733953248184001495e+03
1.063201745046768337e+03 9.743464843750000000e+03 9.733958424971706336e+03
1.063222178360912949e+03 9.733517578125000000e+03 9.733964581775482657e+03
1.063242611775174737e+03 9.739590820312500000e+03 9.733971733668993693e+03
1.063263044989667833e+03 9.739760742187500000e+03 9.733979895599171869e+03
1.063283478404395282e+03 9.736481445312500000e+03 9.733989082785183200e+03
1.063303911719471216e+03 9.727587890625000000e+03 9.733999310159055312e+03
1.063324344934429973e+03 9.736943359375000000e+03 9.734010592764441753e+03
1.063344778350088745e+03 9.738700195312500000e+03 9.734022945834567508e+03
1.063365211666096002e+03 9.742165039062500000e+03 9.734036384255079611e+03
1.063385644881986082e+03 9.733364257812500000e+03 9.734050923068909469e+03
1.063406078298576176e+03 9.735605468750000000e+03 9.734066577557543496e+03
1.063426511615049094e+03 9.739122070312500000e+03 9.734083362558056251e+03
1.063446945032104850e+03 9.727820312500000000e+03 9.734101293294768766e+03
1.063467378249391913e+03 9.737911132812500000e+03 9.734120384554951670e+03
1.063487811566796154e+03 9.729275390625000000e+03 9.734140651669535146e+03
1.063508244984783232e+03 9.736241210937500000e+03 9.734162109715671249e+03
1.063528678202535957e+03 9.738966796875000000e+03 9.734184773427934488e+03
1.063549111520871520e+03 9.728525390625000000e+03 9.734208658190376809e+03
1.063569544939789921e+03 9.750169921875000000e+03 9.734233775414228148e+03
1.063589978258591145e+03 9.737917968750000000e+03 9.734260113513097167e+03
1.063610411477740854e+03 9.735715820312500000e+03 9.734287652428574802e+03
1.063630844797007740e+03 9.733931640625000000e+03 9.734316372371149555e+03
1.063651278216857463e+03 9.732967773437500000e+03 9.734346253299847376e+03
1.063671711537055671e+03 9.732864257812500000e+03 9.734377274862979903e+03
1.063692144857253879e+03 9.736103515625000000e+03 9.734409417144583131e+03
1.063712578077800572e+03 9.730845703125000000e+03 9.734442659921001905e+03
1.063733011498581618e+03 9.731539062500000000e+03 9.734476983629270762e+03
1.063753444819711149e+03 9.735086914062500000e+03 9.734512367714698485e+03
1.063773878040723503e+03 9.736447265625000000e+03 9.734548792102192238e+03
1.063794311462435871e+03 9.729583007812500000e+03 9.734586237276695101e+03
1.063814744784496725e+03 9.735388671875000000e+03 9.734624682636438592e+03
1.063835178206674755e+03 9.736436523437500000e+03 9.734664108498225687e+03
1.063855611429084092e+03 9.742098632812500000e+03 9.734704494217474348e+03
1.063876044752076268e+03 9.734632812500000000e+03 9.734745820322001236e+03
1.063896478175185621e+03 9.728722656250000000e+03 9.734788066765675467e+03
1.063916911398526281e+03 9.735589843750000000e+03 9.734831212862964094e+03
1.063937344721984118e+03 9.733910156250000000e+03 9.734875239181672441e+03
1.063957778146024793e+03 9.735012695312500000e+03 9.734920125676735552e+03
1.063978211370296776e+03 9.734125000000000000e+03 9.734965851623312119e+03
1.063998644694220275e+03 9.737622070312500000e+03 9.735012397626440361e+03
1.064019078119192272e+03 9.733363281250000000e+03 9.735059743642344984e+03
1.064039511343929917e+03 9.736437500000000000e+03 9.735107868908309683e+03
1.064059944769367576e+03 9.732395507812500000e+03 9.735156754309637108e+03
1.064080378095153719e+03 9.736866210937500000e+03 9.735206379074457800e+03
1.064100811320822686e+03 9.733771484375000000e+03 9.735256723132039042e+03
1.064121244746726006e+03 9.732034179687500000e+03 9.735307767168702412e+03
1.064141678073443472e+03 9.733541992187500000e+03 9.735359490382716103e+03
1.064162111400160939e+03 9.738291992187500000e+03 9.735411872961278277e+03
1.064182544726878405e+03 9.734118164062500000e+03 9.735464894845490562e+03
1.064202978054061532e+03 9.731198242187500000e+03 9.735518535977684223e+03
1.064223411481827497e+03 9.737186523437500000e+03 9.735572776566204993e+03
1.064243844709359109e+03 9.731088867187500000e+03 9.735627595749343527e+03
1.064264278037473559e+03 9.732807617187500000e+03 9.735682974271059720e+03
1.064284711365588009e+03 9.734052734375000000e+03 9.735738891804016021e+03
1.064305144694633782e+03 9.741006835937500000e+03 9.735795328291897022e+03
1.064325578023213893e+03 9.730419921875000000e+03 9.735852263671953551e+03
1.064346011452376842e+03 9.733905273437500000e+03 9.735909678170337429e+03
1.064366444681771100e+03 9.739536132812500000e+03 9.735967550880814088e+03
1.064386878111399710e+03 9.740049804687500000e+03 9.736025862877291729e+03
1.064407311441376805e+03 9.735354492187500000e+03 9.736084593248249803e+03
1.064427744671702385e+03 9.736200195312500000e+03 9.736143721928805462e+03
1.064448178102262318e+03 9.731951171875000000e+03 9.736203229730690509e+03
1.064468611433170736e+03 9.728901367187500000e+03 9.736263095724392770e+03
1.064489044664427638e+03 9.735994140625000000e+03 9.736323299845907968e+03
1.064509478095453233e+03 9.738445312500000000e+03 9.736383822920919556e+03
1.064529911427292973e+03 9.744581054687500000e+03 9.736444644007326133e+03
1.064550344659481198e+03 9.735291992187500000e+03 9.736505743040623202e+03
1.064570778091438115e+03 9.739230468750000000e+03 9.736567100859170750e+03
1.064591211424209177e+03 9.732566406250000000e+03 9.736628696508199937e+03
1.064611644856631756e+03 9.733029296875000000e+03 9.736690510527987499e+03
1.064632078089751303e+03 9.737765625000000000e+03 9.736752521953736505e+03
1.064652511422988027e+03 9.732511718750000000e+03 9.736814711633835032e+03
1.064672944856807590e+03 9.741241210937500000e+03 9.736877059513255517e+03
1.064693378090858459e+03 9.728981445312500000e+03 9.736939544615577688e+03
1.064713811425026506e+03 9.734614257812500000e+03 9.737002147797975340e+03
1.064734244859311730e+03 9.734646484375000000e+03 9.737064849003119889e+03
1.064754678093828261e+03 9.737090820312500000e+03 9.737127627251255035e+03
1.064775111529044807e+03 9.730784179687500000e+03 9.737190463713719510e+03
1.064795544864144176e+03 9.741324218750000000e+03 9.737253337406898936e+03
1.064815978200174868e+03 9.733582031250000000e+03 9.737316228582494659e+03
1.064836411535739899e+03 9.743912109375000000e+03 9.737379117177286389e+03
1.064856844871770591e+03 9.735943359375000000e+03 9.737441983135215196e+03
1.064877278208266944e+03 9.738763671875000000e+03 9.737504806397359062e+03
1.064918144881725311e+03 9.731906250000000000e+03 9.737630244595700788e+03
1.064938578219152987e+03 9.734745117187500000e+03 9.737692819415471604e+03
1.064959011556580663e+03 9.739286132812500000e+03 9.737755271302310575e+03
1.064979444894474000e+03 9.739678710937500000e+03 9.737817580198705400e+03
1.064999878332484514e+03 9.735131835937500000e+03 9.737879726348368422e+03
1.065020311570726335e+03 9.741750976562500000e+03 9.737941688781585981e+03
1.065040744909550995e+03 9.736703125000000000e+03 9.738003448351602856e+03
1.065061178348492831e+03 9.736801757812500000e+03 9.738064984994944098e+03
1.065081611587665975e+03 9.743263671875000000e+03 9.738126277751282032e+03
1.065102044926956296e+03 9.741064453125000000e+03 9.738187307463063917e+03
1.065122478366829455e+03 9.739833007812500000e+03 9.738248054068724741e+03
1.065142911606933922e+03 9.736294921875000000e+03 9.738308496618567005e+03
1.065163345047272742e+03 9.734231445312500000e+03 9.738368616236752132e+03
1.065183778387960047e+03 9.743980468750000000e+03 9.738428391979570733e+03
1.065204211628530174e+03 9.734731445312500000e+03 9.738487803791906117e+03
1.065224645069800317e+03 9.741583007812500000e+03 9.738546832486697895e+03
1.065245078411418945e+03 9.739690429687500000e+03 9.738605457134452081e+03
1.065265511652920395e+03 9.740202148437500000e+03 9.738663657680954202e+03
1.065285945095121861e+03 9.733858398437500000e+03 9.738721414920863026e+03
1.065306378437206149e+03 9.736499023437500000e+03 9.738778707941622997e+03
1.065326811879873276e+03 9.742298828125000000e+03 9.738835517246800009e+03
1.065347245122771710e+03 9.736035156250000000e+03 9.738891821946035634e+03
1.065367678465787321e+03 9.730318359375000000e+03 9.738947602810472745e+03
1.065388111908920109e+03 9.735148437500000000e+03 9.739002839773305823e+03
1.065408545152749866e+03 9.746853515625000000e+03 9.739057511970249834e+03
1.065428978496696800e+03 9.740230468750000000e+03 9.739111600147653007e+03
1.065449411940760911e+03 9.746277343750000000e+03 9.739165084237833071e+03
1.065469845285173506e+03 9.741635742187500000e+03 9.739217943658848526e+03
1.065490278630051762e+03 9.736992187500000000e+03 9.739270158615261607e+03
1.065510711975395679e+03 9.741024414062500000e+03 9.739321709073954480e+03
1.065531145220622420e+03 9.736286132812500000e+03 9.739372577049347456e+03
1.065551578666083515e+03 9.731389648437500000e+03 9.739422749616134752e+03
1.065572012011893094e+03 9.744214843750000000e+03 9.739472212782085990e+03
1.065592445258516818e+03 9.737704101562500000e+03 9.739520953308052412e+03
1.065612878704909235e+03 9.740501953125000000e+03 9.739568958651034336e+03
1.065633312051650137e+03 9.745750000000000000e+03 9.739616214851423138e+03
1.065653745298273861e+03 9.739500000000000000e+03 9.739662708668500272e+03
1.065674178746063262e+03 9.741680664062500000e+03 9.739708427531368216e+03
1.065694612093269825e+03 9.743059570312500000e+03 9.739753357508398039e+03
1.065715045541059226e+03 9.733496093750000000e+03 9.739797485791059444e+03
1.065735478789545596e+03 9.742407226562500000e+03 9.739840798486868152e+03
1.065755912137683481e+03 9.739277343750000000e+03 9.739883282984796097e+03
1.065776345586404204e+03 9.740766601562500000e+03 9.739924926023781154e+03
1.065796778835356236e+03 9.740838867187500000e+03 9.739965713747176778e+03
1.065817212184891105e+03 9.743173828125000000e+03 9.740005633510063490e+03
1.065837645634077489e+03 9.747234375000000000e+03 9.740044672047035419e+03
1.065858078883960843e+03 9.736561523437500000e+03 9.740082815542722528e+03
1.065878512334078550e+03 9.741150390625000000e+03 9.740120051492076527e+03
1.065898945684544742e+03 9.743103515625000000e+03 9.740156366091150630e+03
1.065919378935359418e+03 9.753666992187500000e+03 9.740191746102795150e+03
1.065939812386408448e+03 9.743197265625000000e+03 9.740226178788561811e+03
1.065960245737340301e+03 9.744129882812500000e+03 9.740259650384599809e+03
1.065980679088737816e+03 9.738677734375000000e+03 9.740292147811949690e+03
1.066001112440600991e+03 9.740336914062500000e+03 9.740323657819817527e+03
1.066021545792929828e+03 9.744726562500000000e+03 9.740354167157398479e+03
1.066041979244910181e+03 9.741863281250000000e+03 9.740383662714590173e+03
1.066062412497587502e+03 9.740770507812500000e+03 9.740412130816597710e+03
1.066082845850847661e+03 9.744236328125000000e+03 9.740439558637979644e+03
1.066103279303759336e+03 9.742155273437500000e+03 9.740465932911352866e+03
1.066123712557367980e+03 9.740821289062500000e+03 9.740491240007891975e+03
1.066144145911093801e+03 9.738122070312500000e+03 9.740515467055498448e+03
1.066164579364936799e+03 9.741255859375000000e+03 9.740538600787465839e+03
1.066185012619476765e+03 9.738216796875000000e+03 9.740560627622089669e+03
1.066205445974133909e+03 9.744388671875000000e+03 9.740581534639502934e+03
1.066225879428908229e+03 9.745538085937500000e+03 9.740601308572408016e+03
1.066246312683913857e+03 9.744151367187500000e+03 9.740619935888216787e+03
1.066266746139619499e+03 9.734732421875000000e+03 9.740637403701100993e+03
1.066287179495207965e+03 9.739417968750000000e+03 9.740653698494563287e+03
1.066307612751144916e+03 9.737654296875000000e+03 9.740668807035541249e+03
1.066328046207316220e+03 9.731898437500000000e+03 9.740682716286211871e+03
1.066348479563836008e+03 9.743179687500000000e+03 9.740695412782806670e+03
1.066368912820704281e+03 9.742144531250000000e+03 9.740706883292425118e+03
1.066389346277806908e+03 9.740942382812500000e+03 9.740717114723562190e+03
1.066409779635258019e+03 9.738722656250000000e+03 9.740726093666127781e+03
1.066430213092826307e+03 9.743853515625000000e+03 9.740733806956981425e+03
1.066450646351091564e+03 9.737572265625000000e+03 9.740740241241637705e+03
1.066471079709008336e+03 9.745011718750000000e+03 9.740745383372875949e+03
1.066491513167973608e+03 9.742089843750000000e+03 9.740749220081172098e+03
1.066511946426704526e+03 9.746766601562500000e+03 9.740751738068782288e+03
1.066532379785552621e+03 9.739106445312500000e+03 9.740752924131691543e+03
1.066552813244983554e+03 9.739081054687500000e+03 9.740752764999469946e+03
1.066573246504645795e+03 9.738751953125000000e+03 9.740751247433561730e+03
1.066593679964542389e+03 9.745925781250000000e+03 9.740748358153385198e+03
1.066614113324787468e+03 9.736129882812500000e+03 9.740744083940433484e+03
1.066634546585381031e+03 9.735343750000000000e+03 9.740738411564321723e+03
1.066654980046208948e+03 9.745122070312500000e+03 9.740731327680658069e+03
1.066675413406919688e+03 9.737435546875000000e+03 9.740722819132421137e+03
1.066695846768561751e+03 9.743718750000000000e+03 9.740712872637132023e+03
1.066716280130203813e+03 9.741366210937500000e+03 9.740701474944398797e+03
1.066736713491845876e+03 9.740903320312500000e+03 9.740688612803467549e+03
1.066757146853953600e+03 9.733490234375000000e+03 9.740674272963249678e+03
1.066777580216526985e+03 9.739547851562500000e+03 9.740658442172887590e+03
1.066798013579566032e+03 9.739920898437500000e+03 9.740641107181529151e+03
1.066818446942605078e+03 9.747808593750000000e+03 9.740622254738762422e+03
1.066838880305644125e+03 9.739645507812500000e+03 9.740601871593844407e+03
1.066859313669148833e+03 9.741120117187500000e+03 9.740579944495493692e+03
1.066879747133236378e+03 9.732689453125000000e+03 9.740556460073956259e+03
1.066900180397089571e+03 9.752620117187500000e+03 9.740531405435660417e+03
1.066920613761525601e+03 9.750162109375000000e+03 9.740504766972524521e+03
1.066941047226544470e+03 9.741598632812500000e+03 9.740476531410306052e+03
1.066961480491328984e+03 9.741718750000000000e+03 9.740446685925671773e+03
1.066981913956813514e+03 9.733553710937500000e+03 9.740415216682109531e+03
1.067002347322180867e+03 9.739903320312500000e+03 9.740382110880123946e+03
1.067022780587896705e+03 9.733664062500000000e+03 9.740347355292300563e+03
1.067063647420611233e+03 9.734501953125000000e+03 9.740272840710413220e+03
1.067084080687258393e+03 9.741890625000000000e+03 9.740233055762482763e+03
1.067104514154139906e+03 9.732825195312500000e+03 9.740191567453717653e+03
1.067124947521369904e+03 9.736439453125000000e+03 9.740148363129635982e+03
1.067145380989182740e+03 9.735847656250000000e+03 9.740103429115850304e+03
1.067165814256761223e+03 9.740682617187500000e+03 9.740056752835815132e+03
1.067186247624922544e+03 9.746315429687500000e+03 9.740008320364391693e+03
1.067206681093201041e+03 9.735712890625000000e+03 9.739958118425951398e+03
1.067227114362176508e+03 9.741279296875000000e+03 9.739906134518303588e+03
1.067247547730803490e+03 9.733654296875000000e+03 9.739852354643193394e+03
1.067267981200013310e+03 9.734545898437500000e+03 9.739796765520914050e+03
1.067288414469920099e+03 9.741036132812500000e+03 9.739739354729714250e+03
1.067308847839478403e+03 9.742219726562500000e+03 9.739680108192220359e+03
1.067329281309619546e+03 9.734877929687500000e+03 9.739619012627896154e+03
1.067349714680109173e+03 9.739085937500000000e+03 9.739556055384482534e+03
1.067370148050598800e+03 9.737541992187500000e+03 9.739491222917782579e+03
1.067390581421554089e+03 9.744232421875000000e+03 9.739424501975478051e+03
1.067411014792509377e+03 9.739128906250000000e+03 9.739355879308268413e+03
1.067431448163930327e+03 9.728024414062500000e+03 9.739285341663748113e+03
1.067451881535816938e+03 9.737776367187500000e+03 9.739212875791019542e+03
1.067472314808052033e+03 9.736402343750000000e+03 9.739138472789385560e+03
1.067492748280055821e+03 9.735705078125000000e+03 9.739062161741429009e+03
1.067513181652873755e+03 9.733335937500000000e+03 9.738983996488328557e+03
1.067533615025691688e+03 9.742391601562500000e+03 9.738904029667442956e+03
1.067554048398975283e+03 9.743082031250000000e+03 9.738822314280092542e+03
1.067574481772258878e+03 9.744446289062500000e+03 9.738738903331275651e+03
1.067594915246125311e+03 9.737828125000000000e+03 9.738653849401571279e+03
1.067615348520223051e+03 9.737442382812500000e+03 9.738567206756093583e+03
1.067635781894437969e+03 9.732546875000000000e+03 9.738479027137949743e+03
1.067656215368770063e+03 9.738214843750000000e+03 9.738389363528151080e+03
1.067676648643799126e+03 9.737020507812500000e+03 9.738298270254337694e+03
1.067697082119062543e+03 9.738372070312500000e+03 9.738205798538798263e+03
1.067717515494674444e+03 9.736685546875000000e+03 9.738112002731844768e+03
1.067737948770169169e+03 9.744253906250000000e+03 9.738016935857869612e+03
1.067758382245898247e+03 9.737547851562500000e+03 9.737920649513607714e+03
1.067778815622441471e+03 9.738774414062500000e+03 9.737823198104299081e+03
1.067799248898867518e+03 9.738104492187500000e+03 9.737724634654268812e+03
1.067819682375993580e+03 9.739885742187500000e+03 9.737625010707757610e+03
1.067840115753002465e+03 9.732711914062500000e+03 9.737524380726938034e+03
1.067860549130477011e+03 9.741669921875000000e+03 9.737422797227147385e+03
1.067901415885891765e+03 9.752067382812500000e+03 9.737216981688074156e+03
1.067921849364414811e+03 9.744953125000000000e+03 9.737112855140796455e+03
1.067942282642703503e+03 9.735835937500000000e+03 9.737007988113797182e+03
1.067962716021575034e+03 9.743712890625000000e+03 9.736902432071765361e+03
1.067983149501029402e+03 9.737899414062500000e+03 9.736796240008174209e+03
1.068003582880366594e+03 9.742964843750000000e+03 9.736689465969497178e+03
1.068024016160052270e+03 9.737284179687500000e+03 9.736582162964707095e+03
1.068044449639972299e+03 9.733939453125000000e+03 9.736474382418584355e+03
1.068064883020240813e+03 9.739634765625000000e+03 9.736366178912812757e+03
1.068085316400509328e+03 9.738943359375000000e+03 9.736257604926129716e+03
1.068105749781243503e+03 9.734997070312500000e+03 9.736148713459309874e+03
1.068126183062326163e+03 9.738592773437500000e+03 9.736039558050986670e+03
1.068167049925308675e+03 9.735737304687500000e+03 9.735820664215467332e+03
1.068187483207322657e+03 9.735575195312500000e+03 9.735711033400410088e+03
1.068207916689570993e+03 9.732090820312500000e+03 9.735601349049324199e+03
1.068228350072167814e+03 9.731085937500000000e+03 9.735491665774974535e+03
1.068248783554881811e+03 9.735065429687500000e+03 9.735382035508879198e+03
1.068269216838292778e+03 9.742042968750000000e+03 9.735272512860112329e+03
1.068289650221355259e+03 9.731322265625000000e+03 9.735163149228654220e+03
1.068310083705000579e+03 9.732368164062500000e+03 9.735053997615530534e+03
1.068330516988877207e+03 9.734372070312500000e+03 9.734945112626632181e+03
1.068350950372871011e+03 9.741534179687500000e+03 9.734836545665148151e+03
1.068371383857447654e+03 9.740644531250000000e+03 9.734728349736969903e+03
1.068391817142255604e+03 9.727314453125000000e+03 9.734620579432794329e+03
1.068412250527646393e+03 9.729162109375000000e+03 9.734513286168563354e+03
1.068432684012688696e+03 9.729775390625000000e+03 9.734406522959874565e+03
1.068453117298427969e+03 9.735376953125000000e+03 9.734300344367889920e+03
1.068473550784401596e+03 9.736879882812500000e+03 9.734194801320163606e+03
1.068493984170723706e+03 9.734009765625000000e+03 9.734089948373795778e+03
1.068514417456928641e+03 9.734884765625000000e+03 9.733985838523978600e+03
1.068534850943833590e+03 9.739971679687500000e+03 9.733882523247062636e+03
1.068555284330621362e+03 9.738682617187500000e+03 9.733780057073345233e+03
1.068575717717874795e+03 9.734488281250000000e+03 9.733678492495624596e+03
1.068596151105593890e+03 9.734675781250000000e+03 9.733577882517278340e+03
1.068616584493778646e+03 9.737930664062500000e+03 9.733478280141682262e+03
1.068637017981614918e+03 9.737360351562500000e+03 9.733379737896557344e+03
1.068657451370265335e+03 9.737662109375000000e+03 9.733282309744387021e+03
1.068677884658798575e+03 9.726100585937500000e+03 9.733186048676252540e+03
1.068698318148031831e+03 9.741526367187500000e+03 9.733091006287195341e+03
1.068718751537147909e+03 9.736997070312500000e+03 9.732997236988874647e+03
1.068739184826612473e+03 9.738392578125000000e+03 9.732904793763427733e+03
1.068759618316777050e+03 9.732583984375000000e+03 9.732813728265444297e+03
1.068780051606707275e+03 9.725244140625000000e+03 9.732724095284793293e+03
1.068800485097337514e+03 9.729838867187500000e+03 9.732635946066457109e+03
1.068820918487850577e+03 9.736505859375000000e+03 9.732549334922579874e+03
1.068841351779177785e+03 9.726344726562500000e+03 9.732464314829667273e+03
1.068861785270273685e+03 9.732636718750000000e+03 9.732380937559155427e+03
1.068882218661718071e+03 9.735941406250000000e+03 9.732299257348357060e+03
1.068902651953510940e+03 9.724091796875000000e+03 9.732219327175407670e+03
1.068923085446003824e+03 9.728541992187500000e+03 9.732141198881985474e+03
1.068943518838379532e+03 9.730258789062500000e+03 9.732064926635075608e+03
1.068963952131103724e+03 9.731649414062500000e+03 9.731990563408682647e+03
1.068984385624062270e+03 9.726082031250000000e+03 9.731918161129138753e+03
1.069004819017369300e+03 9.727141601562500000e+03 9.731847773877003419e+03
1.069025252510793507e+03 9.723861328125000000e+03 9.731779453968119924e+03
1.069045685804914683e+03 9.732024414062500000e+03 9.731713255391652638e+03
1.069066119198687375e+03 9.742188476562500000e+03 9.731649230166789494e+03
1.069086552693042904e+03 9.730986328125000000e+03 9.731587431326312071e+03
1.069106985988095403e+03 9.735200195312500000e+03 9.731527912764169741e+03
1.069127419382799417e+03 9.728104492187500000e+03 9.731470726596120585e+03
1.069147852878086269e+03 9.729802734375000000e+03 9.731415925857607363e+03
1.069168286173604429e+03 9.731388671875000000e+03 9.731363564339893856e+03
1.069188719669356942e+03 9.733426757812500000e+03 9.731313694021748233e+03
1.069209153065457940e+03 9.732262695312500000e+03 9.731266368656986742e+03
1.069229586462024599e+03 9.728665039062500000e+03 9.731221640998664952e+03
1.069250019858591259e+03 9.724730468750000000e+03 9.731179564051282796e+03
1.069270453255623579e+03 9.732321289062500000e+03 9.731140190817350231e+03
1.069290886653121561e+03 9.737876953125000000e+03 9.731103574300443142e+03
1.069311320050619543e+03 9.731660156250000000e+03 9.731069767504885021e+03
1.069331753448117524e+03 9.732050781250000000e+03 9.731038823434057122e+03
1.069352186846546829e+03 9.731488281250000000e+03 9.731010795090147440e+03
1.069372620244976133e+03 9.733186523437500000e+03 9.730985735478028801e+03
1.069393053643405437e+03 9.729129882812500000e+03 9.730963697601095191e+03
1.069413487142417580e+03 9.733589843750000000e+03 9.730944734334132590e+03
1.069433920441661030e+03 9.737088867187500000e+03 9.730928875878100371e+03
1.069454353841021657e+03 9.737593750000000000e+03 9.730916091025343121e+03
1.069474787340965122e+03 9.728388671875000000e+03 9.730906338911674538e+03
1.069495220641139895e+03 9.735393554687500000e+03 9.730899578749664215e+03
1.069515654041431844e+03 9.725209960937500000e+03 9.730895769509434103e+03
1.069536087542306632e+03 9.730085937500000000e+03 9.730894870325182637e+03
1.069556520842947066e+03 9.727315429687500000e+03 9.730896840280169272e+03
1.069576954344287515e+03 9.729318359375000000e+03 9.730901638503990398e+03
1.069597387745976448e+03 9.727119140625000000e+03 9.730909224038099637e+03
1.069617821047548205e+03 9.733472656250000000e+03 9.730919555932858202e+03
1.069638254549819976e+03 9.727921875000000000e+03 9.730932593451549110e+03
1.069658687951974571e+03 9.726172851562500000e+03 9.730948295513218909e+03
1.069679121254943311e+03 9.728909179687500000e+03 9.730966621170993676e+03
1.069699554757680744e+03 9.736501953125000000e+03 9.730987529803269354e+03
1.069719988160766661e+03 9.724627929687500000e+03 9.731010980213637595e+03
1.069740421664435416e+03 9.731518554687500000e+03 9.731036931722730515e+03
1.069760854968335479e+03 9.731367187500000000e+03 9.731065343022175512e+03
1.069781288372352719e+03 9.738953125000000000e+03 9.731096173602141789e+03
1.069801721876487136e+03 9.735678710937500000e+03 9.731129382588978842e+03
1.069822155181318521e+03 9.731153320312500000e+03 9.731164928570025950e+03
1.069842588586267084e+03 9.735482421875000000e+03 9.731202771140335244e+03
1.069863022091332823e+03 9.719906250000000000e+03 9.731242869424440869e+03
1.069883455497212708e+03 9.728103515625000000e+03 9.731285182122303013e+03
1.069903888902626932e+03 9.740788085937500000e+03 9.731329668513169963e+03
1.069924322308972478e+03 9.730907226562500000e+03 9.731376287691231482e+03
1.069944755715318024e+03 9.728586914062500000e+03 9.731424998745580524e+03
1.069965189121663570e+03 9.726937500000000000e+03 9.731475760767307293e+03
1.069985622528940439e+03 9.733940429687500000e+03 9.731528532849924886e+03
1.070006055936217308e+03 9.727778320312500000e+03 9.731583274082247954e+03
1.070026489343494177e+03 9.726887695312500000e+03 9.731639943555344871e+03
1.070046922751236707e+03 9.729267578125000000e+03 9.731698500361639162e+03
1.070067356059327722e+03 9.731073242187500000e+03 9.731758903291920433e+03
1.070087789567653090e+03 9.725702148437500000e+03 9.731821112337176601e+03
1.070108222976326942e+03 9.732141601562500000e+03 9.731885085688712934e+03
1.070128656485117972e+03 9.731958984375000000e+03 9.731950783062658957e+03
1.070149089794605970e+03 9.731083007812500000e+03 9.732018162575033784e+03
1.070169523204211146e+03 9.734965820312500000e+03 9.732087184292089660e+03
1.070189956713933498e+03 9.733038085937500000e+03 9.732157807328723720e+03
1.070210390023887157e+03 9.731920898437500000e+03 9.732229989727995417e+03
1.070230823433957994e+03 9.733076171875000000e+03 9.732303691629029345e+03
1.070251256944611669e+03 9.736486328125000000e+03 9.732378872146631693e+03
1.070271690255496651e+03 9.723102539062500000e+03 9.732455489256219153e+03
1.070292123767081648e+03 9.736139648437500000e+03 9.732533503550270325e+03
1.070312557178549469e+03 9.736708984375000000e+03 9.732612872981540932e+03
1.070332990490365773e+03 9.721511718750000000e+03 9.732693556623300537e+03
1.070353424002416432e+03 9.730698242187500000e+03 9.732775514760240185e+03
1.070373857414815575e+03 9.736494140625000000e+03 9.732858705289874706e+03
1.070394290727097541e+03 9.734319335937500000e+03 9.732943087283569184e+03
1.070414724240079522e+03 9.738459960937500000e+03 9.733028621083230973e+03
1.070435157653409988e+03 9.732289062500000000e+03 9.733115264531068533e+03
1.070455591166857630e+03 9.736207031250000000e+03 9.733202977564804314e+03
1.070476024480536580e+03 9.740327148437500000e+03 9.733291717980551766e+03
1.070496457894798368e+03 9.733687500000000000e+03 9.733381446166366004e+03
1.070516891409177333e+03 9.728813476562500000e+03 9.733472121225473529e+03
1.070537324823439121e+03 9.739492187500000000e+03 9.733563701360186315e+03
1.070557758138515055e+03 9.737917968750000000e+03 9.733656145652756095e+03
1.070578191653825343e+03 9.730913085937500000e+03 9.733749414555057228e+03
1.070598625069018453e+03 9.732559570312500000e+03 9.733843465793106589e+03
1.070619058485142887e+03 9.730478515625000000e+03 9.733938258917271014e+03
1.070639491900801659e+03 9.738068359375000000e+03 9.734033753012110537e+03
1.070659925317391753e+03 9.738523437500000000e+03 9.734129907175203698e+03
1.070680358733981848e+03 9.730192382812500000e+03 9.734226680493218737e+03
1.070700792151037604e+03 9.736115234375000000e+03 9.734324032059401361e+03
1.070721225467976183e+03 9.737580078125000000e+03 9.734421920481694542e+03
1.070741658985614777e+03 9.725530273437500000e+03 9.734520306295973569e+03
1.070762092403136194e+03 9.740283203125000000e+03 9.734619147148407137e+03
1.070782525721471757e+03 9.732350585937500000e+03 9.734718402128139132e+03
1.070802959239576012e+03 9.727789062500000000e+03 9.734818031781214813e+03
1.070823392658494413e+03 9.728924804687500000e+03 9.734917993743652914e+03
1.070843826177064329e+03 9.729438476562500000e+03 9.735018248078764373e+03
1.070884692915715277e+03 9.742181640625000000e+03 9.735219467295875802e+03
1.070905126435682178e+03 9.736529296875000000e+03 9.735320351835973270e+03
1.070925559755880386e+03 9.742799804687500000e+03 9.735421363636201932e+03
1.070945993176195771e+03 9.736678710937500000e+03 9.735522463269189757e+03
1.070966426696628332e+03 9.724958007812500000e+03 9.735623609826916436e+03
1.070986860017757863e+03 9.735833984375000000e+03 9.735724760918090396e+03
1.071007293538656086e+03 9.734359375000000000e+03 9.735825877608966039e+03
1.071027726960368454e+03 9.732958984375000000e+03 9.735926917510763815e+03
1.071048160382080823e+03 9.733727539062500000e+03 9.736027840205422763e+03
1.071068593804258853e+03 9.739063476562500000e+03 9.736128604786219512e+03
1.071089027226436883e+03 9.734555664062500000e+03 9.736229170341834106e+03
1.071109460649080575e+03 9.735611328125000000e+03 9.736329495965528622e+03
1.071129894072189927e+03 9.734156250000000000e+03 9.736429540748271393e+03
1.071150327495299280e+03 9.737761718750000000e+03 9.736529263778742461e+03
1.071170761018525809e+03 9.742082031250000000e+03 9.736628624633800428e+03
1.071191194342449307e+03 9.738411132812500000e+03 9.736727580951288473e+03
1.071211627766489983e+03 9.735512695312500000e+03 9.736826093275269159e+03
1.071232061290647835e+03 9.738654296875000000e+03 9.736924120689882329e+03
1.071252494715154171e+03 9.736053710937500000e+03 9.737021621327550747e+03
1.071272928040474653e+03 9.735471679687500000e+03 9.737118554289441818e+03
1.071293361565563828e+03 9.744117187500000000e+03 9.737214880080326111e+03
1.071313794890884310e+03 9.727802734375000000e+03 9.737310555907981325e+03
1.071334228316787630e+03 9.744562500000000000e+03 9.737405542274536856e+03
1.071354661842808127e+03 9.739543945312500000e+03 9.737499798258328155e+03
1.071375095169059932e+03 9.743615234375000000e+03 9.737593282865509536e+03
1.071395528695546091e+03 9.734195312500000000e+03 9.737685980310885498e+03
1.071415962122380733e+03 9.739205078125000000e+03 9.737777890018513062e+03
1.071436395450029522e+03 9.732539062500000000e+03 9.737869013359000746e+03
1.071456828977447003e+03 9.738602539062500000e+03 9.737959353016778550e+03
1.071477262405212969e+03 9.745162109375000000e+03 9.738048909019322309e+03
1.071497695733327419e+03 9.742842773437500000e+03 9.738137682735117778e+03
1.071518129261676222e+03 9.742708984375000000e+03 9.738225676818285137e+03
1.071538562689907849e+03 9.732350585937500000e+03 9.738312891326700992e+03
1.071558996219187975e+03 9.743834960937500000e+03 9.738399328475974471e+03
1.071579429548233747e+03 9.730824218750000000e+03 9.738484988354308371e+03
1.071599862977862358e+03 9.736969726562500000e+03 9.738569873585482128e+03
1.071620296507608145e+03 9.739966796875000000e+03 9.738653985513181397e+03
1.071640729837585241e+03 9.742789062500000000e+03 9.738737324265639472e+03
1.071661163267679513e+03 9.740129882812500000e+03 9.738819892428642561e+03
1.071681596798356622e+03 9.740181640625000000e+03 9.738901691349741668e+03
1.071702030129265040e+03 9.741948242187500000e+03 9.738982721189202493e+03
1.071722463660407811e+03 9.747280273437500000e+03 9.739062984890282678e+03
1.071742897091899067e+03 9.737483398437500000e+03 9.739142482626379206e+03
1.071763330523855984e+03 9.744122070312500000e+03 9.739221216149608154e+03
1.071783763955812901e+03 9.734787109375000000e+03 9.739299186815178473e+03
1.071804197388235480e+03 9.740987304687500000e+03 9.739376395981867972e+03
1.071824630821123719e+03 9.744815429687500000e+03 9.739452845006650023e+03
1.071845064254011959e+03 9.739323242187500000e+03 9.739528535244782688e+03
1.071865497686900198e+03 9.739287109375000000e+03 9.739603468053293909e+03
1.071885931120719761e+03 9.738085937500000000e+03 9.739677644792573119e+03
1.071906364554539323e+03 9.734794921875000000e+03 9.739751066816217644e+03
1.071926797988358885e+03 9.750217773437500000e+03 9.739823735481251788e+03
1.071947231522761285e+03 9.740591796875000000e+03 9.739895652496863477e+03
1.071967664857394993e+03 9.739545898437500000e+03 9.739966818168439204e+03
1.071988098292145878e+03 9.741483398437500000e+03 9.740037234902947603e+03
1.072008531827479601e+03 9.734089843750000000e+03 9.740106904047994249e+03
1.072028965163044631e+03 9.750268554687500000e+03 9.740175825941976655e+03
1.072049398598726839e+03 9.736205078125000000e+03 9.740244002958897909e+03
1.072069832134991884e+03 9.729635742187500000e+03 9.740311436446376320e+03
1.072090265471022576e+03 9.734736328125000000e+03 9.740378126774128759e+03
1.072110699007753283e+03 9.740820312500000000e+03 9.740444076607742318e+03
1.072131132444832474e+03 9.743631835937500000e+03 9.740509286329353927e+03
1.072151565781794488e+03 9.736232421875000000e+03 9.740573757305344770e+03
1.072171999319456518e+03 9.736106445312500000e+03 9.740637491836434492e+03
1.072192432757467031e+03 9.731065429687500000e+03 9.740700490337347219e+03
1.072212866095360368e+03 9.743567382812500000e+03 9.740762754174462316e+03
1.072233299633953720e+03 9.745216796875000000e+03 9.740824285616028646e+03
1.072253733072429895e+03 9.738917968750000000e+03 9.740885085107818668e+03
1.072274166611488909e+03 9.741690429687500000e+03 9.740945154604029085e+03
1.072294599950779229e+03 9.739745117187500000e+03 9.741004494584041822e+03
1.072315033390186727e+03 9.745676757812500000e+03 9.741063107281102930e+03
1.072335466929711401e+03 9.739189453125000000e+03 9.741120994041557424e+03
1.072355900269933045e+03 9.733916992187500000e+03 9.741178155379478994e+03
1.072376333710271865e+03 9.741328125000000000e+03 9.741234593494786168e+03
1.072396767251193523e+03 9.746077148437500000e+03 9.741290309735139090e+03
1.072417200691998005e+03 9.747440429687500000e+03 9.741345304910304549e+03
1.072437634133268148e+03 9.739404296875000000e+03 9.741399580653291196e+03
1.072458067574538291e+03 9.749264648437500000e+03 9.741453138319866412e+03
1.072478501016274095e+03 9.745431640625000000e+03 9.741505979268258670e+03
1.072498934458475560e+03 9.739844726562500000e+03 9.741558104855444981e+03
1.072519367901142687e+03 9.735008789062500000e+03 9.741609516438409628e+03
1.072539801343344152e+03 9.736988281250000000e+03 9.741660215371830418e+03
1.072560234786476940e+03 9.747825195312500000e+03 9.741710203016184096e+03
1.072580668229609728e+03 9.742149414062500000e+03 9.741759480726170295e+03
1.072601101673208177e+03 9.743623046875000000e+03 9.741808049859919265e+03
1.072621535117272288e+03 9.741444335937500000e+03 9.741855911774408014e+03
1.072641968561336398e+03 9.745977539062500000e+03 9.741903067825551261e+03
1.072662402105517685e+03 9.737651367187500000e+03 9.741949519596253595e+03
1.072682835450395942e+03 9.739428710937500000e+03 9.741995267767993937e+03
1.072703268895391375e+03 9.740539062500000000e+03 9.742040314373283763e+03
1.072723702440503985e+03 9.743252929687500000e+03 9.742084660758851896e+03
1.072744135785847902e+03 9.733368164062500000e+03 9.742128307636006866e+03
1.072764569231774658e+03 9.743182617187500000e+03 9.742171257008438261e+03
1.072785002777818590e+03 9.743203125000000000e+03 9.742213510221921752e+03
1.072805436124559492e+03 9.741713867187500000e+03 9.742255068019405371e+03
1.072825869671069086e+03 9.737303710937500000e+03 9.742295932569535580e+03
1.072846303117927164e+03 9.745051757812500000e+03 9.742336104625454027e+03
1.072866736465133727e+03 9.737000000000000000e+03 9.742375585554302234e+03
1.072887170013040304e+03 9.740725585937500000e+03 9.742414377288332616e+03
1.072907603460829705e+03 9.750858398437500000e+03 9.742452480608395490e+03
1.072928036908619106e+03 9.736231445312500000e+03 9.742489897063282115e+03
1.072948470357339829e+03 9.746868164062500000e+03 9.742526628011675712e+03
1.072968903806060553e+03 9.738334960937500000e+03 9.742562674808888914e+03
1.072989337354898453e+03 9.741400390625000000e+03 9.742598038983551305e+03
1.073009770703967661e+03 9.743255859375000000e+03 9.742632721378673523e+03
1.073030204153619707e+03 9.742941406250000000e+03 9.742666723866042958e+03
1.073050637703388929e+03 9.744566406250000000e+03 9.742700047791902762e+03
1.073071071153506637e+03 9.739575195312500000e+03 9.742732694187474408e+03
1.073091504503972828e+03 9.739301757812500000e+03 9.742764664419692053e+03
1.073111938054673374e+03 9.744447265625000000e+03 9.742795960309800648e+03
1.073132371505722404e+03 9.731349609375000000e+03 9.742826582750556554e+03
1.073152804957237095e+03 9.741254882812500000e+03 9.742856533253929229e+03
1.073173238408751786e+03 9.734152343750000000e+03 9.742885813176242664e+03
1.073193671760614961e+03 9.744755859375000000e+03 9.742914423736630852e+03
1.073214105312712491e+03 9.743666015625000000e+03 9.742942366707084147e+03
1.073234538765158504e+03 9.743631835937500000e+03 9.742969643029609870e+03
1.073254972217604518e+03 9.736213867187500000e+03 9.742996254199139003e+03
1.073275405670981854e+03 9.747022460937500000e+03 9.743022201573872735e+03
1.073295839123893529e+03 9.741512695312500000e+03 9.743047486509045484e+03
1.073316272477619350e+03 9.749882812500000000e+03 9.743072110244358555e+03
1.073336706031579524e+03 9.739692382812500000e+03 9.743096075237293917e+03
1.073357139485422522e+03 9.741022460937500000e+03 9.743119386238591687e+03
1.073377573039848357e+03 9.745593750000000000e+03 9.743142049343776307e+03
1.073398006394971162e+03 9.745277343750000000e+03 9.743164070091439498e+03
1.073418440249748528e+03 9.749418945312500000e+03 9.743185455087401351e+03
1.073438873805105686e+03 9.744298828125000000e+03 9.743206209352705628e+03
1.073459307160694152e+03 9.739399414062500000e+03 9.743226338878204842e+03
1.073479740616399795e+03 9.745436523437500000e+03 9.743245849830407678e+03
1.073500174172688276e+03 9.746054687500000000e+03 9.743264748067209439e+03
1.073520607529208064e+03 9.738571289062500000e+03 9.743283039181795175e+03
1.073541041085962206e+03 9.740556640625000000e+03 9.743300729398772091e+03
1.073561474442947656e+03 9.744331054687500000e+03 9.743317824238311005e+03
1.073581907900050282e+03 9.743141601562500000e+03 9.743334329822162545e+03
1.073602341457735747e+03 9.745993164062500000e+03 9.743350252008604002e+03
1.073622774815652519e+03 9.740979492187500000e+03 9.743365596434334293e+03
1.073643208273686469e+03 9.746677734375000000e+03 9.743380369195296225e+03
1.073663641832303256e+03 9.746025390625000000e+03 9.743394576149974455e+03
1.073684075291268528e+03 9.744678710937500000e+03 9.743408223025668121e+03
1.073704508750233799e+03 9.757986328125000000e+03 9.743421315759567733e+03
1.073724942209664732e+03 9.745842773437500000e+03 9.743433860218476184e+03
1.073745375669095665e+03 9.739989257812500000e+03 9.743445862268628844e+03
1.073765809128992260e+03 9.744068359375000000e+03 9.743457327776803140e+03
1.073786242589354515e+03 9.741278320312500000e+03 9.743468262609498197e+03
1.073806676049716771e+03 9.743909179687500000e+03 9.743478672632976668e+03
1.073827109610661864e+03 9.742161132812500000e+03 9.743488563761187834e+03
1.073867976532783359e+03 9.752821289062500000e+03 9.743506812556432124e+03
1.073888409994542599e+03 9.741718750000000000e+03 9.743515182006418399e+03
1.073908843356184661e+03 9.741533203125000000e+03 9.743523055942430801e+03
1.073929276918526739e+03 9.750817382812500000e+03 9.743530440343289229e+03
1.073949710381217301e+03 9.745602539062500000e+03 9.743537340963364841e+03
1.073970143743790686e+03 9.740079101562500000e+03 9.743543763676085291e+03
1.073990577306598425e+03 9.739657226562500000e+03 9.743549714438911906e+03
1.074011010770220309e+03 9.745625976562500000e+03 9.743555199027690833e+03
1.074031444133725017e+03 9.744294921875000000e+03 9.743560223315480471e+03
1.074051877697929740e+03 9.739612304687500000e+03 9.743564793239411301e+03
1.074072311162017286e+03 9.738356445312500000e+03 9.743568914595402020e+03
1.074092744726687670e+03 9.744961914062500000e+03 9.743572593290515215e+03
1.074113178091123700e+03 9.743713867187500000e+03 9.743575835140338313e+03
1.074133611556608230e+03 9.742371093750000000e+03 9.743578646062374901e+03
1.074154045121744275e+03 9.749272460937500000e+03 9.743581031916652137e+03
1.074174478487577289e+03 9.742958007812500000e+03 9.743582998537889580e+03
1.074194911953061819e+03 9.745849609375000000e+03 9.743584551824442315e+03
1.074215345419477671e+03 9.748196289062500000e+03 9.743585697632286610e+03
1.074235778885893524e+03 9.740684570312500000e+03 9.743586441827874296e+03
1.074256212452892214e+03 9.742422851562500000e+03 9.743586790278492117e+03
1.074276645820122212e+03 9.746656250000000000e+03 9.743586748848410934e+03
1.074297079287469387e+03 9.745543945312500000e+03 9.743586323406394513e+03
1.074317512854933739e+03 9.742196289062500000e+03 9.743585519813379506e+03
1.074337946323212236e+03 9.754678710937500000e+03 9.743584343943737622e+03
1.074358379691373557e+03 9.745642578125000000e+03 9.743582801669468608e+03
1.074378813259769231e+03 9.747092773437500000e+03 9.743580898831776722e+03
1.074399246728513390e+03 9.743259765625000000e+03 9.743578641322472322e+03
1.074419680197723210e+03 9.746478515625000000e+03 9.743576034999627154e+03
1.074440113666933030e+03 9.743244140625000000e+03 9.743573085729829472e+03
1.074460547136608511e+03 9.741850585937500000e+03 9.743569799379536562e+03
1.074480980706866831e+03 9.740588867187500000e+03 9.743566181796741148e+03
1.074501414076890796e+03 9.752597656250000000e+03 9.743562238903632533e+03
1.074521847547497600e+03 9.742616210937500000e+03 9.743557976511068773e+03
1.074542281118221581e+03 9.745401367187500000e+03 9.743553400481021527e+03
1.074562714489642531e+03 9.748305664062500000e+03 9.743548516749346163e+03
1.074583147960714996e+03 9.738526367187500000e+03 9.743543331113358363e+03
1.074603581532835960e+03 9.744597656250000000e+03 9.743537849434847885e+03
1.074624014904722571e+03 9.750889648437500000e+03 9.743532077663303426e+03
1.074644448476843536e+03 9.745383789062500000e+03 9.743526021552183010e+03
1.074664881949312985e+03 9.744935546875000000e+03 9.743519687054829774e+03
1.074685315322130919e+03 9.746081054687500000e+03 9.743513080041810099e+03
1.074705748895183206e+03 9.738475585937500000e+03 9.743506206280717379e+03
1.074726182369049639e+03 9.735851562500000000e+03 9.743499071736854603e+03
1.074746615742333233e+03 9.740351562500000000e+03 9.743491682281033718e+03
1.074767049316782504e+03 9.742840820312500000e+03 9.743484043668819140e+03
1.074787482790648937e+03 9.741037109375000000e+03 9.743476161877732011e+03
1.074807916365563869e+03 9.744542968750000000e+03 9.743468042696593329e+03
1.074828349740244448e+03 9.744395507812500000e+03 9.743459692113359779e+03
1.074848783215507865e+03 9.743478515625000000e+03 9.743451115873314848e+03
1.074869216690771282e+03 9.749214843750000000e+03 9.743442319883550226e+03
1.074889650166500360e+03 9.741185546875000000e+03 9.743433310010395871e+03
1.074910083642695099e+03 9.744400390625000000e+03 9.743424092120381829e+03
1.074930517118889838e+03 9.750699218750000000e+03 9.743414672080261880e+03
1.074950950595550239e+03 9.729866210937500000e+03 9.743405055756351430e+03
1.074971384172327816e+03 9.740397460937500000e+03 9.743395248966906365e+03
1.074991817549802363e+03 9.751395507812500000e+03 9.743385257723532050e+03
1.075012251026928425e+03 9.745781250000000000e+03 9.743375087747928774e+03
1.075032684604637325e+03 9.742858398437500000e+03 9.743364744903599785e+03
1.075053118082694709e+03 9.738979492187500000e+03 9.743354235158449228e+03
1.075073551461100578e+03 9.741467773437500000e+03 9.743343564381426404e+03
1.075093985039740801e+03 9.740739257812500000e+03 9.743332738281311322e+03
1.075114418518729508e+03 9.739631835937500000e+03 9.743321762882402254e+03
1.075134852097835392e+03 9.736973632812500000e+03 9.743310643944005278e+03
1.075155285477638245e+03 9.745766601562500000e+03 9.743299387496608688e+03
1.075175718957092613e+03 9.735476562500000000e+03 9.743287999243064405e+03
1.075196152537129819e+03 9.745899414062500000e+03 9.743276485047512324e+03
1.075216585917398334e+03 9.741471679687500000e+03 9.743264850946628940e+03
1.075237019398249686e+03 9.736419921875000000e+03 9.743253102636816038e+03
1.075257452979218215e+03 9.747779296875000000e+03 9.743241245983248518e+03
1.075277886360418051e+03 9.738938476562500000e+03 9.743229287200290855e+03
1.075298319841735065e+03 9.740513671875000000e+03 9.743217237968225163e+03
1.075318753423634917e+03 9.742185546875000000e+03 9.743205117206351133e+03
1.075339186805766076e+03 9.740440429687500000e+03 9.743192944440092106e+03
1.075359620388131589e+03 9.742000976562500000e+03 9.743180738778126397e+03
1.075380053870845586e+03 9.745135742187500000e+03 9.743168519746221136e+03
1.075400487253442407e+03 9.743164062500000000e+03 9.743156306691555073e+03
1.075420920836739242e+03 9.747422851562500000e+03 9.743144118781303405e+03
1.075441354320384562e+03 9.743170898437500000e+03 9.743131975541698921e+03
1.075461787704378366e+03 9.741201171875000000e+03 9.743119896318785322e+03
1.075482221288140863e+03 9.750093750000000000e+03 9.743107900282970149e+03
1.075502654772717506e+03 9.746927734375000000e+03 9.743096006957264763e+03
1.075523088257294148e+03 9.743910156250000000e+03 9.743084235630070907e+03
1.075543521742336452e+03 9.745357421875000000e+03 9.743072605647968885e+03
1.075563955227378756e+03 9.743134765625000000e+03 9.743061136358075601e+03
1.075584388712886721e+03 9.749591796875000000e+03 9.743049847106982270e+03
1.075604822198860347e+03 9.742432617187500000e+03 9.743038757241549320e+03
1.075625255684833974e+03 9.734156250000000000e+03 9.743027886108884559e+03
1.075645689171273261e+03 9.736873046875000000e+03 9.743017253055602851e+03
1.075666122658178210e+03 9.741343750000000000e+03 9.743006877428564621e+03
1.075686556245200336e+03 9.739354492187500000e+03 9.742996778526099661e+03
1.075706989732570946e+03 9.742535156250000000e+03 9.742986975793875899e+03
1.075727423119824380e+03 9.737641601562500000e+03 9.742977488574491872e+03
1.075747856707777828e+03 9.746132812500000000e+03 9.742968336077554341e+03
1.075768290196079761e+03 9.736373046875000000e+03 9.742959537786979126e+03
1.075788723584264517e+03 9.745285156250000000e+03 9.742951113044488011e+03
1.075809157173149288e+03 9.751462890625000000e+03 9.742943081075760347e+03
1.075829590661916882e+03 9.736800781250000000e+03 9.742935461348846729e+03
1.075850024251267314e+03 9.745536132812500000e+03 9.742928273135985364e+03
1.075870457640849054e+03 9.743116210937500000e+03 9.742921535886453057e+03
1.075890891130547971e+03 9.745736328125000000e+03 9.742915268844884849e+03
1.075911324720829725e+03 9.738501953125000000e+03 9.742909491365075155e+03
1.075931758111342788e+03 9.743054687500000000e+03 9.742904222875145933e+03
1.075952191601973027e+03 9.738545898437500000e+03 9.742899482640865244e+03
1.075972625193186104e+03 9.737577148437500000e+03 9.742895290016915169e+03
1.075993058584164828e+03 9.742868164062500000e+03 9.742891664407779899e+03
1.076013492075726390e+03 9.746544921875000000e+03 9.742888625102757942e+03
1.076033925667870790e+03 9.742622070312500000e+03 9.742886191457509995e+03
1.076054359059780836e+03 9.745948242187500000e+03 9.742884382850206748e+03
1.076074792652390897e+03 9.739870117187500000e+03 9.742883218592374760e+03
1.076095226145349443e+03 9.741606445312500000e+03 9.742882718052824202e+03
1.076115659638307989e+03 9.746049804687500000e+03 9.742882900571155915e+03
1.076136093131732196e+03 9.737982421875000000e+03 9.742883785494272161e+03
1.076156526625156403e+03 9.743803710937500000e+03 9.742885392169040642e+03
1.076176960119046271e+03 9.738336914062500000e+03 9.742887739942401822e+03
1.076197393613401800e+03 9.743928710937500000e+03 9.742890848161274334e+03
1.076217827107757330e+03 9.744141601562500000e+03 9.742894736172482226e+03
1.076238260602578521e+03 9.743196289062500000e+03 9.742899423323022347e+03
1.076258694097399712e+03 9.737401367187500000e+03 9.742904928959684185e+03
1.076279127592686564e+03 9.743097656250000000e+03 9.742911272429497330e+03
1.076299561088439077e+03 9.750597656250000000e+03 9.742918473079396790e+03
1.076319994584657252e+03 9.735461914062500000e+03 9.742926550256317569e+03
1.076340428080875427e+03 9.737879882812500000e+03 9.742935523306981850e+03
1.076360861677210778e+03 9.738828125000000000e+03 9.742945411628994407e+03
1.076381295073777437e+03 9.778560546875000000e+03 9.742956234417320957e+03
1.076401728671044111e+03 9.740168945312500000e+03 9.742968011231141645e+03
1.076422162168193609e+03 9.746463867187500000e+03 9.742980761251061267e+03
1.076442595566157252e+03 9.739085937500000000e+03 9.742994503810150491e+03
1.076463029163889587e+03 9.742468750000000000e+03 9.743009258463793230e+03
1.076483462662436068e+03 9.748818359375000000e+03 9.743025044350513781e+03
1.076503896060865372e+03 9.742911132812500000e+03 9.743041880801247316e+03
1.076524329659529030e+03 9.742959960937500000e+03 9.743059787418173073e+03
1.076544763158541173e+03 9.742391601562500000e+03 9.743078783293334709e+03
1.076565196758136153e+03 9.751763671875000000e+03 9.743098887960037246e+03
1.076585630157496780e+03 9.741361328125000000e+03 9.743120120460989710e+03
1.076606063657905906e+03 9.752642578125000000e+03 9.743142500447887869e+03
1.076626497257966548e+03 9.741129882812500000e+03 9.743166047283135413e+03
1.076646930658724159e+03 9.746142578125000000e+03 9.743190779960492364e+03
1.076667364159133285e+03 9.740246093750000000e+03 9.743216718179979580e+03
1.076687797760590911e+03 9.744944335937500000e+03 9.743243881308160780e+03
1.076708231161814183e+03 9.739839843750000000e+03 9.743272288282420050e+03
1.076728664663620293e+03 9.746081054687500000e+03 9.743301958858693979e+03
1.076749098265543580e+03 9.744603515625000000e+03 9.743332912401961948e+03
1.076769531667698175e+03 9.745003906250000000e+03 9.743365167795363959e+03
1.076789965270087123e+03 9.741446289062500000e+03 9.743398745017393594e+03
1.076810398673173040e+03 9.749232421875000000e+03 9.743433662758379796e+03
1.076851265779696405e+03 9.745122070312500000e+03 9.743507598710510138e+03
1.076871699283365160e+03 9.740000976562500000e+03 9.743546655267557071e+03
1.076892132687382400e+03 9.743874023437500000e+03 9.743587129864499730e+03
1.076912566291633993e+03 9.735889648437500000e+03 9.743629042452823342e+03
1.076932999796234071e+03 9.743755859375000000e+03 9.743672411774976354e+03
1.076953433301299810e+03 9.745207031250000000e+03 9.743717257379781586e+03
1.076973866806365550e+03 9.748299804687500000e+03 9.743763598613168142e+03
1.076994300311896950e+03 9.739733398437500000e+03 9.743811454823153326e+03
1.077014733917545527e+03 9.747268554687500000e+03 9.743860845601382607e+03
1.077035167323425412e+03 9.752927734375000000e+03 9.743911789558580494e+03
1.077055600829888135e+03 9.745044921875000000e+03 9.743964306779127583e+03
1.077076034436468035e+03 9.741478515625000000e+03 9.744018416632043227e+03
1.077096467843279243e+03 9.749403320312500000e+03 9.744074137658375548e+03
1.077116901450790465e+03 9.747152343750000000e+03 9.744131490297328128e+03
1.077137334958184510e+03 9.740606445312500000e+03 9.744190493063577378e+03
1.077157768365927041e+03 9.740866210937500000e+03 9.744251165281029898e+03
1.077178201973903924e+03 9.744011718750000000e+03 9.744313527199465170e+03
1.077198635482229292e+03 9.745607421875000000e+03 9.744377597263081043e+03
1.077219068890903145e+03 9.746177734375000000e+03 9.744443394793650441e+03
1.077239502499811351e+03 9.745638671875000000e+03 9.744510933346104139e+03
1.077259936009068042e+03 9.754351562500000000e+03 9.744580182351661279e+03
1.077280369618441910e+03 9.746559570312500000e+03 9.744651096690467966e+03
1.077300803028047085e+03 9.741817382812500000e+03 9.744723629479711235e+03
1.077321236538235098e+03 9.743733398437500000e+03 9.744797735943760927e+03
1.077341670148540288e+03 9.744240234375000000e+03 9.744873370273657201e+03
1.077362103559076786e+03 9.747509765625000000e+03 9.744950485518307687e+03
1.077382537070196122e+03 9.743889648437500000e+03 9.745029036970438028e+03
1.077402970681432635e+03 9.744330078125000000e+03 9.745108978818952892e+03
1.077423404092900455e+03 9.749483398437500000e+03 9.745190264050550468e+03
1.077443837604951113e+03 9.738606445312500000e+03 9.745272848020238598e+03
1.077464271117001772e+03 9.746980468750000000e+03 9.745356684501035488e+03
1.077484704729169607e+03 9.741177734375000000e+03 9.745441728082374539e+03
1.077505138242151588e+03 9.756617187500000000e+03 9.745527932104530919e+03
1.077525571754667908e+03 9.742731445312500000e+03 9.745615251145280126e+03
1.077546005167998374e+03 9.747834960937500000e+03 9.745703638944873092e+03
1.077566438781563193e+03 9.736583984375000000e+03 9.745793050976073573e+03
1.077586872295476496e+03 9.757510742187500000e+03 9.745883440103956673e+03
1.077607305709738284e+03 9.751976562500000000e+03 9.745974760484414219e+03
1.077627739324234426e+03 9.749059570312500000e+03 9.746066967634200410e+03
1.077648172838613391e+03 9.743145507812500000e+03 9.746160014374219827e+03
1.077668606353923678e+03 9.743564453125000000e+03 9.746253855328275677e+03
1.077689039869233966e+03 9.738161132812500000e+03 9.746348444661995018e+03
1.077709473384544253e+03 9.740647460937500000e+03 9.746443736545219508e+03
1.077729907000437379e+03 9.743511718750000000e+03 9.746539685621643002e+03
1.077750340416561812e+03 9.744998046875000000e+03 9.746636244646206251e+03
1.077770773932803422e+03 9.750450195312500000e+03 9.746733369201523601e+03
1.077791207549627870e+03 9.747375000000000000e+03 9.746831013467632147e+03
1.077811640966683626e+03 9.751529296875000000e+03 9.746929130175552928e+03
1.077832074583973736e+03 9.741804687500000000e+03 9.747027675415563863e+03
1.077852508101612329e+03 9.752570312500000000e+03 9.747126601914284038e+03
1.077872941519599408e+03 9.743613281250000000e+03 9.747225863836294593e+03
1.077893375137820840e+03 9.749537109375000000e+03 9.747325416810475872e+03
1.077913808655925095e+03 9.751920898437500000e+03 9.747425213545357110e+03
1.077934242074843496e+03 9.744979492187500000e+03 9.747525208212075086e+03
1.077954675693996251e+03 9.743382812500000000e+03 9.747625356446973456e+03
1.077975109213031828e+03 9.746421875000000000e+03 9.747725610948808026e+03
1.077995542832650244e+03 9.746004882812500000e+03 9.747825926871635602e+03
1.078015976252499968e+03 9.747758789062500000e+03 9.747926256910519442e+03
1.078036409772932529e+03 9.746343750000000000e+03 9.748026556710032310e+03
1.078056843293365091e+03 9.749026367187500000e+03 9.748126779946114766e+03
1.078077276814263314e+03 9.750840820312500000e+03 9.748226880790862197e+03
1.078097710335161537e+03 9.756553710937500000e+03 9.748326813411798867e+03
1.078118143956642598e+03 9.745778320312500000e+03 9.748426532468993173e+03
1.078138577378354967e+03 9.751731445312500000e+03 9.748525990668276791e+03
1.078159010900184512e+03 9.744360351562500000e+03 9.748625143641136674e+03
1.078179444422479719e+03 9.750196289062500000e+03 9.748723945071640628e+03
1.078199877944774926e+03 9.748610351562500000e+03 9.748822349127325651e+03
1.078220311567652971e+03 9.744724609375000000e+03 9.748920310459032407e+03
1.078240745090413839e+03 9.755224609375000000e+03 9.749017782274180718e+03
1.078261178513988853e+03 9.745578125000000000e+03 9.749114718754493879e+03
1.078281612137798220e+03 9.745974609375000000e+03 9.749211075486029586e+03
1.078302045661490411e+03 9.757232421875000000e+03 9.749306805217864166e+03
1.078322479085996747e+03 9.756372070312500000e+03 9.749401862133649047e+03
1.078342912710271776e+03 9.740802734375000000e+03 9.749496201788731923e+03
1.078363346235360950e+03 9.746395507812500000e+03 9.749589776967241050e+03
1.078383779860101640e+03 9.752593750000000000e+03 9.749682542749025743e+03
1.078404213285539299e+03 9.743177734375000000e+03 9.749774451952805975e+03
1.078424646811094135e+03 9.766033203125000000e+03 9.749865460101489589e+03
1.078445080437231809e+03 9.750860351562500000e+03 9.749955521353309450e+03
1.078465513863600791e+03 9.749173828125000000e+03 9.750044588561360797e+03
1.078485947390086949e+03 9.747572265625000000e+03 9.750132617209968885e+03
1.078506381016690284e+03 9.746562500000000000e+03 9.750219561453295682e+03
1.078526814443990588e+03 9.727422851562500000e+03 9.750305374195217155e+03
1.078547248071525246e+03 9.580906250000000000e+03 9.750390011283026979e+03
1.078567681598942727e+03 9.367423828125000000e+03 9.750473425633666920e+03
1.078588115027174354e+03 9.186826171875000000e+03 9.750555571438915649e+03
1.078608548655640334e+03 9.056899414062500000e+03 9.750636404062628571e+03
1.078628982183989137e+03 9.047451171875000000e+03 9.750715876476646372e+03
1.078649415612686425e+03 9.137164062500000000e+03 9.750793942872816842e+03
1.078669849242083728e+03 9.315733398437500000e+03 9.750870558557740878e+03
1.078690282771363854e+03 9.522658203125000000e+03 9.750945676562438166e+03
1.078710716301109642e+03 9.700388671875000000e+03 9.751019251437299317e+03
1.078731149831321090e+03 9.740897460937500000e+03 9.751091237351971358e+03
1.078751583361532539e+03 9.754474609375000000e+03 9.751161588474507880e+03
1.078772016892209649e+03 9.752492187500000000e+03 9.751230258976202094e+03
1.078792450422886759e+03 9.753408203125000000e+03 9.751297203025173076e+03
1.078812883954029530e+03 9.752031250000000000e+03 9.751362374792634000e+03
1.078833317485637963e+03 9.739552734375000000e+03 9.751425728448204609e+03
1.078853751017246395e+03 9.749667968750000000e+03 9.751487218160116754e+03
1.078874184549320489e+03 9.754755859375000000e+03 9.751546798099447187e+03
1.078894618181511760e+03 9.750035156250000000e+03 9.751604422711976440e+03
1.078915051614399999e+03 9.746658203125000000e+03 9.751660045337517658e+03
1.078935485247056931e+03 9.753279296875000000e+03 9.751713621231754587e+03
1.078955918780528009e+03 9.753107421875000000e+03 9.751765103765348613e+03
1.078976352213881910e+03 9.755234375000000000e+03 9.751814447136639501e+03
1.078996785847470164e+03 9.749939453125000000e+03 9.751861606224705611e+03
1.079017219381406903e+03 9.754975585937500000e+03 9.751906534490921331e+03
1.079037652816157788e+03 9.747090820312500000e+03 9.751949186138923324e+03
1.079058086450677365e+03 9.752433593750000000e+03 9.751989515945415405e+03
1.079078519985545427e+03 9.750695312500000000e+03 9.752027477471980092e+03
1.079098953620530665e+03 9.747258789062500000e+03 9.752063025258887137e+03
1.079119387056212872e+03 9.748164062500000000e+03 9.752096112972765695e+03
1.079139820592012256e+03 9.746142578125000000e+03 9.752126695286195172e+03
1.079160254228394479e+03 9.749648437500000000e+03 9.752154726332333667e+03
1.079180687664542347e+03 9.751872070312500000e+03 9.752180160179865197e+03
1.079201121201273054e+03 9.747625976562500000e+03 9.752202977763157833e+03
1.079221554838120937e+03 9.755900390625000000e+03 9.752223205853038962e+03
1.079241988275200129e+03 9.744469726562500000e+03 9.752240875732906716e+03
1.079262421912979335e+03 9.756260742187500000e+03 9.752256019310580086e+03
1.079282855450641364e+03 9.749786132812500000e+03 9.752268667906020710e+03
1.079303288888651878e+03 9.754620117187500000e+03 9.752278853117360995e+03
1.079323722527362406e+03 9.757089843750000000e+03 9.752286606637675504e+03
1.079344156065955758e+03 9.745818359375000000e+03 9.752291959896427215e+03
1.079364589605014771e+03 9.752340820312500000e+03 9.752294944499069970e+03
1.079385023144073784e+03 9.746563476562500000e+03 9.752295592006939842e+03
1.079405456683598459e+03 9.760500000000000000e+03 9.752293933981456576e+03
1.079425890223588794e+03 9.756154296875000000e+03 9.752290001983961702e+03
1.079446323763579130e+03 9.761115234375000000e+03 9.752283827575956821e+03
1.079466757304035127e+03 9.751400390625000000e+03 9.752275442318712521e+03
1.079487190844956785e+03 9.751001953125000000e+03 9.752264877773579428e+03
1.079507624385878444e+03 9.750256835937500000e+03 9.752252165502224670e+03
1.079528057927265763e+03 9.752647460937500000e+03 9.752237337065776956e+03
1.079548491568770260e+03 9.748793945312500000e+03 9.752220423938073509e+03
1.079568925010506064e+03 9.757491210937500000e+03 9.752201457943936475e+03
1.079589358552824706e+03 9.751801757812500000e+03 9.752180470380953921e+03
1.079609792195260525e+03 9.754888671875000000e+03 9.752157492781556357e+03
1.079630225637927651e+03 9.756541015625000000e+03 9.752132557058872408e+03
1.079650659280829132e+03 9.753531250000000000e+03 9.752105694286405196e+03
1.079671092824079096e+03 9.746570312500000000e+03 9.752076936405757806e+03
1.079691526267677546e+03 9.751854492187500000e+03 9.752046315005931319e+03
1.079711959911510348e+03 9.750555664062500000e+03 9.752013861185421774e+03
1.079732393455691636e+03 9.758842773437500000e+03 9.751979606968585358e+03
1.079752826900221407e+03 9.757264648437500000e+03 9.751943583943051635e+03
1.079773260544985533e+03 9.751389648437500000e+03 9.751905823128738120e+03
1.079793694090098143e+03 9.757958007812500000e+03 9.751866356628592257e+03
1.079834561180789024e+03 9.751790039062500000e+03 9.751782432276053441e+03
1.079854994726832956e+03 9.750835937500000000e+03 9.751738037545588668e+03
1.079875428372994065e+03 9.757001953125000000e+03 9.751692062966198137e+03
1.079895861819852144e+03 9.759115234375000000e+03 9.751644540784427591e+03
1.079916295366361737e+03 9.754761718750000000e+03 9.751595501877767674e+03
1.079936729013454169e+03 9.749230468750000000e+03 9.751544977783454669e+03
1.079957162460777909e+03 9.753471679687500000e+03 9.751493000816310087e+03
1.079977596108336002e+03 9.748848632812500000e+03 9.751439601520527503e+03
1.079998029656242579e+03 9.753552734375000000e+03 9.751384812230904572e+03
1.080018463204614818e+03 9.751567382812500000e+03 9.751328664250699148e+03
1.080038896752987057e+03 9.758467773437500000e+03 9.751271189142675212e+03
1.080059330301824957e+03 9.748720703125000000e+03 9.751212418467008320e+03
1.080079763751011342e+03 9.750392578125000000e+03 9.751152384082339267e+03
1.080100197400432080e+03 9.746846679687500000e+03 9.751091116659947147e+03
1.080120630950201303e+03 9.751001953125000000e+03 9.751028648651512412e+03
1.080141064400319010e+03 9.753487304687500000e+03 9.750965011635911651e+03
1.080161498050205410e+03 9.749741210937500000e+03 9.750900236233743271e+03
1.080181931600905955e+03 9.750124023437500000e+03 9.750834354945924133e+03
1.080202365251723677e+03 9.749286132812500000e+03 9.750767398691663402e+03
1.080222798702772707e+03 9.750080078125000000e+03 9.750699400022862392e+03
1.080243232254404575e+03 9.749157226562500000e+03 9.750630389509082306e+03
1.080263665905687958e+03 9.750366210937500000e+03 9.750560398700370570e+03
1.080284099357668310e+03 9.750243164062500000e+03 9.750489460189288366e+03
1.080304532910231501e+03 9.746096679687500000e+03 9.750417604503076291e+03
1.080324966562911868e+03 9.751505859375000000e+03 9.750344863191639888e+03
1.080345400015357882e+03 9.753323242187500000e+03 9.750271268892100125e+03
1.080365833668503910e+03 9.753635742187500000e+03 9.750196851722157589e+03
1.080386267221998423e+03 9.750594726562500000e+03 9.750121644331193238e+03
1.080406700675841421e+03 9.743911132812500000e+03 9.750045678292099183e+03
1.080427134329918772e+03 9.755838867187500000e+03 9.749968984046083278e+03
1.080447567884344608e+03 9.750230468750000000e+03 9.749891594274988165e+03
1.080468001338653266e+03 9.751127929687500000e+03 9.749813540552104314e+03
1.080488434993661940e+03 9.751123046875000000e+03 9.749734853285153804e+03
1.080508868548553437e+03 9.748892578125000000e+03 9.749655565189508707e+03
1.080529302204027772e+03 9.754849609375000000e+03 9.749575707048270488e+03
1.080549735659733415e+03 9.741780273437500000e+03 9.749495311600825517e+03
1.080570169216021895e+03 9.748335937500000000e+03 9.749414409230843376e+03
1.080590602872427553e+03 9.748420898437500000e+03 9.749333031494506940e+03
1.080611036329064518e+03 9.746009765625000000e+03 9.749251211151011375e+03
1.080631469885818660e+03 9.745254882812500000e+03 9.749168978564281133e+03
1.080651903543155640e+03 9.753098632812500000e+03 9.749086365288174420e+03
1.080672337100375444e+03 9.751743164062500000e+03 9.749003403695811357e+03
1.080692770658060908e+03 9.749284179687500000e+03 9.748920124942997063e+03
1.080713204216212034e+03 9.750911132812500000e+03 9.748836560591284069e+03
1.080733637674711645e+03 9.744780273437500000e+03 9.748752742613478404e+03
1.080754071333445609e+03 9.748467773437500000e+03 9.748668701339312975e+03
1.080774504892062396e+03 9.756458984375000000e+03 9.748584469564117171e+03
1.080794938351493329e+03 9.751695312500000000e+03 9.748500078848192061e+03
1.080815372010692954e+03 9.749686523437500000e+03 9.748415559517408838e+03
1.080835805570706725e+03 9.753429687500000000e+03 9.748330944369046847e+03
1.080856239030603319e+03 9.746570312500000000e+03 9.748246264969720869e+03
1.080876672691199929e+03 9.752041015625000000e+03 9.748161551634064381e+03
1.080897106251679361e+03 9.740918945312500000e+03 9.748076837170614453e+03
1.080917539912741631e+03 9.750509765625000000e+03 9.747992152309227095e+03
1.080937973374035209e+03 9.751729492187500000e+03 9.747907529855885514e+03
1.080958406935445964e+03 9.754153320312500000e+03 9.747823000129721549e+03
1.080978840597439557e+03 9.738421875000000000e+03 9.747738594692002152e+03
1.080999274059198797e+03 9.744300781250000000e+03 9.747654346345843805e+03
1.081019707621540874e+03 9.743917968750000000e+03 9.747570285411335135e+03
1.081040141284465790e+03 9.753907226562500000e+03 9.747486443453075481e+03
1.081060574747156352e+03 9.744297851562500000e+03 9.747402853265195517e+03
1.081081008410546929e+03 9.745321289062500000e+03 9.747319544769354252e+03
1.081101441974285990e+03 9.751313476562500000e+03 9.747236550753859774e+03
1.081121875437907875e+03 9.748408203125000000e+03 9.747153902777368785e+03
1.081142309102229774e+03 9.749312500000000000e+03 9.747071629288908298e+03
1.081162742666434497e+03 9.749970703125000000e+03 9.746989742374027628e+03
1.081183176231104881e+03 9.754127929687500000e+03 9.746908241769613596e+03
1.081203609796240926e+03 9.742198242187500000e+03 9.746827127493052103e+03
1.081224043361376971e+03 9.745148437500000000e+03 9.746746399563558953e+03
1.081244477027095854e+03 9.745470703125000000e+03 9.746666057603968511e+03
1.081264910493046045e+03 9.747416015625000000e+03 9.746586102809753356e+03
1.081285344059113413e+03 9.749375000000000000e+03 9.746506534022015330e+03
1.081305777725297958e+03 9.745908203125000000e+03 9.746427351263793753e+03
1.081326211192179471e+03 9.750437500000000000e+03 9.746348555709912034e+03
1.081346644759178162e+03 9.747251953125000000e+03 9.746270146220289462e+03
1.081367078426294029e+03 9.745701171875000000e+03 9.746192122817967174e+03
1.081387511894106865e+03 9.743056640625000000e+03 9.746114486660784678e+03
1.081407945462036878e+03 9.738494140625000000e+03 9.746037236625648802e+03
1.081428379130084068e+03 9.739373046875000000e+03 9.745960372735597048e+03
1.081448812598362565e+03 9.749648437500000000e+03 9.745883896133218514e+03
1.081469246267341077e+03 9.749816406250000000e+03 9.745807805337059108e+03
1.081489679836202413e+03 9.738466796875000000e+03 9.745732101487508771e+03
1.081510113305877894e+03 9.745709960937500000e+03 9.745656784592816621e+03
1.081530546975322068e+03 9.745787109375000000e+03 9.745581853571264219e+03
1.081550980545114726e+03 9.745929687500000000e+03 9.745507309541029827e+03
1.081571414015255868e+03 9.740745117187500000e+03 9.745433152513818641e+03
1.081591847685631365e+03 9.744078125000000000e+03 9.745359381421494618e+03
1.081612281256355345e+03 9.744849609375000000e+03 9.745285997366941956e+03
1.081632714927662164e+03 9.743079101562500000e+03 9.745212999648429104e+03
1.081653148398734629e+03 9.745929687500000000e+03 9.745140389355132356e+03
1.081673581970855594e+03 9.744554687500000000e+03 9.745068165430981026e+03
1.081694015642628074e+03 9.749321289062500000e+03 9.744996327903972997e+03
1.081714449114631861e+03 9.741041992187500000e+03 9.744924877841276611e+03
1.081734882687218487e+03 9.743481445312500000e+03 9.744853814207182950e+03
1.081755316359922290e+03 9.747729492187500000e+03 9.744783137026373879e+03
1.081775749832857400e+03 9.747661132812500000e+03 9.744712847350632728e+03
1.081796183506492525e+03 9.747209960937500000e+03 9.744642943819764696e+03
1.081816617080010474e+03 9.739254882812500000e+03 9.744573427483072010e+03
1.081837050553876907e+03 9.731483398437500000e+03 9.744504298350660974e+03
1.081857484228443354e+03 9.750145507812500000e+03 9.744435555426622159e+03
1.081877917802892625e+03 9.752347656250000000e+03 9.744367199743177480e+03
1.081898351377807558e+03 9.748113281250000000e+03 9.744299230978387641e+03
1.081918784952722490e+03 9.745869140625000000e+03 9.744231649151159218e+03
1.081939218528103083e+03 9.733959960937500000e+03 9.744164454277328332e+03
1.081959652203600854e+03 9.743609375000000000e+03 9.744097646049409377e+03
1.081980085679795593e+03 9.741283203125000000e+03 9.744031225460896167e+03
1.082000519256107509e+03 9.744342773437500000e+03 9.743965191553044860e+03
1.082020952832419425e+03 9.750472656250000000e+03 9.743899544669595343e+03
1.082041386409197003e+03 9.746753906250000000e+03 9.743834284826420117e+03
1.082061819986440241e+03 9.733685546875000000e+03 9.743769412040906900e+03
1.082082253663800657e+03 9.740558593750000000e+03 9.743704926016895115e+03
1.082102687141392380e+03 9.738100585937500000e+03 9.743640827715305932e+03
1.082123120719566941e+03 9.743324218750000000e+03 9.743577116208502048e+03
1.082143554397858679e+03 9.748861328125000000e+03 9.743513791520992527e+03
1.082163987876381725e+03 9.741824218750000000e+03 9.743450854596660065e+03
1.082184421555139124e+03 9.750722656250000000e+03 9.743388304220825376e+03
1.082204855134245008e+03 9.742520507812500000e+03 9.743326141331708641e+03
1.082225288613699377e+03 9.737475585937500000e+03 9.743264365940987773e+03
1.082245722293388098e+03 9.736904296875000000e+03 9.743202977162258321e+03
1.082266155873425305e+03 9.751573242187500000e+03 9.743141975916680167e+03
1.082286589353810996e+03 9.736817382812500000e+03 9.743081362215943955e+03
1.082307023034431040e+03 9.746011718750000000e+03 9.743021135190690984e+03
1.082327456615399569e+03 9.733148437500000000e+03 9.742961295745022653e+03
1.082347890296485275e+03 9.738409179687500000e+03 9.742901843311297853e+03
1.082368323777802289e+03 9.742744140625000000e+03 9.742842778776563136e+03
1.082388757359702140e+03 9.739745117187500000e+03 9.742784101287170415e+03
1.082409191041719168e+03 9.742731445312500000e+03 9.742725810867515975e+03
1.082429624523967505e+03 9.740142578125000000e+03 9.742667908387596981e+03
1.082450058106333017e+03 9.739904296875000000e+03 9.742610393012153509e+03
1.082470491789281368e+03 9.749199218750000000e+03 9.742553264762933395e+03
1.082490925272461027e+03 9.747923828125000000e+03 9.742496524494192272e+03
1.082511358955875039e+03 9.734984375000000000e+03 9.742440171112559256e+03
1.082531792539637536e+03 9.738166992187500000e+03 9.742384205465303239e+03
1.082552226123865694e+03 9.748783203125000000e+03 9.742328627292743477e+03
1.082572659708093852e+03 9.740148437500000000e+03 9.742273436613515514e+03
1.082593093292787671e+03 9.741405273437500000e+03 9.742218633443735598e+03
1.082613526877481490e+03 9.752162109375000000e+03 9.742164217802019266e+03
1.082633960462640971e+03 9.746497070312500000e+03 9.742110189704497316e+03
1.082654394048266113e+03 9.742933593750000000e+03 9.742056549168553829e+03
1.082674827633891255e+03 9.738126953125000000e+03 9.742003296212780697e+03
1.082695261219982058e+03 9.740778320312500000e+03 9.741950430853336002e+03
1.082715694806538522e+03 9.737625976562500000e+03 9.741897953107600188e+03
1.082736128393094987e+03 9.747267578125000000e+03 9.741845862994137860e+03
1.082756561980117112e+03 9.738989257812500000e+03 9.741794160529136207e+03
1.082797429254744202e+03 9.737267578125000000e+03 9.741691918367780090e+03
1.082817862742580473e+03 9.733331054687500000e+03 9.741641379202155804e+03
1.082838296330533922e+03 9.740086914062500000e+03 9.741591227507073199e+03
1.082858730019070208e+03 9.742131835937500000e+03 9.741541463304452918e+03
1.082879163507837802e+03 9.738668945312500000e+03 9.741492087340306171e+03
1.082899597196839750e+03 9.734601562500000000e+03 9.741443098665424259e+03
1.082920030785724521e+03 9.738954101562500000e+03 9.741394498020095853e+03
1.082940464275423437e+03 9.741419921875000000e+03 9.741346285413783335e+03
1.082960897965356708e+03 9.741814453125000000e+03 9.741298460160243849e+03
1.082981331555172801e+03 9.745569335937500000e+03 9.741251022982660288e+03
1.083001765045803040e+03 9.753009765625000000e+03 9.741203973890551424e+03
1.083022198736201972e+03 9.737269531250000000e+03 9.741157312215782440e+03
1.083042632327415049e+03 9.738714843750000000e+03 9.741111038661258135e+03
1.083063066018745303e+03 9.744236328125000000e+03 9.741065152793018569e+03
1.083083499510306865e+03 9.743471679687500000e+03 9.741019655281792438e+03
1.083103933101985604e+03 9.745321289062500000e+03 9.740974536440671727e+03
1.083124366794247180e+03 9.741508789062500000e+03 9.740929763487165474e+03
1.083144800286740065e+03 9.748749023437500000e+03 9.740885300418962288e+03
1.083165233879350126e+03 9.740449218750000000e+03 9.740841109923254407e+03
1.083185667572077364e+03 9.743794921875000000e+03 9.740797155345708234e+03
1.083206101165618747e+03 9.743871093750000000e+03 9.740753400456824238e+03
1.083226534759160131e+03 9.742018554687500000e+03 9.740709808384608550e+03
1.083246968352701515e+03 9.739873046875000000e+03 9.740666342470984091e+03
1.083267401947174221e+03 9.745826171875000000e+03 9.740622966055885627e+03
1.083287835541646928e+03 9.731939453125000000e+03 9.740579642483206044e+03
1.083308269136119634e+03 9.736705078125000000e+03 9.740536335094857350e+03
1.083328702630940825e+03 9.744372070312500000e+03 9.740493007444158138e+03
1.083349136326462030e+03 9.740821289062500000e+03 9.740449622235813877e+03
1.083369569921866059e+03 9.747155273437500000e+03 9.740406143449918090e+03
1.083390003517735749e+03 9.742442382812500000e+03 9.740362534214975312e+03
1.083410437114071101e+03 9.734684570312500000e+03 9.740318757872881179e+03
1.083430870710406452e+03 9.747815429687500000e+03 9.740274777766524494e+03
1.083451304407324642e+03 9.746925781250000000e+03 9.740230557019483967e+03
1.083471737904474139e+03 9.736460937500000000e+03 9.740186059625575581e+03
1.083492171501740813e+03 9.740398437500000000e+03 9.740141248275758699e+03
1.083512605199124664e+03 9.740987304687500000e+03 9.740096086307050427e+03
1.083533038697205484e+03 9.743626953125000000e+03 9.740050537725835966e+03
1.083553472295403481e+03 9.736737304687500000e+03 9.740004565209481370e+03
1.083573905993718654e+03 9.736508789062500000e+03 9.739958132093368476e+03
1.083594339492730796e+03 9.733640625000000000e+03 9.739911202403316565e+03
1.083614773191511631e+03 9.736617187500000000e+03 9.739863738564406958e+03
1.083635206790640950e+03 9.734648437500000000e+03 9.739815704610009561e+03
1.083655640290584415e+03 9.728923828125000000e+03 9.739767063889506971e+03
1.083676073990296572e+03 9.741286132812500000e+03 9.739717779028478617e+03
1.083696507590357214e+03 9.750077148437500000e+03 9.739667814086165890e+03
1.083716941091232002e+03 9.759331054687500000e+03 9.739617132413502986e+03
1.083737374791875482e+03 9.744725585937500000e+03 9.739565696605390258e+03
1.083757808392867446e+03 9.735944335937500000e+03 9.739513470751780915e+03
1.083778242094442248e+03 9.746353515625000000e+03 9.739460417682323168e+03
1.083798675595782697e+03 9.741747070312500000e+03 9.739406501526153079e+03
1.083819109197705984e+03 9.736070312500000000e+03 9.739351684837800349e+03
1.083839542899746448e+03 9.738670898437500000e+03 9.739295930946849694e+03
1.083859976502601057e+03 9.732576171875000000e+03 9.739239203738765355e+03
1.083880410005338490e+03 9.735015625000000000e+03 9.739181466572503268e+03
1.083900843708310276e+03 9.740610351562500000e+03 9.739122681933651620e+03
1.083921277311630547e+03 9.737326171875000000e+03 9.739062814018976496e+03
1.083941710915416479e+03 9.737734375000000000e+03 9.739001825884835853e+03
1.083962144519202411e+03 9.745940429687500000e+03 9.738939680874444093e+03
1.083982578123454005e+03 9.736850585937500000e+03 9.738876342328203464e+03
1.084003011728171259e+03 9.744707031250000000e+03 9.738811773587884090e+03
1.084023445332888514e+03 9.739993164062500000e+03 9.738745937996769499e+03
1.084043878837954253e+03 9.735237304687500000e+03 9.738678799227385753e+03
1.084064312543254346e+03 9.736595703125000000e+03 9.738610319626433920e+03
1.084084746148902923e+03 9.742140625000000000e+03 9.738540463530791385e+03
1.084105179654899985e+03 9.742423828125000000e+03 9.738469194302721007e+03
1.084125613361131400e+03 9.750839843750000000e+03 9.738396474227485669e+03
1.084146046967711300e+03 9.730822265625000000e+03 9.738322267703380930e+03
1.084166480674408376e+03 9.742982421875000000e+03 9.738246537346334662e+03
1.084186914181336761e+03 9.734537109375000000e+03 9.738169247620933675e+03
1.084207347788847983e+03 9.729670898437500000e+03 9.738090360744390637e+03
1.084227781496476382e+03 9.741456054687500000e+03 9.738009840036542300e+03
1.084248215004801750e+03 9.734420898437500000e+03 9.737927650031191661e+03
1.084268648612778634e+03 9.739302734375000000e+03 9.737843752879995009e+03
1.084289082321338356e+03 9.745577148437500000e+03 9.737758111895596812e+03
1.084309515830129385e+03 9.741415039062500000e+03 9.737670691691537286e+03
1.084329949539620429e+03 9.736766601562500000e+03 9.737581453895965751e+03
1.084350383148994297e+03 9.733659179687500000e+03 9.737490363150929625e+03
1.084370816658716649e+03 9.745281250000000000e+03 9.737397382823632142e+03
1.084391250368673354e+03 9.740039062500000000e+03 9.737302474877165878e+03
1.084411683978978544e+03 9.738692382812500000e+03 9.737205604031914845e+03
1.084432117589283735e+03 9.741500000000000000e+03 9.737106733171585802e+03
1.084452551200054586e+03 9.736301757812500000e+03 9.737005825635675137e+03
1.084472984811291099e+03 9.732179687500000000e+03 9.736902844765865666e+03
1.084493418522644788e+03 9.742863281250000000e+03 9.736797753386115801e+03
1.084513852034229785e+03 9.744919921875000000e+03 9.736690516396187377e+03
1.084534285646397620e+03 9.744079101562500000e+03 9.736581095577335873e+03
1.084554719358682632e+03 9.745890625000000000e+03 9.736469454241441781e+03
1.084575152871198952e+03 9.736904296875000000e+03 9.736355557385177235e+03
1.084595586484298110e+03 9.731288085937500000e+03 9.736239366692716430e+03
1.084616020197048783e+03 9.729624023437500000e+03 9.736120845477184048e+03
1.084636453810613602e+03 9.734892578125000000e+03 9.735999958233474899e+03
1.084656887424644083e+03 9.735388671875000000e+03 9.735876667730932240e+03
1.084677321038674563e+03 9.732135742187500000e+03 9.735750937314091061e+03
1.084697754552587867e+03 9.732364257812500000e+03 9.735622730959050386e+03
1.084718188267201185e+03 9.736069335937500000e+03 9.735492010101721462e+03
1.084738621882162988e+03 9.736991210937500000e+03 9.735358739986617366e+03
1.084759055397473276e+03 9.740563476562500000e+03 9.735222883993108553e+03
1.084779489113017917e+03 9.732742187500000000e+03 9.735084403449873207e+03
1.084799922728445381e+03 9.731891601562500000e+03 9.734943263714834757e+03
1.084820356444455683e+03 9.737622070312500000e+03 9.734799426743029471e+03
1.084840789961162955e+03 9.727688476562500000e+03 9.734652858006920724e+03
1.084861223577521741e+03 9.734691406250000000e+03 9.734503518724002788e+03
1.084881657294463366e+03 9.729100585937500000e+03 9.734351372188273672e+03
1.084902090811636299e+03 9.731194335937500000e+03 9.734196383998505553e+03
1.084922524428926408e+03 9.729795898437500000e+03 9.734038515242740687e+03
1.084942958146799356e+03 9.730003906250000000e+03 9.733877729216474108e+03
1.084963391664903611e+03 9.726464843750000000e+03 9.733713991646263821e+03
1.084983825283125043e+03 9.728311523437500000e+03 9.733547263492542697e+03
1.085004259001929313e+03 9.730415039062500000e+03 9.733377508048975869e+03
1.085024692520499229e+03 9.731513671875000000e+03 9.733204691178734720e+03
1.085045126239769161e+03 9.729318359375000000e+03 9.733028778032101400e+03
1.085065559859387577e+03 9.740471679687500000e+03 9.732849827370448111e+03
1.085085993479005992e+03 9.735595703125000000e+03 9.732667967444329406e+03
1.085106427099090070e+03 9.739355468750000000e+03 9.732483329567705368e+03
1.085126860719639808e+03 9.735431640625000000e+03 9.732296045058599702e+03
1.085147294340189546e+03 9.732883789062500000e+03 9.732106245239403506e+03
1.085167727961204946e+03 9.734196289062500000e+03 9.731914061423936801e+03
1.085188161582220346e+03 9.724289062500000000e+03 9.731719624934716194e+03
1.085208595303818583e+03 9.728941406250000000e+03 9.731523066117428243e+03
1.085229028825648129e+03 9.725843750000000000e+03 9.731324519194296954e+03
1.085249462447594851e+03 9.727120117187500000e+03 9.731124112583891474e+03
1.085269896170124412e+03 9.726338867187500000e+03 9.730921977573481854e+03
1.085290329692419618e+03 9.736190429687500000e+03 9.730718248469060200e+03
1.085310763315763324e+03 9.731480468750000000e+03 9.730513053596305326e+03
1.085331197038758546e+03 9.730304687500000000e+03 9.730306524266887209e+03
1.085351630562450737e+03 9.725041015625000000e+03 9.730098794829815233e+03
1.085372064285911620e+03 9.746988281250000000e+03 9.729889992547170550e+03
1.085392497910186648e+03 9.733770507812500000e+03 9.729680251784526263e+03
1.085412931434344500e+03 9.729776367187500000e+03 9.729469703882505200e+03
1.085433365159202367e+03 9.718761718750000000e+03 9.729258477054450850e+03
1.085453798783943057e+03 9.719486328125000000e+03 9.729046705723581908e+03
1.085474232309497893e+03 9.728431640625000000e+03 9.728834521205568308e+03
1.085494666034821421e+03 9.733316406250000000e+03 9.728622051711925451e+03
1.085515099660493433e+03 9.726809570312500000e+03 9.728409431672576829e+03
1.085535533186513931e+03 9.727718750000000000e+03 9.728196792407092289e+03
1.085555966913234442e+03 9.729725585937500000e+03 9.727984262108720941e+03
1.085576400539837778e+03 9.727642578125000000e+03 9.727771975225728966e+03
1.085596834266558290e+03 9.737272460937500000e+03 9.727560060997582696e+03
1.085617267793975770e+03 9.726786132812500000e+03 9.727348653844504952e+03
1.085637701421510428e+03 9.734201171875000000e+03 9.727137881983007901e+03
1.085658135149162263e+03 9.732940429687500000e+03 9.726927876741769069e+03
1.085678568677511066e+03 9.731050781250000000e+03 9.726718772510175768e+03
1.085699002305977046e+03 9.717668945312500000e+03 9.726510697535644795e+03
1.085719436034560204e+03 9.725899414062500000e+03 9.726303783152656251e+03
1.085739869663491845e+03 9.729067382812500000e+03 9.726098162703045091e+03
1.085780736922286451e+03 9.726756835937500000e+03 9.725691325832205621e+03
1.085801170552149415e+03 9.720753906250000000e+03 9.725490372047897836e+03
1.085821604182012379e+03 9.720928710937500000e+03 9.725291236458648200e+03
1.085842037812341005e+03 9.723937500000000000e+03 9.725094050378371321e+03
1.085862471443135291e+03 9.731750000000000000e+03 9.724898945125618411e+03
1.085882905073929578e+03 9.722291992187500000e+03 9.724706052023324446e+03
1.085903338705655187e+03 9.720817382812500000e+03 9.724515502381269471e+03
1.085923772336915135e+03 9.719141601562500000e+03 9.724327427530992281e+03
1.085944205968640745e+03 9.728875000000000000e+03 9.724141958782351139e+03
1.085964639600832015e+03 9.719458984375000000e+03 9.723959227453960921e+03
1.085985073333140463e+03 9.726846679687500000e+03 9.723779363994508458e+03
1.086005506866145879e+03 9.720115234375000000e+03 9.723602502336489124e+03
1.086025940498802811e+03 9.724354492187500000e+03 9.723428771188508108e+03
1.086046374232042581e+03 9.722226562500000000e+03 9.723258301908090289e+03
1.086066807765513659e+03 9.721705078125000000e+03 9.723091228295001201e+03
1.086087241499684751e+03 9.725490234375000000e+03 9.722927678394393297e+03
1.086107675133738667e+03 9.720701171875000000e+03 9.722767785958812965e+03
1.086128108668141067e+03 9.715999023437500000e+03 9.722611682248512807e+03
1.086148542402777821e+03 9.722153320312500000e+03 9.722459496319585014e+03
1.086168976037763059e+03 9.726916992187500000e+03 9.722311361753269011e+03
1.086189409573096782e+03 9.730565429687500000e+03 9.722167409807840158e+03
1.086209843308664858e+03 9.724147460937500000e+03 9.722027769720658398e+03
1.086230276944581419e+03 9.726536132812500000e+03 9.721892574891764525e+03
1.086250710580497980e+03 9.732373046875000000e+03 9.721761955948051764e+03
1.086271144216880202e+03 9.719276367187500000e+03 9.721636044205222788e+03
1.086291577853728086e+03 9.724541992187500000e+03 9.721514970982119848e+03
1.086312011590693146e+03 9.716652343750000000e+03 9.721398867043733844e+03
1.086332445127889514e+03 9.718208007812500000e+03 9.721287865375539695e+03
1.086352878765668720e+03 9.728806640625000000e+03 9.721182095627018498e+03
1.086373312503565103e+03 9.724791015625000000e+03 9.721081689197180822e+03
1.086393746041692793e+03 9.726596679687500000e+03 9.720986778838272585e+03
1.086414179679937661e+03 9.715889648437500000e+03 9.720897494435408589e+03
1.086434613418765366e+03 9.715777343750000000e+03 9.720813967388978199e+03
1.086455047057941556e+03 9.723010742187500000e+03 9.720736329836987352e+03
1.086475480697117746e+03 9.718198242187500000e+03 9.720664712676518320e+03
1.086495914336759597e+03 9.719555664062500000e+03 9.720599247224727151e+03
1.086516347976401448e+03 9.721509765625000000e+03 9.720540064801902190e+03
1.086536781616508961e+03 9.724296875000000000e+03 9.720487296725503256e+03
1.086557215257082134e+03 9.719740234375000000e+03 9.720441074314567231e+03
1.086577648897655308e+03 9.714569335937500000e+03 9.720401528888971370e+03
1.086598082538694143e+03 9.713144531250000000e+03 9.720368791766659342e+03
1.086618516180198640e+03 9.725059570312500000e+03 9.720342994266706228e+03
1.086638949921820313e+03 9.727980468750000000e+03 9.720324267634350690e+03
1.086659383463673294e+03 9.721086914062500000e+03 9.720312743410682742e+03
1.086679817105643451e+03 9.721266601562500000e+03 9.720308552692184094e+03
1.086700250848196447e+03 9.718666015625000000e+03 9.720311826906416172e+03
1.086720684390980750e+03 9.718805664062500000e+03 9.720322697268897173e+03
1.086741118033882231e+03 9.721030273437500000e+03 9.720341295201920730e+03
1.086761551777366549e+03 9.715339843750000000e+03 9.720367752139385630e+03
1.086781985320616513e+03 9.716305664062500000e+03 9.720402198952320759e+03
1.086802418964449316e+03 9.718083984375000000e+03 9.720444767407740073e+03
1.086822852708864957e+03 9.720095703125000000e+03 9.720495588945210329e+03
1.086843286253046244e+03 9.718462890625000000e+03 9.720554794074214442e+03
1.086863719997927547e+03 9.720833007812500000e+03 9.720622515276270860e+03
1.086884153643157333e+03 9.723353515625000000e+03 9.720698882938135284e+03
1.086904587188269943e+03 9.722286132812500000e+03 9.720784028248988761e+03
1.086925020934082568e+03 9.721488281250000000e+03 9.720878083846482696e+03
1.086945454579778016e+03 9.722479492187500000e+03 9.720981179730770236e+03
1.086965888225939125e+03 9.720487304687500000e+03 9.721093447662122344e+03
1.086986321872100234e+03 9.720914062500000000e+03 9.721215018957005668e+03
