1.098061402948573232e+03 9.741735351562500000e+03 9.741451073876454757e+03
1.098081836747471243e+03 9.761289062500000000e+03 9.741493951616213963e+03
1.098102270446717739e+03 9.740249023437500000e+03 9.741532384692665801e+03
1.098122704345732927e+03 9.749739257812500000e+03 9.741566442300572817e+03
1.098143138145562261e+03 9.745083984375000000e+03 9.741596192573444569e+03
1.098163571845274419e+03 9.744495117187500000e+03 9.741621704236356891e+03
1.098184005745220929e+03 9.740987304687500000e+03 9.741643046297416731e+03
1.098204439545981586e+03 9.750767578125000000e+03 9.741660287077065732e+03
1.098224873346276581e+03 9.741821289062500000e+03 9.741673495352642931e+03
1.098245307147502899e+03 9.776574218750000000e+03 9.741682739788851904e+03
1.098265740948729217e+03 9.738098632812500000e+03 9.741688089048933762e+03
1.098286174850072712e+03 9.745126953125000000e+03 9.741689611795032761e+03
1.098306608551647514e+03 9.730416015625000000e+03 9.741687376696401770e+03
1.098327042353805155e+03 9.741685546875000000e+03 9.741681452411321516e+03
1.098347476155962795e+03 9.736598632812500000e+03 9.741671907605559682e+03
1.098367909958586097e+03 9.739126953125000000e+03 9.741658810942715718e+03
1.098388343761209399e+03 9.751262695312500000e+03 9.741642231086931133e+03
1.098408777664415538e+03 9.744382812500000000e+03 9.741622236595439972e+03
1.098429211367852986e+03 9.732978515625000000e+03 9.741598896450630491e+03
1.098449645271524787e+03 9.741903320312500000e+03 9.741572278859897779e+03
1.098470079075545073e+03 9.743257812500000000e+03 9.741542452853815121e+03
1.098490512779913843e+03 9.736747070312500000e+03 9.741509487142793660e+03
1.098510946684051305e+03 9.797876953125000000e+03 9.741473449885004811e+03
1.098531380489002913e+03 9.747153320312500000e+03 9.741434410249155917e+03
1.098551814193837345e+03 9.741187500000000000e+03 9.741392436944424844e+03
1.098572248098906130e+03 9.731219726562500000e+03 9.741347597996604236e+03
1.098592681904789060e+03 9.743308593750000000e+03 9.741299962705623329e+03
1.098613115810323507e+03 9.756050781250000000e+03 9.741249599272570777e+03
1.098633549516554922e+03 9.731575195312500000e+03 9.741196577117885681e+03
1.098653983322903514e+03 9.743891601562500000e+03 9.741140964147803970e+03
1.098674417229834944e+03 9.739141601562500000e+03 9.741082828987395260e+03
1.098694850936532021e+03 9.745196289062500000e+03 9.741022241174596275e+03
1.098715284743811935e+03 9.742608398437500000e+03 9.740959268499242171e+03
1.098735718651209027e+03 9.742841796875000000e+03 9.740893979592136020e+03
1.098756152358837426e+03 9.788257812500000000e+03 9.740826444092061138e+03
1.098776586167048663e+03 9.734840820312500000e+03 9.740756729686529070e+03
1.098797020075377077e+03 9.745252929687500000e+03 9.740684905009542490e+03
1.098817453783936799e+03 9.732341796875000000e+03 9.740611039794306635e+03
1.098837887692730874e+03 9.740305664062500000e+03 9.740535201259257519e+03
1.098858321501873434e+03 9.729860351562500000e+03 9.740457459167013440e+03
1.098878755311015993e+03 9.735188476562500000e+03 9.740377881816502850e+03
1.098899189120624214e+03 9.744328125000000000e+03 9.740296537869870008e+03
1.098919622930698097e+03 9.751231445312500000e+03 9.740213495991025411e+03
1.098940056740771979e+03 9.743700195312500000e+03 9.740128824845827694e+03
1.098980924361851066e+03 9.739427734375000000e+03 9.739954869408467857e+03
1.099001358172856271e+03 9.733369140625000000e+03 9.739865722444235871e+03
1.099021791984327137e+03 9.734257812500000000e+03 9.739775220867581083e+03
1.099042225795798004e+03 9.734917968750000000e+03 9.739683433344551304e+03
1.099062659707386047e+03 9.729541015625000000e+03 9.739590428080646234e+03
1.099083093419671059e+03 9.743582031250000000e+03 9.739496275111258001e+03
1.099103527232073247e+03 9.732296875000000000e+03 9.739401041728975542e+03
1.099144394857343286e+03 9.741043945312500000e+03 9.739207609755401791e+03
1.099164828670676798e+03 9.738110351562500000e+03 9.739109548489937879e+03
1.099205696297809482e+03 9.737194335937500000e+03 9.738911078726217966e+03
1.099226130211725831e+03 9.738648437500000000e+03 9.738810807063255197e+03
1.099246564025990665e+03 9.738859375000000000e+03 9.738709936582001319e+03
1.099266997740603983e+03 9.738689453125000000e+03 9.738608535954797844e+03
1.099287431654985994e+03 9.744822265625000000e+03 9.738506672356303170e+03
1.099307865470182151e+03 9.742907226562500000e+03 9.738404415937651720e+03
1.099328299185726792e+03 9.732168945312500000e+03 9.738301835370493791e+03
1.099348733101040125e+03 9.737327148437500000e+03 9.738198997813720780e+03
1.099369166917167604e+03 9.743128906250000000e+03 9.738095973434246844e+03
1.099389600832946599e+03 9.739933593750000000e+03 9.737992829894370516e+03
1.099410034549422562e+03 9.740618164062500000e+03 9.737889637367734395e+03
1.099430468366481364e+03 9.741673828125000000e+03 9.737786463004180405e+03
1.099450902283191681e+03 9.742803710937500000e+03 9.737683375473277920e+03
1.099471336000133306e+03 9.732792968750000000e+03 9.737580444948704098e+03
1.099491769818123430e+03 9.739227539062500000e+03 9.737477738577965283e+03
1.099512203735765070e+03 9.742984375000000000e+03 9.737375325035998685e+03
1.099532637553755194e+03 9.737556640625000000e+03 9.737273273986082131e+03
1.099553071371745318e+03 9.736347656250000000e+03 9.737171653592118673e+03
1.099573505190666765e+03 9.737523437500000000e+03 9.737070532513613216e+03
1.099593939009122550e+03 9.742966796875000000e+03 9.736969979421613971e+03
1.099614372828509659e+03 9.735807617187500000e+03 9.736870062973383028e+03
1.099634806647896767e+03 9.740090820312500000e+03 9.736770851837643932e+03
1.099655240467749536e+03 9.738423828125000000e+03 9.736672414676282642e+03
1.099675674287602305e+03 9.741345703125000000e+03 9.736574820155699854e+03
1.099696108107455075e+03 9.732051757812500000e+03 9.736478136940020704e+03
1.099716541828121990e+03 9.740835937500000000e+03 9.736382434155430019e+03
1.099736975749023259e+03 9.728297851562500000e+03 9.736287779071313707e+03
1.099757409569807351e+03 9.744641601562500000e+03 9.736194241750987203e+03
1.099777843491174281e+03 9.736325195312500000e+03 9.736101889940640831e+03
1.099798277212772518e+03 9.747576171875000000e+03 9.736010793652894790e+03
1.099818711034487933e+03 9.736786132812500000e+03 9.735921020205618333e+03
1.099839144956320524e+03 9.732303710937500000e+03 9.735832638282916378e+03
1.099859578678850085e+03 9.743831054687500000e+03 9.735745717833533490e+03
1.099880012501496822e+03 9.737102539062500000e+03 9.735660326237159097e+03
1.099900446424260736e+03 9.741130859375000000e+03 9.735576532180934009e+03
1.099920880147721618e+03 9.733670898437500000e+03 9.735494405544890469e+03
1.099941314070951194e+03 9.734268554687500000e+03 9.735414013389754473e+03
1.099961747894529253e+03 9.741459960937500000e+03 9.735335425570612642e+03
1.099982181618455797e+03 9.737357421875000000e+03 9.735258710724727280e+03
1.100002615543082356e+03 9.734884765625000000e+03 9.735183936402891050e+03
1.100023049367591739e+03 9.735442382812500000e+03 9.735111172384560632e+03
1.100043483192101121e+03 9.736189453125000000e+03 9.735040486962736395e+03
1.100063917017076164e+03 9.739406250000000000e+03 9.734971948800062819e+03
1.100084350842516869e+03 9.728400390625000000e+03 9.734905626560863311e+03
1.100104784768074751e+03 9.733091796875000000e+03 9.734841588602866977e+03
1.100125218493863940e+03 9.738653320312500000e+03 9.734779904513015936e+03
1.100145652320235968e+03 9.740493164062500000e+03 9.734720642031523312e+03
1.100166086246725172e+03 9.743411132812500000e+03 9.734663869860120030e+03
1.100186519972980022e+03 9.743921875000000000e+03 9.734609657203774987e+03
1.100206953800283372e+03 9.729829101562500000e+03 9.734558038191938977e+03
1.100227387727238238e+03 9.734885742187500000e+03 9.734508982778814243e+03
1.100247821555007249e+03 9.735852539062500000e+03 9.734462453870317404e+03
1.100268255282659084e+03 9.730700195312500000e+03 9.734418413860519649e+03
1.100288689210545272e+03 9.733391601562500000e+03 9.734376824548824516e+03
1.100309122938662767e+03 9.730421875000000000e+03 9.734337649178323773e+03
1.100329556867480278e+03 9.730928710937500000e+03 9.734300849409790317e+03
1.100349990696180612e+03 9.733216796875000000e+03 9.734266388231051678e+03
1.100370424425229430e+03 9.730531250000000000e+03 9.734234228035929846e+03
1.100390858354512602e+03 9.727607421875000000e+03 9.734204330797871080e+03
1.100411292184144258e+03 9.744461914062500000e+03 9.734176659400893186e+03
1.100431725914124399e+03 9.728888671875000000e+03 9.734151176241324720e+03
1.100452159844338894e+03 9.729800781250000000e+03 9.734127843389771442e+03
1.100472593674901873e+03 9.728703125000000000e+03 9.734106623633066192e+03
1.100493027605116367e+03 9.728965820312500000e+03 9.734087479192463434e+03
1.100513461336493492e+03 9.732595703125000000e+03 9.734070372761305407e+03
1.100533895167522132e+03 9.727622070312500000e+03 9.734055266503572057e+03
1.100554329099133611e+03 9.727648437500000000e+03 9.734042122876318899e+03
1.100574762830976397e+03 9.731107421875000000e+03 9.734030904487244698e+03
1.100595196662936360e+03 9.731098632812500000e+03 9.734021573586327577e+03
1.100615630595013499e+03 9.727249023437500000e+03 9.734014092629642619e+03
1.100636064327787608e+03 9.733253906250000000e+03 9.734008424142137301e+03
1.100656498160678893e+03 9.726629882812500000e+03 9.734004530456244538e+03
1.100676932093687356e+03 9.738733398437500000e+03 9.734002374026387770e+03
1.100697365826927125e+03 9.729284179687500000e+03 9.734001917300289279e+03
1.100717799760866910e+03 9.730871093750000000e+03 9.734003122697471554e+03
1.100738233594689518e+03 9.727112304687500000e+03 9.734005952640971373e+03
1.100758667428977787e+03 9.737875000000000000e+03 9.734010369561368861e+03
1.100779101263266057e+03 9.739822265625000000e+03 9.734016335887219611e+03
1.100799535098019987e+03 9.735303710937500000e+03 9.734023814047306587e+03
1.100819968933239579e+03 9.740843750000000000e+03 9.734032766470321803e+03
1.100840402767993510e+03 9.737050781250000000e+03 9.734043155584462511e+03
1.100860836603678763e+03 9.735489257812500000e+03 9.734054943819068285e+03
1.100881270439364016e+03 9.739004882812500000e+03 9.734068093602294539e+03
1.100901704375632107e+03 9.732857421875000000e+03 9.734082567437171747e+03
1.100922138112131506e+03 9.731097656250000000e+03 9.734098327530082315e+03
1.100942572048399597e+03 9.734526367187500000e+03 9.734115336617524008e+03
1.100963005785364658e+03 9.740247070312500000e+03 9.734133556796183257e+03
1.100983439622446895e+03 9.737892578125000000e+03 9.734152950752899415e+03
1.101003873560111970e+03 9.735800781250000000e+03 9.734173480933712199e+03
1.101024307297542691e+03 9.726419921875000000e+03 9.734195109456835780e+03
1.101044741235673428e+03 9.729845703125000000e+03 9.734217799175026812e+03
1.101065175073686987e+03 9.730347656250000000e+03 9.734241512190572394e+03
1.101085608812049031e+03 9.731666992187500000e+03 9.734266210917854551e+03
1.101106042751111090e+03 9.734484375000000000e+03 9.734291858155618684e+03
1.101126476590055972e+03 9.737618164062500000e+03 9.734318415961784922e+03
1.101146910329349339e+03 9.731023437500000000e+03 9.734345846752450598e+03
1.101167344268877059e+03 9.730333984375000000e+03 9.734374113365014637e+03
1.101187778108753264e+03 9.727650390625000000e+03 9.734403177819294797e+03
1.101208211848512292e+03 9.737208984375000000e+03 9.734433002531763123e+03
1.101228645788971335e+03 9.734483398437500000e+03 9.734463550375485283e+03
1.101249079629778862e+03 9.732602539062500000e+03 9.734494783335281682e+03
1.101269513570703566e+03 9.742337890625000000e+03 9.734526664144679671e+03
1.101289947311859578e+03 9.728703125000000000e+03 9.734559154759812373e+03
1.101310381153132766e+03 9.735955078125000000e+03 9.734592218081697865e+03
1.101330815094523132e+03 9.737182617187500000e+03 9.734625816547033537e+03
1.101351248836610466e+03 9.731322265625000000e+03 9.734659912088343845e+03
1.101371682678814977e+03 9.730078125000000000e+03 9.734694467630262807e+03
1.101392116621136665e+03 9.741650390625000000e+03 9.734729445607832531e+03
1.101412550464272499e+03 9.737282226562500000e+03 9.734764808108315265e+03
1.101432984306942672e+03 9.734939453125000000e+03 9.734800517728228442e+03
1.101453418150544167e+03 9.737693359375000000e+03 9.734836536898576014e+03
1.101473851994145662e+03 9.739043945312500000e+03 9.734872828046285576e+03
1.101494285837747157e+03 9.730565429687500000e+03 9.734909353599899987e+03
1.101514719681814313e+03 9.731149414062500000e+03 9.734946075988806115e+03
1.101535153526347131e+03 9.737875000000000000e+03 9.734982957641557732e+03
1.101555587470997125e+03 9.739044921875000000e+03 9.735019961167403380e+03
1.101576021215878427e+03 9.740549804687500000e+03 9.735057048451113587e+03
1.101596455060876906e+03 9.731191406250000000e+03 9.735094182464994446e+03
1.101616888906341046e+03 9.738704101562500000e+03 9.735131325456899503e+03
1.101637322751805186e+03 9.732240234375000000e+03 9.735168439854516691e+03
1.101657756697852165e+03 9.725297851562500000e+03 9.735205488268518820e+03
1.101678190444130450e+03 9.737327148437500000e+03 9.735242432583545451e+03
1.101698624290525913e+03 9.734633789062500000e+03 9.735279235771173262e+03
1.101719058237504214e+03 9.738514648437500000e+03 9.735315860258411703e+03
1.101739491984248161e+03 9.733285156250000000e+03 9.735352267936115823e+03
1.101759925831574947e+03 9.731809570312500000e+03 9.735388421770465357e+03
1.101780359779018909e+03 9.738918945312500000e+03 9.735424284185148281e+03
1.101800793526694179e+03 9.739801757812500000e+03 9.735459817084687529e+03
1.101821227475069463e+03 9.737799804687500000e+03 9.735494983593729557e+03
1.101841661323327571e+03 9.733059570312500000e+03 9.735529745620293397e+03
1.101862095071934164e+03 9.739398437500000000e+03 9.735564065599890455e+03
1.101882529020775110e+03 9.739773437500000000e+03 9.735597906461278399e+03
1.101902962869964540e+03 9.728883789062500000e+03 9.735631230132694327e+03
1.101923396719153970e+03 9.739062500000000000e+03 9.735663999208887617e+03
1.101964264418929815e+03 9.741899414062500000e+03 9.735727723291802249e+03
1.101984698369167745e+03 9.737168945312500000e+03 9.735758603304366261e+03
1.102005132119636983e+03 9.741388671875000000e+03 9.735788778137175541e+03
1.102025565970223397e+03 9.733633789062500000e+03 9.735818210666833693e+03
1.102045999921392649e+03 9.734701171875000000e+03 9.735846863311300694e+03
1.102066433772444725e+03 9.765177734375000000e+03 9.735874698217479818e+03
1.102086867524310946e+03 9.739534179687500000e+03 9.735901677827379899e+03
1.102107301475945860e+03 9.734583984375000000e+03 9.735927764957727049e+03
1.102127735327929258e+03 9.732827148437500000e+03 9.735952921648111442e+03
1.102148169180378318e+03 9.733053710937500000e+03 9.735977110457002709e+03
1.102168603032827377e+03 9.742544921875000000e+03 9.736000293812314339e+03
1.102189036885742098e+03 9.725756835937500000e+03 9.736022434143034843e+03
1.102209470739122480e+03 9.734381835937500000e+03 9.736043493877587025e+03
1.102229904592502862e+03 9.730981445312500000e+03 9.736063435443944400e+03
1.102250338445883244e+03 9.743317382812500000e+03 9.736082221270602531e+03
1.102270772299729288e+03 9.726290039062500000e+03 9.736099813786440791e+03
1.102291206154040992e+03 9.740606445312500000e+03 9.736116175419861975e+03
1.102311639908701181e+03 9.733368164062500000e+03 9.736131269694678849e+03
1.102332073863130063e+03 9.732825195312500000e+03 9.736145087344077183e+03
1.102352507718373090e+03 9.739295898437500000e+03 9.736157645662327923e+03
1.102372941673267633e+03 9.733773437500000000e+03 9.736168963455354969e+03
1.102393375428859144e+03 9.740392578125000000e+03 9.736179059250127466e+03
1.102413809284567833e+03 9.736017578125000000e+03 9.736187951887004601e+03
1.102434243240859360e+03 9.731330078125000000e+03 9.736195660032175510e+03
1.102454676996916533e+03 9.740000976562500000e+03 9.736202202264305015e+03
1.102475110853556544e+03 9.734369140625000000e+03 9.736207597371761949e+03
1.102495544810313731e+03 9.732159179687500000e+03 9.736211864021239307e+03
1.102515978567767888e+03 9.729674804687500000e+03 9.736215020841907972e+03
1.102536412524990737e+03 9.736775390625000000e+03 9.736217086579090392e+03
1.102556846382562071e+03 9.732874023437500000e+03 9.736218079878111894e+03
1.102577280140481889e+03 9.734449218750000000e+03 9.736218019438107149e+03
1.102597714098636061e+03 9.735506835937500000e+03 9.736216923934076476e+03
1.102618147957138717e+03 9.730936523437500000e+03 9.736214812058078678e+03
1.102638581815641373e+03 9.734995117187500000e+03 9.736211702490856624e+03
1.102659015674609691e+03 9.739281250000000000e+03 9.736207613915888942e+03
1.102679449534043670e+03 9.736740234375000000e+03 9.736202565016688823e+03
1.102699883493129164e+03 9.738947265625000000e+03 9.736196574445437363e+03
1.102720317353028804e+03 9.737385742187500000e+03 9.736189660944055504e+03
1.102740751113276929e+03 9.734918945312500000e+03 9.736181843209615181e+03
1.102761185073293746e+03 9.737229492187500000e+03 9.736173139804597668e+03
1.102781618934124708e+03 9.738010742187500000e+03 9.736163569533418922e+03
1.102802052694838494e+03 9.730555664062500000e+03 9.736153151092648841e+03
1.102822486655786633e+03 9.731615234375000000e+03 9.736141903006591747e+03
1.102842920517083257e+03 9.740890625000000000e+03 9.736129844117833272e+03
1.102863354278728366e+03 9.732251953125000000e+03 9.736116993121682754e+03
1.102883788240607828e+03 9.739454101562500000e+03 9.736103368507370760e+03
1.102904222002718598e+03 9.737186523437500000e+03 9.736088989225045225e+03
1.102924655965063721e+03 9.738512695312500000e+03 9.736073873676903531e+03
1.102945089827757329e+03 9.732297851562500000e+03 9.736058040762987730e+03
1.102965523590333760e+03 9.739992187500000000e+03 9.736041509177626722e+03
1.102985957553610206e+03 9.739804687500000000e+03 9.736024297355974340e+03
1.103006391417235136e+03 9.741858398437500000e+03 9.736006424229613913e+03
1.103026825180742890e+03 9.737130859375000000e+03 9.735987908492110364e+03
1.103047259144950658e+03 9.737756835937500000e+03 9.735968768549819288e+03
1.103067693009041250e+03 9.734488281250000000e+03 9.735949023363542437e+03
1.103088126973714679e+03 9.741604492187500000e+03 9.735928691423112468e+03
1.103108560738153756e+03 9.738270507812500000e+03 9.735907791715646454e+03
1.103128994603175670e+03 9.739665039062500000e+03 9.735886342621170115e+03
1.103149428568780422e+03 9.731796875000000000e+03 9.735864362815304048e+03
1.103169862334150821e+03 9.733937500000000000e+03 9.735841871309015914e+03
1.103190296200104058e+03 9.741537109375000000e+03 9.735818886458488123e+03
1.103210730166174471e+03 9.743755859375000000e+03 9.735795426940720063e+03
1.103231163932476193e+03 9.736156250000000000e+03 9.735771511786972042e+03
1.103251597899012268e+03 9.734286132812500000e+03 9.735747159212802217e+03
1.103272031765896827e+03 9.733100585937500000e+03 9.735722388256026534e+03
1.103292465632781386e+03 9.739016601562500000e+03 9.735697217482531414e+03
1.103312899500131607e+03 9.742916015625000000e+03 9.735671665575337101e+03
1.103333333367947489e+03 9.728400390625000000e+03 9.735645751218018631e+03
1.103353767235763371e+03 9.737869140625000000e+03 9.735619493094758582e+03
1.103374201104044914e+03 9.735043945312500000e+03 9.735592909888549912e+03
1.103394634972326458e+03 9.741200195312500000e+03 9.735566020283597027e+03
1.103415068841073662e+03 9.728161132812500000e+03 9.735538842962883791e+03
1.103435502810403705e+03 9.739708007812500000e+03 9.735511396474890716e+03
1.103455936579499394e+03 9.744015625000000000e+03 9.735483699909153074e+03
1.103476370548829436e+03 9.732580078125000000e+03 9.735455771406599524e+03
1.103496804418973625e+03 9.737298828125000000e+03 9.735427630058398790e+03
1.103517238188534975e+03 9.734432617187500000e+03 9.735399294553073560e+03
1.103537672159262002e+03 9.730540039062500000e+03 9.735370783154457968e+03
1.103558105929289013e+03 9.736001953125000000e+03 9.735342115106754136e+03
1.103578539800364524e+03 9.735772460937500000e+03 9.735313308671331470e+03
1.103598973771557212e+03 9.727257812500000000e+03 9.735284382531215670e+03
1.103619407542981207e+03 9.731454101562500000e+03 9.735255355795314244e+03
1.103639841514173895e+03 9.733572265625000000e+03 9.735226246579812141e+03
1.103660275386180729e+03 9.731774414062500000e+03 9.735197073993636877e+03
1.103680709158070385e+03 9.727827148437500000e+03 9.735167856722529905e+03
1.103701143130660057e+03 9.739970703125000000e+03 9.735138613019738841e+03
1.103721577003132552e+03 9.739035156250000000e+03 9.735109361999247994e+03
1.103742010775953531e+03 9.738700195312500000e+03 9.735080122343975745e+03
1.103762444749474525e+03 9.726867187500000000e+03 9.735050912307931867e+03
1.103782878622878343e+03 9.739567382812500000e+03 9.735021751005016995e+03
1.103803312596399337e+03 9.729461914062500000e+03 9.734992656833290312e+03
1.103823746370617300e+03 9.733163085937500000e+03 9.734963648902114073e+03
1.103844180244486779e+03 9.730193359375000000e+03 9.734934745470030975e+03
1.103864614218939096e+03 9.736716796875000000e+03 9.734905965221028964e+03
1.103885047994088382e+03 9.735589843750000000e+03 9.734877327260115635e+03
1.103905481868889183e+03 9.739565429687500000e+03 9.734848849850846818e+03
1.103925915844272822e+03 9.742333984375000000e+03 9.734820551678047195e+03
1.103946349719539285e+03 9.736424804687500000e+03 9.734792451703366169e+03
1.103966783495619893e+03 9.738831054687500000e+03 9.734764568606115063e+03
1.103987217471469194e+03 9.738389648437500000e+03 9.734736920663670389e+03
1.104007651347666979e+03 9.736172851562500000e+03 9.734709526966562407e+03
1.104028085224330425e+03 9.733271484375000000e+03 9.734682406062382142e+03
1.104048519101459533e+03 9.741979492187500000e+03 9.734655576634773752e+03
1.104068952978122979e+03 9.738462890625000000e+03 9.734629057368596477e+03
1.104089386955834925e+03 9.729069335937500000e+03 9.734602866818187977e+03
1.104109820733312517e+03 9.739940429687500000e+03 9.734577024050853652e+03
1.104130254611372948e+03 9.729508789062500000e+03 9.734551547367191233e+03
1.104150688589084893e+03 9.737014648437500000e+03 9.734526455457513293e+03
1.104171122367959470e+03 9.742911132812500000e+03 9.734501767369089066e+03
1.104191556346137077e+03 9.734214843750000000e+03 9.734477501304654652e+03
1.104211990125477314e+03 9.739559570312500000e+03 9.734453676420544070e+03
1.104232424004469067e+03 9.744670898437500000e+03 9.734430311049112788e+03
1.104252857984043658e+03 9.737459960937500000e+03 9.734407423879820271e+03
1.104273291763383895e+03 9.729346679687500000e+03 9.734385033929645942e+03
1.104293725643306971e+03 9.756152343750000000e+03 9.734363159548935073e+03
1.104314159623812884e+03 9.728586914062500000e+03 9.734341819429075258e+03
1.104334593404084444e+03 9.730043945312500000e+03 9.734321032563857443e+03
1.104355027385056019e+03 9.727416992187500000e+03 9.734300817229202949e+03
1.104375461265910417e+03 9.728333984375000000e+03 9.734281192410620861e+03
1.104395895047113299e+03 9.741795898437500000e+03 9.734262176782505776e+03
1.104416329029016197e+03 9.735817382812500000e+03 9.734243788753603440e+03
1.104436762910801917e+03 9.732754882812500000e+03 9.734226046021303773e+03
1.104457196692470461e+03 9.732459960937500000e+03 9.734208954979907503e+03
1.104477630674839020e+03 9.732949218750000000e+03 9.734192516097351472e+03
1.104498064557556063e+03 9.727702148437500000e+03 9.734176730287337705e+03
1.104518498440273106e+03 9.727768554687500000e+03 9.734161598135353415e+03
1.104538932323455811e+03 9.732323242187500000e+03 9.734147120308309240e+03
1.104559366207104176e+03 9.735492187500000000e+03 9.734133297473486891e+03
1.104579800190404058e+03 9.738203125000000000e+03 9.734120130235853139e+03
1.104600234074518085e+03 9.732341796875000000e+03 9.734107619390792024e+03
1.104620667858514935e+03 9.734553710937500000e+03 9.734095765596508500e+03
1.104641101842746139e+03 9.734997070312500000e+03 9.734084569350836318e+03
1.104661535727325827e+03 9.735351562500000000e+03 9.734074031490185007e+03
1.104681969512254000e+03 9.735108398437500000e+03 9.734064152672155615e+03
1.104702403497416526e+03 9.731178710937500000e+03 9.734054933423874900e+03
1.104722837382927537e+03 9.727897460937500000e+03 9.734046374552748603e+03
1.104743271368555725e+03 9.731131835937500000e+03 9.734038476642377645e+03
1.104763705154415220e+03 9.727971679687500000e+03 9.734031240471067576e+03
1.104784139040857553e+03 9.743621093750000000e+03 9.734024666594872542e+03
1.104804572927299887e+03 9.737027343750000000e+03 9.734018755718283501e+03
1.104825006814207882e+03 9.735519531250000000e+03 9.734013508508422092e+03
1.104845440701115876e+03 9.726624023437500000e+03 9.734008925632671890e+03
1.104865874588489532e+03 9.731591796875000000e+03 9.734005007758187276e+03
1.104886308475863189e+03 9.727710937500000000e+03 9.734001755552322720e+03
1.104906742463819683e+03 9.733155273437500000e+03 9.733999169671224081e+03
1.104968044128734618e+03 9.728424804687500000e+03 9.733995416758543797e+03
1.104988477917388082e+03 9.728886718750000000e+03 9.733995502905694593e+03
1.105008911806624383e+03 9.733801757812500000e+03 9.733996258723793289e+03
1.105029345795977861e+03 9.732024414062500000e+03 9.733997684889931406e+03
1.105049779585562646e+03 9.735907226562500000e+03 9.733999782045510074e+03
1.105070213475264609e+03 9.738565429687500000e+03 9.734002550883637014e+03
1.105090647465083748e+03 9.732237304687500000e+03 9.734005992081429213e+03
1.105111081355717033e+03 9.733397460937500000e+03 9.734010106272609846e+03
1.105131515246350318e+03 9.727088867187500000e+03 9.734014894139487296e+03
1.105151949137449265e+03 9.740263671875000000e+03 9.734020356349432404e+03
1.105172383028548211e+03 9.730019531250000000e+03 9.734026493569585000e+03
1.105192816919647157e+03 9.736581054687500000e+03 9.734033306467183138e+03
1.105213250811211765e+03 9.737681640625000000e+03 9.734040795709639497e+03
1.105233684703242034e+03 9.732980468750000000e+03 9.734048961964246701e+03
1.105254118595737964e+03 9.737418945312500000e+03 9.734057805898286460e+03
1.105274552487768233e+03 9.739836914062500000e+03 9.734067328178594835e+03
1.105294986480847001e+03 9.730669921875000000e+03 9.734077529524729471e+03
1.105315420373808593e+03 1.006560351562500000e+04 9.734088410503551131e+03
1.105335854166653007e+03 9.736660156250000000e+03 9.734099971772302524e+03
1.105356288160197437e+03 9.727890625000000000e+03 9.734112214173455868e+03
1.105376722054090351e+03 9.736505859375000000e+03 9.734125138199349749e+03
1.105397155847866088e+03 9.738391601562500000e+03 9.734138744506926741e+03
1.105417589842341840e+03 9.732542968750000000e+03 9.734153033968774253e+03
1.105438023736700416e+03 9.729522460937500000e+03 9.734168007046821003e+03
1.105458457631524652e+03 9.733491210937500000e+03 9.734183664477001003e+03
1.105478891526348889e+03 9.743445312500000000e+03 9.734200006926224887e+03
1.105499325321987271e+03 9.739633789062500000e+03 9.734217034977413277e+03
1.105519759317394346e+03 9.742675781250000000e+03 9.734234749551993445e+03
1.105540193213149905e+03 9.735957031250000000e+03 9.734253151062679535e+03
1.105560627109371126e+03 9.736500976562500000e+03 9.734272240261872867e+03
1.105581061005592346e+03 9.729942382812500000e+03 9.734292017816398584e+03
1.105601494902279228e+03 9.733972656250000000e+03 9.734312484393967679e+03
1.105621928698848933e+03 9.731795898437500000e+03 9.734333640556033060e+03
1.105642362696118653e+03 9.734537109375000000e+03 9.734355487286384232e+03
1.105662796593271196e+03 9.725548828125000000e+03 9.734378024935736903e+03
1.105683230591006577e+03 9.731927734375000000e+03 9.734401254392731062e+03
1.105703664388973266e+03 9.733728515625000000e+03 9.734425175978121842e+03
1.105724098287057132e+03 9.734448242187500000e+03 9.734449790705155465e+03
1.105744532285258174e+03 9.732674804687500000e+03 9.734475099251267238e+03
1.105764966084156185e+03 9.732813476562500000e+03 9.734501101907786506e+03
1.105785399983171374e+03 9.736581054687500000e+03 9.734527799717929156e+03
1.105805833982303739e+03 9.728951171875000000e+03 9.734555193359145051e+03
1.105826267881318927e+03 9.733572265625000000e+03 9.734583283230249435e+03
1.105846701781265438e+03 9.739515625000000000e+03 9.734612070132319786e+03
1.105867135681211948e+03 9.736050781250000000e+03 9.734641554731333599e+03
1.105887569581158459e+03 9.733013671875000000e+03 9.734671737694525291e+03
1.105908003481570631e+03 9.736916992187500000e+03 9.734702619689851417e+03
1.105928437382448465e+03 9.740579101562500000e+03 9.734734201384597327e+03
1.105948871283326298e+03 9.723734375000000000e+03 9.734766483445306221e+03
1.105969305284786969e+03 9.731125000000000000e+03 9.734799466703303551e+03
1.105989739086013287e+03 9.735244140625000000e+03 9.734833151335131333e+03
1.106010173087939620e+03 9.735350585937500000e+03 9.734867538668993802e+03
1.106030606989748776e+03 9.740798828125000000e+03 9.734902628871084744e+03
1.106051040791906416e+03 9.735920898437500000e+03 9.734938422599130718e+03
1.106071474794764072e+03 9.742766601562500000e+03 9.734974921051716592e+03
1.106091908697504550e+03 9.736728515625000000e+03 9.735012124363980547e+03
1.106112342500127852e+03 9.739404296875000000e+03 9.735050033192790579e+03
1.106132776503451169e+03 9.736178710937500000e+03 9.735088648768678468e+03
1.106153210407122970e+03 9.736842773437500000e+03 9.735127971196527142e+03
1.106173644211143255e+03 9.732235351562500000e+03 9.735168001133233702e+03
1.106194078214932233e+03 9.727343750000000000e+03 9.735208739837802568e+03
1.106214512019418180e+03 9.727609375000000000e+03 9.735250187181882211e+03
1.106234946023672819e+03 9.738073242187500000e+03 9.735292344642197349e+03
1.106255379928741604e+03 9.732633789062500000e+03 9.735335212274465448e+03
1.106275813733693212e+03 9.738028320312500000e+03 9.735378790733568167e+03
1.106296247738879174e+03 9.737625000000000000e+03 9.735423081332530273e+03
1.106316681644413620e+03 9.732266601562500000e+03 9.735468084093841753e+03
1.106337115550413728e+03 9.730829101562500000e+03 9.735513799900050799e+03
1.106357549456413835e+03 9.734159179687500000e+03 9.735560229417385926e+03
1.106377983362879604e+03 9.737384765625000000e+03 9.735607373314163851e+03
1.106398417369462550e+03 9.735909179687500000e+03 9.735655232492819778e+03
1.106418851176276803e+03 9.739858398437500000e+03 9.735703806912984874e+03
1.106439285083673894e+03 9.732663085937500000e+03 9.735753097950670053e+03
1.106459719090722501e+03 9.733712890625000000e+03 9.735803106281406144e+03
1.106480152998585254e+03 9.735975585937500000e+03 9.735853832085844260e+03
1.106500586806330830e+03 9.739339843750000000e+03 9.735905276018404038e+03
1.106521020814776421e+03 9.736083007812500000e+03 9.735957439508973039e+03
1.106541454723104835e+03 9.729743164062500000e+03 9.736010322462176191e+03
1.106561888631433249e+03 9.734838867187500000e+03 9.736063922077151801e+03
1.106582322540692985e+03 9.738964843750000000e+03 9.736118220365819070e+03
1.106602756449487060e+03 9.737201171875000000e+03 9.736173195587882219e+03
1.106623190458863974e+03 9.743321289062500000e+03 9.736228826283368107e+03
1.106643624268472195e+03 9.733043945312500000e+03 9.736285089893297481e+03
1.106664058178663254e+03 9.737500976562500000e+03 9.736341965503504980e+03
1.106684492188971490e+03 9.738979492187500000e+03 9.736399431384923446e+03
1.106704925999511033e+03 9.739915039062500000e+03 9.736457464953369708e+03
1.106725359910167754e+03 9.729069335937500000e+03 9.736516045319818659e+03
1.106745793920941651e+03 9.732458007812500000e+03 9.736575150755523282e+03
1.106766227731946856e+03 9.740364257812500000e+03 9.736634758652709934e+03
1.106786661743652076e+03 9.738250976562500000e+03 9.736694848442868533e+03
1.106807095655240119e+03 9.740782226562500000e+03 9.736755397508264650e+03
1.106827529467176646e+03 9.734984375000000000e+03 9.736816384107083650e+03
1.106847963479347527e+03 9.740667968750000000e+03 9.736877787400857414e+03
1.106868397292215377e+03 9.736188476562500000e+03 9.736939584452542476e+03
1.106888831204734743e+03 9.737261718750000000e+03 9.737001754426797561e+03
1.106909265217836946e+03 9.736477539062500000e+03 9.737064275595141225e+03
1.106929699031170458e+03 9.741687500000000000e+03 9.737127125299532054e+03
1.106950133044738322e+03 9.736083984375000000e+03 9.737190283033522064e+03
1.106970566958189011e+03 9.738267578125000000e+03 9.737253726134360477e+03
1.106991000872571021e+03 9.735508789062500000e+03 9.737317433177035127e+03
1.107011434786487371e+03 9.734736328125000000e+03 9.737381382420571754e+03
1.107031868701335043e+03 9.747748046875000000e+03 9.737445552132714511e+03
1.107052302616182715e+03 9.729031250000000000e+03 9.737509920573924319e+03
1.107072736531030387e+03 9.738809570312500000e+03 9.737574466007568844e+03
1.107093170446343720e+03 9.741512695312500000e+03 9.737639166698490953e+03
1.107113604461774230e+03 9.734822265625000000e+03 9.737704001226537002e+03
1.107134038377553225e+03 9.736434570312500000e+03 9.737768947221149574e+03
1.107154472193680704e+03 9.743096679687500000e+03 9.737833982944212039e+03
1.107174906210042536e+03 9.735544921875000000e+03 9.737899087614110613e+03
1.107195340126752853e+03 9.733675781250000000e+03 9.737964238539194412e+03
1.107215773943345994e+03 9.734156250000000000e+03 9.738029413980812024e+03
1.107236207960639149e+03 9.741303710937500000e+03 9.738094593161888042e+03
1.107256641877815127e+03 9.738475585937500000e+03 9.738159753386222292e+03
1.107277075695339590e+03 9.738305664062500000e+03 9.738224872919094196e+03
1.107297509713098407e+03 9.735684570312500000e+03 9.738289930979142810e+03
1.107317943631205708e+03 9.733101562500000000e+03 9.738354904874442582e+03
1.107338377649895847e+03 9.735758789062500000e+03 9.738419773504789191e+03
1.107358811468351632e+03 9.737714843750000000e+03 9.738484514179468533e+03
1.107379245387390256e+03 9.742205078125000000e+03 9.738549106115900940e+03
1.107399679306428879e+03 9.736241210937500000e+03 9.738613527258426984e+03
1.107420113225467503e+03 9.736474609375000000e+03 9.738677755870405235e+03
1.107440547145437449e+03 9.737444335937500000e+03 9.738741770218097372e+03
1.107460981165058911e+03 9.742382812500000000e+03 9.738805548872347572e+03
1.107481414985377342e+03 9.735730468750000000e+03 9.738869069165240944e+03
1.107501849005464464e+03 9.731945312500000000e+03 9.738932310600524943e+03
1.107522282826248556e+03 9.738245117187500000e+03 9.738995250206593482e+03
1.107542716747149825e+03 9.739911132812500000e+03 9.739057867171299222e+03
1.107563150768168271e+03 9.737382812500000000e+03 9.739120139753091280e+03
1.107583584589883685e+03 9.740208984375000000e+03 9.739182045305442443e+03
1.107604018511250615e+03 9.743360351562500000e+03 9.739243563000141876e+03
1.107624452533200383e+03 9.745317382812500000e+03 9.739304671097466780e+03
1.107644886355381459e+03 9.753131835937500000e+03 9.739365346965656499e+03
1.107665320277679712e+03 9.739630859375000000e+03 9.739425569761731822e+03
1.107685754300560802e+03 9.739459960937500000e+03 9.739485317743576161e+03
1.107706188223324716e+03 9.743220703125000000e+03 9.739544568587585673e+03
1.107726622146554291e+03 9.731327148437500000e+03 9.739603300852359098e+03
1.107747056069783866e+03 9.738755859375000000e+03 9.739661492799874395e+03
1.107767489993479103e+03 9.734410156250000000e+03 9.739719122694783437e+03
1.107787924017291516e+03 9.735517578125000000e+03 9.739776169077125815e+03
1.107808357841800898e+03 9.747529296875000000e+03 9.739832609378692723e+03
1.107828791765961796e+03 9.743613281250000000e+03 9.739888422693049506e+03
1.107849225790705532e+03 9.739434570312500000e+03 9.739943587276695325e+03
1.107869659615680575e+03 9.747902343750000000e+03 9.739998080586956348e+03
1.107890093640889972e+03 9.743832031250000000e+03 9.740051881953733755e+03
1.107930961391888559e+03 9.746604492187500000e+03 9.740157319535373972e+03
1.107951395418029279e+03 9.733452148437500000e+03 9.740208913051466880e+03
1.107971829344052821e+03 9.737149414062500000e+03 9.740259726892050821e+03
1.107992263170890510e+03 9.744013671875000000e+03 9.740309739334341430e+03
1.108012697197496891e+03 9.741855468750000000e+03 9.740358929367343080e+03
1.108033131124451756e+03 9.749084960937500000e+03 9.740407274527504342e+03
1.108053565051406622e+03 9.745861328125000000e+03 9.740454753320062082e+03
1.108073998978827149e+03 9.739304687500000000e+03 9.740501344009397144e+03
1.108094432906713337e+03 9.744720703125000000e+03 9.740547024858773511e+03
1.108114866834599525e+03 9.741293945312500000e+03 9.740591774130449267e+03
1.108135300762951374e+03 9.734036132812500000e+03 9.740635570088732493e+03
1.108155734691303223e+03 9.735107421875000000e+03 9.740678390995919472e+03
1.108176168620120734e+03 9.738737304687500000e+03 9.740720215116274630e+03
1.108196602548938245e+03 9.743220703125000000e+03 9.740761020712134268e+03
1.108217036478221416e+03 9.745986328125000000e+03 9.740800786047711881e+03
1.108237470407970250e+03 9.747098632812500000e+03 9.740839489386262358e+03
1.108257904337253422e+03 9.733022460937500000e+03 9.740877108989339831e+03
1.108278338367585093e+03 9.733537109375000000e+03 9.740913623298954917e+03
1.108298772197682410e+03 9.744278320312500000e+03 9.740949010048214404e+03
1.108319206128362566e+03 9.744807617187500000e+03 9.740983248029675451e+03
1.108339640159159899e+03 9.747646484375000000e+03 9.741016315488788678e+03
1.108360074089840055e+03 9.736296875000000000e+03 9.741048190364756010e+03
1.108380507921334356e+03 9.743176757812500000e+03 9.741078850939946278e+03
1.108400941952597350e+03 9.737831054687500000e+03 9.741108275917176798e+03
1.108421375884208828e+03 9.734466796875000000e+03 9.741136443119467003e+03
1.108441809816285968e+03 9.741956054687500000e+03 9.741163330957255312e+03
1.108462243748828769e+03 9.745211914062500000e+03 9.741188917693762050e+03
1.108482677681371570e+03 9.733875976562500000e+03 9.741213181591674584e+03
1.108503111714031547e+03 9.744711914062500000e+03 9.741236101023267111e+03
1.108523545546922833e+03 9.739523437500000000e+03 9.741257653925431441e+03
1.108543979480396956e+03 9.745282226562500000e+03 9.741277818888276670e+03
1.108564413513522595e+03 9.746406250000000000e+03 9.741296574153631809e+03
1.108584847347345203e+03 9.741088867187500000e+03 9.741313897720829118e+03
1.108605281381402165e+03 9.739158203125000000e+03 9.741329768191657422e+03
1.108625715315807611e+03 9.741383789062500000e+03 9.741344163585727074e+03
1.108646149150095880e+03 9.747135742187500000e+03 9.741357062187806150e+03
1.108666583185084164e+03 9.748631835937500000e+03 9.741368442540349861e+03
1.108687017119955271e+03 9.745248046875000000e+03 9.741378295101299955e+03
1.108707450955174863e+03 9.735794921875000000e+03 9.741386634431562925e+03
1.108727884990628809e+03 9.736827148437500000e+03 9.741393477936211639e+03
1.108748318926431239e+03 9.738453125000000000e+03 9.741398842797572797e+03
1.108768752862699330e+03 9.747494140625000000e+03 9.741402746346495405e+03
1.108789186798967421e+03 9.740729492187500000e+03 9.741405205876611944e+03
1.108809620635118335e+03 9.738204101562500000e+03 9.741406238680094248e+03
1.108830054671969265e+03 9.733963867187500000e+03 9.741405862055471516e+03
1.108850488609168679e+03 9.731101562500000000e+03 9.741404093291634126e+03
1.108870922546368092e+03 9.739063476562500000e+03 9.741400949683942599e+03
1.108891356484033167e+03 9.731667968750000000e+03 9.741396448526049426e+03
1.108911790421698242e+03 9.738988281250000000e+03 9.741390607111779900e+03
1.108932224359828979e+03 9.736598632812500000e+03 9.741383442734735581e+03
1.108952658297959715e+03 9.738579101562500000e+03 9.741374972688803609e+03
1.108973092236556113e+03 9.742181640625000000e+03 9.741365214267523697e+03
1.108993526275269687e+03 9.734598632812500000e+03 9.741354184707719469e+03
1.109013960214331746e+03 9.742658203125000000e+03 9.741341901411025901e+03
1.109034394053742290e+03 9.738590820312500000e+03 9.741328381689434536e+03
1.109054828092921525e+03 9.746982421875000000e+03 9.741313642629613241e+03
1.109075262032914907e+03 9.747388671875000000e+03 9.741297701732017231e+03
1.109095695872791111e+03 9.736879882812500000e+03 9.741280576308603486e+03
1.109116129912901670e+03 9.739460937500000000e+03 9.741262283392814425e+03
1.109136563853826374e+03 9.742243164062500000e+03 9.741242840537855955e+03
1.109156997894402593e+03 9.729321289062500000e+03 9.741222264848458508e+03
1.109177431735210121e+03 9.739951171875000000e+03 9.741200573928141239e+03
1.109197865676600486e+03 9.728163085937500000e+03 9.741177784759931455e+03
1.109218299718108028e+03 9.744028320312500000e+03 9.741153914622085722e+03
1.109238733559846878e+03 9.737278320312500000e+03 9.741128981166515587e+03
1.109259167502168566e+03 9.739222656250000000e+03 9.741103001328217943e+03
1.109279601544141769e+03 9.742435546875000000e+03 9.741075992386911821e+03
1.109300035386811942e+03 9.731492187500000000e+03 9.741047972038970329e+03
1.109320469429250807e+03 9.742150390625000000e+03 9.741018957031017635e+03
1.109340903372503817e+03 9.741835937500000000e+03 9.740988965074036969e+03
1.109361337215639651e+03 9.745910156250000000e+03 9.740958013477353234e+03
1.109381771259475499e+03 9.738957031250000000e+03 9.740926119072097208e+03
1.109402205203194171e+03 9.739525390625000000e+03 9.740893299614668649e+03
1.109422639047261328e+03 9.735985351562500000e+03 9.740859572411545741e+03
1.109443073091097176e+03 9.746014648437500000e+03 9.740824954255724151e+03
1.109463506936095655e+03 9.742825195312500000e+03 9.740789463116114348e+03
1.109483940880745649e+03 9.737758789062500000e+03 9.740753115774383332e+03
1.109504374925512820e+03 9.741236328125000000e+03 9.740715929511065042e+03
1.109524808770976961e+03 9.731333984375000000e+03 9.740677922170867532e+03
1.109545242816209793e+03 9.752900390625000000e+03 9.740639110305382928e+03
1.109565676762256771e+03 9.740241210937500000e+03 9.740599511770338722e+03
1.109586110707838088e+03 9.749682617187500000e+03 9.740559143674003280e+03
1.109606544654350728e+03 9.742832031250000000e+03 9.740518023307384283e+03
1.109626978600863367e+03 9.743934570312500000e+03 9.740476167966102366e+03
1.109647412547376007e+03 9.741011718750000000e+03 9.740433594943944627e+03
1.109667846594471484e+03 9.746764648437500000e+03 9.740390321320017392e+03
1.109688280441798270e+03 9.740810546875000000e+03 9.740346365029177832e+03
1.109708714489359409e+03 9.741318359375000000e+03 9.740301742504860158e+03
1.109729148437269032e+03 9.741812500000000000e+03 9.740256471690852777e+03
1.109749582285061479e+03 9.735990234375000000e+03 9.740210569891369232e+03
1.109770016333088279e+03 9.739886718750000000e+03 9.740164053720956872e+03
1.109790450281929225e+03 9.732840820312500000e+03 9.740116941150507046e+03
1.109810884130652994e+03 9.740907226562500000e+03 9.740069249484569809e+03
1.109831318179611117e+03 9.740069335937500000e+03 9.740020995311762817e+03
1.109851752128917724e+03 9.737024414062500000e+03 9.739972196629953032e+03
1.109872186178341508e+03 9.752506835937500000e+03 9.739922870256034003e+03
1.109892620027996600e+03 9.743844726562500000e+03 9.739873034211486811e+03
1.109913053977768868e+03 9.743973632812500000e+03 9.739822705062413661e+03
1.109933488028123975e+03 9.741814453125000000e+03 9.739771900094339799e+03
1.109953921878710389e+03 9.735959960937500000e+03 9.739720637351205369e+03
1.109974355829413980e+03 9.741724609375000000e+03 9.739668933377797657e+03
1.109994789880234748e+03 9.759068359375000000e+03 9.739616805461571857e+03
1.110015223731286824e+03 9.733928710937500000e+03 9.739564271664363332e+03
1.110035657682921737e+03 9.743224609375000000e+03 9.739511348510719472e+03
1.110056091734673828e+03 9.744169921875000000e+03 9.739458053290045427e+03
1.110076525586657226e+03 9.749994140625000000e+03 9.739404404080938548e+03
1.110096959638874978e+03 9.748816406250000000e+03 9.739350417127097899e+03
1.110117393491324037e+03 9.741592773437500000e+03 9.739296110779017908e+03
1.110137827443890274e+03 9.737437500000000000e+03 9.739241501535811040e+03
1.110158261497039348e+03 9.743556640625000000e+03 9.739186606685716470e+03
1.110178695450071245e+03 9.739394531250000000e+03 9.739131444061771617e+03
1.110199129303451627e+03 9.742160156250000000e+03 9.739076030960337448e+03
1.110219563357066363e+03 9.734865234375000000e+03 9.739020383860219226e+03
1.110239997311029583e+03 9.745871093750000000e+03 9.738964520870214983e+03
1.110260431265458465e+03 9.734545898437500000e+03 9.738908459012040112e+03
1.110280865219887346e+03 9.741727539062500000e+03 9.738852215580776829e+03
1.110301299174316227e+03 9.738924804687500000e+03 9.738795807870243152e+03
1.110321733129210770e+03 9.744203125000000000e+03 9.738739253172963799e+03
1.110342167084570974e+03 9.737331054687500000e+03 9.738682568782745875e+03
1.110362601039931178e+03 9.738737304687500000e+03 9.738625771994691604e+03
1.110383035095408559e+03 9.732770507812500000e+03 9.738568879823673342e+03
1.110403468951582909e+03 9.733698242187500000e+03 9.738511910397754036e+03
1.110423903007525951e+03 9.737106445312500000e+03 9.738454879898261424e+03
1.110464770820457488e+03 9.743916015625000000e+03 9.738340707360119268e+03
1.110485204877331853e+03 9.743584960937500000e+03 9.738283599071530261e+03
1.110505638834554702e+03 9.737812500000000000e+03 9.738226499720418360e+03
1.110526072692126036e+03 9.742489257812500000e+03 9.738169426600350562e+03
1.110546506749466062e+03 9.739705078125000000e+03 9.738112396169124622e+03
1.110566940707620233e+03 9.741103515625000000e+03 9.738055426555292797e+03
1.110587374565657228e+03 9.731943359375000000e+03 9.737998535054262902e+03
1.110607808623928577e+03 9.740753906250000000e+03 9.737941738124289259e+03
1.110628242582548410e+03 9.738605468750000000e+03 9.737885053893474833e+03
1.110648676641285419e+03 9.739400390625000000e+03 9.737828499101673515e+03
1.110669110500719398e+03 9.737262695312500000e+03 9.737772091870379882e+03
1.110689544459804893e+03 9.741294921875000000e+03 9.737715848667048704e+03
1.110709978419356048e+03 9.736496093750000000e+03 9.737659787059687005e+03
1.110730412379372865e+03 9.742385742187500000e+03 9.737603924342136452e+03
1.110750846339389682e+03 9.734169921875000000e+03 9.737548277809510182e+03
1.110771280299872160e+03 9.742713867187500000e+03 9.737492864754369293e+03
1.110791714260354638e+03 9.741640625000000000e+03 9.737437702306462597e+03
1.110812148320954293e+03 9.743456054687500000e+03 9.737382803508276993e+03
1.110832582182250917e+03 9.735098632812500000e+03 9.737328178647463574e+03
1.110853016143664718e+03 9.732895507812500000e+03 9.737273836239812226e+03
1.110873450205195695e+03 9.740428710937500000e+03 9.737219785607780068e+03
1.110914318028837442e+03 9.728520507812500000e+03 9.737112598525589419e+03
1.110934752091299742e+03 9.740071289062500000e+03 9.737059479924279003e+03
1.110955186054110527e+03 9.734684570312500000e+03 9.737006690895515931e+03
1.110975620016455650e+03 9.736931640625000000e+03 9.736954240498886065e+03
1.110996053979732096e+03 9.739655273437500000e+03 9.736902138049048517e+03
1.111016487943008542e+03 9.737611328125000000e+03 9.736850392866628681e+03
1.111036922006402165e+03 9.727608398437500000e+03 9.736799014019043170e+03
1.111057355870027095e+03 9.735174804687500000e+03 9.736748011575817145e+03
1.111077789834234864e+03 9.727079101562500000e+03 9.736697394102755425e+03
1.111098223898559809e+03 9.731830078125000000e+03 9.736647170924989041e+03
1.111118657763116062e+03 9.735481445312500000e+03 9.736597352094879170e+03
1.111139091727789491e+03 9.741940429687500000e+03 9.736547946196544217e+03
1.111159525792580098e+03 9.731901367187500000e+03 9.736498962554365789e+03
1.111179959658067673e+03 9.730415039062500000e+03 9.736450411201203679e+03
1.111200393723323941e+03 9.729856445312500000e+03 9.736402300507168547e+03
1.111220827689394355e+03 9.731527343750000000e+03 9.736354640497644141e+03
1.111241261554881930e+03 9.773515625000000000e+03 9.736307440487449639e+03
1.111261695621535182e+03 9.724710937500000000e+03 9.736260709101250541e+03
1.111282129587605596e+03 9.745595703125000000e+03 9.736214456350851833e+03
1.111302563454490155e+03 9.728367187500000000e+03 9.736168691544240573e+03
1.111322997521609068e+03 9.736317382812500000e+03 9.736123423332715902e+03
1.111343431488610804e+03 9.741747070312500000e+03 9.736078661703573744e+03
1.111363865456078202e+03 9.736992187500000000e+03 9.736034415751026245e+03
1.111384299424011260e+03 9.729596679687500000e+03 9.735990694793346847e+03
1.111404733391478658e+03 9.749168945312500000e+03 9.735947508150766225e+03
1.111425167359877378e+03 9.734811523437500000e+03 9.735904865138585592e+03
1.111445601328276098e+03 9.740551757812500000e+03 9.735862775077024708e+03
1.111466035296674818e+03 9.733836914062500000e+03 9.735821247284318815e+03
1.111486469265539199e+03 9.736132812500000000e+03 9.735780291077786387e+03
1.111506903234869242e+03 9.734494140625000000e+03 9.735739915775702684e+03
1.111527337304316461e+03 9.732343750000000000e+03 9.735700130503773835e+03
1.111547771273646504e+03 9.738606445312500000e+03 9.735660944970142737e+03
1.111568205143790692e+03 9.736463867187500000e+03 9.735622368482419915e+03
1.111588639213703573e+03 9.739415039062500000e+03 9.735584409798997513e+03
1.111609073184430599e+03 9.752166992187500000e+03 9.735547078798048460e+03
1.111629507055040449e+03 9.728754882812500000e+03 9.735510384790268290e+03
1.111649941125884652e+03 9.738403320312500000e+03 9.735474336559269432e+03
1.111670375096611679e+03 9.737432617187500000e+03 9.735438943957920856e+03
1.111690808968152851e+03 9.738591796875000000e+03 9.735404216293190984e+03
1.111711243039462715e+03 9.735731445312500000e+03 9.735370162380200782e+03
1.111731677011586726e+03 9.736396484375000000e+03 9.735336792040410728e+03
1.111752111083362252e+03 9.735114257812500000e+03 9.735304114267462865e+03
1.111772544955834746e+03 9.731730468750000000e+03 9.735272138852576973e+03
1.111792978928424418e+03 9.732225585937500000e+03 9.735240874640314360e+03
1.111813413001131266e+03 9.731319335937500000e+03 9.735210330959449493e+03
1.111833846874069422e+03 9.731948242187500000e+03 9.735180517571159726e+03
1.111874714921228588e+03 9.736989257812500000e+03 9.735123117626237217e+03
1.111895148794632405e+03 9.735171875000000000e+03 9.735095550128520699e+03
1.111915582868736237e+03 9.738396484375000000e+03 9.735068749634407141e+03
1.111936016843188554e+03 9.734376953125000000e+03 9.735042725861789222e+03
1.111956450717523694e+03 9.729757812500000000e+03 9.735017488118046458e+03
1.111976884792093188e+03 9.730970703125000000e+03 9.734993045356288349e+03
1.111997318767476827e+03 9.729323242187500000e+03 9.734969407258840874e+03
1.112017752742394805e+03 9.737427734375000000e+03 9.734946583023880521e+03
1.112038186717778444e+03 9.740084960937500000e+03 9.734924581968616621e+03
1.112058620693627745e+03 9.730278320312500000e+03 9.734903413411353540e+03
1.112079054669477046e+03 9.735905273437500000e+03 9.734883086670846751e+03
1.112099488645792007e+03 9.726250976562500000e+03 9.734863611064914949e+03
1.112119922622106969e+03 9.728568359375000000e+03 9.734844995912277227e+03
1.112140356598887593e+03 9.733710937500000000e+03 9.734827250530790479e+03
1.112160790575668216e+03 9.728615234375000000e+03 9.734810384239135601e+03
1.112181224552914500e+03 9.733547851562500000e+03 9.734794406355207684e+03
1.112201658630277961e+03 9.735113281250000000e+03 9.734779326125983062e+03
1.112222092507872730e+03 9.730027343750000000e+03 9.734765153084412304e+03
1.112242526486050338e+03 9.727781250000000000e+03 9.734751896333793411e+03
1.112262960563879460e+03 9.733808593750000000e+03 9.734739565206522457e+03
1.112283394442405552e+03 9.733416992187500000e+03 9.734728169194437214e+03
1.112303828520700336e+03 9.736692382812500000e+03 9.734717717393323255e+03
1.112324262499809265e+03 9.748568359375000000e+03 9.734708219281334095e+03
1.112344696378801018e+03 9.735494140625000000e+03 9.734699684163140773e+03
1.112365130458027124e+03 9.731903320312500000e+03 9.734692121238660548e+03
1.112385564437601715e+03 9.724758789062500000e+03 9.734685539944339325e+03
1.112405998317524791e+03 9.743716796875000000e+03 9.734679949584002316e+03
1.112426432397682220e+03 9.736311523437500000e+03 9.734675359401220703e+03
1.112446866377722472e+03 9.742027343750000000e+03 9.734671778789097516e+03
1.112467300458345562e+03 9.731810546875000000e+03 9.734669217030843356e+03
1.112487734339199960e+03 9.740407226562500000e+03 9.734667683474908699e+03
1.112508168320171535e+03 9.729313476562500000e+03 9.734667187409497274e+03
1.112528602401260287e+03 9.734551757812500000e+03 9.734667738168183860e+03
1.112549036283046007e+03 9.737629882812500000e+03 9.734669345053483994e+03
1.112569470264483243e+03 9.733358398437500000e+03 9.734672017399418110e+03
1.112589904346503317e+03 9.734698242187500000e+03 9.734675764540090313e+03
1.112610338228754699e+03 9.738669921875000000e+03 9.734680595730811547e+03
1.112630772311240435e+03 9.727695312500000000e+03 9.734686520384508185e+03
1.112651206294074655e+03 9.732649414062500000e+03 9.734693547740585927e+03
1.112671640276908875e+03 9.733697265625000000e+03 9.734701687143520758e+03
1.112692074260208756e+03 9.738779296875000000e+03 9.734710947911793482e+03
1.112712508143391460e+03 9.743024414062500000e+03 9.734721339309795439e+03
1.112732942127157003e+03 9.733013671875000000e+03 9.734732870757845376e+03
1.112753376211039722e+03 9.740038085937500000e+03 9.734745551590807736e+03
1.112773810195270926e+03 9.727649414062500000e+03 9.734759391003044584e+03
1.112794244179502130e+03 9.733588867187500000e+03 9.734774398371846473e+03
1.112814678164198995e+03 9.738052734375000000e+03 9.734790583015859738e+03
1.112835112148895860e+03 9.737286132812500000e+03 9.734807954253010394e+03
1.112855546234175563e+03 9.787375976562500000e+03 9.734826521495917405e+03
1.112875980119686574e+03 9.739314453125000000e+03 9.734846293781172790e+03
1.112896414105314761e+03 9.739872070312500000e+03 9.734867280708378530e+03
1.112916848191060126e+03 9.741900390625000000e+03 9.734889490454934275e+03
1.112937282077036798e+03 9.734580078125000000e+03 9.734912920744380244e+03
1.112957716063130647e+03 9.738316406250000000e+03 9.734937564762507463e+03
1.112978150149807334e+03 9.735974609375000000e+03 9.734963415335307218e+03
1.112998584036715329e+03 9.736629882812500000e+03 9.734990464881666412e+03
1.113019018123857677e+03 9.734816406250000000e+03 9.735018706738694164e+03
1.113039452110882849e+03 9.739488281250000000e+03 9.735048133307616808e+03
1.113059885998256505e+03 9.737982421875000000e+03 9.735078737379388258e+03
1.113080320086330175e+03 9.744663085937500000e+03 9.735110512220153396e+03
1.113100754074286669e+03 9.728960937500000000e+03 9.735143450178366038e+03
1.113121187962591648e+03 9.737116210937500000e+03 9.735177544045374816e+03
1.113141622050665319e+03 9.736100585937500000e+03 9.735212787136824772e+03
1.113162056039553136e+03 9.736096679687500000e+03 9.735249171753170231e+03
1.113182490128558129e+03 9.741500000000000000e+03 9.735286691056888230e+03
1.113202924017794430e+03 9.739254882812500000e+03 9.735325337296697398e+03
1.113223358007147908e+03 9.739061523437500000e+03 9.735365103839132644e+03
1.113243792096618563e+03 9.729595703125000000e+03 9.735405983508208010e+03
1.113264225986786187e+03 9.734609375000000000e+03 9.735447968504446180e+03
1.113284659976605326e+03 9.735941406250000000e+03 9.735491052241632133e+03
1.113305093967355788e+03 9.732447265625000000e+03 9.735535227327342000e+03
1.113325528057757765e+03 9.733612304687500000e+03 9.735580486790588111e+03
1.113345962048508227e+03 9.736915039062500000e+03 9.735626822997499403e+03
1.113366395939607173e+03 9.727955078125000000e+03 9.735674228739975661e+03
1.113386829930823296e+03 9.733706054687500000e+03 9.735722697289136704e+03
1.113407264022622257e+03 9.737914062500000000e+03 9.735772221469283977e+03
1.113427698014304042e+03 9.733593750000000000e+03 9.735822793601606463e+03
1.113448131906334311e+03 9.734876953125000000e+03 9.735874406479539175e+03
1.113468565998598933e+03 9.732930664062500000e+03 9.735927053675792195e+03
1.113488999991212040e+03 9.731259765625000000e+03 9.735980727232939898e+03
1.113509433883707970e+03 9.741130859375000000e+03 9.736035419942360022e+03
1.113529867976903915e+03 9.739311523437500000e+03 9.736091125424292841e+03
1.113550301969982684e+03 9.738750976562500000e+03 9.736147835673735244e+03
1.113570736063644290e+03 9.731304687500000000e+03 9.736205544055243081e+03
1.113591169957537204e+03 9.733652343750000000e+03 9.736264242520952394e+03
1.113611603951547295e+03 9.734821289062500000e+03 9.736323924732681917e+03
1.113632038045674562e+03 9.729982421875000000e+03 9.736384583512430254e+03
1.113652471940033138e+03 9.734070312500000000e+03 9.736446210770473044e+03
1.113672905934508890e+03 9.730923828125000000e+03 9.736508800211766356e+03
1.113693340029567480e+03 9.739665039062500000e+03 9.736572344659456576e+03
1.113713773924391717e+03 9.729820312500000000e+03 9.736636835978730232e+03
1.113734208019915968e+03 9.740674804687500000e+03 9.736702268242548598e+03
1.113754642015788704e+03 9.732710937500000000e+03 9.736768633303705428e+03
1.113775075911544263e+03 9.735259765625000000e+03 9.736835923954655300e+03
1.113795510007534176e+03 9.733865234375000000e+03 9.736904133998843463e+03
1.113815944003872573e+03 9.743805664062500000e+03 9.736973255249595240e+03
1.113836378000210971e+03 9.737743164062500000e+03 9.737043280844911351e+03
1.113856811997480690e+03 9.735528320312500000e+03 9.737114203595634535e+03
1.113897680091671646e+03 9.738540039062500000e+03 9.737258712140832358e+03
1.113918113989289850e+03 9.735457031250000000e+03 9.737332282837169259e+03
1.113938547986559570e+03 9.743771484375000000e+03 9.737406722272775369e+03
1.113958981984760612e+03 9.741825195312500000e+03 9.737482022902033350e+03
1.113979415982961655e+03 9.738166015625000000e+03 9.737558177529161185e+03
1.113999849981628358e+03 9.737424804687500000e+03 9.737635178963515500e+03
1.114020283980295062e+03 9.742914062500000000e+03 9.737713020010964101e+03
1.114040717978961766e+03 9.737956054687500000e+03 9.737791693479091919e+03
1.114061151978094131e+03 9.744691406250000000e+03 9.737871192177310149e+03
1.114081586077809334e+03 9.743060546875000000e+03 9.737951509308779350e+03
1.114102019977290183e+03 9.740753906250000000e+03 9.738032636492762322e+03
1.114122454077005386e+03 9.742995117187500000e+03 9.738114568126751692e+03
1.114142888077069074e+03 9.730607421875000000e+03 9.738197295821846637e+03
1.114163321977481246e+03 9.734002929687500000e+03 9.738280812374034213e+03
1.114183756078127772e+03 9.738513671875000000e+03 9.738365111822378822e+03
1.114204190079122782e+03 9.735171875000000000e+03 9.738450185743062320e+03
1.114224623980000615e+03 9.743167968750000000e+03 9.738536026930429216e+03
1.114245058081578463e+03 9.739133789062500000e+03 9.738622629461409815e+03
1.114265492083039135e+03 9.742248046875000000e+03 9.738709984874285510e+03
1.114285926184616983e+03 9.739165039062500000e+03 9.738798086832563058e+03
1.114306360086891800e+03 9.734633789062500000e+03 9.738886926847484574e+03
1.114326794088818133e+03 9.737262695312500000e+03 9.738976499021007839e+03
1.114347228191327304e+03 9.739096679687500000e+03 9.739066796175500713e+03
1.114367662094067782e+03 9.741235351562500000e+03 9.739157809786072903e+03
1.114388096096925437e+03 9.743493164062500000e+03 9.739249533990794589e+03
1.114408530200365931e+03 9.730449218750000000e+03 9.739341961609741702e+03
1.114428964103572071e+03 9.740766601562500000e+03 9.739435084084743721e+03
1.114449398207478225e+03 9.741231445312500000e+03 9.739528896050518597e+03
1.114469832211267203e+03 9.740854492187500000e+03 9.739623388938682183e+03
1.114490266115404665e+03 9.733720703125000000e+03 9.739718555549035955e+03
1.114510700219776481e+03 9.742317382812500000e+03 9.739814390090756206e+03
1.114531134224496782e+03 9.737543945312500000e+03 9.739910883969898350e+03
1.114551568229217082e+03 9.737355468750000000e+03 9.740008030459783186e+03
1.114572002234403044e+03 9.740779296875000000e+03 9.740105822370227543e+03
1.114592436239589006e+03 9.734371093750000000e+03 9.740204252506609919e+03
1.114612870245240629e+03 9.739334960937500000e+03 9.740303313678779887e+03
1.114633304250892252e+03 9.742605468750000000e+03 9.740402998692086840e+03
1.114653738257009536e+03 9.741931640625000000e+03 9.740503300356403997e+03
1.114674172263126820e+03 9.735644531250000000e+03 9.740604211477053468e+03
1.114694606269709766e+03 9.743382812500000000e+03 9.740705724863932119e+03
1.114715040276292711e+03 9.737208007812500000e+03 9.740807833322334773e+03
1.114735474383458495e+03 9.736250000000000000e+03 9.740910530166784156e+03
1.114755908290389925e+03 9.742730468750000000e+03 9.741013806688759360e+03
1.114776342297904193e+03 9.737203125000000000e+03 9.741117657211994810e+03
1.114796776405535638e+03 9.745452148437500000e+03 9.741222074550105390e+03
1.114817210313398391e+03 9.728430664062500000e+03 9.741327049974159308e+03
1.114837644421495497e+03 9.737695312500000000e+03 9.741432578346652008e+03
1.114858078429941088e+03 9.744748046875000000e+03 9.741538650930513541e+03
1.114878512338269502e+03 9.746561523437500000e+03 9.741645260522971512e+03
1.114898946447297931e+03 9.738544921875000000e+03 9.741752401504993031e+03
1.114919380456209183e+03 9.745001953125000000e+03 9.741860065110795404e+03
1.114939814365468919e+03 9.743617187500000000e+03 9.741968244142792173e+03
1.114960248474963009e+03 9.737718750000000000e+03 9.742076932999962082e+03
1.114980682484805584e+03 9.755002929687500000e+03 9.742186122898536269e+03
1.115001116594765335e+03 9.751431640625000000e+03 9.742295807713500835e+03
1.115021550505422056e+03 9.737348632812500000e+03 9.742405978641665570e+03
