1.519832444499246776e+03 9.902995117187500000e+03 9.909227924678936688e+03
1.519852878893725574e+03 9.910909179687500000e+03 9.909075671042810427e+03
1.519873313088435680e+03 9.907063476562500000e+03 9.908919620309869060e+03
1.519893747483380139e+03 9.908493164062500000e+03 9.908759827406385739e+03
1.519914181778207421e+03 9.908767578125000000e+03 9.908596352634442155e+03
1.519934615973383188e+03 9.902829101562500000e+03 9.908429254024646070e+03
1.519955050368793309e+03 9.909366210937500000e+03 9.908258587078977143e+03
1.519975484664086252e+03 9.914961914062500000e+03 9.908084412260632234e+03
1.519995918959379196e+03 9.909550781250000000e+03 9.907906786722880497e+03
1.520016353255137801e+03 9.908560546875000000e+03 9.907725768442303888e+03
1.520036787550896406e+03 9.907735351562500000e+03 9.907541415403666178e+03
1.520057221946306527e+03 9.916444335937500000e+03 9.907353784664817795e+03
1.520077656242530793e+03 9.909002929687500000e+03 9.907162936032378639e+03
1.520098090438637882e+03 9.897504882812500000e+03 9.906968927542469828e+03
1.520118524834513664e+03 9.904932617187500000e+03 9.906771814305800945e+03
1.520138959130737931e+03 9.907309570312500000e+03 9.906571657168722595e+03
1.520159393327310681e+03 9.910460937500000000e+03 9.906368514156103629e+03
1.520179827723652124e+03 9.908505859375000000e+03 9.906162440250411237e+03
1.520200262020342052e+03 9.898165039062500000e+03 9.905953496430571249e+03
1.520220696317031980e+03 9.909212890625000000e+03 9.905741739679484454e+03
1.520241130613721907e+03 9.904243164062500000e+03 9.905527227977912844e+03
1.520261564810760319e+03 9.908064453125000000e+03 9.905310020372358849e+03
1.520281999208033085e+03 9.910400390625000000e+03 9.905090171636289597e+03
1.520302433505188674e+03 9.899743164062500000e+03 9.904867742962622287e+03
1.520322867702227086e+03 9.904099609375000000e+03 9.904642792369631934e+03
1.520343302099965513e+03 9.907605468750000000e+03 9.904415374508187597e+03
1.520363736397586763e+03 9.899540039062500000e+03 9.904185550688845979e+03
1.520384170794859529e+03 9.901044921875000000e+03 9.903953376646275501e+03
1.520404604992829263e+03 9.903550781250000000e+03 9.903718913774851899e+03
1.520425039290450513e+03 9.904394531250000000e+03 9.903482216641739797e+03
1.520445473688654602e+03 9.901896484375000000e+03 9.903243343184523837e+03
1.520465907886624336e+03 9.899861328125000000e+03 9.903002354916094191e+03
1.520506776583380997e+03 9.909579101562500000e+03 9.902514255252997827e+03
1.520527210781816393e+03 9.907723632812500000e+03 9.902267263406214624e+03
1.520547645180486143e+03 9.907603515625000000e+03 9.902018383890750556e+03
1.520568079479038715e+03 9.901529296875000000e+03 9.901767678331776551e+03
1.520588513778056949e+03 9.901188476562500000e+03 9.901515203489496344e+03
1.520608948076609522e+03 9.896927734375000000e+03 9.901261017356198863e+03
1.520629382375627756e+03 9.806577148437500000e+03 9.901005177901071875e+03
1.520649816675111651e+03 9.605962890625000000e+03 9.900747743104791880e+03
1.520670250974129885e+03 9.389666992187500000e+03 9.900488770959873364e+03
1.520690685273613781e+03 9.224016601562500000e+03 9.900228319435298545e+03
1.520711119673214853e+03 9.151826171875000000e+03 9.899966445231304533e+03
1.520731553872581571e+03 9.196345703125000000e+03 9.899703210187957666e+03
1.520751988172531128e+03 9.344541992187500000e+03 9.899438668420723843e+03
1.520772422572132200e+03 9.561212890625000000e+03 9.899172877903678454e+03
1.520792856872081757e+03 9.770598632812500000e+03 9.898905899210192729e+03
1.520813291072379798e+03 9.886302734375000000e+03 9.898637790338030754e+03
1.520833725472446531e+03 9.886816406250000000e+03 9.898368605331372237e+03
1.520854159672744572e+03 9.891304687500000000e+03 9.898098407433797547e+03
1.520874594073276967e+03 9.909976562500000000e+03 9.897827249337264220e+03
1.520895028373692185e+03 9.899108398437500000e+03 9.897555193001247972e+03
1.520915462573990226e+03 9.896499023437500000e+03 9.897282296419331033e+03
1.520935896974988282e+03 9.901361328125000000e+03 9.897008613549001893e+03
1.520956331275869161e+03 9.891916015625000000e+03 9.896734206394330613e+03
1.520976765476632863e+03 9.899415039062500000e+03 9.896459132946351019e+03
1.520997199877630919e+03 9.901339843750000000e+03 9.896183447138077099e+03
1.521017634178977460e+03 9.893970703125000000e+03 9.895907210991790635e+03
1.521038068380206823e+03 9.891666992187500000e+03 9.895630482502248924e+03
1.521058502781670541e+03 9.899595703125000000e+03 9.895353315579421178e+03
1.521078937083482742e+03 9.899593750000000000e+03 9.895075772268610308e+03
1.521099371484946460e+03 9.891321289062500000e+03 9.894797907844256770e+03
1.521119805686641484e+03 9.894186523437500000e+03 9.894519784360705671e+03
1.521140239988453686e+03 9.900314453125000000e+03 9.894241455718885845e+03
1.521160674390383065e+03 9.895335937500000000e+03 9.893962979897030891e+03
1.521181108592543751e+03 9.894802734375000000e+03 9.893684418963508506e+03
1.521201542894821614e+03 9.896852539062500000e+03 9.893405826811562292e+03
1.521221977297216654e+03 9.893795898437500000e+03 9.893127261421988806e+03
1.521242411499377340e+03 9.898058593750000000e+03 9.892848784869544033e+03
1.521262845902238041e+03 9.897486328125000000e+03 9.892570449671509778e+03
1.521283280204981565e+03 9.887077148437500000e+03 9.892292317907300458e+03
1.521303714507725090e+03 9.893560546875000000e+03 9.892014446193650656e+03
1.521324148810468614e+03 9.892464843750000000e+03 9.891736892511366023e+03
1.521344583113212138e+03 9.885242187500000000e+03 9.891459714841259483e+03
1.521365017416421324e+03 9.886602539062500000e+03 9.891182971157846623e+03
1.521385451719630510e+03 9.885685546875000000e+03 9.890906719448263175e+03
1.521405886022839695e+03 9.891264648437500000e+03 9.890631017693323884e+03
1.521426320326514542e+03 9.892828125000000000e+03 9.890355923867584352e+03
1.521446754729840904e+03 9.887700195312500000e+03 9.890081494621577804e+03
1.521467188933864236e+03 9.888777343750000000e+03 9.889807791945861027e+03
1.521487623337656260e+03 9.887241210937500000e+03 9.889534868476355769e+03
1.521508057541213930e+03 9.890870117187500000e+03 9.889262787535944881e+03
1.521528491845354438e+03 9.892939453125000000e+03 9.888991603093796584e+03
1.521548926249146461e+03 9.883633789062500000e+03 9.888721373156713526e+03
1.521569360453635454e+03 9.887882812500000000e+03 9.888452159651698821e+03
1.521589794757775962e+03 9.884701171875000000e+03 9.888184016613398853e+03
1.521610229162499309e+03 9.886798828125000000e+03 9.887917002026602859e+03
1.521630663366988301e+03 9.889999023437500000e+03 9.887651177794334217e+03
1.521651097771711648e+03 9.888881835937500000e+03 9.887386596688193094e+03
1.521671532076317817e+03 9.880619140625000000e+03 9.887123320587204944e+03
1.521691966281272471e+03 9.885698242187500000e+03 9.886861407446656813e+03
1.521712400685995817e+03 9.888200195312500000e+03 9.886600911419885961e+03
1.521732834991067648e+03 9.887746093750000000e+03 9.886341894315275567e+03
1.521753269196487963e+03 9.883150390625000000e+03 9.886084414091623330e+03
1.521773703601676971e+03 9.883817382812500000e+03 9.885828524968499551e+03
1.521794137907214463e+03 9.880194335937500000e+03 9.885574288688072556e+03
1.521814572212751955e+03 9.881906250000000000e+03 9.885321761979364965e+03
1.521835006518289447e+03 9.886156250000000000e+03 9.885071002823209710e+03
1.521855440824292600e+03 9.880226562500000000e+03 9.884822069194793585e+03
1.521875875229947269e+03 9.892560546875000000e+03 9.884575017880595624e+03
1.521896309435833246e+03 9.888037109375000000e+03 9.884329910467307855e+03
1.521916743741836399e+03 9.893480468750000000e+03 9.884086801324308908e+03
1.521937178147956729e+03 9.886583984375000000e+03 9.883845731391294976e+03
1.521957612454425544e+03 9.888261718750000000e+03 9.883606675646460644e+03
1.521978046660777181e+03 9.886501953125000000e+03 9.883369589614085271e+03
1.521998481067363173e+03 9.879747070312500000e+03 9.883134425371645193e+03
1.522018915373831987e+03 9.884966796875000000e+03 9.882901141937723878e+03
1.522039349580649287e+03 9.879691406250000000e+03 9.882669694827785861e+03
1.522059783987700939e+03 9.876358398437500000e+03 9.882440036206546210e+03
1.522080218294635415e+03 9.885464843750000000e+03 9.882212125010679301e+03
1.522100652701687068e+03 9.883291015625000000e+03 9.881985914554446936e+03
1.522121086908504367e+03 9.877708984375000000e+03 9.881761363698500645e+03
1.522141521215904504e+03 9.877565429687500000e+03 9.881538424673173722e+03
1.522161955523304641e+03 9.887527343750000000e+03 9.881317054135834042e+03
1.522182389830704778e+03 9.882798828125000000e+03 9.881097207634498773e+03
1.522202824038453400e+03 9.883907226562500000e+03 9.880878841778558126e+03
1.522223258445970714e+03 9.879499023437500000e+03 9.880661908927000695e+03
1.522243692753836513e+03 9.877351562500000000e+03 9.880446367816941347e+03
1.522264127161819488e+03 9.877366210937500000e+03 9.880232171888816083e+03
1.522284561370033771e+03 9.881612304687500000e+03 9.880019279824442492e+03
1.522304995677899569e+03 9.884722656250000000e+03 9.879807644042906759e+03
1.522325430086348206e+03 9.877679687500000000e+03 9.879597220100722552e+03
1.522345864294562489e+03 9.875852539062500000e+03 9.879387966634929398e+03
1.522366298602893949e+03 9.879218750000000000e+03 9.879179836109358803e+03
1.522386733011808246e+03 9.880598632812500000e+03 9.878972784083511215e+03
1.522407167220488191e+03 9.873005859375000000e+03 9.878766769145751823e+03
1.522427601529285312e+03 9.876437500000000000e+03 9.878561743808497340e+03
1.522448035938199610e+03 9.883711914062500000e+03 9.878357663633989432e+03
1.522468470246996731e+03 9.879786132812500000e+03 9.878154486169811207e+03
1.522488904556259513e+03 9.880815429687500000e+03 9.877952165957220132e+03
1.522509338865522295e+03 9.879416015625000000e+03 9.877750658548857245e+03
1.522529773174785078e+03 9.879037109375000000e+03 9.877549919492737899e+03
1.522550207484047860e+03 9.877165039062500000e+03 9.877349904336866530e+03
1.522570641793776304e+03 9.876396484375000000e+03 9.877150568624716470e+03
1.522591076103039086e+03 9.881193359375000000e+03 9.876951867913379829e+03
1.522611510512884706e+03 9.874654296875000000e+03 9.876753756772548513e+03
1.522631944722961634e+03 9.877672851562500000e+03 9.876556193658045231e+03
1.522652379032690078e+03 9.873539062500000000e+03 9.876359131219098344e+03
1.522672813443001360e+03 9.877334960937500000e+03 9.876162525001776885e+03
1.522693247653078288e+03 9.877477539062500000e+03 9.875966333445219789e+03
1.522713682063389570e+03 9.871811523437500000e+03 9.875770508252182481e+03
1.522734116373583674e+03 9.873795898437500000e+03 9.875575007851570263e+03
1.522754550584126264e+03 9.873047851562500000e+03 9.875379787782505446e+03
1.522774984994903207e+03 9.876032226562500000e+03 9.875184800729843118e+03
1.522795419305562973e+03 9.874678710937500000e+03 9.874990005109186313e+03
1.522815853516105562e+03 9.870151367187500000e+03 9.874795356466060184e+03
1.522856722138356417e+03 9.881042968750000000e+03 9.874406317527997089e+03
1.522877156549133360e+03 9.879609375000000000e+03 9.874211838339044334e+03
1.522897590860258788e+03 9.875748046875000000e+03 9.874017328314623228e+03
1.522918025071732700e+03 9.871265625000000000e+03 9.873822743003518553e+03
1.522938459483440965e+03 9.874538085937500000e+03 9.873628035097275642e+03
1.522958893794566393e+03 9.874774414062500000e+03 9.873433163009211057e+03
1.522979328006505966e+03 9.875625000000000000e+03 9.873238082276740897e+03
1.522999762418214232e+03 9.875795898437500000e+03 9.873042745592047140e+03
1.523020196729805321e+03 9.872869140625000000e+03 9.872847111367822436e+03
1.523040631041862071e+03 9.871853515625000000e+03 9.872651134191208257e+03
1.523061065353918821e+03 9.861731445312500000e+03 9.872454769614647375e+03
1.523081499665975571e+03 9.874213867187500000e+03 9.872257973186131494e+03
1.523101934078615159e+03 9.870728515625000000e+03 9.872060699481382471e+03
1.523122368291020393e+03 9.871572265625000000e+03 9.871862906956170264e+03
1.523142802603077143e+03 9.869755859375000000e+03 9.871664548259705043e+03
1.523163237015716732e+03 9.871711914062500000e+03 9.871465578922294299e+03
1.523183671328704804e+03 9.870917968750000000e+03 9.871265956441380695e+03
1.523204105541110039e+03 9.870014648437500000e+03 9.871065636383991659e+03
1.523224539954215288e+03 9.868622070312500000e+03 9.870864571339225222e+03
1.523244974267203361e+03 9.865090820312500000e+03 9.870662719809381088e+03
1.523265408480539918e+03 9.878152343750000000e+03 9.870460037349706909e+03
1.523285842893645167e+03 9.872752929687500000e+03 9.870256476531976659e+03
1.523306277206633240e+03 9.872250976562500000e+03 9.870051995885016368e+03
1.523326711620204151e+03 9.874258789062500000e+03 9.869846548947953124e+03
1.523347145834006369e+03 9.864005859375000000e+03 9.869640094295737072e+03
1.523367580147460103e+03 9.867714843750000000e+03 9.869432584458720157e+03
1.523388014561031014e+03 9.872144531250000000e+03 9.869223974964370427e+03
1.523408448774833232e+03 9.868424804687500000e+03 9.869014224430376998e+03
1.523428883088752627e+03 9.871912109375000000e+03 9.868803285334957764e+03
1.523449317402672023e+03 9.865813476562500000e+03 9.868591114250921237e+03
1.523469751717057079e+03 9.862315429687500000e+03 9.868377666721369678e+03
1.523490186131093651e+03 9.865461914062500000e+03 9.868162897248448644e+03
1.523510620345361531e+03 9.864354492187500000e+03 9.867946764537020499e+03
1.523531054660212249e+03 9.871411132812500000e+03 9.867729220968290974e+03
1.523551489074714482e+03 9.865000976562500000e+03 9.867510222079099549e+03
1.523571923289448023e+03 9.868052734375000000e+03 9.867289726637260173e+03
1.523592357603833079e+03 9.863590820312500000e+03 9.867067686970973227e+03
1.523612792018800974e+03 9.874107421875000000e+03 9.866844058595082970e+03
1.523633226233534515e+03 9.874834960937500000e+03 9.866618800361451576e+03
1.523653660548850894e+03 9.862682617187500000e+03 9.866391864514014742e+03
1.523674094963818789e+03 9.867690429687500000e+03 9.866163206586112210e+03
1.523694529279135168e+03 9.868072265625000000e+03 9.865932784355707554e+03
1.523714963594451547e+03 9.860777343750000000e+03 9.865700552259917458e+03
1.523735397910233587e+03 9.868358398437500000e+03 9.865466465841347599e+03
1.523755832225549966e+03 9.864085937500000000e+03 9.865230480658643501e+03
1.523776266541332006e+03 9.863613281250000000e+03 9.864992552249010259e+03
1.523796700857114047e+03 9.862172851562500000e+03 9.864752636165772856e+03
1.523817135172896087e+03 9.862298828125000000e+03 9.864510687956893889e+03
1.523837569588795304e+03 9.866954101562500000e+03 9.864266661969591951e+03
1.523858003804925829e+03 9.859998046875000000e+03 9.864020517348446447e+03
1.523878438121173531e+03 9.867435546875000000e+03 9.863772206044712220e+03
1.523898872537538409e+03 9.864698242187500000e+03 9.863521683574192139e+03
1.523919306753668934e+03 9.863872070312500000e+03 9.863268909183565484e+03
1.523939741170033813e+03 9.861839843750000000e+03 9.863013833466648066e+03
1.523960175486747175e+03 9.866125976562500000e+03 9.862756415697687771e+03
1.523980609703343362e+03 9.863120117187500000e+03 9.862496611465197930e+03
1.524001044120173901e+03 9.860028320312500000e+03 9.862234372480657839e+03
