2.143525401377119124e+02 8.420696289062500000e+03 8.423370406756483135e+03
2.143729731542989612e+02 8.419292968750000000e+03 8.425685570892914257e+03
2.143934061708860099e+02 8.430703125000000000e+03 8.428000019844494091e+03
2.144138391870073974e+02 8.429664062500000000e+03 8.430314234937177389e+03
2.144342722031287849e+02 8.429039062500000000e+03 8.432628697602371176e+03
2.144547052192501724e+02 8.443470703125000000e+03 8.434943889218742697e+03
2.144751381347887218e+02 8.441993164062500000e+03 8.437260279758533215e+03
2.144955712505616248e+02 8.441184570312500000e+03 8.439578384713922787e+03
2.145160042662173510e+02 8.441710937500000000e+03 8.441898651402740143e+03
2.145364371812902391e+02 8.449942382812500000e+03 8.444221561115156874e+03
2.145568702965974808e+02 8.446817382812500000e+03 8.446547629449858505e+03
2.145773033117875457e+02 8.446455078125000000e+03 8.448877303618197402e+03
2.145977362263947725e+02 8.454310546875000000e+03 8.451211064888822875e+03
2.146181692411191761e+02 8.446113281250000000e+03 8.453549417561296650e+03
2.146386023559607565e+02 8.455921875000000000e+03 8.455892843085042841e+03
2.146590352705679834e+02 8.456307617187500000e+03 8.458241788352461299e+03
2.146794682843610644e+02 8.462786132812500000e+03 8.460596769120786121e+03
2.146999013987369835e+02 8.460317382812500000e+03 8.462958267021429492e+03
2.147203344125300646e+02 8.464512695312500000e+03 8.465326740185726521e+03
2.147407673266716301e+02 8.474667968750000000e+03 8.467702669993901509e+03
2.147612004401162267e+02 8.473773437500000000e+03 8.470086572643731415e+03
2.147816334539093077e+02 8.475247070312500000e+03 8.472478894694431801e+03
2.148020663671195507e+02 8.472658203125000000e+03 8.474880117287961184e+03
2.148224993804469705e+02 8.472860351562500000e+03 8.477290745386259005e+03
2.148429324934259057e+02 8.473470703125000000e+03 8.479711260454125295e+03
2.148633654061704874e+02 8.476447265625000000e+03 8.482142108270116296e+03
2.148837984190322459e+02 8.477114257812500000e+03 8.484583805867361662e+03
2.149042315315455198e+02 8.478131835937500000e+03 8.487036834731101408e+03
2.149246644438244402e+02 8.484409179687500000e+03 8.489501640152002437e+03
2.149450974562205374e+02 8.493761718750000000e+03 8.491978739651713113e+03
2.149655304681509733e+02 8.496346679687500000e+03 8.494468602503979128e+03
2.149859635801985860e+02 8.496790039062500000e+03 8.496971722441379825e+03
2.150063964920118451e+02 8.501798828125000000e+03 8.499488543948576989e+03
2.150268295039422810e+02 8.505811523437500000e+03 8.502019585297628510e+03
2.150472626150585711e+02 8.510375000000000000e+03 8.504565327962907759e+03
2.150676955264061689e+02 8.509949218750000000e+03 8.507126215965441588e+03
2.150881285378709435e+02 8.514166015625000000e+03 8.509702768156555976e+03
2.151085614487528801e+02 8.509349609375000000e+03 8.512295440601139489e+03
2.151289945598691702e+02 8.510736328125000000e+03 8.514904726359383858e+03
2.151494275704026222e+02 8.525447265625000000e+03 8.517530430074217293e+03
2.151698604812845588e+02 8.526901367187500000e+03 8.520171782815685219e+03
2.151902935914695263e+02 8.528126953125000000e+03 8.522828027934870988e+03
2.152107266020029783e+02 8.526670898437500000e+03 8.525498331270031485e+03
2.152311596120707691e+02 8.526730468750000000e+03 8.528181910273331596e+03
2.152515926216728985e+02 8.535372070312500000e+03 8.530877969538623802e+03
2.152720256317406893e+02 8.540404296875000000e+03 8.533585713783526444e+03
2.152924586413428187e+02 8.538541015625000000e+03 8.536304347479388525e+03
2.153128915508277714e+02 8.540800781250000000e+03 8.539033061888982047e+03
2.153537576696835458e+02 8.551742187500000000e+03 8.544517631527298363e+03
2.153741905787028372e+02 8.546392578125000000e+03 8.547271855645343749e+03
2.153946236874908209e+02 8.552008789062500000e+03 8.550033019212007275e+03
2.154150565965101123e+02 8.545108398437500000e+03 8.552800272837112061e+03
2.154354896047152579e+02 8.550982421875000000e+03 8.555572861560120145e+03
2.154559226133860648e+02 8.556151367187500000e+03 8.558349976620653251e+03
2.154763556215912104e+02 8.559938476562500000e+03 8.561130822487055411e+03
2.154967886302620173e+02 8.563350585937500000e+03 8.563914603880984941e+03
2.155172216380015016e+02 8.566165039062500000e+03 8.566700525206968450e+03
2.155376546457409859e+02 8.568929687500000000e+03 8.569487791186827963e+03
2.155580876534804702e+02 8.565772460937500000e+03 8.572275606415561924e+03
2.155785206607542932e+02 8.570060546875000000e+03 8.575063175424642395e+03
2.155989535683766007e+02 8.570817382812500000e+03 8.577849689286631474e+03
2.156193866757676005e+02 8.577233398437500000e+03 8.580634393418082254e+03
2.156398196830414236e+02 8.581221679687500000e+03 8.583416451529035839e+03
2.156602525897324085e+02 8.593760742187500000e+03 8.586195068195800559e+03
2.156806856966577470e+02 8.587218750000000000e+03 8.588969488891836590e+03
2.157011187030002475e+02 8.585227539062500000e+03 8.591738877334277277e+03
2.157215517098084092e+02 8.591148437500000000e+03 8.594502451849444697e+03
2.157419847161509097e+02 8.592451171875000000e+03 8.597259416906517799e+03
2.157624177224934101e+02 8.590640625000000000e+03 8.600008977163710369e+03
2.157828507283702493e+02 8.598432617187500000e+03 8.602750337153804139e+03
2.158032836341299117e+02 8.595567382812500000e+03 8.605482688170122856e+03
2.158237167401239276e+02 8.617249023437500000e+03 8.608205274901796656e+03
2.158441497455351055e+02 8.633535156250000000e+03 8.610917261788443284e+03
2.158645826508291066e+02 8.644315429687500000e+03 8.613617853648949676e+03
2.158850157563574612e+02 8.638933593750000000e+03 8.616306294688129128e+03
2.159054487613029778e+02 8.638849609375000000e+03 8.618981816960249489e+03
2.159258816665969789e+02 8.635638671875000000e+03 8.621643960943207276e+03
2.159463146715424955e+02 8.637271484375000000e+03 8.624292359858591226e+03
2.159667477761395276e+02 8.641548828125000000e+03 8.626926620755608383e+03
2.159871806805022061e+02 8.631266601562500000e+03 8.629546312332415255e+03
2.160076136849820614e+02 8.630151367187500000e+03 8.632151080458173965e+03
2.160280467891134322e+02 8.637767578125000000e+03 8.634740532105017337e+03
2.160484797931276262e+02 8.637044921875000000e+03 8.637314249208950059e+03
2.160689126974903047e+02 8.640926757812500000e+03 8.639871839315486795e+03
2.160893458011560142e+02 8.642341796875000000e+03 8.642412946978454784e+03
2.161097788047045469e+02 8.643879882812500000e+03 8.644937142093554939e+03
2.161302117081359029e+02 8.640728515625000000e+03 8.647444032165552926e+03
2.161506447116844356e+02 8.645081054687500000e+03 8.649933249016041373e+03
2.161710778148844838e+02 8.643738281250000000e+03 8.652404399579510937e+03
2.161915107178501785e+02 8.647568359375000000e+03 8.654857054977088410e+03
2.162119437209330499e+02 8.654559570312500000e+03 8.657290858651545932e+03
2.162323768236674368e+02 8.653656250000000000e+03 8.659705417521396157e+03
2.162528097261674702e+02 8.658259765625000000e+03 8.662100303547047588e+03
2.162732427287846804e+02 8.668789062500000000e+03 8.664475159330791939e+03
2.162936757309362292e+02 8.660419921875000000e+03 8.666829580289788282e+03
2.163141087330877781e+02 8.667120117187500000e+03 8.669163173731934876e+03
2.163345417352393270e+02 8.666738281250000000e+03 8.671475546910758567e+03
2.163549747369252145e+02 8.689425781250000000e+03 8.673766307027846779e+03
2.163754077386111021e+02 8.702542968750000000e+03 8.676035061389702605e+03
2.163958407402969897e+02 8.691093750000000000e+03 8.678281417249891092e+03
2.164162737415172160e+02 8.691386718750000000e+03 8.680504981811563994e+03
2.164367067432031035e+02 8.694861328125000000e+03 8.682705362429638626e+03
2.164571397439576685e+02 8.696423828125000000e+03 8.684882166208073613e+03
2.164775726450607181e+02 8.693819335937500000e+03 8.687034990061047210e+03
2.164980056458152831e+02 8.714975585937500000e+03 8.689163462242468086e+03
2.165184387466870248e+02 8.708904296875000000e+03 8.691267189694299304e+03
2.165388716473244131e+02 8.695918945312500000e+03 8.693345748930782065e+03
2.165593046476133168e+02 8.700006835937500000e+03 8.695398777898411936e+03
2.165797377475537360e+02 8.693212890625000000e+03 8.697425883474285001e+03
2.166001707478426397e+02 8.699408203125000000e+03 8.699426653138201800e+03
2.166206036480143666e+02 8.696533203125000000e+03 8.701400694487165310e+03
2.166410366473719478e+02 8.702522460937500000e+03 8.703347634033149006e+03
2.166614697473123670e+02 8.700704101562500000e+03 8.705267082768717955e+03
2.166819026465527713e+02 8.700742187500000000e+03 8.707158715941019182e+03
2.167023356459103525e+02 8.705019531250000000e+03 8.709022357004541846e+03
2.167227687453851104e+02 8.710205078125000000e+03 8.710857804945870157e+03
2.167432016446255147e+02 8.713416992187500000e+03 8.712664832393176766e+03
2.167636346430517733e+02 8.710991210937500000e+03 8.714443265437188529e+03
2.167840677420608699e+02 8.721416992187500000e+03 8.716192903178216511e+03
2.168045006408356130e+02 8.711850585937500000e+03 8.717913519469375387e+03
2.168249336392618716e+02 8.723472656250000000e+03 8.719604939177817869e+03
2.168453666372224689e+02 8.718402343750000000e+03 8.721266953203334197e+03
2.168657996356487274e+02 8.721291015625000000e+03 8.722899361021356526e+03
2.168862326336093247e+02 8.731850585937500000e+03 8.724501961957179446e+03
2.169066656315699220e+02 8.729988281250000000e+03 8.726074555448036335e+03
2.169270987291820347e+02 8.718333007812500000e+03 8.727616948341830721e+03
2.169475316270254552e+02 8.733346679687500000e+03 8.729128917659523722e+03
2.169679646245203912e+02 8.724135742187500000e+03 8.730610285180942810e+03
2.169883975218981504e+02 8.723693359375000000e+03 8.732060835825992399e+03
2.170088306185789406e+02 8.731332031250000000e+03 8.733480390025195447e+03
2.170292636156082153e+02 8.725794921875000000e+03 8.734868726181577586e+03
2.170496966126374900e+02 8.732773437500000000e+03 8.736225650693764692e+03
2.170701296092011034e+02 8.734664062500000000e+03 8.737550962931640242e+03
2.170905626057647169e+02 8.735547851562500000e+03 8.738844462326216671e+03
2.171109956023283303e+02 8.737558593750000000e+03 8.740105948277234347e+03
2.171314284987747669e+02 8.740566406250000000e+03 8.741335214240520145e+03
2.171518615945242345e+02 8.744207031250000000e+03 8.742532077393732834e+03
2.171722945906221867e+02 8.742652343750000000e+03 8.743696319387829135e+03
2.171927274866029620e+02 8.744088867187500000e+03 8.744827740075805195e+03
2.172131605823524296e+02 8.744992187500000000e+03 8.745926155221810404e+03
2.172335935779847205e+02 8.747962890625000000e+03 8.746991347862713155e+03
2.172540264730341733e+02 8.752145507812500000e+03 8.748023117864895539e+03
2.172744595683179796e+02 8.753156250000000000e+03 8.749021279572607455e+03
2.172948925634846091e+02 8.751877929687500000e+03 8.749985617465805262e+03
2.173153254585340619e+02 8.755070312500000000e+03 8.750915931442857982e+03
2.173561915480531752e+02 8.750023437500000000e+03 8.752673712057261582e+03
2.173766244426369667e+02 8.758890625000000000e+03 8.753500764599168178e+03
2.173970574368722737e+02 8.757479492187500000e+03 8.754292999421026252e+03
2.174174905312247574e+02 8.751659179687500000e+03 8.755050215428558658e+03
2.174379234253428876e+02 8.751199218750000000e+03 8.755772420582188715e+03
2.174583564191125333e+02 8.750467773437500000e+03 8.756460521909124509e+03
2.174787894128821790e+02 8.772733398437500000e+03 8.757115631208675040e+03
2.174992224066518247e+02 8.756924804687500000e+03 8.757738863887334446e+03
2.175196554004214704e+02 8.756871093750000000e+03 8.758331335351598682e+03
2.175400882936082780e+02 8.765571289062500000e+03 8.758894158308550686e+03
2.175605213870294392e+02 8.753131835937500000e+03 8.759428456239202205e+03
2.175809543798677623e+02 8.755966796875000000e+03 8.759935336477981764e+03
2.176013872730545700e+02 8.757714843750000000e+03 8.760415914849170804e+03
2.176218203655444086e+02 8.755465820312500000e+03 8.760871313603527597e+03
2.176422533583827317e+02 8.759619140625000000e+03 8.761302641302982011e+03
2.176626863507553935e+02 8.761210937500000000e+03 8.761711015626293374e+03
2.176831192430108786e+02 8.763850585937500000e+03 8.762097550147565926e+03
2.177035523355007172e+02 8.770503906250000000e+03 8.762463365799856547e+03
2.177239853274077177e+02 8.762329101562500000e+03 8.762809572454965746e+03
2.177444182191975415e+02 8.763476562500000000e+03 8.763137285807666558e+03
2.177648513112217188e+02 8.762218750000000000e+03 8.763447625950899237e+03
2.177852843026630580e+02 8.763750976562500000e+03 8.763741703597583182e+03
2.178057171944528818e+02 8.768757812500000000e+03 8.764020634398111724e+03
2.178261501858942211e+02 8.764067382812500000e+03 8.764285536474770197e+03
2.178465832769870758e+02 8.772413085937500000e+03 8.764537525036550505e+03
2.178670161678455770e+02 8.774887695312500000e+03 8.764777711881099094e+03
2.178874491588212550e+02 8.769049804687500000e+03 8.765007216029043775e+03
2.179078822499141097e+02 8.766852539062500000e+03 8.765227152737574215e+03
2.179283152404241264e+02 8.766754882812500000e+03 8.765438635257276474e+03
2.179487481308169663e+02 8.767013671875000000e+03 8.765642779115289159e+03
2.179691812209784985e+02 8.760058593750000000e+03 8.765840702665453136e+03
2.179896142114885151e+02 8.759523437500000000e+03 8.766033518370404636e+03
2.180100471014156938e+02 8.761067382812500000e+03 8.766222341694125134e+03
2.180304800914600492e+02 8.767541992187500000e+03 8.766408289892795437e+03
2.180509131811559200e+02 8.769782226562500000e+03 8.766592478334032421e+03
2.180713460706174374e+02 8.772254882812500000e+03 8.766776019727951279e+03
2.180917790601961315e+02 8.765036132812500000e+03 8.766960032180322742e+03
2.181122121498920023e+02 8.774819335937500000e+03 8.767145631112063711e+03
2.181326450388878584e+02 8.764262695312500000e+03 8.767333929179369079e+03
2.181530780280008912e+02 8.766920898437500000e+03 8.767526044537460621e+03
2.181735110166482627e+02 8.769045898437500000e+03 8.767723091672423834e+03
2.181939440057612956e+02 8.763731445312500000e+03 8.767926135036930646e+03
2.182143769944086671e+02 8.764093750000000000e+03 8.768135067814797367e+03
2.182348099830560386e+02 8.770558593750000000e+03 8.768348612439414865e+03
2.182552430713549256e+02 8.775820312500000000e+03 8.768565441538199593e+03
2.182756759594194591e+02 8.773884765625000000e+03 8.768784223475304316e+03
2.182961089476011693e+02 8.769223632812500000e+03 8.769003633019770859e+03
2.183369749230332673e+02 8.768281250000000000e+03 8.769439017972877991e+03
2.183574079107493162e+02 8.767052734375000000e+03 8.769652336515071511e+03
2.183778407983481884e+02 8.766391601562500000e+03 8.769860966844811628e+03
2.183982738857157528e+02 8.759851562500000000e+03 8.770063583547615053e+03
2.184187068729661405e+02 8.764459960937500000e+03 8.770258855166877765e+03
2.184391398602165282e+02 8.770888671875000000e+03 8.770445454275568409e+03
2.184595728470012546e+02 8.774553710937500000e+03 8.770622052434157013e+03
2.184800058337859809e+02 8.764832031250000000e+03 8.770787321211457311e+03
2.185004388205707073e+02 8.765560546875000000e+03 8.770939932171935652e+03
2.185208717067725956e+02 8.762543945312500000e+03 8.771078556234260759e+03
2.185413047932088375e+02 8.760071289062500000e+03 8.771201866895004059e+03
2.185617376794107258e+02 8.764861328125000000e+03 8.771308533310622806e+03
2.185821706657297909e+02 8.764947265625000000e+03 8.771397228739180719e+03
2.186026037517003715e+02 8.768879882812500000e+03 8.771466624469949238e+03
2.186230366374365985e+02 8.773948242187500000e+03 8.771515391198085126e+03
2.186434696232900023e+02 8.774721679687500000e+03 8.771542201359945466e+03
2.186639026086777449e+02 8.778470703125000000e+03 8.771545726229789580e+03
2.186843355940654874e+02 8.848129882812500000e+03 8.771524637373227961e+03
2.187047685794532299e+02 8.858029296875000000e+03 8.771477606354987074e+03
2.187252015643753111e+02 8.835081054687500000e+03 8.771403304741816100e+03
2.187456345492973924e+02 8.801530273437500000e+03 8.771300404097766659e+03
2.187660675342194736e+02 8.807051757812500000e+03 8.771167575987665259e+03
2.187865005191415548e+02 8.793348632812500000e+03 8.771003491976329315e+03
2.188069336037151515e+02 8.783688476562500000e+03 8.770806822587825081e+03
2.188273664880543947e+02 8.778381835937500000e+03 8.770576242520573942e+03
2.188477994720451534e+02 8.776263671875000000e+03 8.770310420209072618e+03
2.188682323563843966e+02 8.777012695312500000e+03 8.770008029825186895e+03
2.188886654404923320e+02 8.772790039062500000e+03 8.769667738227439258e+03
2.189090984240174294e+02 8.778908203125000000e+03 8.769288221703713134e+03
2.189295313078910112e+02 8.774378906250000000e+03 8.768868152388109593e+03
2.189499643915332854e+02 8.766196289062500000e+03 8.768406195385497995e+03
2.189703973750583827e+02 8.774252929687500000e+03 8.767901506857668210e+03
2.189908303581178188e+02 8.767237304687500000e+03 8.767355145864523365e+03
2.190112632415257394e+02 8.762110351562500000e+03 8.766768654188716027e+03
2.190316963242366910e+02 8.774938476562500000e+03 8.766143561801140095e+03
2.190521293072961271e+02 8.759638671875000000e+03 8.765481416406844801e+03
2.190725621897727251e+02 8.753125000000000000e+03 8.764783757407300072e+03
2.191134282550774515e+02 8.762270507812500000e+03 8.763288032882534026e+03
2.191338611375540495e+02 8.765139648437500000e+03 8.762493056007258929e+03
2.191542942193336785e+02 8.775204101562500000e+03 8.761668709462008337e+03
2.191747272014617920e+02 8.760291992187500000e+03 8.760816543934437505e+03
2.191951600834727287e+02 8.756190429687500000e+03 8.759938098678432652e+03
2.192155930651351810e+02 8.761399414062500000e+03 8.759034903937905256e+03
2.192360261469148099e+02 8.765746093750000000e+03 8.758108498178356967e+03
2.192564591285772622e+02 8.752868164062500000e+03 8.757160429322055279e+03
2.192768920096568763e+02 8.741139648437500000e+03 8.756192236536131531e+03
2.192973250909708440e+02 8.745537109375000000e+03 8.755205444264494872e+03
2.193177580721676350e+02 8.749618164062500000e+03 8.754201605716974882e+03
2.193381909532472491e+02 8.741791992187500000e+03 8.753182259970450104e+03
2.193586239339783788e+02 8.739062500000000000e+03 8.752148935890691064e+03
2.193790570143610239e+02 8.747452148437500000e+03 8.751103172121958778e+03
2.193994898949749768e+02 8.747447265625000000e+03 8.750046522909822670e+03
2.194199228752404451e+02 8.745068359375000000e+03 8.748980511683999794e+03
2.194403559556230903e+02 8.748061523437500000e+03 8.747906677131632023e+03
2.194607888357713819e+02 8.748638671875000000e+03 8.746826573924578042e+03
2.194812218155711889e+02 8.741579101562500000e+03 8.745741725090429100e+03
2.195016548954881728e+02 8.748849609375000000e+03 8.744653669383498709e+03
2.195220877751708031e+02 8.742842773437500000e+03 8.743563961650652345e+03
2.195425207545049489e+02 8.743519531250000000e+03 8.742474124744323490e+03
2.195629537343047559e+02 8.750648437500000000e+03 8.741385702788593335e+03
2.195833867136389017e+02 8.748369140625000000e+03 8.740300234670221471e+03
2.196038196925073862e+02 8.739203125000000000e+03 8.739219259226090799e+03
2.196242526718415320e+02 8.737786132812500000e+03 8.738144315244031532e+03
2.196446856507100165e+02 8.746656250000000000e+03 8.737076941610095673e+03
2.196651186291128397e+02 8.745627929687500000e+03 8.736018677160729567e+03
2.196855515078641474e+02 8.757747070312500000e+03 8.734971065789202839e+03
2.197059844862669706e+02 8.739349609375000000e+03 8.733935636107733444e+03
2.197264175647869706e+02 8.741494140625000000e+03 8.732913893445078429e+03
2.197468504426069558e+02 8.736777343750000000e+03 8.731906583933472575e+03
2.197672834210097790e+02 8.736532226562500000e+03 8.730913650136160868e+03
2.197877164985984564e+02 8.729282226562500000e+03 8.729935016238334356e+03
2.198081493764184415e+02 8.727008789062500000e+03 8.728970620360005341e+03
2.198285823543556035e+02 8.716357421875000000e+03 8.728020372150147523e+03
2.198490154319442809e+02 8.719487304687500000e+03 8.727084195744369936e+03
2.198694484089501202e+02 8.720691406250000000e+03 8.726162024222441687e+03
2.198898812863044441e+02 8.721355468750000000e+03 8.725253781244064157e+03
2.199103142633102834e+02 8.719078125000000000e+03 8.724359381857486369e+03
2.199307473404332995e+02 8.713887695312500000e+03 8.723478750151807617e+03
2.199511802173219621e+02 8.726525390625000000e+03 8.722611822877815939e+03
2.199716131938621402e+02 8.725124023437500000e+03 8.721758511117965099e+03
2.199920462705194950e+02 8.727329101562500000e+03 8.720918738958956965e+03
2.200124791469424963e+02 8.729333007812500000e+03 8.720092442552648208e+03
2.200329121230170131e+02 8.722442382812500000e+03 8.719279533579505369e+03
2.200533450990915298e+02 8.714905273437500000e+03 8.718479940009154234e+03
2.200737780751660466e+02 8.718914062500000000e+03 8.717693585748573241e+03
2.200942110512405634e+02 8.718078125000000000e+03 8.716920394704746286e+03
2.201146440268494189e+02 8.712493164062500000e+03 8.716160290801824885e+03
2.201350771025754511e+02 8.707361328125000000e+03 8.715413194300184841e+03
2.201555099780671299e+02 8.713036132812500000e+03 8.714679039993334300e+03
2.201759429532103240e+02 8.710909179687500000e+03 8.713957740918029231e+03
2.201963760284706950e+02 8.715719726562500000e+03 8.713249221152836981e+03
2.202168089034967124e+02 8.713916992187500000e+03 8.712553414925901961e+03
2.202372418786399066e+02 8.712583007812500000e+03 8.711870235823062103e+03
2.202576747532002628e+02 8.713617187500000000e+03 8.711199614462120735e+03
2.202781078279949725e+02 8.711203125000000000e+03 8.710541464968506261e+03
2.202985408026725054e+02 8.709921875000000000e+03 8.709895721015063828e+03
2.203189737768843770e+02 8.714672851562500000e+03 8.709262303267807511e+03
2.203394067510962486e+02 8.705955078125000000e+03 8.708641135618876433e+03
2.203598397253081203e+02 8.704738281250000000e+03 8.708032141975272680e+03
2.203802726990543306e+02 8.710473632812500000e+03 8.707435246257464314e+03
2.204007055731490254e+02 8.704627929687500000e+03 8.706850375181678828e+03
2.204211386470124125e+02 8.701976562500000000e+03 8.706277444172288597e+03
2.204415716202929616e+02 8.710608398437500000e+03 8.705716385644775073e+03
2.204620044939219952e+02 8.706948242187500000e+03 8.705167123306655412e+03
2.204824375673197210e+02 8.699987304687500000e+03 8.704629573102443828e+03
2.205028705406002700e+02 8.697204101562500000e+03 8.704103584759599471e+03
2.205233034132979810e+02 8.702479492187500000e+03 8.703588671400997555e+03
2.205437364862300456e+02 8.701082031250000000e+03 8.703084256717831522e+03
2.205641694590449333e+02 8.702917968750000000e+03 8.702589779394096695e+03
2.205846023317426443e+02 8.707453125000000000e+03 8.702104670481587164e+03
2.206050353040918708e+02 8.708575195312500000e+03 8.701628356433153385e+03
2.206254682764410973e+02 8.710906250000000000e+03 8.701160270830750960e+03
2.206459013489075005e+02 8.706621093750000000e+03 8.700699842629917839e+03
2.206663342211395502e+02 8.703957031250000000e+03 8.700246509738803070e+03
2.206867671930231154e+02 8.706758789062500000e+03 8.699799696646752636e+03
2.207072001649066806e+02 8.697376953125000000e+03 8.699358836775238160e+03
2.207276331363245845e+02 8.692407226562500000e+03 8.698923361327857492e+03
2.207480660080909729e+02 8.688370117187500000e+03 8.698492703577772772e+03
2.207684990796260536e+02 8.687199218750000000e+03 8.698066288440561038e+03
2.207889320510439575e+02 8.696732421875000000e+03 8.697643553397932919e+03
2.208093649218790233e+02 8.695262695312500000e+03 8.697223929603311262e+03
2.208297979929484427e+02 8.700291992187500000e+03 8.696806842092657462e+03
2.208502309639006853e+02 8.696447265625000000e+03 8.696391728207954657e+03
2.208706639348529279e+02 8.698971679687500000e+03 8.695978017093613744e+03
2.208910968052223325e+02 8.688885742187500000e+03 8.695565141974748258e+03
2.209319628463126719e+02 8.688380859375000000e+03 8.694739612339117230e+03
2.209523957166820765e+02 8.691505859375000000e+03 8.694325826284375580e+03
2.209728287868201733e+02 8.697278320312500000e+03 8.693910594917560957e+03
2.209932617568410933e+02 8.698654296875000000e+03 8.693493355514759969e+03
2.210136946267448366e+02 8.698439453125000000e+03 8.693073539303581128e+03
2.210341276964172721e+02 8.697664062500000000e+03 8.692650571294796464e+03
2.210545606659725308e+02 8.693789062500000000e+03 8.692223888865584740e+03
2.210749935354106128e+02 8.692516601562500000e+03 8.691792923268689265e+03
2.210954265045002103e+02 8.696090820312500000e+03 8.691357101487043110e+03
2.211158595737069845e+02 8.703036132812500000e+03 8.690915854629309251e+03
2.211362924431450665e+02 8.684901367187500000e+03 8.690468620407846174e+03
2.211567254117690027e+02 8.686142578125000000e+03 8.690014823518751655e+03
2.211771584805101156e+02 8.681101562500000000e+03 8.689553895035165624e+03
2.211975914491340518e+02 8.689050781250000000e+03 8.689085270665655116e+03
2.212180243176408112e+02 8.686670898437500000e+03 8.688608381721553087e+03
2.212384572862647474e+02 8.679971679687500000e+03 8.688122654725857501e+03
2.212588903545401990e+02 8.686983398437500000e+03 8.687627511804375899e+03
2.212793232225812972e+02 8.690104492187500000e+03 8.687122176924927771e+03
2.213201892585493624e+02 8.686512695312500000e+03 8.686076944444059336e+03
2.213406221261247993e+02 8.689072265625000000e+03 8.685535058821698840e+03
2.213610550938174129e+02 8.677213867187500000e+03 8.684978991219610180e+03
2.213814881611615419e+02 8.680131835937500000e+03 8.684407743577354267e+03
2.214019210287369788e+02 8.679300781250000000e+03 8.683820326524401025e+03
2.214223539959639311e+02 8.679965820312500000e+03 8.683215733716329851e+03
2.214427869631908834e+02 8.687536132812500000e+03 8.682592970119920210e+03
2.214632200300693512e+02 8.681828125000000000e+03 8.681951034698293370e+03
2.214836528967134655e+02 8.678219726562500000e+03 8.681288939161491726e+03
2.215040858634747565e+02 8.677647460937500000e+03 8.680605676070010304e+03
2.215245189303532243e+02 8.677504882812500000e+03 8.679900247247664083e+03
2.215449517965316772e+02 8.674696289062500000e+03 8.679171665390669659e+03
2.215653847628273070e+02 8.677082031250000000e+03 8.678418922088454565e+03
2.215858176290057600e+02 8.680526367187500000e+03 8.677641026870498536e+03
2.216062506949529052e+02 8.680145507812500000e+03 8.676836970273365296e+03
2.216266836612485349e+02 8.690298828125000000e+03 8.676005766027148638e+03
2.216471166270785034e+02 8.685746093750000000e+03 8.675146412437308754e+03
2.216675495924428105e+02 8.677093750000000000e+03 8.674257911648195659e+03
2.216879824581556022e+02 8.667860351562500000e+03 8.673339270338381539e+03
2.217084155236370862e+02 8.676247070312500000e+03 8.672389476962227491e+03
2.217288484890013933e+02 8.675221679687500000e+03 8.671407547371560213e+03
2.217492814539000392e+02 8.671772460937500000e+03 8.670392479155707406e+03
2.217697143191471696e+02 8.673225585937500000e+03 8.669343279637027081e+03
2.217901472835801542e+02 8.666766601562500000e+03 8.668258940753285060e+03
2.218105803485959768e+02 8.667805664062500000e+03 8.667138464050307448e+03
2.218310132133774459e+02 8.671261718750000000e+03 8.665980868435586672e+03
2.218514461778104305e+02 8.665019531250000000e+03 8.664785139338693625e+03
2.218718792418949306e+02 8.659447265625000000e+03 8.663550278337072086e+03
2.218923121062107384e+02 8.658804687500000000e+03 8.662275305961089543e+03
2.219127450701780617e+02 8.658363281250000000e+03 8.660959205967476009e+03
2.219331780341453850e+02 8.659807617187500000e+03 8.659600986618312163e+03
2.219536109981127083e+02 8.657106445312500000e+03 8.658199650056263636e+03
2.219740439620800316e+02 8.657512695312500000e+03 8.656754198424001515e+03
2.219944769255816936e+02 8.657858398437500000e+03 8.655263633898681292e+03
2.220149098890833557e+02 8.656721679687500000e+03 8.653726958590603317e+03
2.220353428525850177e+02 8.647789062500000000e+03 8.652143672018610232e+03
2.220557758156210184e+02 8.650736328125000000e+03 8.650515262802373400e+03
2.220762088787741959e+02 8.656985351562500000e+03 8.648843708351148962e+03
2.220966417416930199e+02 8.642282226562500000e+03 8.647131019280373948e+03
2.221170747042633593e+02 8.645250000000000000e+03 8.645379156489894740e+03
2.221375075671821833e+02 8.636542968750000000e+03 8.643590122783720290e+03
2.221579406298696995e+02 8.642497070312500000e+03 8.641765877419446042e+03
2.221783735919743776e+02 8.640602539062500000e+03 8.639908432698053730e+03
2.221988065545447171e+02 8.636677734375000000e+03 8.638019765418399402e+03
2.222192395166493952e+02 8.638570312500000000e+03 8.636101861403800285e+03
2.222396724787540734e+02 8.633266601562500000e+03 8.634156706348756416e+03
2.222601054408587515e+02 8.636253906250000000e+03 8.632186285990463148e+03
2.222805383023805916e+02 8.631863281250000000e+03 8.630192595934291603e+03
2.223009713641367853e+02 8.626684570312500000e+03 8.628177592405188989e+03
2.223214043257758021e+02 8.626198242187500000e+03 8.626143290607698873e+03
2.223418371872976422e+02 8.620697265625000000e+03 8.624091676548101532e+03
2.223622702485881746e+02 8.618250000000000000e+03 8.622024705735566386e+03
2.223827032097615302e+02 8.614870117187500000e+03 8.619944394135603943e+03
2.224031360708177090e+02 8.621533203125000000e+03 8.617852727666788269e+03
2.224235691316425800e+02 8.615239257812500000e+03 8.615751661293897996e+03
2.224440020923502743e+02 8.609982421875000000e+03 8.613643211526290543e+03
2.224644349529407918e+02 8.614621093750000000e+03 8.611529364194841037e+03
2.224848679136484861e+02 8.607295898437500000e+03 8.609412084313316882e+03
2.225053009740076959e+02 8.611995117187500000e+03 8.607293357631078834e+03
2.225257339342497289e+02 8.596576171875000000e+03 8.605175190607187687e+03
2.225461667943745852e+02 8.598495117187500000e+03 8.603059568955630311e+03
2.225665998542681336e+02 8.596769531250000000e+03 8.600948447391008813e+03
2.225870328145101666e+02 8.596244140625000000e+03 8.598843842623802630e+03
2.226074656741693616e+02 8.583657226562500000e+03 8.596747740376249567e+03
2.226278986339457333e+02 8.592842773437500000e+03 8.594662105787705514e+03
2.226483316933736205e+02 8.591659179687500000e+03 8.592588924810381286e+03
2.226687645525671542e+02 8.590425781250000000e+03 8.590530213505957363e+03
2.226891975118778646e+02 8.590052734375000000e+03 8.588487927237856638e+03
2.227096304711885750e+02 8.591430664062500000e+03 8.586464061866774500e+03
2.227300634300336242e+02 8.586856445312500000e+03 8.584460603174500648e+03
2.227504963888786733e+02 8.589410156250000000e+03 8.582479536850940349e+03
2.227709293477237225e+02 8.582449218750000000e+03 8.580522848632333989e+03
2.227913623065687716e+02 8.581916015625000000e+03 8.578592438415347715e+03
2.228117952649481595e+02 8.581262695312500000e+03 8.576688232212234652e+03
2.228322281232103705e+02 8.572174804687500000e+03 8.574808191389227432e+03
2.228526611817069352e+02 8.579661132812500000e+03 8.572950154935206228e+03
2.228730941396206617e+02 8.569475585937500000e+03 8.571112016817642143e+03
2.228935269978828728e+02 8.567112304687500000e+03 8.569291643133454272e+03
2.229139600554481149e+02 8.579443359375000000e+03 8.567486873825602743e+03
2.229343930133618414e+02 8.561994140625000000e+03 8.565695601866091238e+03
2.229548258711583912e+02 8.558786132812500000e+03 8.563915693571114389e+03
2.229752588286064565e+02 8.562278320312500000e+03 8.562144998004692752e+03
2.229956918857060373e+02 8.567958984375000000e+03 8.560381381743769452e+03
2.230161247430369258e+02 8.564130859375000000e+03 8.558622737047902774e+03
2.230365577004849911e+02 8.553308593750000000e+03 8.556866904532706030e+03
2.230569907571189106e+02 8.550311523437500000e+03 8.555111750761612711e+03
2.230774237141013145e+02 8.560104492187500000e+03 8.553355159263368478e+03
2.230978565709665418e+02 8.560185546875000000e+03 8.551594996572684977e+03
2.231182896276004612e+02 8.560738281250000000e+03 8.549829103277494141e+03
2.231387225841172040e+02 8.550783203125000000e+03 8.548055371705821017e+03
2.231591554405167699e+02 8.545718750000000000e+03 8.546271668446610420e+03
2.231795883970335126e+02 8.542274414062500000e+03 8.544475842486865076e+03
2.232000214527361095e+02 8.537470703125000000e+03 8.542665760173622402e+03
2.232204543091356754e+02 8.533154296875000000e+03 8.540839314521979759e+03
2.232408872647210956e+02 8.529651367187500000e+03 8.538994345434461138e+03
2.232613203208893538e+02 8.533737304687500000e+03 8.537128718955815202e+03
2.232817531763575971e+02 8.535244140625000000e+03 8.535240329214855592e+03
2.233021861319430172e+02 8.525148437500000000e+03 8.533327015041913910e+03
2.233226190870627761e+02 8.529353515625000000e+03 8.531386652134948235e+03
2.233430520426481962e+02 8.533865234375000000e+03 8.529417106863769732e+03
2.233634849977679551e+02 8.515628906250000000e+03 8.527416245776468713e+03
2.233839179528877139e+02 8.527242187500000000e+03 8.525381935286859516e+03
2.234043510076589882e+02 8.524167968750000000e+03 8.523312031668185227e+03
2.234247838621959090e+02 8.521762695312500000e+03 8.521204432031086981e+03
2.234452168168500066e+02 8.522293945312500000e+03 8.519056972135962496e+03
2.234656498716212809e+02 8.522552734375000000e+03 8.516867517839864377e+03
2.235065156803466380e+02 8.512699218750000000e+03 8.512354156936176878e+03
2.235269485344178975e+02 8.512538085937500000e+03 8.510025973109231927e+03
2.235473815882578492e+02 8.507271484375000000e+03 8.507647248547305935e+03
