1.229412320873234421e+03 1.111040820312500000e+04 1.110999054178148799e+04
1.229432754868175834e+03 1.111693261718750000e+04 1.111000997592770364e+04
1.229453188963700086e+03 1.111610644531250000e+04 1.111002926139209376e+04
1.229473622958175838e+03 1.110602246093750000e+04 1.111004839815968444e+04
1.229494056953117251e+03 1.111187500000000000e+04 1.111006738650197076e+04
1.229514490947593004e+03 1.110839648437500000e+04 1.111008622659341563e+04
1.229534924942068756e+03 1.111294335937500000e+04 1.111010491860977527e+04
1.229555358936544508e+03 1.110479687500000000e+04 1.111012346272637660e+04
1.229575792930554599e+03 1.110879687500000000e+04 1.111014185911812638e+04
1.229596226924564689e+03 1.110888476562500000e+04 1.111016010796077353e+04
1.229616661018226296e+03 1.111448828125000000e+04 1.111017820951756585e+04
1.229637094911653548e+03 1.111092773437500000e+04 1.111019616369924915e+04
1.229657528905197978e+03 1.111091503906250000e+04 1.111021397094614804e+04
1.229677962998393923e+03 1.110567675781250000e+04 1.111023163143101556e+04
1.229698396891355515e+03 1.110909179687500000e+04 1.111024914507108406e+04
1.229718830884434283e+03 1.110954687500000000e+04 1.111026651230018615e+04
1.229739264977164567e+03 1.111932421875000000e+04 1.111028373329110036e+04
1.229759698869660497e+03 1.111120996093750000e+04 1.111030080796750190e+04
1.229780132961925119e+03 1.110874023437500000e+04 1.111031773683896608e+04
1.229800566954072565e+03 1.110620605468750000e+04 1.111033451983130726e+04
1.229821000846102834e+03 1.111113769531250000e+04 1.111035115712198967e+04
1.229841434937901795e+03 1.110508007812500000e+04 1.111036764912944818e+04
1.229861868929583579e+03 1.110936132812500000e+04 1.111038399578590543e+04
1.229882302921265364e+03 1.111632714843750000e+04 1.111040019734784801e+04
1.229902736912481487e+03 1.110841699218750000e+04 1.111041625399023724e+04
1.229923170903697610e+03 1.110900781250000000e+04 1.111043216588876567e+04
1.229943604894913733e+03 1.110637207031250000e+04 1.111044793321876023e+04
1.229964038885664195e+03 1.110477636718750000e+04 1.111046355615519678e+04
1.229984472875948995e+03 1.110939453125000000e+04 1.111047903487340045e+04
1.230004906866699457e+03 1.111130175781250000e+04 1.111049436954941120e+04
1.230025340856984258e+03 1.111391992187500000e+04 1.111050956035785021e+04
1.230045774847269058e+03 1.110995410156250000e+04 1.111052460747439545e+04
1.230066208837088197e+03 1.111178710937500000e+04 1.111053951107403191e+04
1.230086642826907337e+03 1.111263867187500000e+04 1.111055427133243211e+04
1.230107076816726476e+03 1.111737304687500000e+04 1.111056888842491935e+04
1.230127510906197131e+03 1.111255761718750000e+04 1.111058336259705902e+04
1.230147944795433432e+03 1.111255078125000000e+04 1.111059769381281149e+04
1.230168378784321249e+03 1.110890429687500000e+04 1.111061188245887024e+04
1.230188812873326242e+03 1.110460644531250000e+04 1.111062592870880508e+04
1.230209246762096882e+03 1.111089160156250000e+04 1.111063983253252445e+04
1.230229680750519037e+03 1.111179882812500000e+04 1.111065359431045363e+04
1.230250114839058369e+03 1.110789062500000000e+04 1.111066721421615148e+04
1.230270548727363348e+03 1.110687988281250000e+04 1.111068069222578561e+04
1.230290982815437019e+03 1.110388964843750000e+04 1.111069402877853281e+04
1.230311416803393513e+03 1.110816601562500000e+04 1.111070722385295448e+04
1.230331850691232830e+03 1.111703710937500000e+04 1.111072027762645484e+04
1.230352284778840840e+03 1.110820410156250000e+04 1.111073319046489996e+04
1.230372718766331673e+03 1.111525878906250000e+04 1.111074596235307945e+04
1.230393152653239667e+03 1.110791894531250000e+04 1.111075859346810466e+04
1.230413586740382016e+03 1.111569824218750000e+04 1.111077108417021373e+04
1.230434020727407187e+03 1.110864453125000000e+04 1.111078343445011342e+04
1.230454454713966697e+03 1.110724316406250000e+04 1.111079564454438514e+04
1.230474888700526208e+03 1.111102929687500000e+04 1.111080771462864504e+04
1.230495322686620057e+03 1.111702734375000000e+04 1.111081964487794176e+04
1.230515756672713906e+03 1.110784863281250000e+04 1.111083143546788051e+04
1.230536190658807755e+03 1.111068457031250000e+04 1.111084308657378642e+04
1.230556624644901603e+03 1.110995996093750000e+04 1.111085459837097915e+04
1.230577058730646968e+03 1.110478710937500000e+04 1.111086597108991555e+04
1.230597492715809494e+03 1.111317089843750000e+04 1.111087720479448035e+04
1.230617926601320505e+03 1.111081250000000000e+04 1.111088829966255980e+04
1.230638360686600208e+03 1.110702246093750000e+04 1.111089925603102529e+04
1.230658794671297073e+03 1.110778710937500000e+04 1.111091007391315725e+04
1.230679228556342423e+03 1.111028222656250000e+04 1.111092075348680555e+04
1.230699662640690804e+03 1.111187207031250000e+04 1.111093129508252969e+04
1.230720096525270492e+03 1.111499023437500000e+04 1.111094169866978336e+04
1.230740530509501696e+03 1.110919921875000000e+04 1.111095196457734892e+04
1.230760964593384415e+03 1.111302929687500000e+04 1.111096209297853966e+04
1.230781398477498442e+03 1.111350878906250000e+04 1.111097208390127889e+04
1.230801832561381161e+03 1.111203320312500000e+04 1.111098193771624210e+04
1.230822266545146704e+03 1.110282031250000000e+04 1.111099165445313702e+04
1.230842700428329408e+03 1.110959570312500000e+04 1.111100123428908773e+04
1.230863134511280805e+03 1.111309765625000000e+04 1.111101067753923235e+04
1.230883568494580686e+03 1.111971289062500000e+04 1.111101998423951954e+04
1.230904002377297729e+03 1.111124218750000000e+04 1.111102915456686060e+04
1.230924436460249126e+03 1.111222070312500000e+04 1.111103818883057647e+04
1.230944870442617685e+03 1.111753125000000000e+04 1.111104708707200371e+04
1.230965304424986243e+03 1.111086132812500000e+04 1.111105584951127457e+04
1.230985738407354802e+03 1.111133105468750000e+04 1.111106447632370873e+04
1.231006172389257699e+03 1.110810937500000000e+04 1.111107296768444576e+04
1.231026606371160597e+03 1.110300781250000000e+04 1.111108132376900176e+04
1.231047040353063494e+03 1.111091894531250000e+04 1.111108954475270548e+04
1.231067474334035069e+03 1.111169921875000000e+04 1.111109763081051642e+04
1.231087908415589482e+03 1.111392089843750000e+04 1.111110558215694255e+04
1.231108342396561056e+03 1.111544238281250000e+04 1.111111339888903603e+04
1.231128776277881116e+03 1.112098925781250000e+04 1.111112108118444667e+04
1.231149210358504206e+03 1.111796875000000000e+04 1.111112862932991993e+04
1.231169644339475781e+03 1.110819531250000000e+04 1.111113604338936420e+04
1.231190078219864517e+03 1.110519921875000000e+04 1.111114332353973805e+04
1.231210512300021946e+03 1.111095214843750000e+04 1.111115047006239547e+04
1.231230946280062199e+03 1.110928613281250000e+04 1.111115748302681095e+04
1.231251380159985274e+03 1.111120312500000000e+04 1.111116436261026320e+04
1.231292248219251633e+03 1.111093457031250000e+04 1.111117772253557996e+04
1.231312682298477739e+03 1.110968847656250000e+04 1.111118420319276811e+04
1.231333116177935153e+03 1.111049414062500000e+04 1.111119055114097864e+04
1.231353550157044083e+03 1.111455566406250000e+04 1.111119676664952567e+04
1.231373984135687351e+03 1.111032031250000000e+04 1.111120284986231854e+04
1.231394418114796281e+03 1.112119238281250000e+04 1.111120880095495704e+04
1.231414851992856711e+03 1.111119335937500000e+04 1.111121462007417722e+04
1.231435286071151495e+03 1.110671875000000000e+04 1.111122030748014549e+04
1.231455720049794763e+03 1.110678515625000000e+04 1.111122586326374221e+04
1.231476154027506709e+03 1.111083886718750000e+04 1.111123128762810666e+04
1.231496588005684316e+03 1.111464746093750000e+04 1.111123658074893865e+04
1.231517021982930601e+03 1.111233007812500000e+04 1.111124174280120860e+04
1.231537455960642546e+03 1.111704199218750000e+04 1.111124677396059269e+04
1.231557889937888831e+03 1.111670214843750000e+04 1.111125167440219229e+04
1.231578323915135115e+03 1.112675292968750000e+04 1.111125644430144166e+04
1.231598757992032915e+03 1.110937207031250000e+04 1.111126108385598491e+04
1.231619191868696362e+03 1.111624316406250000e+04 1.111126559317400825e+04
1.231639625845476985e+03 1.110706445312500000e+04 1.111126997249808119e+04
1.231660059921909124e+03 1.111010644531250000e+04 1.111127422200151886e+04
1.231680493898224086e+03 1.111376074218750000e+04 1.111127834181810613e+04
1.231700927774421871e+03 1.110387304687500000e+04 1.111128233212507985e+04
1.231721361849922687e+03 1.111275683593750000e+04 1.111128619315528522e+04
1.231741795825771987e+03 1.110386523437500000e+04 1.111128992502661822e+04
1.231762229701504111e+03 1.111444921875000000e+04 1.111129352791620840e+04
1.231782663776539266e+03 1.111250878906250000e+04 1.111129700205123845e+04
1.231803097751922905e+03 1.111031835937500000e+04 1.111130034755526503e+04
1.231823531626723707e+03 1.110825000000000000e+04 1.111130356460534676e+04
1.231843965701758862e+03 1.110657714843750000e+04 1.111130665342322754e+04
1.231864399676676840e+03 1.111494531250000000e+04 1.111130961413789191e+04
1.231884833751246333e+03 1.111337597656250000e+04 1.111131244695361602e+04
1.231905267625581473e+03 1.110977148437500000e+04 1.111131515200509239e+04
1.231925701599568129e+03 1.111295800781250000e+04 1.111131772950829327e+04
1.231946135673671961e+03 1.111280468750000000e+04 1.111132017963672479e+04
1.231966569547541440e+03 1.111553027343750000e+04 1.111132250253063467e+04
1.231987003521062434e+03 1.110317285156250000e+04 1.111132469840038357e+04
1.232007437494583428e+03 1.110796386718750000e+04 1.111132676740965326e+04
1.232027871467638761e+03 1.110500195312500000e+04 1.111132870973372337e+04
1.232048305440694094e+03 1.111362792968750000e+04 1.111133052554796996e+04
1.232068739413749427e+03 1.111554003906250000e+04 1.111133221502771994e+04
1.232089173386339098e+03 1.111484277343750000e+04 1.111133377834825842e+04
1.232109607459045947e+03 1.111471093750000000e+04 1.111133521569168624e+04
1.232130041431169957e+03 1.111818847656250000e+04 1.111133652721922044e+04
1.232150475303642452e+03 1.110651757812500000e+04 1.111133771310808879e+04
1.232170909375883639e+03 1.111463085937500000e+04 1.111133877355006553e+04
1.232191343347541988e+03 1.110545019531250000e+04 1.111133970870398844e+04
1.232211777219083160e+03 1.111515527343750000e+04 1.111134051874703800e+04
1.232232211290858686e+03 1.111280859375000000e+04 1.111134120386552786e+04
1.232252645262051374e+03 1.111641699218750000e+04 1.111134176422378368e+04
1.232273079133126885e+03 1.111170507812500000e+04 1.111134219999898050e+04
1.232293513203971088e+03 1.110802343750000000e+04 1.111134251137192950e+04
1.232313947175163776e+03 1.111322851562500000e+04 1.111134269851247882e+04
1.232334381045773625e+03 1.110603222656250000e+04 1.111134276159776164e+04
1.232354815116152167e+03 1.111058203125000000e+04 1.111134270080314127e+04
1.232375249086413532e+03 1.110477343750000000e+04 1.111134251630391554e+04
1.232395683156792074e+03 1.110978808593750000e+04 1.111134220827360696e+04
1.232416117026470602e+03 1.111211328125000000e+04 1.111134177689299031e+04
1.232436550996266305e+03 1.110519335937500000e+04 1.111134122233195012e+04
1.232456985065713525e+03 1.110311035156250000e+04 1.111134054476401070e+04
1.232477418935392052e+03 1.110707226562500000e+04 1.111133974437533470e+04
1.232497852904256433e+03 1.110823828125000000e+04 1.111133882133044608e+04
1.232518286973237991e+03 1.110515625000000000e+04 1.111133777580282185e+04
1.232538720842450857e+03 1.110993164062500000e+04 1.111133660798403434e+04
1.232559154810849577e+03 1.111079589843750000e+04 1.111133531803322876e+04
1.232579588879365474e+03 1.110625097656250000e+04 1.111133390612387666e+04
1.232600022847764194e+03 1.111408203125000000e+04 1.111133237244514567e+04
1.232620456816162914e+03 1.110803320312500000e+04 1.111133071716573613e+04
1.232640890783630311e+03 1.110620117187500000e+04 1.111132894046105866e+04
1.232661324751563370e+03 1.110787890625000000e+04 1.111132704250632196e+04
1.232681758719496429e+03 1.110573828125000000e+04 1.111132502347688569e+04
1.232702192686963826e+03 1.111053710937500000e+04 1.111132288354813136e+04
1.232722626653965563e+03 1.111603808593750000e+04 1.111132062289538226e+04
1.232743060620967299e+03 1.110726367187500000e+04 1.111131824169392348e+04
1.232763494587969035e+03 1.110915429687500000e+04 1.111131574011907651e+04
1.232783928454853594e+03 1.111495214843750000e+04 1.111131311835930683e+04
1.232804362521506846e+03 1.111744140625000000e+04 1.111131037655057662e+04
1.232824796487577260e+03 1.111173437500000000e+04 1.111130751490764669e+04
1.232845230353996158e+03 1.111208300781250000e+04 1.111130453360747197e+04
1.232865664420183748e+03 1.111239550781250000e+04 1.111130143278080686e+04
1.232886098385788500e+03 1.111531445312500000e+04 1.111129821264768179e+04
1.232906532451510429e+03 1.110572851562500000e+04 1.111129487335181329e+04
1.232926966316998005e+03 1.111104394531250000e+04 1.111129141511846683e+04
1.232947400282137096e+03 1.112465136718750000e+04 1.111128783807310174e+04
1.232967834347393364e+03 1.111031542968750000e+04 1.111128414238921687e+04
1.232988268212415278e+03 1.111651855468750000e+04 1.111128032829732911e+04
1.233008702177088708e+03 1.110930175781250000e+04 1.111127639591766820e+04
1.233029136241879314e+03 1.110385351562500000e+04 1.111127234542372571e+04
1.233049570106435567e+03 1.111103027343750000e+04 1.111126817705123176e+04
1.233070004070643336e+03 1.110341796875000000e+04 1.111126389091521196e+04
1.233090438134502620e+03 1.110866894531250000e+04 1.111125948718926520e+04
1.233110872098710388e+03 1.111233984375000000e+04 1.111125496609167021e+04
1.233131305962335318e+03 1.111188183593750000e+04 1.111125032779968024e+04
1.233151740025728941e+03 1.110896679687500000e+04 1.111124557241958973e+04
1.233172173989005387e+03 1.111356152343750000e+04 1.111124070019565625e+04
1.233192607952281833e+03 1.111617675781250000e+04 1.111123571128019648e+04
1.233213041915558279e+03 1.111125488281250000e+04 1.111123060584852465e+04
1.233233475877903402e+03 1.112025195312500000e+04 1.111122538407621687e+04
1.233253909840714186e+03 1.111055664062500000e+04 1.111122004613823992e+04
1.233274343803059310e+03 1.111303906250000000e+04 1.111121459221015903e+04
1.233294777765870094e+03 1.111456738281250000e+04 1.111120902246705373e+04
1.233315211827866733e+03 1.111129296875000000e+04 1.111120333705649136e+04
1.233335645689629018e+03 1.110724316406250000e+04 1.111119753623796350e+04
1.233356079651508480e+03 1.110846484375000000e+04 1.111119162010237778e+04
1.233376513612922281e+03 1.110675976562500000e+04 1.111118558885333550e+04
1.233396947574336082e+03 1.111316210937500000e+04 1.111117944266603081e+04
1.233417381535749882e+03 1.110990625000000000e+04 1.111117318171578154e+04
1.233437815496698022e+03 1.111760742187500000e+04 1.111116680617806924e+04
1.233458249457180500e+03 1.110982617187500000e+04 1.111116031622820992e+04
1.233478683518245816e+03 1.111130859375000000e+04 1.111115371200861046e+04
1.233499117378611118e+03 1.111662109375000000e+04 1.111114699379279773e+04
1.233519551339093596e+03 1.110636425781250000e+04 1.111114016165804424e+04
1.233539985399227589e+03 1.111024023437500000e+04 1.111113321577815259e+04
1.233560419259127229e+03 1.111831054687500000e+04 1.111112615643122626e+04
1.233580853218678385e+03 1.111344238281250000e+04 1.111111898368982474e+04
1.233601287278346717e+03 1.112613964843750000e+04 1.111111169772744688e+04
1.233621721137780696e+03 1.111197558593750000e+04 1.111110429882734752e+04
1.233642155097331852e+03 1.110374902343750000e+04 1.111109678705691476e+04
1.233662589156068861e+03 1.110461718750000000e+04 1.111108916259017496e+04
1.233683023115154356e+03 1.110837011718750000e+04 1.111108142567664254e+04
1.233703457073774189e+03 1.111260839843750000e+04 1.111107357645492084e+04
1.233723891032394022e+03 1.111102441406250000e+04 1.111106561510015308e+04
1.233744324990548193e+03 1.111226367187500000e+04 1.111105754178785173e+04
1.233764758948702365e+03 1.111899902343750000e+04 1.111104935669315819e+04
1.233785192906856537e+03 1.110719726562500000e+04 1.111104105999140302e+04
1.233805626865010709e+03 1.111151953125000000e+04 1.111103265185790224e+04
1.233826060922350734e+03 1.111990722656250000e+04 1.111102413242636248e+04
1.233846494779922068e+03 1.111331738281250000e+04 1.111101550199756821e+04
1.233866928737144917e+03 1.110607714843750000e+04 1.111100676062119965e+04
1.233887362794019282e+03 1.110496386718750000e+04 1.111099790847095574e+04
1.233907796651124954e+03 1.111068847656250000e+04 1.111098894585268681e+04
1.233928230607882142e+03 1.110705957031250000e+04 1.111097987281119458e+04
1.233948664664290845e+03 1.111427343750000000e+04 1.111097068952019617e+04
1.233969098520465195e+03 1.110398339843750000e+04 1.111096139629059689e+04
1.233989532576873899e+03 1.111068164062500000e+04 1.111095199311559008e+04
1.234009966532699764e+03 1.112000390625000000e+04 1.111094248030812378e+04
1.234030400388874114e+03 1.111373925781250000e+04 1.111093285804470361e+04
1.234050834444351494e+03 1.111553515625000000e+04 1.111092312635907365e+04
1.234071268400177360e+03 1.110694140625000000e+04 1.111091328556813642e+04
1.234091702255420387e+03 1.111242578125000000e+04 1.111090333584926702e+04
1.234112136310432106e+03 1.110779296875000000e+04 1.111089327723074894e+04
1.234132570265326649e+03 1.112395507812500000e+04 1.111088311003472700e+04
1.234153004120104015e+03 1.110809667968750000e+04 1.111087283443812339e+04
1.234173438174650073e+03 1.112188964843750000e+04 1.111086245046466684e+04
1.234193872129078954e+03 1.110909667968750000e+04 1.111085195844128248e+04
1.234214305983390659e+03 1.111171972656250000e+04 1.111084135854487977e+04
1.234234740037471056e+03 1.110552441406250000e+04 1.111083065079443077e+04
1.234275607944931835e+03 1.110938574218750000e+04 1.111080891284982499e+04
1.234296041898429394e+03 1.110511328125000000e+04 1.111079788295411345e+04
1.234316475851926953e+03 1.111127343750000000e+04 1.111078674600981685e+04
1.234336909905076027e+03 1.111212500000000000e+04 1.111077550213717041e+04
1.234357343757990748e+03 1.111862500000000000e+04 1.111076415167728919e+04
1.234377777710556984e+03 1.109139550781250000e+04 1.111075269463971381e+04
1.234398211763240397e+03 1.111166601562500000e+04 1.111074113119794129e+04
1.234418645615689456e+03 1.111850000000000000e+04 1.111072946169804709e+04
1.234439079567790031e+03 1.110790234375000000e+04 1.111071768614487519e+04
1.234459513620007783e+03 1.110983007812500000e+04 1.111070580471193171e+04
1.234479947471525520e+03 1.111697558593750000e+04 1.111069381775022703e+04
1.234500381423626095e+03 1.110428125000000000e+04 1.111068172525912814e+04
1.234520815474912524e+03 1.111022363281250000e+04 1.111066952741323257e+04
1.234541249326430261e+03 1.110437890625000000e+04 1.111065722456710500e+04
1.234561683377716690e+03 1.111769628906250000e+04 1.111064481665551284e+04
1.234582117328420281e+03 1.111242871093750000e+04 1.111063230403539274e+04
1.234602551179472357e+03 1.111724804687500000e+04 1.111061968688304842e+04
1.234622985229827464e+03 1.110995507812500000e+04 1.111060696518843361e+04
1.234643419180531055e+03 1.111405566406250000e+04 1.111059413931223571e+04
1.234663853130768985e+03 1.111291503906250000e+04 1.111058120936829073e+04
1.234684287080541253e+03 1.111444433593750000e+04 1.111056817553192377e+04
1.234704721030313522e+03 1.111751562500000000e+04 1.111055503797817255e+04
1.234725154980085790e+03 1.114193945312500000e+04 1.111054179688235672e+04
1.234745588929858059e+03 1.110589843750000000e+04 1.111052845241979594e+04
1.234766022879164666e+03 1.111422656250000000e+04 1.111051500476613364e+04
1.234786456828005612e+03 1.111646679687500000e+04 1.111050145409669312e+04
1.234806890777312219e+03 1.111970605468750000e+04 1.111048780058618104e+04
1.234827324726153165e+03 1.111399609375000000e+04 1.111047404441054459e+04
1.234847758774645627e+03 1.111232910156250000e+04 1.111046018567696592e+04
1.234868192622903734e+03 1.110362890625000000e+04 1.111044622476490622e+04
1.234888626571279019e+03 1.111151269531250000e+04 1.111043216164523801e+04
1.234909060619305819e+03 1.111206347656250000e+04 1.111041799649211134e+04
1.234929494467098266e+03 1.110684863281250000e+04 1.111040372968947850e+04
1.234949928415007889e+03 1.110306835937500000e+04 1.111038936120372091e+04
1.234970362462569028e+03 1.111426074218750000e+04 1.111037489120899045e+04
1.234990796309895813e+03 1.111835058593750000e+04 1.111036032009371775e+04
1.235011230256874114e+03 1.111111718750000000e+04 1.111034564782013331e+04
1.235031664303969592e+03 1.111361621093750000e+04 1.111033087456174690e+04
1.235052098150830716e+03 1.111109570312500000e+04 1.111031600071176581e+04
1.235072532197460532e+03 1.110730859375000000e+04 1.111030102615435680e+04
1.235092966143973172e+03 1.111330566406250000e+04 1.111028595128386951e+04
1.235113399990368634e+03 1.109934960937500000e+04 1.111027077627710969e+04
1.235133834036067128e+03 1.110521875000000000e+04 1.111025550108630159e+04
1.235154267982114106e+03 1.110478222656250000e+04 1.111024012610952195e+04
1.235174701927695423e+03 1.111028027343750000e+04 1.111022465144820126e+04
1.235195135873276740e+03 1.111573828125000000e+04 1.111020907727731174e+04
1.235215569818858057e+03 1.111159472656250000e+04 1.111019340377217486e+04
1.235236003763973713e+03 1.111392480468750000e+04 1.111017763110847955e+04
1.235256437709089369e+03 1.111863867187500000e+04 1.111016175946119074e+04
1.235276871653739363e+03 1.110919824218750000e+04 1.111014578900599736e+04
1.235297305598389357e+03 1.110845898437500000e+04 1.111012971991786617e+04
1.235317739642690867e+03 1.111112695312500000e+04 1.111011355229303263e+04
1.235338173487223685e+03 1.110929492187500000e+04 1.111009728654444734e+04
1.235358607531059533e+03 1.111131445312500000e+04 1.111008092252977440e+04
1.235379041474778205e+03 1.110266406250000000e+04 1.111006446066339959e+04
1.235399475318845361e+03 1.111434277343750000e+04 1.111004790112171213e+04
1.235419909362215549e+03 1.111039453125000000e+04 1.111003124383704926e+04
1.235440343205351382e+03 1.110468847656250000e+04 1.111001448931042614e+04
1.235460777148604393e+03 1.110164453125000000e+04 1.110999763747161342e+04
1.235481211191508919e+03 1.110372363281250000e+04 1.110998068849490301e+04
1.235501645134296268e+03 1.110982324218750000e+04 1.110996364272131541e+04
1.235522078976966441e+03 1.111177343750000000e+04 1.110994650032759455e+04
1.235542513019405305e+03 1.111400976562500000e+04 1.110992926123677535e+04
1.235562946861609817e+03 1.111532421875000000e+04 1.110991192596165274e+04
1.235583380803465843e+03 1.110522070312500000e+04 1.110989449442384466e+04
1.235603814845439047e+03 1.112209277343750000e+04 1.110987696679686997e+04
1.235624248687177896e+03 1.110712109375000000e+04 1.110985934351438482e+04
1.235644682728685439e+03 1.110193847656250000e+04 1.110984162440674118e+04
1.235665116670075804e+03 1.110993066406250000e+04 1.110982380990859747e+04
1.235685550611466169e+03 1.111004882812500000e+04 1.110980590010869855e+04
1.235705984551925212e+03 1.111528808593750000e+04 1.110978789518319536e+04
1.235726418492849916e+03 1.110671777343750000e+04 1.110976979530617973e+04
1.235746852433774620e+03 1.110974316406250000e+04 1.110975160065338423e+04
1.235767286374233663e+03 1.111140722656250000e+04 1.110973331140055416e+04
1.235787720314227045e+03 1.111102734375000000e+04 1.110971492772301644e+04
1.235808154254220426e+03 1.111301562500000000e+04 1.110969644979567965e+04
1.235828588293865323e+03 1.110257226562500000e+04 1.110967787770307041e+04
1.235849022133741528e+03 1.111235546875000000e+04 1.110965921189333676e+04
1.235869456173386425e+03 1.110533300781250000e+04 1.110964045217683633e+04
1.235889890112448484e+03 1.109806640625000000e+04 1.110962159900395272e+04
1.235910323951859027e+03 1.111320507812500000e+04 1.110960265255052582e+04
1.235930757990572602e+03 1.110826660156250000e+04 1.110958361271400099e+04
1.235951191929634660e+03 1.110832714843750000e+04 1.110956447994758128e+04
1.235971625768113881e+03 1.111151171875000000e+04 1.110954525442882732e+04
1.235992059806361794e+03 1.111947363281250000e+04 1.110952593604979302e+04
1.236012493744492531e+03 1.109932226562500000e+04 1.110950652526863996e+04
1.236032927582506090e+03 1.110351953125000000e+04 1.110948702226205205e+04
1.236053361620288342e+03 1.110254101562500000e+04 1.110946742691845429e+04
1.236073795558419079e+03 1.111330371093750000e+04 1.110944773969961898e+04
1.236094229395501316e+03 1.110365527343750000e+04 1.110942796078357424e+04
1.236114663433283567e+03 1.110863476562500000e+04 1.110940809005289339e+04
1.236135097370017320e+03 1.110948046875000000e+04 1.110938812797566425e+04
1.236155531407333910e+03 1.110174902343750000e+04 1.110936807453023721e+04
1.236175965243950486e+03 1.110044335937500000e+04 1.110934793018827622e+04
1.236196399180218577e+03 1.110454199218750000e+04 1.110932769482968615e+04
1.236216833116486669e+03 1.110571972656250000e+04 1.110930736872780835e+04
1.236237267052754760e+03 1.111268652343750000e+04 1.110928695205796612e+04
1.236257700989022851e+03 1.111230761718750000e+04 1.110926644499548092e+04
1.236278134924825281e+03 1.110138085937500000e+04 1.110924584771615082e+04
1.236298568860162050e+03 1.110282812500000000e+04 1.110922516039530274e+04
1.236319002795964479e+03 1.111161621093750000e+04 1.110920438320732319e+04
1.236339436731301248e+03 1.110656933593750000e+04 1.110918351632847225e+04
1.236359870666172355e+03 1.110924902343750000e+04 1.110916255993409141e+04
1.236380304601043463e+03 1.111216796875000000e+04 1.110914151419902009e+04
1.236400738635566086e+03 1.110298339843750000e+04 1.110912037919529757e+04
1.236421172470320016e+03 1.110639941406250000e+04 1.110909915540860129e+04
1.236441606504842639e+03 1.111484863281250000e+04 1.110907784259926484e+04
1.236462040438782424e+03 1.109942968750000000e+04 1.110905644125523213e+04
1.236482474273070693e+03 1.110464550781250000e+04 1.110903495155215933e+04
1.236502908306661993e+03 1.111092968750000000e+04 1.110901337335031894e+04
1.236523342240136117e+03 1.110677539062500000e+04 1.110899170714057800e+04
1.236543776073493063e+03 1.110848339843750000e+04 1.110896995309955309e+04
1.236564210106618702e+03 1.110924511718750000e+04 1.110894811108266367e+04
1.236584644040092826e+03 1.111323046875000000e+04 1.110892618158464393e+04
1.236605077872984111e+03 1.110524023437500000e+04 1.110890416478310362e+04
1.236625511905644089e+03 1.111134667968750000e+04 1.110888206052910391e+04
1.236645945838186890e+03 1.111189843750000000e+04 1.110885986932173546e+04
1.236666379770264030e+03 1.110895898437500000e+04 1.110883759122874108e+04
1.236686813702341169e+03 1.110936816406250000e+04 1.110881522642494383e+04
1.236707247634418309e+03 1.110954687500000000e+04 1.110879277508565792e+04
1.236727681666146964e+03 1.110339648437500000e+04 1.110877023727609230e+04
1.236748115497641265e+03 1.111315625000000000e+04 1.110874761350296831e+04
1.236768549429252744e+03 1.110761328125000000e+04 1.110872490360970005e+04
1.236788983460515738e+03 1.111381054687500000e+04 1.110870210777087050e+04
1.236809417291544378e+03 1.111512109375000000e+04 1.110867922649697903e+04
1.236829851222224534e+03 1.111224511718750000e+04 1.110865625962818012e+04
1.236850285152904689e+03 1.110958105468750000e+04 1.110863320745117562e+04
1.236870719183236361e+03 1.110917285156250000e+04 1.110861007002824772e+04
1.236891153013799340e+03 1.111732714843750000e+04 1.110858684787437232e+04
1.236911587043665349e+03 1.110456347656250000e+04 1.110856354071135866e+04
1.236932020873762667e+03 1.110162207031250000e+04 1.110854014916970664e+04
1.236952454903628677e+03 1.110685644531250000e+04 1.110851667296737469e+04
1.236972888832911849e+03 1.111581152343750000e+04 1.110849311262414267e+04
1.236993322662543505e+03 1.110845996093750000e+04 1.110846946831549394e+04
1.237013756691478193e+03 1.110824218750000000e+04 1.110844573987021431e+04
1.237034190620295703e+03 1.110763574218750000e+04 1.110842192781071208e+04
1.237054624449461699e+03 1.110366015625000000e+04 1.110839803231299084e+04
1.237075058477930725e+03 1.110334765625000000e+04 1.110837405320216385e+04
1.237095492406282574e+03 1.111111718750000000e+04 1.110834999100431560e+04
1.237115926234517246e+03 1.111192285156250000e+04 1.110832584589599719e+04
1.237136360262520611e+03 1.111040429687500000e+04 1.110830161769755796e+04
1.237156794190406799e+03 1.111089550781250000e+04 1.110827730693930062e+04
1.237177228018175811e+03 1.110778710937500000e+04 1.110825291379775445e+04
1.237197662045713514e+03 1.110505175781250000e+04 1.110822843808964535e+04
1.237218095973134041e+03 1.110660546875000000e+04 1.110820388034890493e+04
1.237258963827043772e+03 1.110953320312500000e+04 1.110815451911277887e+04
1.237279397753998637e+03 1.111699902343750000e+04 1.110812971596748321e+04
1.237299831780605018e+03 1.110662011718750000e+04 1.110810483124957682e+04
1.237320265606511384e+03 1.110588671875000000e+04 1.110807986550075293e+04
1.237340699533000588e+03 1.110917285156250000e+04 1.110805481852883531e+04
1.237361133559141308e+03 1.110710742187500000e+04 1.110802969050909087e+04
1.237381567484699190e+03 1.111400097656250000e+04 1.110800448186308495e+04
1.237402001310605556e+03 1.110931933593750000e+04 1.110797919276618086e+04
1.237422435335814953e+03 1.110005175781250000e+04 1.110795382302311918e+04
1.237442869261372834e+03 1.111629101562500000e+04 1.110792837317980047e+04
1.237463303086347878e+03 1.110786132812500000e+04 1.110790284341388906e+04
1.237483737111091614e+03 1.111119433593750000e+04 1.110787723352487228e+04
1.237504171035718173e+03 1.110673632812500000e+04 1.110785154406332913e+04
1.237524605060461909e+03 1.111130468750000000e+04 1.110782577495285659e+04
1.237545038884971291e+03 1.110433398437500000e+04 1.110779992674813184e+04
1.237565472709015012e+03 1.109984667968750000e+04 1.110777399937293740e+04
1.237585906732827425e+03 1.111753808593750000e+04 1.110774799274737961e+04
1.237606340656522661e+03 1.111064843750000000e+04 1.110772190742786916e+04
1.237626774480100721e+03 1.110536621093750000e+04 1.110769574359088438e+04
1.237647208503913134e+03 1.111035156250000000e+04 1.110766950102660485e+04
1.237667642426677048e+03 1.110822851562500000e+04 1.110764318029669994e+04
1.237688076249789447e+03 1.110762207031250000e+04 1.110761678157584720e+04
1.237708510272670537e+03 1.110975585937500000e+04 1.110759030465197065e+04
1.237728944195434451e+03 1.110570800781250000e+04 1.110756375008839677e+04
1.237749378117732704e+03 1.110989160156250000e+04 1.110753711793152434e+04
1.237769812040030956e+03 1.110403906250000000e+04 1.110751040835607273e+04
1.237790245962329209e+03 1.110764648437500000e+04 1.110748362153735798e+04
1.237810679984278977e+03 1.110753222656250000e+04 1.110745675751951603e+04
1.237831113805994391e+03 1.110448828125000000e+04 1.110742981687268366e+04
1.237851547727361321e+03 1.111049902343750000e+04 1.110740279937737432e+04
1.237871981748845428e+03 1.111363769531250000e+04 1.110737570520717054e+04
1.237892415670212358e+03 1.111503613281250000e+04 1.110734853480289894e+04
1.237912849490996450e+03 1.110484082031250000e+04 1.110732128834161813e+04
1.237933283511549234e+03 1.110119726562500000e+04 1.110729396559761517e+04
1.237953717432450503e+03 1.110144335937500000e+04 1.110726656714600904e+04
1.237974151252768934e+03 1.110558593750000000e+04 1.110723909316449135e+04
1.237994585272856057e+03 1.110528027343750000e+04 1.110721154342400041e+04
