9.971418347526341677e+02 1.134589648437500000e+04 1.134044013076387091e+04
9.971622677664272487e+02 1.134250976562500000e+04 1.134052371727990430e+04
9.971827006801031530e+02 1.134886328125000000e+04 1.134060683629551386e+04
9.972031334936618805e+02 1.134295996093750000e+04 1.134068948896783513e+04
9.972235665079206228e+02 1.134429296875000000e+04 1.134077167766055391e+04
9.972439994215965271e+02 1.134277246093750000e+04 1.134085340230867951e+04
9.972644322356209159e+02 1.134240429687500000e+04 1.134093466407302913e+04
9.972848652494139969e+02 1.133622949218750000e+04 1.134101546529128427e+04
9.973052981635555625e+02 1.134062890625000000e+04 1.134109580592631028e+04
9.973257310772314668e+02 1.133948632812500000e+04 1.134117568752176339e+04
9.973461639913730323e+02 1.133750292968750000e+04 1.134125511123156684e+04
9.973665968053974211e+02 1.134607226562500000e+04 1.134133407781837377e+04
9.973870298191905022e+02 1.133452734375000000e+04 1.134141258958810067e+04
9.974074627333320677e+02 1.133670117187500000e+04 1.134149064653719506e+04
9.974278956474736333e+02 1.133819824218750000e+04 1.134156825019994722e+04
9.974483285616151989e+02 1.133439746093750000e+04 1.134164540172664965e+04
9.974687614757567644e+02 1.134582128906250000e+04 1.134172210226757670e+04
9.974891943898983300e+02 1.134574414062500000e+04 1.134179835297302088e+04
9.975096273040398955e+02 1.134091601562500000e+04 1.134187415499325834e+04
9.975300602186471224e+02 1.133777148437500000e+04 1.134194950948029145e+04
9.975504932329058647e+02 1.134256152343750000e+04 1.134202441794690822e+04
9.975709261470474303e+02 1.133789648437500000e+04 1.134209888081105237e+04
9.975913589610718191e+02 1.133861132812500000e+04 1.134217289922954478e+04
9.976117919753305614e+02 1.134693945312500000e+04 1.134224647543744322e+04
9.976322248899377882e+02 1.134285156250000000e+04 1.134231960950191751e+04
9.976526577044278383e+02 1.134156835937500000e+04 1.134239230257805320e+04
9.976730907186865807e+02 1.134024707031250000e+04 1.134246455687981506e+04
9.976935236332938075e+02 1.133302929687500000e+04 1.134253637249546227e+04
9.977139566475525498e+02 1.133875488281250000e+04 1.134260775127577836e+04
9.977343894620425999e+02 1.134207421875000000e+04 1.134267869332829287e+04
9.977548223766498268e+02 1.133951269531250000e+04 1.134274920084766563e+04
9.977752553909085691e+02 1.134054589843750000e+04 1.134281927497620927e+04
9.977956882058642805e+02 1.134082031250000000e+04 1.134288891584212251e+04
9.978161211204715073e+02 1.134148730468750000e+04 1.134295812561776984e+04
9.978365541347302496e+02 1.134177441406250000e+04 1.134302690544713732e+04
9.978569869496859610e+02 1.134258203125000000e+04 1.134309525547733210e+04
9.978774198642931879e+02 1.134450000000000000e+04 1.134316317786181025e+04
9.978978527789004147e+02 1.134573242187500000e+04 1.134323067341646856e+04
9.979182856935076416e+02 1.134495214843750000e+04 1.134329774329159045e+04
9.979387187082320452e+02 1.135424511718750000e+04 1.134336438896296568e+04
9.979591515231877565e+02 1.134154101562500000e+04 1.134343061060585387e+04
9.979795844377949834e+02 1.134254199218750000e+04 1.134349641034405795e+04
9.980000174529850483e+02 1.134619042968750000e+04 1.134356178932465809e+04
9.980204502674750984e+02 1.134290625000000000e+04 1.134362674773701474e+04
9.980408831825479865e+02 1.134124218750000000e+04 1.134369128769231975e+04
9.980613161972723901e+02 1.134780859375000000e+04 1.134375541033176523e+04
9.980817491123452783e+02 1.134253417968750000e+04 1.134381911618019149e+04
9.981021819273009896e+02 1.134976953125000000e+04 1.134388240639252399e+04
9.981226149424910545e+02 1.134469042968750000e+04 1.134394528304633968e+04
9.981430478575639427e+02 1.134345605468750000e+04 1.134400774636463029e+04
9.981634807726368308e+02 1.134048046875000000e+04 1.134406979780678012e+04
9.981839136877097189e+02 1.134660546875000000e+04 1.134413143852306894e+04
9.982043466027826071e+02 1.133705957031250000e+04 1.134419266966378564e+04
9.982247795178554952e+02 1.134057714843750000e+04 1.134425349237921182e+04
9.982452124329283834e+02 1.134525683593750000e+04 1.134431390781963273e+04
9.982656453480012715e+02 1.134368847656250000e+04 1.134437391713532998e+04
9.982860783631913364e+02 1.134393359375000000e+04 1.134443352176764893e+04
9.983065111786127090e+02 1.134820019531250000e+04 1.134449272199504412e+04
9.983269440941512585e+02 1.133449902343750000e+04 1.134455151983960604e+04
9.983473771093413234e+02 1.135091503906250000e+04 1.134460991644438764e+04
9.983678099247626960e+02 1.135030664062500000e+04 1.134466791210688825e+04
9.983882429399527609e+02 1.134276953125000000e+04 1.134472550911142753e+04
9.984086758554913104e+02 1.134360742187500000e+04 1.134478270776135105e+04
9.984291086709126830e+02 1.134187011718750000e+04 1.134483950921146788e+04
9.984495416865684092e+02 1.134495507812500000e+04 1.134489591544409632e+04
9.984699746016412973e+02 1.134852734375000000e+04 1.134495192677621526e+04
9.984904074175283313e+02 1.135172851562500000e+04 1.134500754436771422e+04
9.985108404327183962e+02 1.134998535156250000e+04 1.134506277017847242e+04
9.985312733482569456e+02 1.134765722656250000e+04 1.134511760454789692e+04
9.985517062642611563e+02 1.135352539062500000e+04 1.134517204889780260e+04
9.985721391797997057e+02 1.134722753906250000e+04 1.134522610437598814e+04
9.985925720953382552e+02 1.134351660156250000e+04 1.134527977213398663e+04
9.986130050113424659e+02 1.134238476562500000e+04 1.134533305332329110e+04
9.986334379268810153e+02 1.134970800781250000e+04 1.134538594909175663e+04
9.986538708424195647e+02 1.135048730468750000e+04 1.134543846059088719e+04
9.986743037584237754e+02 1.133590429687500000e+04 1.134549058897215218e+04
9.986947366744279861e+02 1.134557226562500000e+04 1.134554233538462722e+04
9.987151695899665356e+02 1.134599121093750000e+04 1.134559370097743886e+04
9.987356026060879230e+02 1.134598144531250000e+04 1.134564468715209841e+04
9.987560354219749570e+02 1.134600683593750000e+04 1.134569529431104456e+04
9.987764684380963445e+02 1.134438867187500000e+04 1.134574552459643201e+04
9.987969013541005552e+02 1.134887207031250000e+04 1.134579537841741694e+04
9.988173341699875891e+02 1.134708496093750000e+04 1.134584485692980888e+04
9.988377671861089766e+02 1.134102929687500000e+04 1.134589396200844931e+04
9.988582001021131873e+02 1.133928515625000000e+04 1.134594269407906722e+04
9.988786329180002213e+02 1.135088867187500000e+04 1.134599105429741758e+04
9.988990659341216087e+02 1.134671093750000000e+04 1.134603904452192364e+04
9.989194988505914807e+02 1.135268847656250000e+04 1.134608666519581311e+04
9.989399316664785147e+02 1.134965039062500000e+04 1.134613391747261630e+04
9.989603646830655634e+02 1.134963085937500000e+04 1.134618080319665569e+04
9.989807975990697742e+02 1.134479296875000000e+04 1.134622732282420111e+04
9.990012306156568229e+02 1.134425390625000000e+04 1.134627347796352660e+04
9.990216634320095181e+02 1.134784375000000000e+04 1.134631926908809510e+04
9.990420963480137289e+02 1.134787988281250000e+04 1.134636469802292231e+04
9.990625293646007776e+02 1.134908789062500000e+04 1.134640976591505205e+04
9.990829621809534729e+02 1.134685351562500000e+04 1.134645447325391069e+04
9.991033950974233449e+02 1.134943847656250000e+04 1.134649882184959461e+04
9.991238281140103936e+02 1.134730664062500000e+04 1.134654281284712488e+04
9.991442609303630888e+02 1.134861230468750000e+04 1.134658644675277355e+04
9.991646938468329608e+02 1.135324707031250000e+04 1.134662972536083180e+04
9.991851267637684941e+02 1.135145605468750000e+04 1.134667264960789544e+04
9.992055597803555429e+02 1.134451953125000000e+04 1.134671522085001197e+04
9.992259926968254149e+02 1.135803417968750000e+04 1.134675743982127460e+04
9.992668584301136434e+02 1.135318750000000000e+04 1.134684082597911402e+04
9.992872914471663535e+02 1.134697949218750000e+04 1.134688199587139025e+04
9.993077243641018867e+02 1.134357324218750000e+04 1.134692281810080931e+04
9.993281571809202433e+02 1.134845703125000000e+04 1.134696329382276599e+04
9.993485901975072920e+02 1.134811230468750000e+04 1.134700342477905542e+04
9.993690231144428253e+02 1.134304003906250000e+04 1.134704321152936245e+04
9.993894560313783586e+02 1.133697656250000000e+04 1.134708265542052868e+04
9.994098889483138919e+02 1.135168750000000000e+04 1.134712175760283935e+04
9.994303218652494252e+02 1.134475683593750000e+04 1.134716051922658153e+04
9.994507548823021352e+02 1.134317578125000000e+04 1.134719894162946730e+04
9.994711876995861530e+02 1.134603808593750000e+04 1.134723702540035447e+04
9.994916206165216863e+02 1.134642285156250000e+04 1.134727477225008079e+04
9.995120536335743964e+02 1.134290527343750000e+04 1.134731218332486060e+04
9.995324864508584142e+02 1.134755273437500000e+04 1.134734925922836192e+04
9.995529193682596087e+02 1.134689453125000000e+04 1.134738600165746902e+04
9.995733523853123188e+02 1.134629296875000000e+04 1.134742241175674462e+04
9.995937852025963366e+02 1.134357421875000000e+04 1.134745849014536543e+04
9.996142182196490467e+02 1.134541308593750000e+04 1.134749423867909172e+04
9.996346511370502412e+02 1.134333203125000000e+04 1.134752965798193327e+04
9.996550839547999203e+02 1.135187500000000000e+04 1.134756474920897926e+04
9.996755169718526304e+02 1.135118847656250000e+04 1.134759951402154547e+04
9.996959498892538249e+02 1.134404785156250000e+04 1.134763395305888298e+04
9.997163828071206808e+02 1.134717187500000000e+04 1.134766806764240027e+04
9.997368157245218754e+02 1.134022070312500000e+04 1.134770185892082191e+04
9.997572486419230700e+02 1.134975390625000000e+04 1.134773532804521528e+04
9.997776815593242645e+02 1.135284082031250000e+04 1.134776847616586201e+04
9.997981144771911204e+02 1.134043164062500000e+04 1.134780130443379312e+04
9.998185473950579762e+02 1.134506835937500000e+04 1.134783381399853533e+04
9.998389803124591708e+02 1.134107519531250000e+04 1.134786600600964084e+04
9.998594132303260267e+02 1.134458105468750000e+04 1.134789788161886463e+04
9.998798461481928825e+02 1.135423925781250000e+04 1.134792944197575343e+04
9.999002790660597384e+02 1.134719726562500000e+04 1.134796068823058886e+04
9.999207119834609330e+02 1.134663183593750000e+04 1.134799162153295401e+04
9.999411449013277888e+02 1.134904882812500000e+04 1.134802224303454750e+04
9.999615779193118215e+02 1.134997656250000000e+04 1.134805255403269985e+04
9.999820107375271618e+02 1.134797949218750000e+04 1.134808255523510161e+04
1.000002443655394018e+03 1.133388769531250000e+04 1.134811224823394878e+04
1.000022876673378050e+03 1.133394921875000000e+04 1.134814163417568125e+04
1.000043309491593391e+03 1.134414257812500000e+04 1.134817071378154833e+04
1.000063742509577423e+03 1.134427441406250000e+04 1.134819948877045317e+04
1.000084175427444279e+03 1.133741308593750000e+04 1.134822795986813617e+04
1.000104608245659620e+03 1.134405078125000000e+04 1.134825612822997573e+04
1.000125041264109313e+03 1.134374804687500000e+04 1.134828399541744875e+04
1.000145474182441831e+03 1.134644628906250000e+04 1.134831156216899399e+04
1.000165907000657171e+03 1.134528222656250000e+04 1.134833882963930409e+04
1.000186340019106865e+03 1.134420898437500000e+04 1.134836579937729039e+04
1.000206772937439382e+03 1.134487109375000000e+04 1.134839247213461204e+04
1.000227205955423415e+03 1.135369140625000000e+04 1.134841884932234461e+04
1.000247638774104416e+03 1.135438476562500000e+04 1.134844493170701389e+04
1.000268071692436934e+03 1.134979003906250000e+04 1.134847072082266823e+04
1.000288504710886627e+03 1.134227441406250000e+04 1.134849621781588576e+04
1.000308937529567629e+03 1.134688281250000000e+04 1.134852142346487562e+04
1.000329370448365808e+03 1.134370996093750000e+04 1.134854633929198462e+04
1.000349803466815501e+03 1.135395117187500000e+04 1.134857096644268677e+04
1.000370236285496503e+03 1.135586425781250000e+04 1.134859530570850256e+04
1.000390669204294682e+03 1.134942871093750000e+04 1.134861935859903315e+04
1.000411102222744375e+03 1.134425878906250000e+04 1.134864312625983439e+04
1.000431535141542554e+03 1.134834375000000000e+04 1.134866660960935587e+04
1.000451968060340732e+03 1.135600000000000000e+04 1.134868980991449462e+04
1.000472400979138911e+03 1.134872558593750000e+04 1.134871272832553586e+04
1.000492833897937089e+03 1.135223046875000000e+04 1.134873536599276486e+04
1.000513266817200929e+03 1.134553320312500000e+04 1.134875772406697251e+04
1.000533699735999107e+03 1.135716796875000000e+04 1.134877980369741999e+04
1.000554132555145770e+03 1.135159960937500000e+04 1.134880160592925677e+04
1.000574565574061126e+03 1.135158691406250000e+04 1.134882313223021811e+04
1.000594998493324965e+03 1.134923925781250000e+04 1.134884438343311922e+04
1.000615431312471628e+03 1.134402343750000000e+04 1.134886536069179056e+04
1.000635864331386983e+03 1.135518164062500000e+04 1.134888606546239134e+04
1.000656297250650823e+03 1.135646679687500000e+04 1.134890649858980578e+04
1.000676730270031840e+03 1.134233496093750000e+04 1.134892666142408780e+04
1.000697163089178503e+03 1.135586132812500000e+04 1.134894655482113012e+04
1.000717596008442342e+03 1.134971191406250000e+04 1.134896618022560506e+04
1.000738029027823359e+03 1.135472753906250000e+04 1.134898553878387975e+04
1.000758461846970022e+03 1.134492382812500000e+04 1.134900463136362669e+04
1.000778894766699523e+03 1.134302929687500000e+04 1.134902345939816223e+04
1.000799327786080539e+03 1.134640429687500000e+04 1.134904202403302952e+04
1.000819760605692863e+03 1.134641210937500000e+04 1.134906032614840660e+04
1.000840193625073880e+03 1.134581738281250000e+04 1.134907836725245579e+04
1.000860626544803381e+03 1.135825390625000000e+04 1.134909614822917865e+04
1.000881059364415705e+03 1.134893359375000000e+04 1.134911367023225466e+04
1.000901492384262383e+03 1.134224609375000000e+04 1.134913093466764258e+04
1.000921925303991884e+03 1.134391015625000000e+04 1.134914794242995777e+04
1.000942358223721385e+03 1.135315722656250000e+04 1.134916469475470694e+04
1.000962791143450886e+03 1.134946972656250000e+04 1.134918119279217353e+04
1.000983224063180387e+03 1.135627636718750000e+04 1.134919743769264460e+04
1.001003656982909888e+03 1.134616796875000000e+04 1.134921343060640356e+04
1.001024089903105050e+03 1.134593847656250000e+04 1.134922917268409219e+04
1.001044522822834551e+03 1.135340625000000000e+04 1.134924466507527723e+04
1.001064955843146890e+03 1.134470410156250000e+04 1.134925990900503530e+04
1.001085388762876391e+03 1.134198925781250000e+04 1.134927490547357593e+04
1.001105821582954377e+03 1.135456738281250000e+04 1.134928965563550082e+04
1.001126254603266716e+03 1.135332812500000000e+04 1.134930416085575780e+04
1.001146687523461878e+03 1.134762402343750000e+04 1.134931842206962028e+04
1.001167120343539864e+03 1.135003222656250000e+04 1.134933244043095328e+04
1.001187553363852203e+03 1.134581542968750000e+04 1.134934621729432183e+04
1.001207986183930188e+03 1.134630371093750000e+04 1.134935975353998765e+04
1.001228419104591012e+03 1.134399609375000000e+04 1.134937305051927979e+04
1.001248852124903351e+03 1.135452441406250000e+04 1.134938610937836893e+04
1.001269284945446998e+03 1.135136621093750000e+04 1.134939893107791977e+04
1.001289717965759337e+03 1.135111621093750000e+04 1.134941151701893978e+04
1.001310150886420161e+03 1.134899804687500000e+04 1.134942386816554790e+04
1.001330583706963807e+03 1.134687500000000000e+04 1.134943598567118534e+04
1.001351016727276146e+03 1.135604101562500000e+04 1.134944787086227734e+04
1.001371449647936970e+03 1.135262011718750000e+04 1.134945952471324199e+04
1.001391882468480617e+03 1.134904296875000000e+04 1.134947094837748227e+04
1.001412315489258617e+03 1.134361523437500000e+04 1.134948214317151724e+04
1.001432748409919441e+03 1.134740234375000000e+04 1.134949311007939286e+04
1.001453181430697441e+03 1.134534765625000000e+04 1.134950385035888394e+04
1.001473614251706749e+03 1.135473535156250000e+04 1.134951436500429918e+04
1.001494047172833234e+03 1.135308007812500000e+04 1.134952465532188216e+04
1.001514480193611234e+03 1.135494042968750000e+04 1.134953472245841112e+04
1.001534913014620543e+03 1.134828125000000000e+04 1.134954456741827380e+04
1.001555345935747027e+03 1.135409960937500000e+04 1.134955419149788213e+04
1.001575778956525028e+03 1.134963964843750000e+04 1.134956359584405800e+04
1.001596211877651513e+03 1.135242187500000000e+04 1.134957278151537321e+04
1.001616644699126482e+03 1.134768652343750000e+04 1.134958174966529259e+04
1.001637077719904482e+03 1.134844824218750000e+04 1.134959050157373531e+04
1.001657510641496629e+03 1.135094726562500000e+04 1.134959903826154732e+04
1.001677943562623113e+03 1.135287207031250000e+04 1.134960736092183288e+04
1.001698376483749598e+03 1.135383300781250000e+04 1.134961547070508095e+04
1.001718809405341744e+03 1.134593847656250000e+04 1.134962336876174959e+04
1.001739242326468229e+03 1.135037304687500000e+04 1.134963105624176205e+04
1.001759675248060375e+03 1.134653125000000000e+04 1.134963853429575647e+04
1.001780108169652522e+03 1.135505273437500000e+04 1.134964580407383983e+04
1.001800541191361845e+03 1.134421679687500000e+04 1.134965286676040159e+04
1.001820974012836814e+03 1.134971972656250000e+04 1.134965972340341978e+04
1.001841406934428960e+03 1.134620019531250000e+04 1.134966637525548140e+04
1.001861839856021106e+03 1.134398925781250000e+04 1.134967282343277657e+04
1.001882272777613252e+03 1.134719531250000000e+04 1.134967906908558689e+04
1.001902705799322575e+03 1.134351367187500000e+04 1.134968511339331963e+04
1.001923138621263206e+03 1.134738964843750000e+04 1.134969095741902311e+04
1.001943571543321013e+03 1.134886328125000000e+04 1.134969660240021039e+04
1.001964004565030336e+03 1.134216796875000000e+04 1.134970204948412902e+04
1.001984437386970967e+03 1.135413964843750000e+04 1.134970729974269489e+04
1.002004870309028774e+03 1.135184179687500000e+04 1.134971235440468445e+04
1.002025303331203759e+03 1.135993554687500000e+04 1.134971721461751440e+04
1.002045736153144389e+03 1.134671191406250000e+04 1.134972188146145709e+04
1.002066169175319374e+03 1.135309960937500000e+04 1.134972635617826745e+04
1.002086602097377181e+03 1.135866992187500000e+04 1.134973063985104454e+04
1.002107034919783473e+03 1.136778125000000000e+04 1.134973473363297308e+04
1.002127467941958457e+03 1.134901562500000000e+04 1.134973863873292430e+04
1.002147900864481926e+03 1.134695312500000000e+04 1.134974235624258836e+04
1.002168333786539733e+03 1.135146777343750000e+04 1.134974588733167184e+04
1.002188766709063202e+03 1.134040917968750000e+04 1.134974923315061642e+04
1.002209199631586671e+03 1.135398535156250000e+04 1.134975239484962913e+04
1.002250065476633608e+03 1.134792773437500000e+04 1.134975817048900353e+04
1.002270498399157077e+03 1.134634375000000000e+04 1.134976078672993026e+04
1.002290931421797723e+03 1.134578808593750000e+04 1.134976322346356756e+04
1.002311364344321191e+03 1.135115527343750000e+04 1.134976548181632825e+04
1.002331797167193145e+03 1.135190722656250000e+04 1.134976756294115512e+04
1.002352230189833790e+03 1.135367968750000000e+04 1.134976946801753729e+04
1.002372663112822920e+03 1.134830957031250000e+04 1.134977119816654158e+04
1.002393095935694873e+03 1.135708691406250000e+04 1.134977275454097980e+04
1.002413528958335519e+03 1.135205761718750000e+04 1.134977413831271224e+04
1.002433961881324649e+03 1.136141015625000000e+04 1.134977535061048184e+04
1.002454394704662263e+03 1.134503222656250000e+04 1.134977639258707131e+04
1.002474827727768570e+03 1.134602832031250000e+04 1.134977726540679032e+04
1.002495260550640523e+03 1.135325683593750000e+04 1.134977797020283469e+04
1.002515693573746830e+03 1.134263867187500000e+04 1.134977850813931582e+04
1.002536126497201622e+03 1.135095605468750000e+04 1.134977888035738943e+04
1.002556559320073575e+03 1.135377441406250000e+04 1.134977908800975456e+04
1.002576992343645543e+03 1.135425585937500000e+04 1.134977913224855365e+04
1.002597425267100334e+03 1.135452832031250000e+04 1.134977901422221476e+04
1.002617858090437949e+03 1.135007128906250000e+04 1.134977873508340417e+04
1.002638291113544255e+03 1.135475683593750000e+04 1.134977829597713753e+04
1.002658724036999047e+03 1.134950390625000000e+04 1.134977769805895878e+04
1.002679157060571015e+03 1.134551953125000000e+04 1.134977694247331601e+04
1.002699589884374291e+03 1.135127441406250000e+04 1.134977603038273264e+04
1.002720022807829082e+03 1.134859082031250000e+04 1.134977496292527576e+04
1.002740455831866711e+03 1.134824121093750000e+04 1.134977374124890412e+04
1.002760888655204326e+03 1.133826171875000000e+04 1.134977236652304964e+04
1.002781321579124779e+03 1.135054882812500000e+04 1.134977083987884544e+04
1.002801754603162408e+03 1.134707226562500000e+04 1.134976916246438486e+04
1.002822187526617199e+03 1.134825097656250000e+04 1.134976733544643503e+04
1.002842620350886136e+03 1.135133300781250000e+04 1.134976535997734936e+04
1.002863053374923766e+03 1.134799023437500000e+04 1.134976323717741616e+04
1.002883486298844218e+03 1.134453613281250000e+04 1.134976096822699765e+04
1.002903919222764671e+03 1.135465625000000000e+04 1.134975855426634371e+04
1.002924352147150785e+03 1.134472949218750000e+04 1.134975599644567774e+04
1.002944785071071237e+03 1.135260351562500000e+04 1.134975329591540140e+04
1.002965218095108867e+03 1.135472167968750000e+04 1.134975045381147174e+04
1.002985650919377804e+03 1.134604394531250000e+04 1.134974747132692028e+04
