2.565460243052802980e+02 1.108334960937500000e+04 1.107453189038602432e+04
2.565664572976529598e+02 1.107052246093750000e+04 1.107482147248830552e+04
2.565868901899084449e+02 1.107056445312500000e+04 1.107510705824338220e+04
2.566073232823982835e+02 1.108640039062500000e+04 1.107538867808294162e+04
2.566277562747709453e+02 1.105857031250000000e+04 1.107566635410124945e+04
2.566481891674920917e+02 1.106453613281250000e+04 1.107594011262523782e+04
2.566686222599819303e+02 1.106147167968750000e+04 1.107620998390083878e+04
2.566890552528202534e+02 1.106872558593750000e+04 1.107647599020789494e+04
2.567094881455413997e+02 1.106759375000000000e+04 1.107673815785979423e+04
2.567299212384968996e+02 1.106350390625000000e+04 1.107699651694514978e+04
2.567503542318008840e+02 1.106991699218750000e+04 1.107725108990706576e+04
2.567707871249876916e+02 1.108810546875000000e+04 1.107750190305802425e+04
2.567912201178260148e+02 1.107423437500000000e+04 1.107774898511319225e+04
2.568116532112471759e+02 1.107486816406250000e+04 1.107799236229213420e+04
2.568320862045511603e+02 1.108532617187500000e+04 1.107823205846728888e+04
2.568525190982036293e+02 1.107944433593750000e+04 1.107846809996087541e+04
2.568729521916247904e+02 1.108253417968750000e+04 1.107870051646805769e+04
2.569138180790469050e+02 1.107614355468750000e+04 1.107915456932548841e+04
2.569342511729337275e+02 1.109088378906250000e+04 1.107937626153383462e+04
2.569546841667033732e+02 1.107566015625000000e+04 1.107959443042275416e+04
2.569751170603558421e+02 1.108703906250000000e+04 1.107980910230681184e+04
2.569955501547083259e+02 1.107813964843750000e+04 1.108002030658375406e+04
2.570159831489436328e+02 1.107679101562500000e+04 1.108022806638164184e+04
2.570364160430617630e+02 1.107778027343750000e+04 1.108043240801388311e+04
2.570568490372970700e+02 1.107488574218750000e+04 1.108063335974582515e+04
2.570772821316495538e+02 1.108698828125000000e+04 1.108083094779080056e+04
2.570977150262333453e+02 1.108501562500000000e+04 1.108102519553637831e+04
2.571181480209343135e+02 1.109002246093750000e+04 1.108121613212081502e+04
2.571385811152867973e+02 1.108019824218750000e+04 1.108140378375435102e+04
2.571590141099877656e+02 1.108177050781250000e+04 1.108158817486974294e+04
2.571794470050372183e+02 1.108108105468750000e+04 1.108176933177747924e+04
2.571998800998553634e+02 1.107646679687500000e+04 1.108194728337154811e+04
2.572203130950219929e+02 1.109794628906250000e+04 1.108212205328378332e+04
2.572407459900714457e+02 1.108809375000000000e+04 1.108229366781964563e+04
2.572611790848895907e+02 1.109192968750000000e+04 1.108246215573789596e+04
2.572816120805218816e+02 1.109465527343750000e+04 1.108262754081335697e+04
2.573020449755713344e+02 1.109224121093750000e+04 1.108278984934300752e+04
2.573224779712036252e+02 1.108901855468750000e+04 1.108294910918768801e+04
2.573429110664874315e+02 1.108369726562500000e+04 1.108310534655849551e+04
2.573633439624682069e+02 1.107605468750000000e+04 1.108325858545451410e+04
2.573837769581004977e+02 1.107358398437500000e+04 1.108340885440263992e+04
2.574042100538499653e+02 1.108923925781250000e+04 1.108355617962591350e+04
2.574246429493650794e+02 1.109831542968750000e+04 1.108370058524325941e+04
2.574655089415609837e+02 1.108988281250000000e+04 1.108398074843589529e+04
2.574859419376589358e+02 1.108847167968750000e+04 1.108411655781914851e+04
2.575063749337568879e+02 1.109233886718750000e+04 1.108424955407768721e+04
2.575268079303205013e+02 1.109044433593750000e+04 1.108437976347743825e+04
2.575472409264184535e+02 1.108552441406250000e+04 1.108450721227544818e+04
2.575676739229820669e+02 1.109398339843750000e+04 1.108463192674053062e+04
2.575881068198941648e+02 1.108888769531250000e+04 1.108475393254427399e+04
2.576085399161092937e+02 1.108799023437500000e+04 1.108487325771506221e+04
2.576289729131385684e+02 1.108289160156250000e+04 1.108498992675312184e+04
2.576494058100506663e+02 1.108467285156250000e+04 1.108510396595479870e+04
2.576698389067314565e+02 1.108168554687500000e+04 1.108521540323768932e+04
2.576902719037607312e+02 1.108295800781250000e+04 1.108532426321275125e+04
2.577107049007900059e+02 1.108290234375000000e+04 1.108543057269278142e+04
2.577311378982849419e+02 1.108417578125000000e+04 1.108553435794311554e+04
2.577515708953142166e+02 1.108171972656250000e+04 1.108563564522201341e+04
2.577720038928091526e+02 1.109048339843750000e+04 1.108573446079708810e+04
2.577924367901869118e+02 1.108496972656250000e+04 1.108583083046275897e+04
2.578128698877990246e+02 1.109457910156250000e+04 1.108592478188075256e+04
2.578333028852939606e+02 1.108952050781250000e+04 1.108601633991533527e+04
2.578537357831373811e+02 1.108141015625000000e+04 1.108610553086648906e+04
2.578741688807494938e+02 1.108804980468750000e+04 1.108619238228693575e+04
2.578946018787100911e+02 1.108807226562500000e+04 1.108627691914984098e+04
2.579150347770191729e+02 1.108145703125000000e+04 1.108635916775187434e+04
2.579354678750969470e+02 1.109306542968750000e+04 1.108643915554459818e+04
2.579559008730575442e+02 1.107795019531250000e+04 1.108651690760059682e+04
2.579763337713666260e+02 1.109846386718750000e+04 1.108659245021722927e+04
2.579967668699100614e+02 1.108552929687500000e+04 1.108666581075002614e+04
2.580171998683363199e+02 1.109231054687500000e+04 1.108673701436765623e+04
2.580376328667625785e+02 1.108898242187500000e+04 1.108680608769789978e+04
2.580580657650716603e+02 1.108817187500000000e+04 1.108687305668073532e+04
2.580784988640807569e+02 1.108512402343750000e+04 1.108693794854967928e+04
2.580989318629726768e+02 1.108902539062500000e+04 1.108700078859712448e+04
2.581193647617474198e+02 1.109260839843750000e+04 1.108706160311603526e+04
2.581397978607565165e+02 1.108623339843750000e+04 1.108712041924858931e+04
2.581602308596484363e+02 1.109298144531250000e+04 1.108717726237860552e+04
2.581806637588888407e+02 1.108433691406250000e+04 1.108723215879912823e+04
2.582010968578979373e+02 1.107444433593750000e+04 1.108728513556341932e+04
2.582215298572555184e+02 1.108198535156250000e+04 1.108733621814412982e+04
2.582419627569615841e+02 1.108824023437500000e+04 1.108738543283178296e+04
2.582623957563191652e+02 1.108519140625000000e+04 1.108743280636931740e+04
2.582828288557939231e+02 1.108606250000000000e+04 1.108747836499400728e+04
2.583032618556171656e+02 1.109396582031250000e+04 1.108752213452348406e+04
2.583236947553232312e+02 1.108023730468750000e+04 1.108756414124580260e+04
2.583441278552636504e+02 1.108951367187500000e+04 1.108760441202860602e+04
2.583645608555525541e+02 1.108501660156250000e+04 1.108764297253112454e+04
2.583849937552586198e+02 1.108059863281250000e+04 1.108767984903954130e+04
2.584054268556647003e+02 1.109275292968750000e+04 1.108771506834836691e+04
2.584258598559536040e+02 1.107757421875000000e+04 1.108774865618992953e+04
2.584462927561253309e+02 1.108176171875000000e+04 1.108778063885102347e+04
2.584667258565314114e+02 1.108465625000000000e+04 1.108781104305311237e+04
2.584871587571687996e+02 1.108920312500000000e+04 1.108783989446378473e+04
2.585075917579233646e+02 1.108798535156250000e+04 1.108786721978077912e+04
2.585280246585607529e+02 1.109017089843750000e+04 1.108789304499905120e+04
2.585484577594324946e+02 1.108327246093750000e+04 1.108791739675033023e+04
2.585688907601870596e+02 1.107168066406250000e+04 1.108794030092890534e+04
2.585893237609416246e+02 1.108237792968750000e+04 1.108796178392069487e+04
2.586097567621618509e+02 1.107852929687500000e+04 1.108798187198914638e+04
2.586301897633820772e+02 1.108030273437500000e+04 1.108800059139676887e+04
2.586506227646023035e+02 1.108719531250000000e+04 1.108801796840657335e+04
2.586710557658225298e+02 1.107976074218750000e+04 1.108803402928156902e+04
2.586914887675084174e+02 1.108368164062500000e+04 1.108804880028508705e+04
2.587119217691943049e+02 1.108979687500000000e+04 1.108806230767976376e+04
2.587323546707630157e+02 1.108751464843750000e+04 1.108807457767147753e+04
2.587527877725660801e+02 1.108648828125000000e+04 1.108808563669463911e+04
2.587732207742519677e+02 1.109086718750000000e+04 1.108809551084086161e+04
2.587936536762863398e+02 1.108875976562500000e+04 1.108810422639056924e+04
2.588140867780894041e+02 1.108802148437500000e+04 1.108811180972610600e+04
2.588345197802409530e+02 1.108389550781250000e+04 1.108811828699110447e+04
2.588549526822753251e+02 1.108875097656250000e+04 1.108812368446445726e+04
2.588753857845440507e+02 1.108804882812500000e+04 1.108812802848071078e+04
2.588958187871612608e+02 1.108978125000000000e+04 1.108813134523141343e+04
2.589162517893128097e+02 1.108763281250000000e+04 1.108813366100327221e+04
2.589366846918128431e+02 1.109017773437500000e+04 1.108813500205517994e+04
2.589571177945472300e+02 1.108895703125000000e+04 1.108813539466277689e+04
2.589775507976301014e+02 1.108990625000000000e+04 1.108813486507636844e+04
2.589979837001301348e+02 1.109249804687500000e+04 1.108813343957236248e+04
2.590184168033301830e+02 1.108487890625000000e+04 1.108813114438629964e+04
2.590388498064130545e+02 1.108335449218750000e+04 1.108812800580863586e+04
2.590592827093787491e+02 1.108414550781250000e+04 1.108812405011458759e+04
2.590797158125787973e+02 1.108380566406250000e+04 1.108811930350315379e+04
2.591001488161273301e+02 1.108645605468750000e+04 1.108811379230124112e+04
2.591205817190930247e+02 1.109565527343750000e+04 1.108810754278316381e+04
2.591410148227587342e+02 1.110729980468750000e+04 1.108810058111449689e+04
2.591614478263072670e+02 1.109645117187500000e+04 1.108809293365556005e+04
2.591818808298557997e+02 1.109114160156250000e+04 1.108808462663697719e+04
2.592023137337528169e+02 1.108703222656250000e+04 1.108807568636687574e+04
2.592227468378841877e+02 1.109449609375000000e+04 1.108806613897252100e+04
2.592431798418983817e+02 1.109191210937500000e+04 1.108805601085286980e+04
2.592636127457953990e+02 1.109216699218750000e+04 1.108804532827929506e+04
2.592840458499267697e+02 1.108631347656250000e+04 1.108803411735384361e+04
2.593044788544066250e+02 1.108990917968750000e+04 1.108802240450023055e+04
2.593249117587693036e+02 1.108179003906250000e+04 1.108801021598892839e+04
2.593453448629006743e+02 1.108404101562500000e+04 1.108799757790071089e+04
2.593657778673805296e+02 1.109309960937500000e+04 1.108798451668056077e+04
2.593862107722088695e+02 1.109552636718750000e+04 1.108797105859750445e+04
2.594066437771543860e+02 1.108039746093750000e+04 1.108795722978286176e+04
2.594270768817514181e+02 1.108058105468750000e+04 1.108794305649473608e+04
2.594475097865797579e+02 1.108914453125000000e+04 1.108792856520624446e+04
2.594679427915252745e+02 1.109117382812500000e+04 1.108791378196998630e+04
2.594883757969364524e+02 1.108335253906250000e+04 1.108789873311890187e+04
2.595088088018819690e+02 1.109686132812500000e+04 1.108788344491668613e+04
2.595292418072931468e+02 1.108562695312500000e+04 1.108786794362567707e+04
2.595496749128215015e+02 1.107882714843750000e+04 1.108785225543196429e+04
2.595701078181155026e+02 1.108880566406250000e+04 1.108783640683042722e+04
2.595905408239923418e+02 1.108917089843750000e+04 1.108782042385187196e+04
2.596109737292863429e+02 1.108924414062500000e+04 1.108780433291640838e+04
2.596314068352803588e+02 1.108742187500000000e+04 1.108778816004913460e+04
2.596518398411571980e+02 1.109710742187500000e+04 1.108777193175063803e+04
2.596722727469168603e+02 1.108910546875000000e+04 1.108775567428457362e+04
2.596927058533765376e+02 1.108783203125000000e+04 1.108773941367453517e+04
2.597131388592533767e+02 1.109586132812500000e+04 1.108772317642335474e+04
2.597335717654787004e+02 1.109423046875000000e+04 1.108770698879279553e+04
2.597540048719383776e+02 1.108833105468750000e+04 1.108769087680879238e+04
2.597744378782808781e+02 1.108836621093750000e+04 1.108767486697183631e+04
2.597948708850890398e+02 1.108949804687500000e+04 1.108765898546544486e+04
2.598153037917800248e+02 1.109057226562500000e+04 1.108764325862965416e+04
2.598357368982397020e+02 1.108475488281250000e+04 1.108762771249793877e+04
2.598561699055135250e+02 1.107931640625000000e+04 1.108761237356218771e+04
2.598766028122045100e+02 1.108263476562500000e+04 1.108759726808324922e+04
2.598970359191298485e+02 1.108668847656250000e+04 1.108758242210360368e+04
2.599174689264036715e+02 1.108870214843750000e+04 1.108756786210616156e+04
2.599379018335603178e+02 1.108963964843750000e+04 1.108755361434989391e+04
2.599583349409513175e+02 1.108961816406250000e+04 1.108753970489083258e+04
2.599787679482251406e+02 1.109341015625000000e+04 1.108752616019901507e+04
2.599992008558474481e+02 1.109237597656250000e+04 1.108751300653163162e+04
2.600196339637041092e+02 1.108988281250000000e+04 1.108750026996167981e+04
2.600400669714435935e+02 1.108102734375000000e+04 1.108748797694254972e+04
2.600604999791830778e+02 1.109473339843750000e+04 1.108747615367381877e+04
2.600809328872710466e+02 1.108762890625000000e+04 1.108746482647252196e+04
2.601013659951277077e+02 1.107443164062500000e+04 1.108745402143948013e+04
2.601217990033328533e+02 1.107638867187500000e+04 1.108744376499997088e+04
2.601422319114208221e+02 1.108164257812500000e+04 1.108743408340902533e+04
2.601626650197431445e+02 1.107117382812500000e+04 1.108742500279171873e+04
2.601830980279482901e+02 1.107682714843750000e+04 1.108741654954905061e+04
2.602035309365019202e+02 1.108077050781250000e+04 1.108740874993447687e+04
2.602239640452899039e+02 1.108333398437500000e+04 1.108740163010151991e+04
2.602443970539607108e+02 1.109333203125000000e+04 1.108739521642293585e+04
2.602648299629800022e+02 1.108636523437500000e+04 1.108738953406884684e+04
2.602852629716508090e+02 1.108259082031250000e+04 1.108738458994188295e+04
2.603056960804387927e+02 1.110418554687500000e+04 1.108738037586674545e+04
2.603261289899237454e+02 1.108569433593750000e+04 1.108737688325407544e+04
2.603465619990602136e+02 1.107711621093750000e+04 1.108737410340168208e+04
2.603669951083138585e+02 1.108845605468750000e+04 1.108737202767405870e+04
2.603874280177988112e+02 1.109333691406250000e+04 1.108737064745072530e+04
2.604078610274009407e+02 1.108214941406250000e+04 1.108736995406052483e+04
2.604487270466051996e+02 1.110714843750000000e+04 1.108737059322156165e+04
2.604691600562073290e+02 1.108984667968750000e+04 1.108737190848112914e+04
2.604895930662751198e+02 1.108659082031250000e+04 1.108737387599900103e+04
2.605100260763429105e+02 1.108063574218750000e+04 1.108737648712931878e+04
2.605304590864107013e+02 1.108525000000000000e+04 1.108737973322624384e+04
2.605508919963613153e+02 1.108917187500000000e+04 1.108738360562345770e+04
2.605713251065462828e+02 1.108821972656250000e+04 1.108738809573659819e+04
2.605917581170797348e+02 1.108916113281250000e+04 1.108739319485847045e+04
2.606121911276131868e+02 1.108730566406250000e+04 1.108739889436363956e+04
2.606326241381466389e+02 1.108916992187500000e+04 1.108740518560627243e+04
2.606530571491457522e+02 1.108203125000000000e+04 1.108741205994069060e+04
2.606734901596792042e+02 1.107843457031250000e+04 1.108741950872075176e+04
2.606939231706783175e+02 1.108303320312500000e+04 1.108742752330095027e+04
2.607143561816774309e+02 1.107540039062500000e+04 1.108743609503529296e+04
2.607347891926765442e+02 1.107911523437500000e+04 1.108744521527793950e+04
2.607552221040241420e+02 1.108498437500000000e+04 1.108745487533464075e+04
2.607756552151404321e+02 1.108421875000000000e+04 1.108746506670503913e+04
2.607960882266052067e+02 1.108080566406250000e+04 1.108747578059784246e+04
2.608165211379528046e+02 1.109188378906250000e+04 1.108748700835937234e+04
2.608369542495347559e+02 1.109370898437500000e+04 1.108749874151255972e+04
2.608573872614651918e+02 1.108937890625000000e+04 1.108751097124308581e+04
2.608778201732784510e+02 1.108304785156250000e+04 1.108752368889760692e+04
2.608982532853260636e+02 1.107224218750000000e+04 1.108753688602076909e+04
2.609186862972564995e+02 1.108850781250000000e+04 1.108755055377625649e+04
2.609391193091869354e+02 1.108191113281250000e+04 1.108756468358172060e+04
2.609595522214658558e+02 1.108865527343750000e+04 1.108757926671911446e+04
2.609799853335134685e+02 1.110031054687500000e+04 1.108759429475958859e+04
2.610004183463752270e+02 1.107612207031250000e+04 1.108760975884068648e+04
2.610208512586541474e+02 1.108728417968750000e+04 1.108762565030918631e+04
2.610412843711674213e+02 1.108612304687500000e+04 1.108764196075629297e+04
2.610617173840291798e+02 1.108300976562500000e+04 1.108765868129985756e+04
2.610821502967737615e+02 1.108527636718750000e+04 1.108767580328770600e+04
2.611025834097526968e+02 1.107543847656250000e+04 1.108769331832859461e+04
2.611230164226144552e+02 1.108003906250000000e+04 1.108771121752208819e+04
2.611434493358246982e+02 1.108056542968750000e+04 1.108772949221718773e+04
2.611638823491521180e+02 1.108550878906250000e+04 1.108774813394677403e+04
2.611843154625967145e+02 1.107289843750000000e+04 1.108776713407032730e+04
2.612047483758069575e+02 1.108598632812500000e+04 1.108778648366013658e+04
2.612251813896000385e+02 1.108753808593750000e+04 1.108780617435269232e+04
2.612456145030446351e+02 1.107931054687500000e+04 1.108782619750620506e+04
2.612660475168377161e+02 1.108816015625000000e+04 1.108784654427950045e+04
2.612864804305136204e+02 1.109280175781250000e+04 1.108786720602158312e+04
2.613069135444238782e+02 1.108195117187500000e+04 1.108788817439260492e+04
2.613273465586826205e+02 1.109066699218750000e+04 1.108790944044122080e+04
2.613477794728241861e+02 1.107954980468750000e+04 1.108793099551681371e+04
2.613682124870829284e+02 1.108016015625000000e+04 1.108795283118479892e+04
2.613886456014588475e+02 1.109773632812500000e+04 1.108797493880339971e+04
2.614090785156004131e+02 1.108788769531250000e+04 1.108799730939985056e+04
2.614295115303248167e+02 1.108055371093750000e+04 1.108801993465575651e+04
2.614499445450492203e+02 1.109530468750000000e+04 1.108804280581578678e+04
2.614703775597736239e+02 1.108403710937500000e+04 1.108806591423411010e+04
2.614908105744980276e+02 1.109363867187500000e+04 1.108808925126487338e+04
2.615112435896880925e+02 1.109088574218750000e+04 1.108811280826278562e+04
2.615316766048781574e+02 1.109364648437500000e+04 1.108813657658146985e+04
2.615521096200682223e+02 1.109592968750000000e+04 1.108816054757508755e+04
2.615725426352582872e+02 1.108467089843750000e+04 1.108818471259779471e+04
2.615929756504483521e+02 1.109261230468750000e+04 1.108820906300374554e+04
2.616134086661040783e+02 1.108836718750000000e+04 1.108823359014766356e+04
2.616338415816426277e+02 1.108496289062500000e+04 1.108825828526175610e+04
2.616542746974155307e+02 1.109293847656250000e+04 1.108828314006437540e+04
2.616747077130712569e+02 1.107096289062500000e+04 1.108830814554548124e+04
2.616951406290754676e+02 1.109199511718750000e+04 1.108833329305764892e+04
2.617155737448483706e+02 1.108356347656250000e+04 1.108835857432455668e+04
2.617360067609697580e+02 1.108370312500000000e+04 1.108838398033084741e+04
2.617564397775568068e+02 1.108861230468750000e+04 1.108840950255424104e+04
2.617768727936781943e+02 1.109456250000000000e+04 1.108843513234773854e+04
2.617973058102652431e+02 1.109267285156250000e+04 1.108846086106665098e+04
2.618177388268522918e+02 1.109134863281250000e+04 1.108848668006456137e+04
2.618381717433221638e+02 1.108911425781250000e+04 1.108851258056853112e+04
2.618586048600263894e+02 1.110049707031250000e+04 1.108853855431399461e+04
2.618790378770790994e+02 1.108360644531250000e+04 1.108856459227442247e+04
2.618994707940146327e+02 1.109344433593750000e+04 1.108859068580249914e+04
2.619199039111845195e+02 1.109350781250000000e+04 1.108861682663630381e+04
2.619403369282372296e+02 1.108852246093750000e+04 1.108864300574606750e+04
2.619607698451727629e+02 1.109255175781250000e+04 1.108866921448544963e+04
2.619812029628083110e+02 1.108202539062500000e+04 1.108869544459462122e+04
2.620016359803266823e+02 1.108966894531250000e+04 1.108872168704172327e+04
2.620220688977278769e+02 1.108537207031250000e+04 1.108874793318078446e+04
2.620425019157119095e+02 1.110237792968750000e+04 1.108877417462379526e+04
2.620629350333474576e+02 1.109843750000000000e+04 1.108880040272358383e+04
2.620833680513314903e+02 1.109285449218750000e+04 1.108882660857843985e+04
2.621038009691983461e+02 1.109303808593750000e+04 1.108885278354230468e+04
2.621242340872995555e+02 1.108633203125000000e+04 1.108887891935383050e+04
2.621446671057492495e+02 1.109755664062500000e+04 1.108890500698327014e+04
2.621651000240817666e+02 1.108265234375000000e+04 1.108893103778495424e+04
2.621855331421829760e+02 1.109147460937500000e+04 1.108895700349462277e+04
2.622059661610983312e+02 1.109475097656250000e+04 1.108898289508602647e+04
2.622263990794308484e+02 1.109336914062500000e+04 1.108900870391269200e+04
2.622468320983462036e+02 1.109410644531250000e+04 1.108903442158291000e+04
2.622672652173787355e+02 1.109773144531250000e+04 1.108906003944883014e+04
2.622876981361769140e+02 1.109320800781250000e+04 1.108908554848882704e+04
2.623081311550922692e+02 1.109374902343750000e+04 1.108911094043283447e+04
2.623285642745904624e+02 1.109689941406250000e+04 1.108913620663379334e+04
2.623489971938543022e+02 1.109582910156250000e+04 1.108916133807485494e+04
2.623694302132353187e+02 1.108630761718750000e+04 1.108918632648059429e+04
2.623898633327335119e+02 1.108763671875000000e+04 1.108921116320299916e+04
2.624102962519973516e+02 1.109065722656250000e+04 1.108923583923229671e+04
2.624307292718440294e+02 1.109317187500000000e+04 1.108926034628711932e+04
2.624511623918078840e+02 1.109235937500000000e+04 1.108928467571850888e+04
2.624715953115373850e+02 1.109476464843750000e+04 1.108930881852434140e+04
2.624920283318497241e+02 1.109589746093750000e+04 1.108933276641558405e+04
2.625124613516964018e+02 1.109699902343750000e+04 1.108935651062654142e+04
2.625328943720087409e+02 1.108863671875000000e+04 1.108938004251244638e+04
2.625533273923210800e+02 1.109372265625000000e+04 1.108940335342690742e+04
2.625737603129819036e+02 1.108933789062500000e+04 1.108942643461208900e+04
2.625941934334114194e+02 1.110501953125000000e+04 1.108944927775863107e+04
2.626146264541894197e+02 1.107600390625000000e+04 1.108947187388418024e+04
2.626350594749674201e+02 1.109837500000000000e+04 1.108949421445488042e+04
2.626554924957454205e+02 1.108965820312500000e+04 1.108951629082488216e+04
2.626759255169890821e+02 1.110222167968750000e+04 1.108953809434883078e+04
2.626963585377670825e+02 1.109056640625000000e+04 1.108955961637988730e+04
2.627167914593592286e+02 1.110231738281250000e+04 1.108958084817034796e+04
2.627372245802544057e+02 1.109423046875000000e+04 1.108960178138235278e+04
2.627576576019637287e+02 1.109952636718750000e+04 1.108962240706204102e+04
2.627780905235558748e+02 1.109094628906250000e+04 1.108964271656718665e+04
2.627985236449167132e+02 1.109900488281250000e+04 1.108966270154765516e+04
2.628189566666260362e+02 1.109724511718750000e+04 1.108968235306233328e+04
2.628393895886838436e+02 1.108677832031250000e+04 1.108970166247032103e+04
2.628598227105103433e+02 1.109262597656250000e+04 1.108972062140615890e+04
2.628802557326853275e+02 1.109444140625000000e+04 1.108973922094358204e+04
2.629006886552087963e+02 1.109758007812500000e+04 1.108975745244206337e+04
2.629211216773837805e+02 1.109394042968750000e+04 1.108977530743361422e+04
2.629415547996759415e+02 1.109411035156250000e+04 1.108979277726720466e+04
2.629619878223165870e+02 1.109139843750000000e+04 1.108980985312614212e+04
2.629824207448400557e+02 1.109092089843750000e+04 1.108982652637001956e+04
2.630028538675978780e+02 1.109519824218750000e+04 1.108984278859507504e+04
2.630232868902385235e+02 1.108063183593750000e+04 1.108985863091337160e+04
2.630437198132276535e+02 1.108900292968750000e+04 1.108987404468563545e+04
2.630641529364511371e+02 1.110812011718750000e+04 1.108988902148903435e+04
2.630845859595574439e+02 1.109864453125000000e+04 1.108990355245433238e+04
2.631050188830122352e+02 1.108515527343750000e+04 1.108991762894261046e+04
2.631254520062357187e+02 1.109726855468750000e+04 1.108993124251090921e+04
2.631458850298076868e+02 1.109353125000000000e+04 1.108994438431046001e+04
2.631663179537281394e+02 1.108095214843750000e+04 1.108995704570238013e+04
2.631867509773001075e+02 1.108799609375000000e+04 1.108996921816434588e+04
2.632071841009892523e+02 1.111379101562500000e+04 1.108998089304354835e+04
2.632276170249097049e+02 1.108949218750000000e+04 1.108999206152647457e+04
2.632480500489473343e+02 1.107785644531250000e+04 1.109000271513490952e+04
2.632684831731021404e+02 1.109119335937500000e+04 1.109001284521536945e+04
2.632889161976054311e+02 1.108210839843750000e+04 1.109002244302290273e+04
2.633093491219915450e+02 1.107943750000000000e+04 1.109003149991931423e+04
2.633297822466120124e+02 1.108884375000000000e+04 1.109004000738785908e+04
2.633502152711153030e+02 1.109739257812500000e+04 1.109004795665356869e+04
2.633706481959670782e+02 1.109484179687500000e+04 1.109005533907902281e+04
2.633910812204703689e+02 1.109693652343750000e+04 1.109006214609040944e+04
2.634115142454393208e+02 1.109328906250000000e+04 1.109006836900461713e+04
2.634523802958428860e+02 1.109132128906250000e+04 1.109007902795769405e+04
2.634728133208118379e+02 1.108549414062500000e+04 1.109008344670473889e+04
2.634932463462464511e+02 1.108822558593750000e+04 1.109008724677109967e+04
2.635136793721467257e+02 1.108726367187500000e+04 1.109009041951088511e+04
2.635341123975813389e+02 1.109483398437500000e+04 1.109009295627809661e+04
2.635545454234816134e+02 1.109261230468750000e+04 1.109009484842699021e+04
2.635749784489162266e+02 1.110083203125000000e+04 1.109009608731162734e+04
2.635954113751649857e+02 1.109352929687500000e+04 1.109009666428501805e+04
2.636158445011824369e+02 1.109040820312500000e+04 1.109009657070482717e+04
2.636362775270827115e+02 1.109481542968750000e+04 1.109009579792164186e+04
2.636567104533314705e+02 1.109111230468750000e+04 1.109009433729961165e+04
2.636771435798145831e+02 1.108429394531250000e+04 1.109009218016632076e+04
2.636975766066461802e+02 1.109313867187500000e+04 1.109008931790241331e+04
2.637180095328949392e+02 1.108726464843750000e+04 1.109008574187258455e+04
2.637384426598437130e+02 1.109531347656250000e+04 1.109008144337296471e+04
2.637588756866753101e+02 1.109122558593750000e+04 1.109007641381563371e+04
2.637793086133897305e+02 1.108342773437500000e+04 1.109007064456553053e+04
2.637997417408041656e+02 1.109403515625000000e+04 1.109006412688636192e+04
2.638201747676357627e+02 1.109232128906250000e+04 1.109005685222285138e+04
2.638406077949330211e+02 1.108878906250000000e+04 1.109004881189871958e+04
2.638610407225787640e+02 1.109029687500000000e+04 1.109003999731315707e+04
2.638814738499931991e+02 1.108407910156250000e+04 1.109003039968540179e+04
2.639019068777561188e+02 1.109205468750000000e+04 1.109002001050445870e+04
2.639223398054018617e+02 1.108869921875000000e+04 1.109000882113638909e+04
2.639427729332819581e+02 1.108805566406250000e+04 1.108999682276492604e+04
2.639632059610448778e+02 1.108958203125000000e+04 1.108998400692375799e+04
2.639836388891562819e+02 1.108973535156250000e+04 1.108997036971805210e+04
2.640040720175020397e+02 1.109084960937500000e+04 1.108995591948381843e+04
2.640245050457306206e+02 1.109544921875000000e+04 1.108994066699328869e+04
2.640449379743076861e+02 1.109635156250000000e+04 1.108992462282357883e+04
2.640653710025362670e+02 1.109033984375000000e+04 1.108990779738392666e+04
2.640858041313476861e+02 1.109766210937500000e+04 1.108989020122794318e+04
2.641266700890846550e+02 1.109366601562500000e+04 1.108985273955927914e+04
2.641471032178960741e+02 1.108305859375000000e+04 1.108983289490338575e+04
2.641675362470559776e+02 1.108181933593750000e+04 1.108981232197773716e+04
2.641879691760987043e+02 1.108604296875000000e+04 1.108979103135918194e+04
2.642084023058414459e+02 1.108290625000000000e+04 1.108976903329480774e+04
2.642288353350013494e+02 1.108867578125000000e+04 1.108974633866958175e+04
2.642492682645097375e+02 1.109197167968750000e+04 1.108972295805840986e+04
2.642697012941353023e+02 1.108943164062500000e+04 1.108969890179841059e+04
2.642901344238780439e+02 1.109817480468750000e+04 1.108967418044552323e+04
2.643105673538520932e+02 1.109096093750000000e+04 1.108964880493314740e+04
2.643310003839433193e+02 1.108939257812500000e+04 1.108962278545941081e+04
2.643514335141517222e+02 1.109165039062500000e+04 1.108959613258070021e+04
2.643718664441257715e+02 1.108423046875000000e+04 1.108956885725917527e+04
2.643922994746826589e+02 1.109535156250000000e+04 1.108954096966359793e+04
2.644127326053567231e+02 1.109957128906250000e+04 1.108951248035143544e+04
2.644331655357964337e+02 1.107914453125000000e+04 1.108948340031161570e+04
2.644535985663533211e+02 1.109470410156250000e+04 1.108945373968677450e+04
2.644740315973758698e+02 1.108833300781250000e+04 1.108942350918304510e+04
2.644944646283984184e+02 1.109581445312500000e+04 1.108939271936688237e+04
2.645148976594209671e+02 1.110171093750000000e+04 1.108936138080406090e+04
2.645353305903263390e+02 1.108614941406250000e+04 1.108932950421785426e+04
2.645557637214660645e+02 1.108935058593750000e+04 1.108929709970157637e+04
2.645761967529542744e+02 1.108946777343750000e+04 1.108926417829272032e+04
2.645966296847909689e+02 1.109078027343750000e+04 1.108923075056455127e+04
2.646170628163963556e+02 1.108831152343750000e+04 1.108919682658934835e+04
2.646374958478845656e+02 1.108744042968750000e+04 1.108916241742716193e+04
2.646579288798384368e+02 1.108252636718750000e+04 1.108912753347797116e+04
2.646783619117923081e+02 1.108788378906250000e+04 1.108909218530833095e+04
2.646987949437461793e+02 1.109085058593750000e+04 1.108905638348402863e+04
2.647192279761657119e+02 1.108434863281250000e+04 1.108902013857001475e+04
2.647396609084680676e+02 1.109142871093750000e+04 1.108898346131363542e+04
2.647600940410047770e+02 1.108457812500000000e+04 1.108894636173841718e+04
2.647805270734243095e+02 1.108604785156250000e+04 1.108890885095239355e+04
2.648009600061923265e+02 1.108604687500000000e+04 1.108887093952646319e+04
2.648213931387290359e+02 1.108475000000000000e+04 1.108883263746796183e+04
2.648418261716142297e+02 1.109209765625000000e+04 1.108879395590109380e+04
2.648622591048479080e+02 1.108633593750000000e+04 1.108875490539712337e+04
2.648826922378502786e+02 1.109159863281250000e+04 1.108871549594694079e+04
2.649031252712011337e+02 1.109221093750000000e+04 1.108867573869120679e+04
2.649235582044348121e+02 1.109068945312500000e+04 1.108863564420164039e+04
2.649439912377856672e+02 1.110113964843750000e+04 1.108859522265107444e+04
2.649644243712536991e+02 1.110125195312500000e+04 1.108855448460056505e+04
2.649848573054187000e+02 1.109574023437500000e+04 1.108851344121511283e+04
2.650052903392352164e+02 1.108059082031250000e+04 1.108847210246220493e+04
2.650257234731689095e+02 1.108657812500000000e+04 1.108843047890243906e+04
2.650461565069854259e+02 1.108653222656250000e+04 1.108838858150952728e+04
2.650665894411504269e+02 1.107916210937500000e+04 1.108834642085224550e+04
2.650870225755497813e+02 1.107888964843750000e+04 1.108830400687571455e+04
2.651074556098319590e+02 1.108789355468750000e+04 1.108826135076733408e+04
2.651278885444626212e+02 1.108922851562500000e+04 1.108821846309539978e+04
2.651483215792104602e+02 1.107807031250000000e+04 1.108817535400634188e+04
2.651687547140754759e+02 1.108724707031250000e+04 1.108813203406277535e+04
2.651891876487061381e+02 1.108425976562500000e+04 1.108808851446874905e+04
2.652096206839196384e+02 1.107439941406250000e+04 1.108804480515078831e+04
2.652300538187846541e+02 1.108859277343750000e+04 1.108800091667396555e+04
2.652504867538809776e+02 1.108369824218750000e+04 1.108795686024845963e+04
2.652709197895601392e+02 1.107277929687500000e+04 1.108791264579365088e+04
2.652913529248908162e+02 1.109502343750000000e+04 1.108786828387510650e+04
2.653117859605699778e+02 1.108139062500000000e+04 1.108782378549135319e+04
2.653322188961319625e+02 1.108429199218750000e+04 1.108777916121113230e+04
2.653526520319283009e+02 1.108115039062500000e+04 1.108773442094339407e+04
2.653730849679559469e+02 1.108139160156250000e+04 1.108768957612970735e+04
2.653935180041007698e+02 1.109174023437500000e+04 1.108764463667842938e+04
2.654139510402455926e+02 1.107898339843750000e+04 1.108759961337483401e+04
2.654343840763904154e+02 1.108970800781250000e+04 1.108755451678471036e+04
2.654548171130008996e+02 1.108948339843750000e+04 1.108750935747281619e+04
2.654752501496113837e+02 1.109499316406250000e+04 1.108746414600597200e+04
2.654956831862218678e+02 1.108499609375000000e+04 1.108741889294996145e+04
2.655161162228323519e+02 1.108065527343750000e+04 1.108737360887058276e+04
2.655365492599084973e+02 1.109139453125000000e+04 1.108732830433258641e+04
2.655569822969846427e+02 1.107712207031250000e+04 1.108728298990279654e+04
2.655774153340607882e+02 1.107707128906250000e+04 1.108723767614700409e+04
2.655978483711369336e+02 1.108538085937500000e+04 1.108719237363099819e+04
2.656182813085615635e+02 1.108545507812500000e+04 1.108714709314133506e+04
2.656387144462205470e+02 1.109840527343750000e+04 1.108710184457945434e+04
2.656591474837623537e+02 1.109211816406250000e+04 1.108705663917653146e+04
2.656795804211869836e+02 1.108332714843750000e+04 1.108701148749764252e+04
2.657000135593116283e+02 1.108342089843750000e+04 1.108696639944431081e+04
2.657204465973190963e+02 1.107722167968750000e+04 1.108692138624659674e+04
2.657408795352093875e+02 1.108030957031250000e+04 1.108687645846912710e+04
2.657613126733340323e+02 1.107627050781250000e+04 1.108683162601795993e+04
2.657817457118071616e+02 1.107283496093750000e+04 1.108678690011760227e+04
2.658021786501631141e+02 1.108230957031250000e+04 1.108674229133322842e+04
2.658226116886362433e+02 1.108119628906250000e+04 1.108669780979344250e+04
2.658430448276922107e+02 1.108840332031250000e+04 1.108665346606497405e+04
2.658634778661653399e+02 1.108787402343750000e+04 1.108660927115023696e+04
2.658839108054526150e+02 1.108647753906250000e+04 1.108656523560973437e+04
2.659043439445085824e+02 1.108963378906250000e+04 1.108652136936620809e+04
2.659247769834473729e+02 1.107982519531250000e+04 1.108647768363052091e+04
2.659452099227346480e+02 1.108678613281250000e+04 1.108643418896474759e+04
2.659656430622562766e+02 1.107638964843750000e+04 1.108639089529778903e+04
2.659860761016607285e+02 1.108539941406250000e+04 1.108634781383333393e+04
2.660065090414136648e+02 1.107734765625000000e+04 1.108630495513300411e+04
2.660269421809352934e+02 1.109251562500000000e+04 1.108626232913623971e+04
2.660473752208054066e+02 1.108133691406250000e+04 1.108621994703520249e+04
2.660678081610240042e+02 1.108588671875000000e+04 1.108617781939204360e+04
2.660882412013597786e+02 1.106919335937500000e+04 1.108613595636065293e+04
2.661086743413470685e+02 1.108857421875000000e+04 1.108609436851173814e+04
2.661291072815656662e+02 1.108928027343750000e+04 1.108605306701843801e+04
2.661495403223671019e+02 1.108483105468750000e+04 1.108601206183732575e+04
2.661699734628200531e+02 1.109325390625000000e+04 1.108597136354051327e+04
2.661904065036214888e+02 1.108537109375000000e+04 1.108593098309079869e+04
2.662108394443057477e+02 1.108096093750000000e+04 1.108589093105016582e+04
2.662312725852243602e+02 1.108301953125000000e+04 1.108585121739813076e+04
2.662517056264914572e+02 1.107001562500000000e+04 1.108581185328588253e+04
2.662721385676413774e+02 1.107811328125000000e+04 1.108577284927490837e+04
2.662925716089084744e+02 1.108532324218750000e+04 1.108573421554873858e+04
2.663130047507584095e+02 1.107806152343750000e+04 1.108569596267782617e+04
2.663334376923739910e+02 1.108892382812500000e+04 1.108565810178829270e+04
2.663538707341067493e+02 1.108392382812500000e+04 1.108562064288649708e+04
2.663743037758395076e+02 1.108729589843750000e+04 1.108558359672471670e+04
2.664151698597706854e+02 1.107987207031250000e+04 1.108551078488357234e+04
2.664356029019691050e+02 1.107338574218750000e+04 1.108547504033582663e+04
2.664560359441675246e+02 1.107100683593750000e+04 1.108543975079130905e+04
2.664764689868316054e+02 1.108195214843750000e+04 1.108540492681503019e+04
2.664969019293785095e+02 1.108333691406250000e+04 1.108537057914070829e+04
2.665173350716941059e+02 1.108535937500000000e+04 1.108533671783357750e+04
2.665377681143581867e+02 1.108600585937500000e+04 1.108530335395922521e+04
2.665582010573707521e+02 1.107932519531250000e+04 1.108527049807610092e+04
2.665786342006176710e+02 1.108003417968750000e+04 1.108523816027159228e+04
2.665990672437474132e+02 1.108458984375000000e+04 1.108520635159067751e+04
2.666195001872256398e+02 1.108364843750000000e+04 1.108517508259059832e+04
2.666399333304725587e+02 1.107984570312500000e+04 1.108514436338296218e+04
2.666603663740679622e+02 1.108662402343750000e+04 1.108511420498778170e+04
2.666807993175461888e+02 1.108183691406250000e+04 1.108508461796325355e+04
2.667012323616072536e+02 1.109685937500000000e+04 1.108505561258453417e+04
2.667216655053198338e+02 1.110328417968750000e+04 1.108502719942737895e+04
2.667420985493808985e+02 1.109316894531250000e+04 1.108499938933476915e+04
2.667625314937904477e+02 1.108062500000000000e+04 1.108497219286361178e+04
2.667829646379686892e+02 1.108691796875000000e+04 1.108494562018573379e+04
2.668033976824954152e+02 1.109086914062500000e+04 1.108491968226093741e+04
2.668238306269049644e+02 1.108567285156250000e+04 1.108489438964623150e+04
2.668442637715488672e+02 1.108828125000000000e+04 1.108486975254042954e+04
2.668646968160755932e+02 1.108805371093750000e+04 1.108484578187631996e+04
2.668851297614164650e+02 1.109033398437500000e+04 1.108482248820879249e+04
2.669055629060603678e+02 1.109213867187500000e+04 1.108479988176839288e+04
2.669259959515184164e+02 1.107704199218750000e+04 1.108477797345624276e+04
2.669464288968592882e+02 1.108495703125000000e+04 1.108475677382885078e+04
2.669668619418516755e+02 1.107975097656250000e+04 1.108473629324468857e+04
2.669872950874269009e+02 1.108024218750000000e+04 1.108471654227927502e+04
2.670077281333506107e+02 1.109354296875000000e+04 1.108469753169206160e+04
2.670281610791571438e+02 1.108108105468750000e+04 1.108467927203834370e+04
2.670485942247323692e+02 1.108310546875000000e+04 1.108466177362148301e+04
2.670690272711217403e+02 1.108740136718750000e+04 1.108464504726895575e+04
2.670894602169282734e+02 1.108863183593750000e+04 1.108462910353629923e+04
2.671098933634348214e+02 1.107877636718750000e+04 1.108461395276004441e+04
2.671303264098241925e+02 1.108641308593750000e+04 1.108459960573492026e+04
2.671507593560963869e+02 1.108205371093750000e+04 1.108458607301484517e+04
2.671711924029514194e+02 1.108222167968750000e+04 1.108457336503267652e+04
2.671916255499236286e+02 1.107628515625000000e+04 1.108456149236675265e+04
2.672120584966614842e+02 1.108636425781250000e+04 1.108455046575120105e+04
2.672324915435165167e+02 1.108953417968750000e+04 1.108454029558349794e+04
2.672529246909543872e+02 1.109081835937500000e+04 1.108453099244191981e+04
2.672733576381579041e+02 1.109506445312500000e+04 1.108452256702282830e+04
2.672937906854785979e+02 1.108054882812500000e+04 1.108451502976172196e+04
2.673142237327992916e+02 1.109135937500000000e+04 1.108450839126783649e+04
2.673346568807028234e+02 1.109344335937500000e+04 1.108450266208103494e+04
2.673550898283720016e+02 1.107999023437500000e+04 1.108449785284476820e+04
2.673755228761583567e+02 1.108328320312500000e+04 1.108449397404736010e+04
2.673959559244103730e+02 1.107826464843750000e+04 1.108449103628038938e+04
2.674163889726623893e+02 1.107616699218750000e+04 1.108448905010976705e+04
2.674368220209144056e+02 1.107160058593750000e+04 1.108448802610129496e+04
2.674572550691664219e+02 1.106924902343750000e+04 1.108448797482078226e+04
2.674776881178840995e+02 1.107680761718750000e+04 1.108448890683407262e+04
2.674981211666017771e+02 1.108592578125000000e+04 1.108449083270698611e+04
2.675185542153194547e+02 1.108398339843750000e+04 1.108449376300533186e+04
2.675389872640371323e+02 1.108427539062500000e+04 1.108449770829491536e+04
2.675594202131032944e+02 1.108601562500000000e+04 1.108450267911478659e+04
2.675798532622866333e+02 1.107915429687500000e+04 1.108450868607934717e+04
2.676002864115871489e+02 1.108707812500000000e+04 1.108451573976971122e+04
2.676207194612361491e+02 1.108114257812500000e+04 1.108452385068281001e+04
2.676411524107679725e+02 1.108454882812500000e+04 1.108453302936868022e+04
2.676615855600684881e+02 1.107934277343750000e+04 1.108454328653571065e+04
2.676820186101831496e+02 1.108990039062500000e+04 1.108455463122235051e+04
2.677024515601806343e+02 1.108343457031250000e+04 1.108456705892291211e+04
2.677228847099468112e+02 1.108522460937500000e+04 1.108458055755220630e+04
2.677433177600614727e+02 1.107565820312500000e+04 1.108459511455446227e+04
2.677637507105246186e+02 1.106998828125000000e+04 1.108461071754847217e+04
2.677841838607564569e+02 1.107347460937500000e+04 1.108462735440470351e+04
2.678046169113367796e+02 1.107480468750000000e+04 1.108464501252111950e+04
2.678250498622655869e+02 1.106441210937500000e+04 1.108466367951706343e+04
2.678454829128459096e+02 1.108228222656250000e+04 1.108468334320885697e+04
2.678659160640090704e+02 1.108495996093750000e+04 1.108470399124614050e+04
2.678863491150550544e+02 1.108664941406250000e+04 1.108472561106027933e+04
2.679067820659838617e+02 1.107271386718750000e+04 1.108474819027126432e+04
2.679272152176126838e+02 1.107918164062500000e+04 1.108477171685273788e+04
2.679476482691243291e+02 1.108004882812500000e+04 1.108479617809948286e+04
2.679680812205187976e+02 1.109097949218750000e+04 1.108482156163203945e+04
2.679885143721476197e+02 1.108705175781250000e+04 1.108484785546444436e+04
2.680089474241249263e+02 1.108331445312500000e+04 1.108487504685167369e+04
2.680293803759850562e+02 1.108737695312500000e+04 1.108490312341422396e+04
2.680498134279623628e+02 1.108258886718750000e+04 1.108493207306147087e+04
2.680702465805225074e+02 1.109211328125000000e+04 1.108496188344103393e+04
2.680906795328482985e+02 1.108898339843750000e+04 1.108499254174199996e+04
2.681111125852912664e+02 1.109510156250000000e+04 1.108502403604300707e+04
2.681315457378514111e+02 1.108721191406250000e+04 1.108505635399044331e+04
2.681519786906428635e+02 1.108497753906250000e+04 1.108508948273821443e+04
2.681724117435514927e+02 1.108613769531250000e+04 1.108512341040083083e+04
2.681928448965772986e+02 1.107856152343750000e+04 1.108515812462412032e+04
2.682132779494859278e+02 1.108947070312500000e+04 1.108519361270204354e+04
2.682337109027430415e+02 1.109103906250000000e+04 1.108522986225833301e+04
2.682541439561173320e+02 1.109478906250000000e+04 1.108526686128165602e+04
2.682745771096087992e+02 1.108343457031250000e+04 1.108530459741712912e+04
2.682950100633315742e+02 1.109270117187500000e+04 1.108534305773976666e+04
2.683154431171715260e+02 1.108702148437500000e+04 1.108538223044295046e+04
2.683358762711286545e+02 1.108538671875000000e+04 1.108542210317125136e+04
2.683563092248514295e+02 1.108053222656250000e+04 1.108546266296767135e+04
2.683767422791570425e+02 1.108265234375000000e+04 1.108550389805851773e+04
2.683971753334626555e+02 1.108570898437500000e+04 1.108554579588000706e+04
2.684176083877682686e+02 1.107807812500000000e+04 1.108558834406632013e+04
2.684380414425395429e+02 1.110447460937500000e+04 1.108563153025263455e+04
2.684584743971936405e+02 1.108331250000000000e+04 1.108567534185598743e+04
2.684789075520820916e+02 1.108496289062500000e+04 1.108571976715910932e+04
2.684993406068533659e+02 1.108904882812500000e+04 1.108576479314764038e+04
2.685197735619731247e+02 1.108962890625000000e+04 1.108581040744806523e+04
2.685402067168615758e+02 1.108510644531250000e+04 1.108585659836726518e+04
2.685606397725641727e+02 1.108158691406250000e+04 1.108590335286782465e+04
2.685810727276839316e+02 1.107929882812500000e+04 1.108595065857255577e+04
2.686015058835037053e+02 1.108388476562500000e+04 1.108599850381715441e+04
2.686219389392063022e+02 1.108299121093750000e+04 1.108604687553537224e+04
2.686423718947917223e+02 1.108366308593750000e+04 1.108609576135374300e+04
2.686628050510771573e+02 1.108743164062500000e+04 1.108614514962988687e+04
2.686832381072454154e+02 1.108406054687500000e+04 1.108619502727457257e+04
2.687036710632964969e+02 1.108723046875000000e+04 1.108624538191486863e+04
2.687241041194647551e+02 1.109469921875000000e+04 1.108629620167846588e+04
2.687445372762158513e+02 1.109645019531250000e+04 1.108634747420746135e+04
2.687649703328497708e+02 1.109359277343750000e+04 1.108639918663238132e+04
2.687854032893665135e+02 1.109054296875000000e+04 1.108645132658103830e+04
2.688058364465832710e+02 1.107461718750000000e+04 1.108650388245831527e+04
2.688262695032171905e+02 1.109944335937500000e+04 1.108655684112649215e+04
2.688467024606652558e+02 1.108993750000000000e+04 1.108661019021754691e+04
2.688671356178820133e+02 1.108541406250000000e+04 1.108666391814903545e+04
2.688875686754472554e+02 1.109568652343750000e+04 1.108671801177057750e+04
2.689080016328953207e+02 1.108932910156250000e+04 1.108677245870984370e+04
2.689284346904605627e+02 1.109960156250000000e+04 1.108682724713461721e+04
2.689488678481429815e+02 1.108619921875000000e+04 1.108688236468400646e+04
2.689693008060567081e+02 1.109305468750000000e+04 1.108693779818091207e+04
2.689897338645532727e+02 1.109430468750000000e+04 1.108699353607207013e+04
2.690101670227013528e+02 1.108982128906250000e+04 1.108704956599350953e+04
2.690305999806150794e+02 1.108937011718750000e+04 1.108710587475499051e+04
2.690510330391116440e+02 1.107444628906250000e+04 1.108716245081765555e+04
2.690714661977253854e+02 1.108277050781250000e+04 1.108721928181824114e+04
2.690918992566876113e+02 1.109296191406250000e+04 1.108727635483526501e+04
2.691123322155326605e+02 1.108456152343750000e+04 1.108733365749814402e+04
2.691327652744948864e+02 1.109497460937500000e+04 1.108739117800263557e+04
2.691531984335742891e+02 1.108850292968750000e+04 1.108744890398603093e+04
2.691736313928849995e+02 1.108053027343750000e+04 1.108750682223385229e+04
2.691940644523128867e+02 1.108606542968750000e+04 1.108756492122893906e+04
2.692144976118579507e+02 1.108637500000000000e+04 1.108762318860802407e+04
2.692349305716343224e+02 1.109722363281250000e+04 1.108768161114895338e+04
2.692553636310622096e+02 1.107612597656250000e+04 1.108774017734090921e+04
2.692757967910729349e+02 1.109063769531250000e+04 1.108779887482274717e+04
2.692962297513149679e+02 1.108611132812500000e+04 1.108785769036493548e+04
2.693166628112085164e+02 1.110063281250000000e+04 1.108791661246268450e+04
2.693370958715677261e+02 1.109184082031250000e+04 1.108797562846494839e+04
2.693575289319269359e+02 1.109364746093750000e+04 1.108803472600456007e+04
2.693983950535766780e+02 1.111114062500000000e+04 1.108815311623521848e+04
2.694188281144015491e+02 1.108948925781250000e+04 1.108821238419326619e+04
2.694392611752264202e+02 1.109428515625000000e+04 1.108827168422535397e+04
2.694596941363997757e+02 1.109188671875000000e+04 1.108833100367633233e+04
2.694801272978074849e+02 1.108435351562500000e+04 1.108839033105105773e+04
2.695005603590980172e+02 1.108860058593750000e+04 1.108844965311166561e+04
2.695209933207370341e+02 1.109959277343750000e+04 1.108850895749383926e+04
2.695414264821447432e+02 1.109053417968750000e+04 1.108856823270059613e+04
2.695618595439009368e+02 1.110124316406250000e+04 1.108862746549726580e+04
2.695822925060056150e+02 1.108878320312500000e+04 1.108868664351872212e+04
2.696027255677618086e+02 1.109655175781250000e+04 1.108874575497641126e+04
2.696231587301008403e+02 1.110341113281250000e+04 1.108880478750612383e+04
2.696435917923226953e+02 1.109032910156250000e+04 1.108886372816213952e+04
2.696640247548930347e+02 1.110322265625000000e+04 1.108892256458141128e+04
2.697048909803852439e+02 1.109826074218750000e+04 1.108903987697042612e+04
2.697253239429555833e+02 1.108754785156250000e+04 1.108909832734645533e+04
2.697457571062259376e+02 1.108933789062500000e+04 1.108915662488247108e+04
2.697661901693791151e+02 1.109812988281250000e+04 1.108921475635321804e+04
2.697866231324151158e+02 1.109964648437500000e+04 1.108927270939538903e+04
2.698070561960339546e+02 1.109171777343750000e+04 1.108933047221244124e+04
2.698274893593043089e+02 1.108849902343750000e+04 1.108938803243301300e+04
2.698479223232716322e+02 1.110175292968750000e+04 1.108944537685066098e+04
2.698683553868904710e+02 1.109165527343750000e+04 1.108950249394016828e+04
2.698887885506264865e+02 1.109141992187500000e+04 1.108955937133357293e+04
2.699092216147109866e+02 1.108636035156250000e+04 1.108961599610890880e+04
2.699296545791439712e+02 1.110337304687500000e+04 1.108967235590412747e+04
2.699500877433456481e+02 1.108523144531250000e+04 1.108972843917727369e+04
2.699705208078958094e+02 1.109058984375000000e+04 1.108978423273862427e+04
2.699909537723287940e+02 1.108816210937500000e+04 1.108983972422540683e+04
2.700113868373446167e+02 1.109088281250000000e+04 1.108989490181688961e+04
2.700318200020119548e+02 1.108615332031250000e+04 1.108994975314001022e+04
2.700522529669106007e+02 1.108969628906250000e+04 1.109000426502761911e+04
2.700726860323920846e+02 1.109978906250000000e+04 1.109005842591767941e+04
2.700931191975250840e+02 1.108814550781250000e+04 1.109011222343663030e+04
2.701135521628893912e+02 1.109395703125000000e+04 1.109016564443303287e+04
2.701339852283708751e+02 1.109783984375000000e+04 1.109021867732787905e+04
2.701544183939695358e+02 1.110083007812500000e+04 1.109027130974952524e+04
2.701748513597995043e+02 1.108776074218750000e+04 1.109032352856267971e+04
2.701952844262123108e+02 1.109148632812500000e+04 1.109037532217211992e+04
2.702157174921594560e+02 1.110202734375000000e+04 1.109042667795276975e+04
2.702361505581066012e+02 1.108985937500000000e+04 1.109047758353997779e+04
2.702565836245194077e+02 1.110061035156250000e+04 1.109052802656904896e+04
2.702770166913978755e+02 1.109523339843750000e+04 1.109057799467411860e+04
2.702974498579278588e+02 1.108547460937500000e+04 1.109062747572829903e+04
2.703178828246891499e+02 1.109273437500000000e+04 1.109067645664431438e+04
2.703383158915676177e+02 1.110407714843750000e+04 1.109072492577889170e+04
2.703587489584460855e+02 1.109536621093750000e+04 1.109077287052495376e+04
2.703791820257902145e+02 1.109399707031250000e+04 1.109082027851774183e+04
2.703996150931343436e+02 1.111083886718750000e+04 1.109086713739031984e+04
2.704200481604784727e+02 1.109748046875000000e+04 1.109091343477684495e+04
2.704404812282882631e+02 1.110301757812500000e+04 1.109095915831251477e+04
2.704609142960980535e+02 1.109389062500000000e+04 1.109100429563043144e+04
2.704813472637906671e+02 1.109750781250000000e+04 1.109104883414800497e+04
2.705017804317176342e+02 1.109811621093750000e+04 1.109109276214963029e+04
2.705222134999930859e+02 1.110391113281250000e+04 1.109113606662021630e+04
2.705426464681513608e+02 1.109455078125000000e+04 1.109117873520216745e+04
2.705630796365439892e+02 1.109104394531250000e+04 1.109122075615211725e+04
2.705835127052851021e+02 1.109157617187500000e+04 1.109126211648268145e+04
2.706039456739090383e+02 1.108930761718750000e+04 1.109130280383685931e+04
2.706243788427673280e+02 1.108337011718750000e+04 1.109134280644188220e+04
2.706448119115084410e+02 1.109051953125000000e+04 1.109138211133883124e+04
2.706652448810636997e+02 1.109191992187500000e+04 1.109142070617395621e+04
2.706856779502704740e+02 1.109681933593750000e+04 1.109145857895701192e+04
2.707061111195944250e+02 1.110803515625000000e+04 1.109149571731233846e+04
2.707265440891496837e+02 1.108819726562500000e+04 1.109153210833446792e+04
2.707469771588221192e+02 1.109557910156250000e+04 1.109156774019714612e+04
2.707674103286117315e+02 1.109147460937500000e+04 1.109160260052328158e+04
2.707878433982841671e+02 1.109757421875000000e+04 1.109163667660536521e+04
2.708082763683050871e+02 1.109524902343750000e+04 1.109166995608991783e+04
2.708287095385603607e+02 1.109349218750000000e+04 1.109170242709358718e+04
2.708491426091641188e+02 1.108646582031250000e+04 1.109173407676796342e+04
2.708695755796507001e+02 1.109694921875000000e+04 1.109176489275861422e+04
2.708900086502544582e+02 1.109296582031250000e+04 1.109179486300173085e+04
2.709104418209753931e+02 1.109177246093750000e+04 1.109182397511894305e+04
2.709308747919276357e+02 1.109329296875000000e+04 1.109185221632348475e+04
2.709513078629970551e+02 1.108920410156250000e+04 1.109187957467039087e+04
2.709717410341836512e+02 1.109285351562500000e+04 1.109190603778074365e+04
2.709921740051358938e+02 1.109102636718750000e+04 1.109193159290635958e+04
2.710126070766709745e+02 1.108369628906250000e+04 1.109195622806428037e+04
2.710330402483232319e+02 1.109097558593750000e+04 1.109197993087445684e+04
2.710534732202067971e+02 1.109367285156250000e+04 1.109200268863004749e+04
2.710739062922075391e+02 1.109886621093750000e+04 1.109202448930615355e+04
2.710943394638597965e+02 1.109296484375000000e+04 1.109204532052230934e+04
2.711147725363261998e+02 1.108718066406250000e+04 1.109206516970986377e+04
2.711352055086754262e+02 1.109013378906250000e+04 1.109208402451652910e+04
2.711556385811418295e+02 1.109847363281250000e+04 1.109210187276127181e+04
2.711760717537254095e+02 1.108233886718750000e+04 1.109211870206335516e+04
2.711965047260746360e+02 1.108914355468750000e+04 1.109213449981710801e+04
2.712169377990067005e+02 1.109039160156250000e+04 1.109214925389683231e+04
2.712373709720559418e+02 1.108660351562500000e+04 1.109216295192086727e+04
2.712578039453364909e+02 1.108291601562500000e+04 1.109217558133012062e+04
2.712782370182685554e+02 1.109056640625000000e+04 1.109218712995169335e+04
2.712986701917834580e+02 1.107507421875000000e+04 1.109219758540427938e+04
2.713191031655296683e+02 1.108895703125000000e+04 1.109220693517636573e+04
2.713395356391556561e+02 1.108291894531250000e+04 1.109221516682216316e+04
2.713599687130190432e+02 1.109871972656250000e+04 1.109222226841123302e+04
2.713804018869996071e+02 1.109749023437500000e+04 1.109222822743119104e+04
2.714008349608629942e+02 1.108339843750000000e+04 1.109223303906930960e+04
2.714212679355405271e+02 1.108582910156250000e+04 1.109223671189663946e+04
2.714417011095210910e+02 1.110070703125000000e+04 1.109223925587364283e+04
2.714621341843158007e+02 1.109442285156250000e+04 1.109224068086999614e+04
2.714825671589933336e+02 1.108768750000000000e+04 1.109224099681706139e+04
2.715030003339052200e+02 1.108834472656250000e+04 1.109224021362649364e+04
2.715234334086999297e+02 1.108132519531250000e+04 1.109223834121688014e+04
2.715438663838431239e+02 1.108657812500000000e+04 1.109223538951919181e+04
2.715642994591034949e+02 1.108852441406250000e+04 1.109223136841962696e+04
2.715847326344810426e+02 1.108798242187500000e+04 1.109222628781764979e+04
2.716051656100898981e+02 1.108378710937500000e+04 1.109222015771065344e+04
2.716255986853502691e+02 1.108670703125000000e+04 1.109221298793162168e+04
2.716460318611934781e+02 1.108548925781250000e+04 1.109220478838013878e+04
2.716664648372679949e+02 1.108666699218750000e+04 1.109219556909930543e+04
2.716868979134596884e+02 1.108308300781250000e+04 1.109218533987637420e+04
2.717073309896513820e+02 1.107987207031250000e+04 1.109217411066914792e+04
2.717277640658430755e+02 1.109156152343750000e+04 1.109216189139274866e+04
2.717481971425004303e+02 1.108653906250000000e+04 1.109214869196199288e+04
2.717686301190406084e+02 1.108948242187500000e+04 1.109213452236405283e+04
2.717890632958151400e+02 1.107788867187500000e+04 1.109211939229869495e+04
2.718094963729381561e+02 1.108667773437500000e+04 1.109210331189602221e+04
2.718299293499439955e+02 1.109887695312500000e+04 1.109208629108540299e+04
2.718503625271841884e+02 1.109022558593750000e+04 1.109206833952489251e+04
2.718707956043072045e+02 1.108662597656250000e+04 1.109204946738667422e+04
2.718912286818958819e+02 1.109296679687500000e+04 1.109202968449973378e+04
2.719116617594845593e+02 1.109774218750000000e+04 1.109200900077960978e+04
2.719320948375388980e+02 1.107962207031250000e+04 1.109198742614092225e+04
2.719525279151275754e+02 1.108174218750000000e+04 1.109196497049979007e+04
2.719729609931819141e+02 1.108850976562500000e+04 1.109194164377030575e+04
2.719933940717019141e+02 1.109342578125000000e+04 1.109191745586754405e+04
2.720138271497562528e+02 1.108803417968750000e+04 1.109189241670772572e+04
2.720342601286247373e+02 1.109196777343750000e+04 1.109186653633309470e+04
2.720546933072619140e+02 1.109718652343750000e+04 1.109183982427395676e+04
2.720751263857819140e+02 1.109465429687500000e+04 1.109181229083141807e+04
2.720955593646503985e+02 1.108957519531250000e+04 1.109178394593195299e+04
2.721159925437532365e+02 1.108915136718750000e+04 1.109175479906873989e+04
2.721364256232045591e+02 1.108415722656250000e+04 1.109172486057877904e+04
2.721568586025387049e+02 1.109202441406250000e+04 1.109169414038942705e+04
2.721772917816415429e+02 1.109068652343750000e+04 1.109166264795926691e+04
2.721977248615585268e+02 1.110062890625000000e+04 1.109163039365851000e+04
2.722181579414755106e+02 1.109095703125000000e+04 1.109159738725128773e+04
2.722385909212753177e+02 1.108592089843750000e+04 1.109156363881988545e+04
2.722590241013094783e+02 1.108800390625000000e+04 1.109152915777794988e+04
2.722794571816921234e+02 1.110503808593750000e+04 1.109149395454128171e+04
2.722998901619575918e+02 1.108877929687500000e+04 1.109145803903633714e+04
2.723203233424574137e+02 1.108786425781250000e+04 1.109142142064511972e+04
2.723611894035711884e+02 1.108693457031250000e+04 1.109134611647298152e+04
2.723816225845366716e+02 1.108186914062500000e+04 1.109130744996895737e+04
2.724020556658506393e+02 1.108683203125000000e+04 1.109126812078147668e+04
2.724224886470474303e+02 1.110174316406250000e+04 1.109122813883620984e+04
2.724429217283613980e+02 1.109602734375000000e+04 1.109118751365644130e+04
2.724633549097925425e+02 1.108911523437500000e+04 1.109114625514793079e+04
2.724837878914549947e+02 1.108260937500000000e+04 1.109110437383590943e+04
2.725042209732346237e+02 1.109056640625000000e+04 1.109106187902537749e+04
2.725246540550142527e+02 1.108524414062500000e+04 1.109101878083514930e+04
2.725450871372595429e+02 1.108976269531250000e+04 1.109097508917936102e+04
2.725655202195048332e+02 1.108644433593750000e+04 1.109093081397411879e+04
2.725859534018673003e+02 1.107835449218750000e+04 1.109088596491341377e+04
2.726063863844610751e+02 1.109088964843750000e+04 1.109084055257475120e+04
2.726268194671720266e+02 1.108710839843750000e+04 1.109079458621086451e+04
2.726472526500001550e+02 1.109349023437500000e+04 1.109074807572882128e+04
2.726676856325939298e+02 1.108842675781250000e+04 1.109070103173136704e+04
2.726881187157705426e+02 1.109413476562500000e+04 1.109065346344493446e+04
2.727085516988299787e+02 1.109567285156250000e+04 1.109060538125175663e+04
2.727289848825894296e+02 1.109352832031250000e+04 1.109055679435535239e+04
2.727494179657660425e+02 1.108082128906250000e+04 1.109050771338356935e+04
2.727698510494083166e+02 1.109462109375000000e+04 1.109045814801248162e+04
2.727902841335162520e+02 1.109549414062500000e+04 1.109040810815717850e+04
2.728107172171585262e+02 1.108550390625000000e+04 1.109035760373508674e+04
2.728311503012664616e+02 1.110209277343750000e+04 1.109030664465902009e+04
2.728515833858400583e+02 1.109091601562500000e+04 1.109025524084410063e+04
2.728720164699479938e+02 1.108829199218750000e+04 1.109020340220779690e+04
2.728924495545215905e+02 1.108121191406250000e+04 1.109015113866288448e+04
2.729128825394436717e+02 1.107908886718750000e+04 1.109009846038358228e+04
2.729333157241344452e+02 1.108669531250000000e+04 1.109004537651009014e+04
2.729537488091737032e+02 1.109413183593750000e+04 1.108999189773245598e+04
2.729741817940957844e+02 1.108916796875000000e+04 1.108993803397276679e+04
2.729946149797178805e+02 1.110115429687500000e+04 1.108988379435036586e+04
2.730150480647571385e+02 1.108788378906250000e+04 1.108982918957740912e+04
2.730354810506105423e+02 1.108799804687500000e+04 1.108977422957058661e+04
2.730559142362326384e+02 1.108472363281250000e+04 1.108971892343834043e+04
2.730763473222032189e+02 1.108414062500000000e+04 1.108966328190372224e+04
2.730967804081737995e+02 1.110043261718750000e+04 1.108960731461298565e+04
2.731172133940272033e+02 1.109460058593750000e+04 1.108955103175779732e+04
2.731376465805806220e+02 1.109110253906250000e+04 1.108949444242240497e+04
2.731580796670168638e+02 1.108449218750000000e+04 1.108943755735282684e+04
2.731785126533359289e+02 1.108362011718750000e+04 1.108938038646847053e+04
2.731989458403550088e+02 1.109108886718750000e+04 1.108932293884074170e+04
2.732193789272569120e+02 1.109293750000000000e+04 1.108926522522849700e+04
2.732398119140416384e+02 1.108650195312500000e+04 1.108920725555072568e+04
2.732602451010607183e+02 1.109743652343750000e+04 1.108914903886861066e+04
2.732806781884282827e+02 1.108749609375000000e+04 1.108909058594990711e+04
2.733011111761443317e+02 1.108415527343750000e+04 1.108903190671314223e+04
2.733215443636290729e+02 1.108988964843750000e+04 1.108897301021197200e+04
2.733419774514622986e+02 1.109937890625000000e+04 1.108891390722301185e+04
2.733624104391783476e+02 1.108899316406250000e+04 1.108885460766570759e+04
2.733828435274772346e+02 1.107952441406250000e+04 1.108879512087268813e+04
2.734032766157761216e+02 1.108497851562500000e+04 1.108873545705053039e+04
2.734237097040750086e+02 1.109052050781250000e+04 1.108867562611436915e+04
2.734441427923738956e+02 1.108475976562500000e+04 1.108861563797935378e+04
2.734645759807899594e+02 1.109168261718750000e+04 1.108855550226562264e+04
2.734850089699029922e+02 1.109186425781250000e+04 1.108849522977055130e+04
2.735054420586675406e+02 1.109106054687500000e+04 1.108843482952841259e+04
2.735258752480149269e+02 1.109516699218750000e+04 1.108837431144980474e+04
2.735463082371279597e+02 1.107490429687500000e+04 1.108831368634161481e+04
2.735667413263581693e+02 1.108674023437500000e+04 1.108825296322860959e+04
2.735871743159368634e+02 1.108188476562500000e+04 1.108819215261949830e+04
2.736076075057499111e+02 1.109047167968750000e+04 1.108813126353632833e+04
2.736280405954457819e+02 1.108175683593750000e+04 1.108807030678871888e+04
2.736484736856073141e+02 1.108705175781250000e+04 1.108800929199226266e+04
2.736689067753031850e+02 1.109187207031250000e+04 1.108794822906488116e+04
2.736893398659303784e+02 1.107889355468750000e+04 1.108788712791754915e+04
2.737097729560919106e+02 1.109200000000000000e+04 1.108782599846957601e+04
2.737302060467191041e+02 1.109217968750000000e+04 1.108776485063332984e+04
2.737506391373462975e+02 1.107996777343750000e+04 1.108770369432534062e+04
2.737710722284391522e+02 1.108990820312500000e+04 1.108764253945936071e+04
2.737915052194148302e+02 1.109242285156250000e+04 1.108758139625147305e+04
2.738119384106248617e+02 1.108861230468750000e+04 1.108752027371819167e+04
2.738323715017177165e+02 1.108894921875000000e+04 1.108745918267329034e+04
2.738528044931590557e+02 1.107857519531250000e+04 1.108739813302999573e+04
2.738732376848347485e+02 1.107690136718750000e+04 1.108733713380780318e+04
2.738936707763932645e+02 1.107534863281250000e+04 1.108727619581890394e+04
2.739141037683002651e+02 1.108198730468750000e+04 1.108721532897607904e+04
2.739345369604416192e+02 1.107762890625000000e+04 1.108715454230173782e+04
2.739549700524657965e+02 1.108167773437500000e+04 1.108709384660515752e+04
2.739754031449556351e+02 1.107233007812500000e+04 1.108703325150206001e+04
2.739958361373282969e+02 1.108616113281250000e+04 1.108697276720504851e+04
2.740162693299353123e+02 1.108782128906250000e+04 1.108691240274105803e+04
2.740367024228908122e+02 1.108607226562500000e+04 1.108685216891207529e+04
2.740571354157291353e+02 1.108036621093750000e+04 1.108679207563263844e+04
2.740775686088018119e+02 1.108489062500000000e+04 1.108673213193563970e+04
2.740980017022229731e+02 1.107511230468750000e+04 1.108667234861712495e+04
2.741184346955269575e+02 1.107690722656250000e+04 1.108661273559117762e+04
2.741388678890652955e+02 1.108427734375000000e+04 1.108655330189797678e+04
2.741593009829521179e+02 1.107655175781250000e+04 1.108649405832629418e+04
2.741797339767217636e+02 1.107302929687500000e+04 1.108643501478977487e+04
2.742001671707257628e+02 1.107863281250000000e+04 1.108637618033717808e+04
2.742206002646125853e+02 1.108013378906250000e+04 1.108631756575004329e+04
2.742410332588478923e+02 1.108734472656250000e+04 1.108625918093888686e+04
2.742614663536660373e+02 1.108422363281250000e+04 1.108620103524668957e+04
2.742818994480185211e+02 1.107283984375000000e+04 1.108614313887789467e+04
2.743023325428366661e+02 1.107970703125000000e+04 1.108608550174501579e+04
2.743227656376548111e+02 1.108523632812500000e+04 1.108602813376452104e+04
2.743431988325901330e+02 1.108133105468750000e+04 1.108597104457254136e+04
2.743636318277567625e+02 1.107216113281250000e+04 1.108591424492000078e+04
2.743840649235062301e+02 1.108047949218750000e+04 1.108585774388500431e+04
2.744044981189072132e+02 1.108892675781250000e+04 1.108580155138974624e+04
2.744249311145395041e+02 1.107471093750000000e+04 1.108574567817048228e+04
2.744453642102889717e+02 1.108956347656250000e+04 1.108569013331998212e+04
2.744657973060384393e+02 1.110009179687500000e+04 1.108563492702795520e+04
2.744862304022535682e+02 1.109393261718750000e+04 1.108558006920830121e+04
2.745066634984686971e+02 1.108581542968750000e+04 1.108552556977743734e+04
2.745270965946838260e+02 1.110609277343750000e+04 1.108547143865051839e+04
2.745475296913646162e+02 1.109847460937500000e+04 1.108541768574147500e+04
2.745679627880454063e+02 1.107829687500000000e+04 1.108536432096669523e+04
2.745883958847261965e+02 1.108145410156250000e+04 1.108531135424133390e+04
2.746088289818726480e+02 1.108399316406250000e+04 1.108525879547935074e+04
2.746292620790190995e+02 1.108961621093750000e+04 1.108520665459711381e+04
2.746496951766312122e+02 1.108504003906250000e+04 1.108515494150859922e+04
2.746701283738948405e+02 1.108979199218750000e+04 1.108510366588116995e+04
2.746905613713897765e+02 1.108379296875000000e+04 1.108505283837808747e+04
2.747109944690018892e+02 1.108251367187500000e+04 1.108500246816524123e+04
2.747314274669624865e+02 1.107711816406250000e+04 1.108495256565014461e+04
2.747518606651574373e+02 1.109310449218750000e+04 1.108490314001905426e+04
2.747722937632352114e+02 1.108442089843750000e+04 1.108485420191718549e+04
2.747927268617786467e+02 1.108874121093750000e+04 1.108480576101523729e+04
2.748131599603220820e+02 1.109566210937500000e+04 1.108475782722948861e+04
2.748335930588655174e+02 1.109291796875000000e+04 1.108471041047509061e+04
2.748540261578746140e+02 1.108409765625000000e+04 1.108466352066614127e+04
2.748744592568837106e+02 1.108287207031250000e+04 1.108461716771888314e+04
2.748948923558928072e+02 1.108554101562500000e+04 1.108457136154847467e+04
2.749153254549019039e+02 1.109504101562500000e+04 1.108452611207006703e+04
2.749357584547251463e+02 1.109145605468750000e+04 1.108448142941432343e+04
2.749561916543170810e+02 1.109430468750000000e+04 1.108443732284689031e+04
2.749766247537918389e+02 1.108770312500000000e+04 1.108439380293448266e+04
2.749970577536150813e+02 1.108503906250000000e+04 1.108435087958260556e+04
2.750174909536726773e+02 1.108548925781250000e+04 1.108430856208088699e+04
2.750379240540787578e+02 1.108559960937500000e+04 1.108426686097006859e+04
2.750583570543676615e+02 1.108984472656250000e+04 1.108422578615714156e+04
2.750787902548909187e+02 1.108842773437500000e+04 1.108418534695814014e+04
2.750992233552969992e+02 1.108561425781250000e+04 1.108414555250962803e+04
2.751196563560515642e+02 1.109775390625000000e+04 1.108410640280588268e+04
2.751400894573889673e+02 1.108709082031250000e+04 1.108406789420535461e+04
2.751605226583778858e+02 1.108097265625000000e+04 1.108403002345467758e+04
2.751809556595981121e+02 1.109972851562500000e+04 1.108399278783960290e+04
2.752013887609355152e+02 1.108479882812500000e+04 1.108395618354448561e+04
2.752218219623900950e+02 1.109052343750000000e+04 1.108392020731405864e+04
2.752422549640759826e+02 1.108112890625000000e+04 1.108388485640722502e+04
2.752626880663447082e+02 1.108505566406250000e+04 1.108385012703528628e+04
2.752831212682649493e+02 1.109525097656250000e+04 1.108381601594441963e+04
2.753035542704164982e+02 1.108973046875000000e+04 1.108378252036542654e+04
2.753239873726852238e+02 1.108437402343750000e+04 1.108374963653768646e+04
2.753648535776883364e+02 1.109448242187500000e+04 1.108368569157406273e+04
2.753852866804227233e+02 1.108275000000000000e+04 1.108365462390916036e+04
2.754057197836227715e+02 1.108361523437500000e+04 1.108362415510239589e+04
2.754261528868228197e+02 1.108297753906250000e+04 1.108359428188996208e+04
2.754465859900228679e+02 1.108393261718750000e+04 1.108356500100733865e+04
2.754670190932229161e+02 1.108784765625000000e+04 1.108353630918999988e+04
2.754874521968886256e+02 1.108232324218750000e+04 1.108350820317279431e+04
2.755078853005543351e+02 1.108854980468750000e+04 1.108348067969185468e+04
2.755283184046857059e+02 1.108718847656250000e+04 1.108345373548206044e+04
2.755487516084685922e+02 1.108759570312500000e+04 1.108342736715232058e+04
2.755691846124827862e+02 1.108564648437500000e+04 1.108340157182028270e+04
2.755896177170798182e+02 1.107869824218750000e+04 1.108337634583809631e+04
2.756100507215596735e+02 1.108096582031250000e+04 1.108335168618906391e+04
2.756304839262738824e+02 1.108435839843750000e+04 1.108332758925032977e+04
2.756509170308709145e+02 1.109400878906250000e+04 1.108330405211570906e+04
2.756713501359336078e+02 1.108586328125000000e+04 1.108328107140071370e+04
2.756917832409963012e+02 1.109488476562500000e+04 1.108325864384136366e+04
2.757122163460589945e+02 1.110202734375000000e+04 1.108323676617313686e+04
2.757326494515873492e+02 1.109133691406250000e+04 1.108321543513103461e+04
2.757530825571157038e+02 1.108819238281250000e+04 1.108319464745103141e+04
2.757735156631097198e+02 1.109106054687500000e+04 1.108317439986815589e+04
2.757939487691037357e+02 1.108240820312500000e+04 1.108315468911835706e+04
2.758143817749805748e+02 1.108260839843750000e+04 1.108313551202978124e+04
2.758348149810917675e+02 1.107374511718750000e+04 1.108311686505991929e+04
2.758552480875514448e+02 1.109383398437500000e+04 1.108309874522182145e+04
2.758756810938939452e+02 1.108682519531250000e+04 1.108308114924367328e+04
2.758961143004707992e+02 1.108768554687500000e+04 1.108306407360613957e+04
2.759165474073961377e+02 1.107577343750000000e+04 1.108304751529913847e+04
2.759369804146699607e+02 1.108280664062500000e+04 1.108303147105060270e+04
2.759574136217124760e+02 1.108863085937500000e+04 1.108301593736466384e+04
2.759778467286378145e+02 1.108805078125000000e+04 1.108300091120849720e+04
2.759982797363772988e+02 1.109579980468750000e+04 1.108298638930950256e+04
2.760187129438854754e+02 1.108448730468750000e+04 1.108297236819439058e+04
2.760391460517421365e+02 1.107924902343750000e+04 1.108295884480777022e+04
2.760595790594816208e+02 1.108667871093750000e+04 1.108294581587815082e+04
2.760800121678039432e+02 1.108535839843750000e+04 1.108293327801306623e+04
2.761004453757777810e+02 1.108322460937500000e+04 1.108292122795575779e+04
2.761208783844485879e+02 1.106934277343750000e+04 1.108290966261444555e+04
2.761413114927709103e+02 1.108613671875000000e+04 1.108289857855186710e+04
2.761617447016760707e+02 1.108399023437500000e+04 1.108288797251003052e+04
2.761821777103468776e+02 1.108116796875000000e+04 1.108287784137708513e+04
2.762026108191348612e+02 1.108180957031250000e+04 1.108286818173609208e+04
2.762230440285056829e+02 1.111849414062500000e+04 1.108285899032924135e+04
2.762434770376421511e+02 1.109090234375000000e+04 1.108285026402390577e+04
2.762639101473614573e+02 1.108266503906250000e+04 1.108284199942370105e+04
2.762843432570807636e+02 1.108437207031250000e+04 1.108283419330819743e+04
2.763047763668000698e+02 1.109142382812500000e+04 1.108282684241287279e+04
2.763252094765193760e+02 1.108264550781250000e+04 1.108281994347320142e+04
2.763660757970064878e+02 1.108427929687500000e+04 1.108280748837411011e+04
2.763865088075399399e+02 1.108719531250000000e+04 1.108280192574236207e+04
2.764069419177249074e+02 1.107564648437500000e+04 1.108279680197997550e+04
2.764273751284927130e+02 1.108994628906250000e+04 1.108279211382862741e+04
2.764478081394918263e+02 1.108388769531250000e+04 1.108278785808955035e+04
2.764682412506081164e+02 1.108834277343750000e+04 1.108278403143259675e+04
2.764886744618415833e+02 1.107284082031250000e+04 1.108278063059952729e+04
2.765091074733063579e+02 1.107971582031250000e+04 1.108277765237262793e+04
2.765295405848883092e+02 1.107922363281250000e+04 1.108277509344058853e+04
2.765499736964702606e+02 1.108562890625000000e+04 1.108277295055449758e+04
2.765704068080522120e+02 1.108577246093750000e+04 1.108277122044983298e+04
2.765908399200998247e+02 1.107904492187500000e+04 1.108276989986204353e+04
2.766112730321474373e+02 1.108234863281250000e+04 1.108276898552664716e+04
2.766317061446607113e+02 1.108230468750000000e+04 1.108276847417911267e+04
2.766521392571739852e+02 1.108047265625000000e+04 1.108276836255493254e+04
2.766725723696872592e+02 1.108158300781250000e+04 1.108276864738958830e+04
2.766930055823177099e+02 1.109260546875000000e+04 1.108276932542283248e+04
2.767134385956451297e+02 1.108588281250000000e+04 1.108277039337735187e+04
2.767338717086240649e+02 1.109265332031250000e+04 1.108277184800140458e+04
2.767543047219514847e+02 1.107939160156250000e+04 1.108277368601630951e+04
2.767747379350475967e+02 1.109295410156250000e+04 1.108277590418727414e+04
2.767951710489578545e+02 1.108595214843750000e+04 1.108277849922011592e+04
2.768156040622852743e+02 1.108022460937500000e+04 1.108278146784463388e+04
2.768360372763127089e+02 1.108042089843750000e+04 1.108278480684279384e+04
2.768564703902229667e+02 1.108039941406250000e+04 1.108278851290364764e+04
2.768769034044817090e+02 1.108119238281250000e+04 1.108279258275738721e+04
2.768973366189748049e+02 1.109726855468750000e+04 1.108279701320189270e+04
2.769177697333507240e+02 1.108866894531250000e+04 1.108280180091015063e+04
2.769382027480751276e+02 1.108389550781250000e+04 1.108280694261252393e+04
2.769586358629167080e+02 1.108276757812500000e+04 1.108281243509478918e+04
2.769790690778754652e+02 1.108477929687500000e+04 1.108281827509754476e+04
2.769995020930655301e+02 1.108447656250000000e+04 1.108282445926802757e+04
2.770199352083727717e+02 1.108741503906250000e+04 1.108283098442996197e+04
2.770403684237971902e+02 1.107850097656250000e+04 1.108283784732380809e+04
2.770608014394529164e+02 1.107807031250000000e+04 1.108284504458186711e+04
2.770812345552258193e+02 1.108624218750000000e+04 1.108285257304279367e+04
2.771016677715815604e+02 1.108020996093750000e+04 1.108286042944709152e+04
2.771221007877029479e+02 1.108424902343750000e+04 1.108286861041218799e+04
2.771425339039415121e+02 1.106698437500000000e+04 1.108287711279143150e+04
2.771629671202972531e+02 1.107381054687500000e+04 1.108288593332499477e+04
2.771834001368843019e+02 1.108376464843750000e+04 1.108289506861658447e+04
2.772038332535885274e+02 1.107963281250000000e+04 1.108290451553344974e+04
2.772242663702927530e+02 1.108002050781250000e+04 1.108291427076707259e+04
2.772446995875798166e+02 1.109064453125000000e+04 1.108292433110319143e+04
2.772651326046325266e+02 1.107666894531250000e+04 1.108293469312695379e+04
2.772855657222680748e+02 1.108330078125000000e+04 1.108294535372418068e+04
2.773059989395551383e+02 1.110028710937500000e+04 1.108295630963422627e+04
2.773264319575391710e+02 1.109385253906250000e+04 1.108296755743012000e+04
2.773468650751747191e+02 1.107895214843750000e+04 1.108297909400977005e+04
2.773672982933931053e+02 1.107954589843750000e+04 1.108299091611340191e+04
2.773877313113771379e+02 1.106713867187500000e+04 1.108300302030035891e+04
2.774081644299440086e+02 1.106717089843750000e+04 1.108301540348225899e+04
2.774285975485108793e+02 1.108184179687500000e+04 1.108302806233568117e+04
2.774490306670777500e+02 1.107773535156250000e+04 1.108304099359609972e+04
2.774694637861102819e+02 1.108120898437500000e+04 1.108305419399928360e+04
2.774898969046771526e+02 1.108506054687500000e+04 1.108306766028010497e+04
2.775103301238268614e+02 1.107814941406250000e+04 1.108308138924255582e+04
2.775307631432078779e+02 1.108176562500000000e+04 1.108309537741840177e+04
2.775511962627060711e+02 1.107415332031250000e+04 1.108310962174652377e+04
2.775716294823214412e+02 1.107638183593750000e+04 1.108312411896613776e+04
2.775920625021681190e+02 1.108544335937500000e+04 1.108313886559810271e+04
2.776124956221319735e+02 1.108039941406250000e+04 1.108315385859250819e+04
2.776329287425614893e+02 1.108975683593750000e+04 1.108316909461352770e+04
2.776533618625253439e+02 1.109379003906250000e+04 1.108318457039593704e+04
2.776737949829548597e+02 1.107530664062500000e+04 1.108320028267590897e+04
2.776942280037328601e+02 1.107891113281250000e+04 1.108321622811023553e+04
2.777146612242795527e+02 1.106590527343750000e+04 1.108323240366974642e+04
2.777350943456403911e+02 1.108462792968750000e+04 1.108324880585493520e+04
2.777555273664183915e+02 1.108148339843750000e+04 1.108326543139685418e+04
2.777759605878964067e+02 1.107351171875000000e+04 1.108328227727773992e+04
2.777963937092572451e+02 1.109049511718750000e+04 1.108329933998667548e+04
2.778168267309665680e+02 1.108108593750000000e+04 1.108331661625636116e+04
2.778372599524445832e+02 1.109125292968750000e+04 1.108333410307698432e+04
2.778576930742710829e+02 1.107839257812500000e+04 1.108335179692930251e+04
2.778781260964460671e+02 1.107911718750000000e+04 1.108336969454578502e+04
2.778985592187382281e+02 1.108016503906250000e+04 1.108338779283689655e+04
2.779189924411475658e+02 1.107871875000000000e+04 1.108340608854103630e+04
2.779394254637882113e+02 1.108109570312500000e+04 1.108342457812372777e+04
2.779598585860803723e+02 1.107562402343750000e+04 1.108344325858996308e+04
2.779802918089553714e+02 1.107097167968750000e+04 1.108346212667884174e+04
2.780007248320616782e+02 1.108439257812500000e+04 1.108348117884713793e+04
2.780211579552851617e+02 1.107775488281250000e+04 1.108350041210860218e+04
2.780415911786258221e+02 1.108035546875000000e+04 1.108351982320134084e+04
2.780620242021977901e+02 1.108466601562500000e+04 1.108353940857464841e+04
2.780824573258869350e+02 1.107321582031250000e+04 1.108355916525017346e+04
2.781028904500417411e+02 1.108695312500000000e+04 1.108357908986830444e+04
2.781233236738480628e+02 1.107816894531250000e+04 1.108359917926242633e+04
2.781437566978856921e+02 1.108013183593750000e+04 1.108361942987242946e+04
2.781641898225061595e+02 1.107717187500000000e+04 1.108363983873029429e+04
2.781846230467781425e+02 1.107422363281250000e+04 1.108366040257285204e+04
2.782050560712814331e+02 1.109063671875000000e+04 1.108368111783311178e+04
2.782254891963675618e+02 1.109571093750000000e+04 1.108370198154995524e+04
2.782459224211052060e+02 1.109377734375000000e+04 1.108372299046004628e+04
2.782663554465398192e+02 1.108808300781250000e+04 1.108374414099043497e+04
2.782867885716259480e+02 1.109618750000000000e+04 1.108376543018501252e+04
2.783072217972949147e+02 1.107886425781250000e+04 1.108378685478222178e+04
2.783480879487469792e+02 1.109316992187500000e+04 1.108383009649367341e+04
2.783685210747644305e+02 1.108075488281250000e+04 1.108385190728945418e+04
2.783889543008990586e+02 1.108097656250000000e+04 1.108387384043171915e+04
2.784093873272649944e+02 1.107631152343750000e+04 1.108389589233316838e+04
2.784298204537481070e+02 1.107902539062500000e+04 1.108391806005204307e+04
2.784502536803483963e+02 1.108574414062500000e+04 1.108394034032548916e+04
2.784706867067143321e+02 1.109428515625000000e+04 1.108396272956066787e+04
2.784911198341287673e+02 1.107725292968750000e+04 1.108398522482237422e+04
2.785115529610775411e+02 1.108135546875000000e+04 1.108400782273511504e+04
2.785319860884919763e+02 1.107684082031250000e+04 1.108403052003537960e+04
2.785524192159064114e+02 1.108708398437500000e+04 1.108405331345812556e+04
2.785728523433208466e+02 1.107895605468750000e+04 1.108407619973881083e+04
2.785932854712009430e+02 1.108033203125000000e+04 1.108409917561343900e+04
2.786137185990810394e+02 1.107661230468750000e+04 1.108412223781694593e+04
2.786341516273096204e+02 1.107579296875000000e+04 1.108414538297172840e+04
2.786545848553068936e+02 1.108346777343750000e+04 1.108416860815300606e+04
2.786750179836526513e+02 1.107956933593750000e+04 1.108419190975649326e+04
2.786954510123468935e+02 1.109972558593750000e+04 1.108421528451656013e+04
2.787158842412754893e+02 1.108595996093750000e+04 1.108423872951225894e+04
2.787363173700869083e+02 1.108873046875000000e+04 1.108426224113493663e+04
2.787567503992468119e+02 1.108835742187500000e+04 1.108428581611964182e+04
2.787771836286410689e+02 1.109422363281250000e+04 1.108430945154829169e+04
2.787976167579181492e+02 1.108915917968750000e+04 1.108433314376288399e+04
2.788180497875437140e+02 1.107942480468750000e+04 1.108435688790977838e+04
2.788384829172864556e+02 1.108836718750000000e+04 1.108438067750515074e+04
2.788589161471463740e+02 1.108488085937500000e+04 1.108440450572237387e+04
2.788793491772376001e+02 1.108241308593750000e+04 1.108442836538424490e+04
2.788997823074460030e+02 1.107831250000000000e+04 1.108445225001348081e+04
2.789202155377715826e+02 1.108293164062500000e+04 1.108447615278315061e+04
2.789406486684456468e+02 1.108741406250000000e+04 1.108450006663229215e+04
2.789610816990025342e+02 1.108277832031250000e+04 1.108452398473300491e+04
2.789815149297937751e+02 1.108718359375000000e+04 1.108454790060961750e+04
2.790019480609335005e+02 1.108462890625000000e+04 1.108457180708385204e+04
2.790223810924217105e+02 1.108799707031250000e+04 1.108459569732865202e+04
2.790428142235614359e+02 1.108377050781250000e+04 1.108461956474982071e+04
2.790632474552839994e+02 1.109623144531250000e+04 1.108464340252081456e+04
2.790836804872378707e+02 1.108878710937500000e+04 1.108466720346423972e+04
2.791041136188432574e+02 1.107607617187500000e+04 1.108469096110191094e+04
2.791245468510314822e+02 1.107969140625000000e+04 1.108471466860697365e+04
2.791449798829853535e+02 1.107478710937500000e+04 1.108473831880356556e+04
2.791654130155220628e+02 1.107112695312500000e+04 1.108476190521304852e+04
2.791858462481759489e+02 1.107794628906250000e+04 1.108478542100664890e+04
2.792062792810611427e+02 1.107572265625000000e+04 1.108480885901254806e+04
2.792267124135978520e+02 1.108896972656250000e+04 1.108483221274752941e+04
2.792471456467173994e+02 1.108161035156250000e+04 1.108485547538413084e+04
2.792675787801854312e+02 1.109112988281250000e+04 1.108487863986710363e+04
2.792880118135362864e+02 1.108649804687500000e+04 1.108490169937016071e+04
2.793084449470043182e+02 1.108029296875000000e+04 1.108492464729205494e+04
2.793288781805895269e+02 1.108400390625000000e+04 1.108494747680384353e+04
2.793493112148717046e+02 1.109120117187500000e+04 1.108497018074464722e+04
2.793697443488053977e+02 1.108979980468750000e+04 1.108499275262032097e+04
2.793901774827390909e+02 1.108964941406250000e+04 1.108501518549258981e+04
2.794106106171384454e+02 1.107712792968750000e+04 1.108503747253470101e+04
2.794310437520034611e+02 1.108135351562500000e+04 1.108505960691940163e+04
2.794514768864028156e+02 1.109042675781250000e+04 1.108508158181843282e+04
2.794719100212678313e+02 1.108573632812500000e+04 1.108510339040554391e+04
2.794923431565985084e+02 1.109073828125000000e+04 1.108512502585348011e+04
2.795127761918120086e+02 1.108666406250000000e+04 1.108514648122981089e+04
2.795332094272598624e+02 1.108831054687500000e+04 1.108516775002131362e+04
2.795536425625905395e+02 1.110223046875000000e+04 1.108518882508671595e+04
2.795740755982697010e+02 1.108587402343750000e+04 1.108520969960213915e+04
2.795945088341832161e+02 1.108454492187500000e+04 1.108523036704517472e+04
2.796149419704452157e+02 1.108805078125000000e+04 1.108525082028371253e+04
2.796353750065900385e+02 1.108123730468750000e+04 1.108527105249322085e+04
2.796558082429692149e+02 1.108431250000000000e+04 1.108529105714219440e+04
2.796762413796968758e+02 1.108350878906250000e+04 1.108531082710808550e+04
2.796966744163073599e+02 1.109301269531250000e+04 1.108533035556668256e+04
2.797171075530350208e+02 1.109411621093750000e+04 1.108534963588213213e+04
2.797375407903455198e+02 1.108570410156250000e+04 1.108536866122391802e+04
2.797579738274216652e+02 1.107527734375000000e+04 1.108538742448658923e+04
2.797784069650806487e+02 1.108378027343750000e+04 1.108540591912106902e+04
2.797988402023911476e+02 1.108374511718750000e+04 1.108542413829526049e+04
2.798192733400501311e+02 1.109478027343750000e+04 1.108544207500417542e+04
2.798397063780575991e+02 1.108944726562500000e+04 1.108545972242474454e+04
2.798805727544240654e+02 1.109613769531250000e+04 1.108549412260507961e+04
2.799010057928971946e+02 1.107699902343750000e+04 1.108551086145798035e+04
2.799214390316046774e+02 1.108499707031250000e+04 1.108552728396133716e+04
2.799418721701949835e+02 1.108568359375000000e+04 1.108554338304415614e+04
2.799623052091337740e+02 1.108713769531250000e+04 1.108555915188434665e+04
2.799827383481897414e+02 1.107904882812500000e+04 1.108557458380884054e+04
2.800031715873628855e+02 1.108960156250000000e+04 1.108558967198537721e+04
2.800236046267673373e+02 1.108323437500000000e+04 1.108560440936780651e+04
2.800440377662889659e+02 1.108738867187500000e+04 1.108561878934776178e+04
2.800644710063934326e+02 1.109047265625000000e+04 1.108563280509299148e+04
2.800849040462635458e+02 1.109110253906250000e+04 1.108564644957260316e+04
2.801053371862508357e+02 1.108884570312500000e+04 1.108565971616264505e+04
2.801257704263553023e+02 1.108845214843750000e+04 1.108567259803026900e+04
2.801462035668082535e+02 1.108545214843750000e+04 1.108568508822222429e+04
2.801666366076096892e+02 1.109610839843750000e+04 1.108569717991704238e+04
2.801870697485283017e+02 1.109683886718750000e+04 1.108570886640570097e+04
2.802075029890984297e+02 1.108612988281250000e+04 1.108572014085468254e+04
2.802279360303655267e+02 1.107114355468750000e+04 1.108573099627482588e+04
2.802483691717498004e+02 1.108838964843750000e+04 1.108574142600101550e+04
2.802688023131340742e+02 1.108863085937500000e+04 1.108575142315177072e+04
2.802892354545183480e+02 1.108715625000000000e+04 1.108576098089983861e+04
2.803096685963682830e+02 1.108343457031250000e+04 1.108577009241816813e+04
2.803301017386838794e+02 1.108553613281250000e+04 1.108577875087946813e+04
2.803505348805338144e+02 1.108940332031250000e+04 1.108578694945608731e+04
2.803709680228494108e+02 1.108818554687500000e+04 1.108579468132114380e+04
2.803914011651650071e+02 1.107455078125000000e+04 1.108580193964719183e+04
2.804118343079462647e+02 1.107891894531250000e+04 1.108580871760712034e+04
2.804322674507275224e+02 1.107682128906250000e+04 1.108581500837349813e+04
2.804527004938572645e+02 1.108337011718750000e+04 1.108582080509202024e+04
2.804731337367556989e+02 1.109182617187500000e+04 1.108582610101670070e+04
2.804935668800026178e+02 1.109412597656250000e+04 1.108583088923898686e+04
2.805139999235980213e+02 1.108276367187500000e+04 1.108583516293909270e+04
2.805344331674277782e+02 1.109332519531250000e+04 1.108583891534865506e+04
2.805548663111403584e+02 1.108141210937500000e+04 1.108584213958140390e+04
2.805752993552014232e+02 1.108520507812500000e+04 1.108584482881796066e+04
2.805957325994968414e+02 1.109024902343750000e+04 1.108584697626654452e+04
2.806161657436750829e+02 1.107976855468750000e+04 1.108584857506433036e+04
2.806365987882018089e+02 1.108170605468750000e+04 1.108584961839219432e+04
2.806570319328457117e+02 1.109087402343750000e+04 1.108585009943308614e+04
2.806774651776067913e+02 1.107512988281250000e+04 1.108585001135143102e+04
2.806978983227163553e+02 1.109118164062500000e+04 1.108584934732078545e+04
2.807183313681744039e+02 1.108410253906250000e+04 1.108584810052235844e+04
2.807387646134011447e+02 1.108095507812500000e+04 1.108584626410631608e+04
2.807591977589763701e+02 1.108186230468750000e+04 1.108584383126795001e+04
2.807796308044344187e+02 1.108008691406250000e+04 1.108584079518885119e+04
2.808000640505924821e+02 1.108974511718750000e+04 1.108583714899258121e+04
2.808204971966333687e+02 1.107798339843750000e+04 1.108583288590102711e+04
2.808409302425570786e+02 1.108764843750000000e+04 1.108582799909605819e+04
2.808613634891808033e+02 1.107465820312500000e+04 1.108582248167381840e+04
2.808817966356873512e+02 1.107689648437500000e+04 1.108581632688361242e+04
2.809022296825423837e+02 1.107298437500000000e+04 1.108580952790742776e+04
2.809226628290489316e+02 1.107830273437500000e+04 1.108580207785172024e+04
2.809430960761383176e+02 1.108013671875000000e+04 1.108579396987926157e+04
2.809635291234590113e+02 1.107565527343750000e+04 1.108578519728680476e+04
2.809839622708968818e+02 1.107779003906250000e+04 1.108577575312320732e+04
2.810043955184519291e+02 1.109131933593750000e+04 1.108576563055128645e+04
2.810248286663554609e+02 1.108281054687500000e+04 1.108575482284269674e+04
2.810452617141418159e+02 1.108273925781250000e+04 1.108574332318051893e+04
2.810656949626281857e+02 1.109024511718750000e+04 1.108573112456304807e+04
2.810861280108802021e+02 1.109501562500000000e+04 1.108571822040240295e+04
2.811065611592493951e+02 1.109346191406250000e+04 1.108570460368683780e+04
2.811269943076185882e+02 1.109471777343750000e+04 1.108569026765058516e+04
2.811474274564534426e+02 1.108146289062500000e+04 1.108567520546602464e+04
2.811678606057539582e+02 1.108613183593750000e+04 1.108565941030584872e+04
2.811882937545888126e+02 1.109085253906250000e+04 1.108564287534351206e+04
2.812087269038893282e+02 1.107916210937500000e+04 1.108562559375099590e+04
2.812291600536555052e+02 1.109482324218750000e+04 1.108560755870098728e+04
2.812495932029560208e+02 1.108653125000000000e+04 1.108558876336704634e+04
2.812700263527221978e+02 1.107976562500000000e+04 1.108556920092104701e+04
2.813108926531858742e+02 1.109783886718750000e+04 1.108552774738409789e+04
2.813313258034177125e+02 1.109083593750000000e+04 1.108550584263906057e+04
2.813517589541152120e+02 1.108969531250000000e+04 1.108548314347276391e+04
2.813721921048127115e+02 1.109265332031250000e+04 1.108545964305843518e+04
2.813926251553930342e+02 1.108138574218750000e+04 1.108543533468990790e+04
2.814130584066733718e+02 1.108401464843750000e+04 1.108541021117604214e+04
2.814334915578365326e+02 1.108718066406250000e+04 1.108538426605340828e+04
2.814539246088825166e+02 1.109498339843750000e+04 1.108535749250686786e+04
2.814743578606285155e+02 1.109582617187500000e+04 1.108532988330883927e+04
2.814947910122573376e+02 1.109726367187500000e+04 1.108530143203233820e+04
2.815152241643518209e+02 1.109262207031250000e+04 1.108527213171618860e+04
2.815356573164463043e+02 1.108658789062500000e+04 1.108524197553376689e+04
2.815560904685407877e+02 1.108564257812500000e+04 1.108521095665780740e+04
2.815765236211009324e+02 1.109214843750000000e+04 1.108517906826030230e+04
2.815969566735439003e+02 1.108761621093750000e+04 1.108514630367738573e+04
2.816173899262212217e+02 1.107445898437500000e+04 1.108511265559368985e+04
2.816378230792470276e+02 1.108742480468750000e+04 1.108507811766925261e+04
2.816582561326213181e+02 1.108008007812500000e+04 1.108504268308987048e+04
2.816786893857643008e+02 1.108893847656250000e+04 1.108500634450239886e+04
2.816991225392557681e+02 1.108068750000000000e+04 1.108496909560541098e+04
2.817195555926300585e+02 1.108669531250000000e+04 1.108493092958588386e+04
2.817399888467043638e+02 1.107830078125000000e+04 1.108489183904786296e+04
2.817604220006614923e+02 1.108383691406250000e+04 1.108485181773272416e+04
2.817808550549671054e+02 1.109364257812500000e+04 1.108481085882599291e+04
2.818012883090414107e+02 1.108545312500000000e+04 1.108476895489327217e+04
2.818217214634642005e+02 1.107419042968750000e+04 1.108472609971437669e+04
2.818421545182354748e+02 1.108332226562500000e+04 1.108468228647601063e+04
2.818625876731239259e+02 1.107368945312500000e+04 1.108463750792254177e+04
2.818830209281295538e+02 1.108825000000000000e+04 1.108459175721247084e+04
2.819034540834836662e+02 1.108439843750000000e+04 1.108454502796575434e+04
2.819238871387206018e+02 1.108663378906250000e+04 1.108449731337058620e+04
2.819443203941918910e+02 1.109824218750000000e+04 1.108444860589105701e+04
2.819647535500116646e+02 1.108558496093750000e+04 1.108439889940739158e+04
2.819851866057142615e+02 1.108405078125000000e+04 1.108434818710816580e+04
2.820056198621168733e+02 1.109079394531250000e+04 1.108429646141204830e+04
2.820260530184023082e+02 1.107737304687500000e+04 1.108424371624577907e+04
2.820464860745705664e+02 1.107462207031250000e+04 1.108418994479712455e+04
2.820669192313216627e+02 1.108218359375000000e+04 1.108413513971064822e+04
2.820873523880727589e+02 1.108142578125000000e+04 1.108407929442123714e+04
2.821077855448238552e+02 1.108034277343750000e+04 1.108402240210162199e+04
2.821282187020406127e+02 1.108459472656250000e+04 1.108396445592319651e+04
2.821486518592573702e+02 1.108924804687500000e+04 1.108390544905997376e+04
2.821690850169397891e+02 1.107988281250000000e+04 1.108384537468330018e+04
2.821895181746222079e+02 1.108099316406250000e+04 1.108378422596723976e+04
2.822099513323046267e+02 1.107263281250000000e+04 1.108372199608451956e+04
2.822303844904527068e+02 1.108980273437500000e+04 1.108365867820641142e+04
2.822508176486007869e+02 1.108039746093750000e+04 1.108359426550704484e+04
2.822712509068660438e+02 1.107768261718750000e+04 1.108352875083543404e+04
2.822916839653626084e+02 1.108607812500000000e+04 1.108346212833392383e+04
2.823121171239763498e+02 1.108251367187500000e+04 1.108339439020557074e+04
2.823325501829385757e+02 1.106887695312500000e+04 1.108332553028539223e+04
2.823529834421351552e+02 1.108238085937500000e+04 1.108325554072717932e+04
2.823734166012145579e+02 1.107667285156250000e+04 1.108318441572412667e+04
2.823938497607596219e+02 1.108511718750000000e+04 1.108311214810714227e+04
2.824142829203046858e+02 1.108776464843750000e+04 1.108303873105056300e+04
2.824551492398604751e+02 1.109437597656250000e+04 1.108288842130777630e+04
2.824755823998712003e+02 1.108677050781250000e+04 1.108281151496696475e+04
2.824960155603475869e+02 1.108808496093750000e+04 1.108273343187561841e+04
