1.207159596383571625e+03 1.186142773437500000e+04 1.185618526617265161e+04
1.207180030472576618e+03 1.186574609375000000e+04 1.185564306143290378e+04
1.207200464461930096e+03 1.185177246093750000e+04 1.185512436114579214e+04
1.207220898650586605e+03 1.184665332031250000e+04 1.185462875801010705e+04
1.207241332739591599e+03 1.185848925781250000e+04 1.185415585956213181e+04
1.207261766728479415e+03 1.185063867187500000e+04 1.185370526560020153e+04
1.207282200916670263e+03 1.185676074218750000e+04 1.185327656979974199e+04
1.207302635005209595e+03 1.185115625000000000e+04 1.185286937870941802e+04
1.207323068993631750e+03 1.185867089843750000e+04 1.185248329214369733e+04
1.207343503181822598e+03 1.184542187500000000e+04 1.185211790470641427e+04
1.207363937170244753e+03 1.185033007812500000e+04 1.185177282366196596e+04
1.207384371358435601e+03 1.185052832031250000e+04 1.185144764237807431e+04
1.207404805446043611e+03 1.184681347656250000e+04 1.185114196589596395e+04
1.207425239434000105e+03 1.184514843750000000e+04 1.185085539403555958e+04
1.207445673621725291e+03 1.184058300781250000e+04 1.185058752285375886e+04
1.207466107709333301e+03 1.184821972656250000e+04 1.185033795653520428e+04
1.207486541696824133e+03 1.185367382812500000e+04 1.185010629493142187e+04
1.207506975884083658e+03 1.185019433593750000e+04 1.184989213488922178e+04
1.207527409971226007e+03 1.185848730468750000e+04 1.184969507979624905e+04
1.207547844058368355e+03 1.184951464843750000e+04 1.184951472867832490e+04
1.207568278145510703e+03 1.184550781250000000e+04 1.184935068165308985e+04
1.207588712232187390e+03 1.185073828125000000e+04 1.184920253884138583e+04
1.207609146418981254e+03 1.185218164062500000e+04 1.184906989974442695e+04
1.207629580405540764e+03 1.185460156250000000e+04 1.184895236631748776e+04
1.207650014492217451e+03 1.185007910156250000e+04 1.184884953684063294e+04
1.207670448678545654e+03 1.184750390625000000e+04 1.184876101164659121e+04
1.207690882665105164e+03 1.185248730468750000e+04 1.184868639204701867e+04
1.207711316750850528e+03 1.184850000000000000e+04 1.184862527696623874e+04
1.207731750937178731e+03 1.184957910156250000e+04 1.184857726671287492e+04
1.207752185022924095e+03 1.184535937500000000e+04 1.184854196187564958e+04
1.207772619009017944e+03 1.183865722656250000e+04 1.184851896238685367e+04
1.207793053194880486e+03 1.183919531250000000e+04 1.184850786811566832e+04
1.207813487280160189e+03 1.183714648437500000e+04 1.184850827942860815e+04
1.207854355451185256e+03 1.185288476562500000e+04 1.184854201902774003e+04
1.207874789536464959e+03 1.185909765625000000e+04 1.184857454754904393e+04
1.207895223721861839e+03 1.185391699218750000e+04 1.184861698227341549e+04
1.207915657706558704e+03 1.184208691406250000e+04 1.184866892262274814e+04
1.207936091791838408e+03 1.184515722656250000e+04 1.184872996941173187e+04
1.207956525976303965e+03 1.184768554687500000e+04 1.184879972288459612e+04
1.207976959961000830e+03 1.185969531250000000e+04 1.184887778207628980e+04
1.207997394045814872e+03 1.186098046875000000e+04 1.184896374819039738e+04
1.208017828130163252e+03 1.185217089843750000e+04 1.184905722098005936e+04
1.208038262214511633e+03 1.186875292968750000e+04 1.184915780056494987e+04
1.208058696398511529e+03 1.185258105468750000e+04 1.184926508760178695e+04
1.208079130382742733e+03 1.184106152343750000e+04 1.184937868058899767e+04
1.208099564466625452e+03 1.185073828125000000e+04 1.184949818126350692e+04
1.208119998650625348e+03 1.184625878906250000e+04 1.184962318982956276e+04
1.208140432634390891e+03 1.185420507812500000e+04 1.184975330452904927e+04
1.208160866717807949e+03 1.184699707031250000e+04 1.184988812735262400e+04
1.208181300901342183e+03 1.185399121093750000e+04 1.185002725848732007e+04
1.208201734885107726e+03 1.185405566406250000e+04 1.185017029597958390e+04
1.208222168968059123e+03 1.185598144531250000e+04 1.185031684201209282e+04
1.208242603151593357e+03 1.185661523437500000e+04 1.185046649676122070e+04
1.208263037234544754e+03 1.184976367187500000e+04 1.185061885886994423e+04
1.208283471317496151e+03 1.184052832031250000e+04 1.185077352918546967e+04
1.208303905400447547e+03 1.185208105468750000e+04 1.185093010782568672e+04
1.208324339482933283e+03 1.185215625000000000e+04 1.185108819490487804e+04
1.208344773565419018e+03 1.186304882812500000e+04 1.185124739054449310e+04
1.208365207647904754e+03 1.185602636718750000e+04 1.185140729486245800e+04
1.208385641730390489e+03 1.184719238281250000e+04 1.185156750797668792e+04
1.208406075912527740e+03 1.183751660156250000e+04 1.185172763078510252e+04
1.208426509894896299e+03 1.184372363281250000e+04 1.185188726106198374e+04
1.208446943976916373e+03 1.184331640625000000e+04 1.185204600126893274e+04
1.208467378158587962e+03 1.185185058593750000e+04 1.185220345150793582e+04
1.208487812140490860e+03 1.185397753906250000e+04 1.185235920960128351e+04
1.208508246322162449e+03 1.185950976562500000e+04 1.185251287870980377e+04
1.208528680403716862e+03 1.184671093750000000e+04 1.185266405667998697e+04
1.208549114385154098e+03 1.185713281250000000e+04 1.185281234366935860e+04
1.208569548566360027e+03 1.184593554687500000e+04 1.185295742862686529e+04
1.208589982647448778e+03 1.185939648437500000e+04 1.185309934275754858e+04
1.208610416628420353e+03 1.184721582031250000e+04 1.185323820606845220e+04
1.208630850809626281e+03 1.185437890625000000e+04 1.185337414054018154e+04
1.208651284790597856e+03 1.185213867187500000e+04 1.185350726346925330e+04
1.208671718871220946e+03 1.185201464843750000e+04 1.185363769679112920e+04
1.208692153051495552e+03 1.185059570312500000e+04 1.185376556042866105e+04
1.208712587032001466e+03 1.185014355468750000e+04 1.185389097248789221e+04
1.208733021212276071e+03 1.185324316406250000e+04 1.185401405538306426e+04
1.208753455292899162e+03 1.186068359375000000e+04 1.185413492725513424e+04
1.208773889372590929e+03 1.184973730468750000e+04 1.185425370866589219e+04
1.208794323452748358e+03 1.186173242187500000e+04 1.185437051958484153e+04
1.208814757532440126e+03 1.185498925781250000e+04 1.185448547996796879e+04
1.208835191612597555e+03 1.185691503906250000e+04 1.185459870978182153e+04
1.208855625692289323e+03 1.186246386718750000e+04 1.185471032898256453e+04
1.208876059771515429e+03 1.185833593750000000e+04 1.185482045753159946e+04
1.208896493851207197e+03 1.186622558593750000e+04 1.185492921539525014e+04
1.208916928030550480e+03 1.185625488281250000e+04 1.185503672305374130e+04
1.208937362009659410e+03 1.185506250000000000e+04 1.185514309889925607e+04
1.208957796188537031e+03 1.184830078125000000e+04 1.185524846497626459e+04
1.208978230267297477e+03 1.185262597656250000e+04 1.185535293969264239e+04
1.208998664246406406e+03 1.185132910156250000e+04 1.185545664302424484e+04
1.209019098424818367e+03 1.184519628906250000e+04 1.185555969644452125e+04
1.209039532503578812e+03 1.185711230468750000e+04 1.185566221840260187e+04
1.209059966482222080e+03 1.185699609375000000e+04 1.185576432886435396e+04
1.209100834738463163e+03 1.186513769531250000e+04 1.185596779813398643e+04
1.209121268916875124e+03 1.185809570312500000e+04 1.185606939636796596e+04
1.209141702894587070e+03 1.186636523437500000e+04 1.185617106245223113e+04
1.209162136972416192e+03 1.185706250000000000e+04 1.185627291784392401e+04
1.209182571150362492e+03 1.185610449218750000e+04 1.185637508250797691e+04
1.209203005128074437e+03 1.186054199218750000e+04 1.185647767490114347e+04
1.209223439205437899e+03 1.186301464843750000e+04 1.185658081648686493e+04
1.209243873382918537e+03 1.185567578125000000e+04 1.185668462723768789e+04
1.209264307360164821e+03 1.185534863281250000e+04 1.185678922558351223e+04
1.209284741437062621e+03 1.184438183593750000e+04 1.185689473301456019e+04
1.209305175514426082e+03 1.185278125000000000e+04 1.185700126898644339e+04
1.209325609591323882e+03 1.184861328125000000e+04 1.185710895345557219e+04
1.209346043767873198e+03 1.184533203125000000e+04 1.185721790692024297e+04
1.209366477744653821e+03 1.189121582031250000e+04 1.185732824773531138e+04
1.209386911821085960e+03 1.185984082031250000e+04 1.185744009746837037e+04
1.209407345997635275e+03 1.186013378906250000e+04 1.185755357610622013e+04
1.209427780074067414e+03 1.184978515625000000e+04 1.185766880249862515e+04
1.209448214050382376e+03 1.186390722656250000e+04 1.185778589658024794e+04
1.209468648226466030e+03 1.186175878906250000e+04 1.185790498004505571e+04
1.209489082302432507e+03 1.185854296875000000e+04 1.185802617112148982e+04
1.209509510562289506e+03 1.186192968750000000e+04 1.185814955489232671e+04
1.209529950527939945e+03 1.185342285156250000e+04 1.185827535814686053e+04
1.209550384503323585e+03 1.184225097656250000e+04 1.185840359293269103e+04
1.209570818678941578e+03 1.186257910156250000e+04 1.185853441702298005e+04
1.209591252754442394e+03 1.185779785156250000e+04 1.185866794847536221e+04
1.209611686729826033e+03 1.186572656250000000e+04 1.185880430721038283e+04
1.209632120904512703e+03 1.186879003906250000e+04 1.185894361520851271e+04
1.209652554879896343e+03 1.187682128906250000e+04 1.185908598971274660e+04
1.209672988954465836e+03 1.186269042968750000e+04 1.185923155274119563e+04
1.209693423129152507e+03 1.185961718750000000e+04 1.185938042430923815e+04
1.209713857203722000e+03 1.185704785156250000e+04 1.185953272291978647e+04
1.209734291178639978e+03 1.186637500000000000e+04 1.185968856848638825e+04
1.209754725352860987e+03 1.185325781250000000e+04 1.185984808327686187e+04
1.209775159327313304e+03 1.183930371093750000e+04 1.186001138413624358e+04
1.209795593501068652e+03 1.185841210937500000e+04 1.186017859421564390e+04
1.209816027575172484e+03 1.185445214843750000e+04 1.186034983105883475e+04
1.209836461549159139e+03 1.184294628906250000e+04 1.186052521456318209e+04
1.209856895722914487e+03 1.184648339843750000e+04 1.186070486729472032e+04
1.209877329796552658e+03 1.186329492187500000e+04 1.186088890660963079e+04
1.209897763870190829e+03 1.186382031250000000e+04 1.186107745333877392e+04
1.209918197943829000e+03 1.185029785156250000e+04 1.186127062744334580e+04
1.209938632017001510e+03 1.186652343750000000e+04 1.186146854887998779e+04
1.209959066190291196e+03 1.186472460937500000e+04 1.186167129374403339e+04
1.209979500163346529e+03 1.187084765625000000e+04 1.186187875474477551e+04
1.209999934236053377e+03 1.186321875000000000e+04 1.186209078581120230e+04
1.210020368408877403e+03 1.186202734375000000e+04 1.186230723793285142e+04
1.210040802481584251e+03 1.186161621093750000e+04 1.186252795990689447e+04
1.210061236454173923e+03 1.185808105468750000e+04 1.186275280259046122e+04
1.210081670626997948e+03 1.186219238281250000e+04 1.186298162023678560e+04
1.210102104699239135e+03 1.187180664062500000e+04 1.186321426042488019e+04
1.210122538671363145e+03 1.185712988281250000e+04 1.186345057402361999e+04
1.210142972843255848e+03 1.186028906250000000e+04 1.186369041544606807e+04
1.210163406915497035e+03 1.186624316406250000e+04 1.186393363212221448e+04
1.210183841087389737e+03 1.186042382812500000e+04 1.186418007734148705e+04
1.210204275059048086e+03 1.185558398437500000e+04 1.186442959838285606e+04
1.210224709130357951e+03 1.186989160156250000e+04 1.186468204980471637e+04
1.210245143302250654e+03 1.186615917968750000e+04 1.186493728257935072e+04
1.210265577273443341e+03 1.186135839843750000e+04 1.186519514384272043e+04
1.210286011344753206e+03 1.187400097656250000e+04 1.186545548829067593e+04
1.210306445415597409e+03 1.186562792968750000e+04 1.186571816557895727e+04
1.210326879486907274e+03 1.186619238281250000e+04 1.186598302663836694e+04
1.210347313557751477e+03 1.187577929687500000e+04 1.186624992237567494e+04
1.210367747628595680e+03 1.185765039062500000e+04 1.186651870371572659e+04
1.210388181698974222e+03 1.186788476562500000e+04 1.186678922157118359e+04
1.210408615869469941e+03 1.185897558593750000e+04 1.186706132820382845e+04
1.210429049840196967e+03 1.186604003906250000e+04 1.186733487052826604e+04
1.210449483910109848e+03 1.187613671875000000e+04 1.186760970345509668e+04
1.210469918080605567e+03 1.187016210937500000e+04 1.186788567793976654e+04
1.210490352050401270e+03 1.186872363281250000e+04 1.186816264082450289e+04
1.210510786120314151e+03 1.187085253906250000e+04 1.186844044709849913e+04
1.210531220289878547e+03 1.186185253906250000e+04 1.186871894768554012e+04
1.210551654259674251e+03 1.187269335937500000e+04 1.186899798941928384e+04
1.210572088429238647e+03 1.186037402343750000e+04 1.186927742867361667e+04
1.210592522498685867e+03 1.186408886718750000e+04 1.186955711226896165e+04
1.210612956568133086e+03 1.186554687500000000e+04 1.186983689249245435e+04
1.210633390637114644e+03 1.187250878906250000e+04 1.187011662025659825e+04
1.210653824706096202e+03 1.186557031250000000e+04 1.187039614648664065e+04
1.210674258775077760e+03 1.186538574218750000e+04 1.187067532210146965e+04
1.210694692943710834e+03 1.186884472656250000e+04 1.187095399937752882e+04
1.210715126912575215e+03 1.186789941406250000e+04 1.187123202515467347e+04
1.210735560981091112e+03 1.186838574218750000e+04 1.187150925443084816e+04
1.210755995149724185e+03 1.186523730468750000e+04 1.187178553811846905e+04
1.210776429117657244e+03 1.187969238281250000e+04 1.187206072307689828e+04
1.210796863285824656e+03 1.188466601562500000e+04 1.187233466562350804e+04
1.210817297354340553e+03 1.187105957031250000e+04 1.187260721264732638e+04
1.210837731321807951e+03 1.187575097656250000e+04 1.187287821507025728e+04
1.210858165489975363e+03 1.188785058593750000e+04 1.187314752780108392e+04
1.210878599557559937e+03 1.188757910156250000e+04 1.187341499777514764e+04
1.210899033525027335e+03 1.188351660156250000e+04 1.187368047594567179e+04
1.210919467692729086e+03 1.188373339843750000e+04 1.187394381711838105e+04
1.210939901759847999e+03 1.188846679687500000e+04 1.187420486831945527e+04
1.210960335726849735e+03 1.187461035156250000e+04 1.187446348050857705e+04
1.210980769894085824e+03 1.188369335937500000e+04 1.187471950838727207e+04
1.211001203961204737e+03 1.188152636718750000e+04 1.187497279909185636e+04
1.211021638027857989e+03 1.187179785156250000e+04 1.187522320479644623e+04
1.211042072094511241e+03 1.183732519531250000e+04 1.187547057642578147e+04
1.211062506161164492e+03 1.180375585937500000e+04 1.187571476489878478e+04
1.211082940227817744e+03 1.179645605468750000e+04 1.187595562113440246e+04
1.211103374294005334e+03 1.179847460937500000e+04 1.187619299604618209e+04
1.211123808360192925e+03 1.180842675781250000e+04 1.187642674055860334e+04
1.211144242426380515e+03 1.180401367187500000e+04 1.187665670559060163e+04
1.211164676492102444e+03 1.181064550781250000e+04 1.187688274205601920e+04
1.211185110657941550e+03 1.182223925781250000e+04 1.187710470195634298e+04
1.211205544723663479e+03 1.183205371093750000e+04 1.187732243403494431e+04
1.211225978689268231e+03 1.186412500000000000e+04 1.187753578927398667e+04
1.211246412854641676e+03 1.187736718750000000e+04 1.187774462169086109e+04
1.211266846920363605e+03 1.187748144531250000e+04 1.187794877911090225e+04
1.211287280885502696e+03 1.187610937500000000e+04 1.187814811251355968e+04
1.211307715050410479e+03 1.187688183593750000e+04 1.187834247571188098e+04
1.211328149115666747e+03 1.188619042968750000e+04 1.187853171673993347e+04
1.211348583080340177e+03 1.188616210937500000e+04 1.187871572669335001e+04
1.211369017245247960e+03 1.187985449218750000e+04 1.187889455954216101e+04
1.211389451309572905e+03 1.187137304687500000e+04 1.187906830394124154e+04
1.211409885474015027e+03 1.188160449218750000e+04 1.187923705292341401e+04
1.211430319438222796e+03 1.187250488281250000e+04 1.187940089536977393e+04
1.211450753502547741e+03 1.188036718750000000e+04 1.187955992504959067e+04
1.211491621630731970e+03 1.188491015625000000e+04 1.187986390896287776e+04
1.211512055694591254e+03 1.187690917968750000e+04 1.188000904584692034e+04
1.211532489858567715e+03 1.187620800781250000e+04 1.188014973512921279e+04
1.211552923821844161e+03 1.188341992187500000e+04 1.188028606609619965e+04
1.211573357885237783e+03 1.188033984375000000e+04 1.188041813211198496e+04
1.211593792048748583e+03 1.188048730468750000e+04 1.188054602443970543e+04
1.211614226012025028e+03 1.186988183593750000e+04 1.188066983255494779e+04
1.211634660175070167e+03 1.187656445312500000e+04 1.188078965020720352e+04
1.211655094237998128e+03 1.187686816406250000e+04 1.188090556693425424e+04
1.211675528200808913e+03 1.187618945312500000e+04 1.188101767411792025e+04
1.211695962363854051e+03 1.187762792968750000e+04 1.188112606470364699e+04
1.211716396326199174e+03 1.187732421875000000e+04 1.188123082788941610e+04
1.211736830388661474e+03 1.188317968750000000e+04 1.188133205656919745e+04
1.211798132575117052e+03 1.187972070312500000e+04 1.188161544568753015e+04
1.211818566737230867e+03 1.188326855468750000e+04 1.188170344792827927e+04
1.211859434860758483e+03 1.187924121093750000e+04 1.188187030765024065e+04
1.211879868922289461e+03 1.188513281250000000e+04 1.188194934822074356e+04
1.211900302983820438e+03 1.187565039062500000e+04 1.188202558436511754e+04
1.211920737145468593e+03 1.186826074218750000e+04 1.188209910776223114e+04
1.211941171106416732e+03 1.187939062500000000e+04 1.188217000867446041e+04
1.211961605167482048e+03 1.187849414062500000e+04 1.188223837948983601e+04
1.211982039328664541e+03 1.187962207031250000e+04 1.188230431149697688e+04
1.212002473289612681e+03 1.189068945312500000e+04 1.188236789506940113e+04
1.212022907449863851e+03 1.186697558593750000e+04 1.188242922277621983e+04
1.212043341510929167e+03 1.188972265625000000e+04 1.188248838503037769e+04
1.212084209631662816e+03 1.188700781250000000e+04 1.188260057938680438e+04
1.212104643691796809e+03 1.187995605468750000e+04 1.188265379414079871e+04
1.212125077651813626e+03 1.187697265625000000e+04 1.188270520879827745e+04
1.212165945871733129e+03 1.188393359375000000e+04 1.188280300460900617e+04
1.212186379831284285e+03 1.189207617187500000e+04 1.188284956769273049e+04
1.212206813991069794e+03 1.188434375000000000e+04 1.188289469667725461e+04
1.212227248050272465e+03 1.188046484375000000e+04 1.188293848221306689e+04
1.212247682209592313e+03 1.188676171875000000e+04 1.188298101605635748e+04
1.212268116168677807e+03 1.188507226562500000e+04 1.188302238891580419e+04
1.212288550227880478e+03 1.188122363281250000e+04 1.188306269273295402e+04
1.212308984286617488e+03 1.188531835937500000e+04 1.188310201862655958e+04
1.212329418345820159e+03 1.188670996093750000e+04 1.188314045792352954e+04
1.212349852404557168e+03 1.188105078125000000e+04 1.188317810194721824e+04
1.212370286462828517e+03 1.188055175781250000e+04 1.188321504202278447e+04
1.212411154579836875e+03 1.188532617187500000e+04 1.188328717563337159e+04
1.212431588737759739e+03 1.188599023437500000e+04 1.188332255198939856e+04
1.212452022695913911e+03 1.188007910156250000e+04 1.188335758935454396e+04
1.212472456853836775e+03 1.187616503906250000e+04 1.188339237973958006e+04
1.212492890911642462e+03 1.187573437500000000e+04 1.188342701395743643e+04
1.212513324869330972e+03 1.187657910156250000e+04 1.188346158333483618e+04
1.212533759026788175e+03 1.189130566406250000e+04 1.188349617970417603e+04
1.212554193084128201e+03 1.187970996093750000e+04 1.188353089388324588e+04
1.212574627041351050e+03 1.188313281250000000e+04 1.188356581719472160e+04
1.212595061198808253e+03 1.189035449218750000e+04 1.188360104147901075e+04
1.212615495255682617e+03 1.188041894531250000e+04 1.188363665754507019e+04
1.212635929412674159e+03 1.188458007812500000e+04 1.188367275706875807e+04
1.212656363369431347e+03 1.188233398437500000e+04 1.188370943084055216e+04
1.212676797426305711e+03 1.188307226562500000e+04 1.188374677072013947e+04
1.212697231582831591e+03 1.189478125000000000e+04 1.188378486804218483e+04
1.212717665539123118e+03 1.188707324218750000e+04 1.188382381356662518e+04
1.212738099595531821e+03 1.189535644531250000e+04 1.188386366189204455e+04
1.212758533751592040e+03 1.188720019531250000e+04 1.188390431807785899e+04
1.212778967707417905e+03 1.189111914062500000e+04 1.188394564937028554e+04
1.212799401763360947e+03 1.188976074218750000e+04 1.188398752422039615e+04
1.212819835918955505e+03 1.188828222656250000e+04 1.188402981048243601e+04
1.212840269874781370e+03 1.188129785156250000e+04 1.188407237538261688e+04
1.212860704030375928e+03 1.189207910156250000e+04 1.188411508760053039e+04
1.212881138085853308e+03 1.187792285156250000e+04 1.188415781435830468e+04
1.212901572140865028e+03 1.188839257812500000e+04 1.188420042371219461e+04
1.212922006195876747e+03 1.188509082031250000e+04 1.188424278351138491e+04
1.212942440250888467e+03 1.187667871093750000e+04 1.188428476160409627e+04
1.212962874305900186e+03 1.189517480468750000e+04 1.188432622583854391e+04
1.212983308360446244e+03 1.187157714843750000e+04 1.188436704406202261e+04
1.213003742414992303e+03 1.188830957031250000e+04 1.188440708412370623e+04
1.213024176469538361e+03 1.187363378906250000e+04 1.188444621387181905e+04
1.213044610524084419e+03 1.188784472656250000e+04 1.188448430115459269e+04
1.213065044578630477e+03 1.188528808593750000e+04 1.188452121382024598e+04
1.213085478732362390e+03 1.188537011718750000e+04 1.188455681988644938e+04
1.213105912686325610e+03 1.189343359375000000e+04 1.188459098669081141e+04
1.213126346740406007e+03 1.188817480468750000e+04 1.188462358259384382e+04
1.213146780894137919e+03 1.189210937500000000e+04 1.188465447541903632e+04
1.213167214847635478e+03 1.189405371093750000e+04 1.188468353257447779e+04
1.213187648900784552e+03 1.188450097656250000e+04 1.188471062234872807e+04
1.213208083054050803e+03 1.187689453125000000e+04 1.188473561256083849e+04
1.213228517007548362e+03 1.187720312500000000e+04 1.188475837070830312e+04
1.213248951060697436e+03 1.187910644531250000e+04 1.188477876498958722e+04
1.213269385213498026e+03 1.188505175781250000e+04 1.188479666321738114e+04
1.213289819166529924e+03 1.188361132812500000e+04 1.188481193299667211e+04
1.213310253318864852e+03 1.188095019531250000e+04 1.188482444247316744e+04
1.213330687371548265e+03 1.187620507812500000e+04 1.188483405929159744e+04
1.213351121324114501e+03 1.188401660156250000e+04 1.188484065134339471e+04
1.213371555475983769e+03 1.188351660156250000e+04 1.188484408655075458e+04
1.213391989528201520e+03 1.188435937500000000e+04 1.188484423268827595e+04
1.213412423580419272e+03 1.189627441406250000e+04 1.188484095762878496e+04
1.213432857632171363e+03 1.187792578125000000e+04 1.188483412922074967e+04
1.213453291683923453e+03 1.188537207031250000e+04 1.188482361531241258e+04
1.213473725735675544e+03 1.188654980468750000e+04 1.188480928375205622e+04
1.213494159787427634e+03 1.188096972656250000e+04 1.188479100238795399e+04
1.213514593838714063e+03 1.187842968750000000e+04 1.188476863906894869e+04
1.213535027990117669e+03 1.189167773437500000e+04 1.188474206150219834e+04
1.213555462040938437e+03 1.188339062500000000e+04 1.188471113779663756e+04
1.213575895992107689e+03 1.188951464843750000e+04 1.188467573586400613e+04
1.213596330143045634e+03 1.188346484375000000e+04 1.188463572300029045e+04
1.213616764193866402e+03 1.187974414062500000e+04 1.188459096760695320e+04
1.213637198144104332e+03 1.187199218750000000e+04 1.188454133760416516e+04
1.213657632294576615e+03 1.188239843750000000e+04 1.188448670007328838e+04
1.213678066344931722e+03 1.188743359375000000e+04 1.188442692362861271e+04
1.213698500395286828e+03 1.188216601562500000e+04 1.188436187586311098e+04
1.213718934445176274e+03 1.188228613281250000e+04 1.188429142462676100e+04
1.213739368395414203e+03 1.188791308593750000e+04 1.188421543815073346e+04
1.213759802545420825e+03 1.187588183593750000e+04 1.188413378312857822e+04
1.213780236594844609e+03 1.189658593750000000e+04 1.188404632856723038e+04
1.213800670544616878e+03 1.188390332031250000e+04 1.188395294239724899e+04
1.213821104693692178e+03 1.189178222656250000e+04 1.188385349105664682e+04
1.213841538743115962e+03 1.188458593750000000e+04 1.188374784380405617e+04
1.213861972692422569e+03 1.189210546875000000e+04 1.188363586858204872e+04
1.213882406841497868e+03 1.188307714843750000e+04 1.188351743154867472e+04
1.213902840890455991e+03 1.187840039062500000e+04 1.188339240224283276e+04
1.213923275039065629e+03 1.188017480468750000e+04 1.188326064728937126e+04
1.213943708987906575e+03 1.188332226562500000e+04 1.188312203651728487e+04
1.213964143036399037e+03 1.186812304687500000e+04 1.188297643579456235e+04
1.213984577184543014e+03 1.188862011718750000e+04 1.188282371286632406e+04
1.214005011132918298e+03 1.188616406250000000e+04 1.188266373787174052e+04
1.214025445180945098e+03 1.188284179687500000e+04 1.188249637636866282e+04
1.214045879329089075e+03 1.188735253906250000e+04 1.188232149609235057e+04
1.214066313377115875e+03 1.187893359375000000e+04 1.188213896660427054e+04
1.214086747325025499e+03 1.189764062500000000e+04 1.188194865586619380e+04
1.214107181472238153e+03 1.189036718750000000e+04 1.188175042888052849e+04
1.214148049566894770e+03 1.187663476562500000e+04 1.188133004735184477e+04
1.214168483614455909e+03 1.188023730468750000e+04 1.188110809782639262e+04
1.214188917661551386e+03 1.187203906250000000e+04 1.188087847490559216e+04
1.214209351708181202e+03 1.188225781250000000e+04 1.188064130291884430e+04
1.214229785755276680e+03 1.187809667968750000e+04 1.188039670618422679e+04
1.214250219801906496e+03 1.188266406250000000e+04 1.188014480904177799e+04
1.214270653948653489e+03 1.188178417968750000e+04 1.187988573452816308e+04
1.214291087894700468e+03 1.188028710937500000e+04 1.187961961083855567e+04
1.214311521941330284e+03 1.187128027343750000e+04 1.187934655842956272e+04
1.214331955987494439e+03 1.188255371093750000e+04 1.187906670292921262e+04
1.214352390033658594e+03 1.188581542968750000e+04 1.187878016866023609e+04
1.214372824179474264e+03 1.187399414062500000e+04 1.187848707850641040e+04
1.214393258125055581e+03 1.187246582031250000e+04 1.187818756114568896e+04
1.214413692170754075e+03 1.187591601562500000e+04 1.187788173655138598e+04
1.214434126316104084e+03 1.187112695312500000e+04 1.187756972896777734e+04
1.214454560261685401e+03 1.186997753906250000e+04 1.187725166734036793e+04
1.214474994306918234e+03 1.186895117187500000e+04 1.187692767138163981e+04
1.214495428451802582e+03 1.187398144531250000e+04 1.187659786533456281e+04
1.214515862396918237e+03 1.187249902343750000e+04 1.187626237840269641e+04
1.214536296441685408e+03 1.186613476562500000e+04 1.187592133004044081e+04
1.214556730586569756e+03 1.187459570312500000e+04 1.187557484448825198e+04
1.214577164531219751e+03 1.187720312500000000e+04 1.187522305120714373e+04
1.214597598675638437e+03 1.187174804687500000e+04 1.187486606764043790e+04
1.214618032719939947e+03 1.188237597656250000e+04 1.187450402331833902e+04
1.214638466764241457e+03 1.187074707031250000e+04 1.187413704083323864e+04
1.214658900808077306e+03 1.188533300781250000e+04 1.187376524452250487e+04
1.214679334852378815e+03 1.187157714843750000e+04 1.187338875869802723e+04
1.214699768896214664e+03 1.186692871093750000e+04 1.187300770770580129e+04
1.214720203039702028e+03 1.188390234375000000e+04 1.187262221397555186e+04
1.214740636982955039e+03 1.187221191406250000e+04 1.187223240752568563e+04
1.214761071026790887e+03 1.186300585937500000e+04 1.187183840697778578e+04
1.214781505169812590e+03 1.186987304687500000e+04 1.187144033662703623e+04
1.214801939113065600e+03 1.187280859375000000e+04 1.187103832665551818e+04
1.214822373256087303e+03 1.187880566406250000e+04 1.187063249353250649e+04
1.214842807298526168e+03 1.187374511718750000e+04 1.187022296752444527e+04
1.214863241241779178e+03 1.188420117187500000e+04 1.186980987298542095e+04
1.214883675384335220e+03 1.188044531250000000e+04 1.186939332818433468e+04
1.214904109426774085e+03 1.187010644531250000e+04 1.186897346352880595e+04
1.214924543369095773e+03 1.186621093750000000e+04 1.186855040339555489e+04
1.214944977511186153e+03 1.186276464843750000e+04 1.186812426588182461e+04
1.214965411553159356e+03 1.186333007812500000e+04 1.186769518154810612e+04
1.214985845495015383e+03 1.186466796875000000e+04 1.186726327476563165e+04
1.215006279637105763e+03 1.187679199218750000e+04 1.186682866349459255e+04
1.215026713678613305e+03 1.185613574218750000e+04 1.186639147844237959e+04
1.215067581761628389e+03 1.187239062500000000e+04 1.186550987791134867e+04
1.215088015802670270e+03 1.186787597656250000e+04 1.186506571110024743e+04
1.215108449844177812e+03 1.187175292968750000e+04 1.186461946568027815e+04
1.215128883885219693e+03 1.186408691406250000e+04 1.186417126600055963e+04
1.215149317925795913e+03 1.187142968750000000e+04 1.186372123638999983e+04
1.215169751966837794e+03 1.185863769531250000e+04 1.186326950115685759e+04
1.215190186007414013e+03 1.186227929687500000e+04 1.186281618465050269e+04
1.215210620047990233e+03 1.185728125000000000e+04 1.186236141118942032e+04
1.215231054088100791e+03 1.186236425781250000e+04 1.186190530511279576e+04
1.215251488128211349e+03 1.185776953125000000e+04 1.186144799073903778e+04
1.215271922268439084e+03 1.186421972656250000e+04 1.186098959014852335e+04
1.215292356308083981e+03 1.186399414062500000e+04 1.186053023217287046e+04
1.215312790248077363e+03 1.186366992187500000e+04 1.186007004113309267e+04
1.215333224387839437e+03 1.186941699218750000e+04 1.185960913460919073e+04
1.215353658427018672e+03 1.186125488281250000e+04 1.185914764369969635e+04
1.215394526505842805e+03 1.186396777343750000e+04 1.185822339922714309e+04
1.215414960545022041e+03 1.185072753906250000e+04 1.185776089433210291e+04
1.215435394684318453e+03 1.185445703125000000e+04 1.185729829783287096e+04
1.215455828622914851e+03 1.185766308593750000e+04 1.185683574086824956e+04
1.215476262661628425e+03 1.184381738281250000e+04 1.185637334095691040e+04
1.215496696800459176e+03 1.184914062500000000e+04 1.185591122243084828e+04
1.215517130738589913e+03 1.186015722656250000e+04 1.185544952559054218e+04
1.215537564777303487e+03 1.186516894531250000e+04 1.185498841376256678e+04
1.215557998915202916e+03 1.184415429687500000e+04 1.185452806627284554e+04
1.215578432853333652e+03 1.185462500000000000e+04 1.185406866913427257e+04
1.215598866891115904e+03 1.185356640625000000e+04 1.185361039489233735e+04
1.215619301029480994e+03 1.185710644531250000e+04 1.185315342282848724e+04
1.215639734966680408e+03 1.185673828125000000e+04 1.185269793896471856e+04
1.215660169104579836e+03 1.184855664062500000e+04 1.185224411362881074e+04
1.215680603141896427e+03 1.184047753906250000e+04 1.185179213280912882e+04
1.215701037079095840e+03 1.184950292968750000e+04 1.185134217575135335e+04
1.215721471216063946e+03 1.185241503906250000e+04 1.185089441515209910e+04
1.215741905153263360e+03 1.184285644531250000e+04 1.185044903904945204e+04
1.215762339190114290e+03 1.184762890625000000e+04 1.185000622018379181e+04
1.215782773326616734e+03 1.184771386718750000e+04 1.184956613787831338e+04
1.215803207363467664e+03 1.183736035156250000e+04 1.184912897571050780e+04
1.215823641299735755e+03 1.187757031250000000e+04 1.184869491294051659e+04
1.215844075436238199e+03 1.184446386718750000e+04 1.184826412248626912e+04
1.215864509472157806e+03 1.184162890625000000e+04 1.184783678999840231e+04
1.215884943508077413e+03 1.184675292968750000e+04 1.184741309263263611e+04
1.215905377544462681e+03 1.185281054687500000e+04 1.184699320966386222e+04
1.215925811579916626e+03 1.185543945312500000e+04 1.184657732040507108e+04
1.215946245715487748e+03 1.184339453125000000e+04 1.184616560211474643e+04
1.215966679651290178e+03 1.184962304687500000e+04 1.184575824008814925e+04
1.215987113686744124e+03 1.183790722656250000e+04 1.184535540760815820e+04
1.216007547821849585e+03 1.184770214843750000e+04 1.184495728402678651e+04
1.216027981756720692e+03 1.184825390625000000e+04 1.184456405443552285e+04
1.216048415791708976e+03 1.184205664062500000e+04 1.184417589230242447e+04
1.216068849926348776e+03 1.184668164062500000e+04 1.184379297699638482e+04
1.216089283861219883e+03 1.184516894531250000e+04 1.184341549337317338e+04
1.216109717995859683e+03 1.184880273437500000e+04 1.184304361333754423e+04
1.216130152030382305e+03 1.184700683593750000e+04 1.184267752167294384e+04
1.216150585964787751e+03 1.183816308593750000e+04 1.184231739757738433e+04
1.216171020098961890e+03 1.184057324218750000e+04 1.184196341509461308e+04
1.216191454133018851e+03 1.183971875000000000e+04 1.184161575874935261e+04
1.216211888066492975e+03 1.184656738281250000e+04 1.184127460773938219e+04
1.216232322200201452e+03 1.183419433593750000e+04 1.184094013637527678e+04
1.216252756234258413e+03 1.183812500000000000e+04 1.184061252889979369e+04
1.216273190267384052e+03 1.184556542968750000e+04 1.184029196296418195e+04
1.216293624300975353e+03 1.185595996093750000e+04 1.183997861783064218e+04
1.216314058334100991e+03 1.184142089843750000e+04 1.183967267279779844e+04
1.216334492466878146e+03 1.184188867187500000e+04 1.183937430570648939e+04
1.216354926400352269e+03 1.184393359375000000e+04 1.183908370014989669e+04
1.216395794465672225e+03 1.184730664062500000e+04 1.183852647930032253e+04
1.216416228497866541e+03 1.184522753906250000e+04 1.183826022401154114e+04
1.216436662530526519e+03 1.183647460937500000e+04 1.183800244451572507e+04
1.216457096562720835e+03 1.182454003906250000e+04 1.183775332010894272e+04
1.216477530594915152e+03 1.183491210937500000e+04 1.183751303006954186e+04
1.216497964626643807e+03 1.183821875000000000e+04 1.183728175368700431e+04
1.216518398758489639e+03 1.183990429687500000e+04 1.183705966917476690e+04
1.216538832690101117e+03 1.183227148437500000e+04 1.183684695901301529e+04
1.216559266821946949e+03 1.182706640625000000e+04 1.183664379831848055e+04
1.216579700853209943e+03 1.183493750000000000e+04 1.183645036943656305e+04
1.216600134784355760e+03 1.183212988281250000e+04 1.183626685150247431e+04
1.216620568915735930e+03 1.182847167968750000e+04 1.183609342117674169e+04
1.216641002946533263e+03 1.183778417968750000e+04 1.183593026037102754e+04
1.216661436877679080e+03 1.184150000000000000e+04 1.183577754820992050e+04
1.216681871008593589e+03 1.183756152343750000e+04 1.183563546181767924e+04
1.216702305038925260e+03 1.184048632812500000e+04 1.183550418264484324e+04
1.216722738969605416e+03 1.182537402343750000e+04 1.183538388980955096e+04
1.216743173099588603e+03 1.183272851562500000e+04 1.183527476091739300e+04
1.216763607129920274e+03 1.182861328125000000e+04 1.183517697693131413e+04
1.216784041259903461e+03 1.183314257812500000e+04 1.183509071618375128e+04
1.216804475190117955e+03 1.183803710937500000e+04 1.183501615913736896e+04
1.216824909219983965e+03 1.183543359375000000e+04 1.183495348389749415e+04
1.216845343349501491e+03 1.183471289062500000e+04 1.183490286992352776e+04
1.216865777279250324e+03 1.182502929687500000e+04 1.183486449715185154e+04
1.216886211308185011e+03 1.183529492187500000e+04 1.183483854421447904e+04
1.216906645437702537e+03 1.183932812500000000e+04 1.183482513011965420e+04
1.216927079466637224e+03 1.186613476562500000e+04 1.183482413230443854e+04
1.216947513395920396e+03 1.183250781250000000e+04 1.183483536758921218e+04
1.216967947524506599e+03 1.184142871093750000e+04 1.183485865322853351e+04
1.216988381553441286e+03 1.184355175781250000e+04 1.183489380597102900e+04
1.217008815581910312e+03 1.185370703125000000e+04 1.183494064290140886e+04
1.217029249610379338e+03 1.183605175781250000e+04 1.183499898102194493e+04
1.217049683638382703e+03 1.183805175781250000e+04 1.183506863733252248e+04
1.217070117666386068e+03 1.182786035156250000e+04 1.183514942883596268e+04
1.217090551694389433e+03 1.183629101562500000e+04 1.183524117253387885e+04
1.217110985622275621e+03 1.183098437500000000e+04 1.183534368489953704e+04
1.217131419750396162e+03 1.183934375000000000e+04 1.183545678451959975e+04
1.217151853777468204e+03 1.183698242187500000e+04 1.183558028680477764e+04
1.217172287705354393e+03 1.183280664062500000e+04 1.183571400861637812e+04
1.217192721832543612e+03 1.183652343750000000e+04 1.183585776898359836e+04
1.217213155859615654e+03 1.183255566406250000e+04 1.183601138287419599e+04
1.217233589986804873e+03 1.183806933593750000e+04 1.183617466879313361e+04
1.217254023913759738e+03 1.183719824218750000e+04 1.183634744127181875e+04
1.217274457940366119e+03 1.184011523437500000e+04 1.183652951977787961e+04
1.217294892067089677e+03 1.183009082031250000e+04 1.183672072145222410e+04
1.217315325993578881e+03 1.184227636718750000e+04 1.183692086041998118e+04
1.217335760019719601e+03 1.183137304687500000e+04 1.183712975655447008e+04
1.217356194145977497e+03 1.184898535156250000e+04 1.183734722698917903e+04
1.217376628072466701e+03 1.187285546875000000e+04 1.183757308547240973e+04
1.217397062098141760e+03 1.184609277343750000e+04 1.183780715224870983e+04
1.217417496223933995e+03 1.182726269531250000e+04 1.183804924444915378e+04
1.217437930249609053e+03 1.184386718750000000e+04 1.183829917670240320e+04
1.217458364275284111e+03 1.183852832031250000e+04 1.183855676717676033e+04
1.217478798300493509e+03 1.184071484375000000e+04 1.183882183286778672e+04
1.217499232325702906e+03 1.183286425781250000e+04 1.183909419078294923e+04
1.217519666350912303e+03 1.183959472656250000e+04 1.183937365792394485e+04
1.217540100375656039e+03 1.183258593750000000e+04 1.183966005128585675e+04
1.217560534400865436e+03 1.183968750000000000e+04 1.183995318788343502e+04
1.217580968525260687e+03 1.183725683593750000e+04 1.184025288618226114e+04
1.217601402449887246e+03 1.184457031250000000e+04 1.184055895875186980e+04
1.217621836474165320e+03 1.183457226562500000e+04 1.184087122703245404e+04
1.217642270598560572e+03 1.183180468750000000e+04 1.184118950812234471e+04
1.217662704522721469e+03 1.184213964843750000e+04 1.184151361430171164e+04
1.217683138646651059e+03 1.185701660156250000e+04 1.184184336891539897e+04
1.217703572670463473e+03 1.184975390625000000e+04 1.184217858416659510e+04
1.217724006594158709e+03 1.184141308593750000e+04 1.184251907697807837e+04
1.217744440717622638e+03 1.184648242187500000e+04 1.184286466938634840e+04
1.217764874641317874e+03 1.184014160156250000e+04 1.184321517163714816e+04
1.217785308664664626e+03 1.184087988281250000e+04 1.184357040583249545e+04
1.217805742787662894e+03 1.184437207031250000e+04 1.184393018904199562e+04
1.217826176710426807e+03 1.185294140625000000e+04 1.184429433295463969e+04
1.217846610733773559e+03 1.184490722656250000e+04 1.184466265990143074e+04
1.217867044856306165e+03 1.184055761718750000e+04 1.184503498691891218e+04
1.217887478779070079e+03 1.184120996093750000e+04 1.184541112553301355e+04
1.217907912901602685e+03 1.184790234375000000e+04 1.184579090009880747e+04
1.217928346924018115e+03 1.185657617187500000e+04 1.184617412207070811e+04
1.217948780945967883e+03 1.185235058593750000e+04 1.184656061029359989e+04
1.217969214967917651e+03 1.184730761718750000e+04 1.184695018177795282e+04
1.217989648989867419e+03 1.184890917968750000e+04 1.184734265352554939e+04
1.218010083011351526e+03 1.185424023437500000e+04 1.184773784252913174e+04
1.218050951054785401e+03 1.185683007812500000e+04 1.184853564034729425e+04
1.218071385076269507e+03 1.184253125000000000e+04 1.184893788315636448e+04
1.218091819097287953e+03 1.184348144531250000e+04 1.184934211122825945e+04
1.218112253118306398e+03 1.185947363281250000e+04 1.184974814157392393e+04
1.218132687238976359e+03 1.184283496093750000e+04 1.185015579318681375e+04
1.218153121259994805e+03 1.185047558593750000e+04 1.185056487909198950e+04
1.218173555180430412e+03 1.184443847656250000e+04 1.185097521625284935e+04
1.218193989301100373e+03 1.185108105468750000e+04 1.185138662772023781e+04
1.218214423321653157e+03 1.183902539062500000e+04 1.185179892445625228e+04
1.218234857242088765e+03 1.184704492187500000e+04 1.185221192345100826e+04
1.218255291361827403e+03 1.184536035156250000e+04 1.185262544776228606e+04
1.218275725381914526e+03 1.185353417968750000e+04 1.185303930834534731e+04
1.218296159501653165e+03 1.186328027343750000e+04 1.185345334992670905e+04
1.218316593421157449e+03 1.187277734375000000e+04 1.185386750177330941e+04
1.218337027440778911e+03 1.185891406250000000e+04 1.185428172895286116e+04
1.218357461560051888e+03 1.185404589843750000e+04 1.185469599043766175e+04
1.218377895479556173e+03 1.185060253906250000e+04 1.185511023913849567e+04
1.218398329498711973e+03 1.185891210937500000e+04 1.185552444010651016e+04
1.218418763517402112e+03 1.185391503906250000e+04 1.185593855029300175e+04
1.218439197536557913e+03 1.186246777343750000e+04 1.185635252869780379e+04
1.218459631455130875e+03 1.185460449218750000e+04 1.185676633225605838e+04
1.218480065573472530e+03 1.185285058593750000e+04 1.185717992602964841e+04
1.218500499592162669e+03 1.185771289062500000e+04 1.185759326293749291e+04
1.218520933610387146e+03 1.185329199218750000e+04 1.185800630396870474e+04
1.218541367628145963e+03 1.184908398437500000e+04 1.185841900810426887e+04
1.218561801646370441e+03 1.186360449218750000e+04 1.185883133434397314e+04
1.218582235764246434e+03 1.186454785156250000e+04 1.185924324366706787e+04
1.218602669681888074e+03 1.185662695312500000e+04 1.185965468901274107e+04
1.218623103699181229e+03 1.186015722656250000e+04 1.186006563540380193e+04
1.218643537816591561e+03 1.186480957031250000e+04 1.186047604182293799e+04
1.218663971833884716e+03 1.185142871093750000e+04 1.186088586322938863e+04
1.218684405751060694e+03 1.186625292968750000e+04 1.186129505861299913e+04
1.218704839868471026e+03 1.186241113281250000e+04 1.186170359296459719e+04
1.218725273884832859e+03 1.186942968750000000e+04 1.186211141923674950e+04
1.218745707802008837e+03 1.186937109375000000e+04 1.186251849645828770e+04
1.218766141918487847e+03 1.185660351562500000e+04 1.186292478955089609e+04
1.218786575934849679e+03 1.186359277343750000e+04 1.186333025153632843e+04
1.218807010050863028e+03 1.186221679687500000e+04 1.186373484535907119e+04
1.218827443967107683e+03 1.185241210937500000e+04 1.186413852407821832e+04
1.218847877983003855e+03 1.186685058593750000e+04 1.186454125259669127e+04
1.218868312099017203e+03 1.186379394531250000e+04 1.186494298989039271e+04
1.218888746014796197e+03 1.187039257812500000e+04 1.186534368904286930e+04
1.218909180030226707e+03 1.186313378906250000e+04 1.186574331492345664e+04
1.218929614145774394e+03 1.187050781250000000e+04 1.186614182650618386e+04
1.218950048061087728e+03 1.186016210937500000e+04 1.186653917692291907e+04
1.218970482076052576e+03 1.186287500000000000e+04 1.186693533099476008e+04
1.218990916191134602e+03 1.186558886718750000e+04 1.186733024769386247e+04
1.219011350105982274e+03 1.185896875000000000e+04 1.186772388020583094e+04
1.219031784220598638e+03 1.186622460937500000e+04 1.186811619521696775e+04
1.219052218135446310e+03 1.187400097656250000e+04 1.186850714403781240e+04
1.219072652149945498e+03 1.186329980468750000e+04 1.186889669138808677e+04
1.219093086264096200e+03 1.186028125000000000e+04 1.186928479622795567e+04
1.219113520178012550e+03 1.187320996093750000e+04 1.186967141185354922e+04
1.219133954192046076e+03 1.187942675781250000e+04 1.187005650293963481e+04
1.219154388306196779e+03 1.187425390625000000e+04 1.187044002844446732e+04
1.219174822319764644e+03 1.187377539062500000e+04 1.187082194358201741e+04
1.219195256233215332e+03 1.187480761718750000e+04 1.187120220736599549e+04
1.219215690346900374e+03 1.186946093750000000e+04 1.187158078435444986e+04
1.219236124360002577e+03 1.186573144531250000e+04 1.187195762794276743e+04
1.219256558373570442e+03 1.187222851562500000e+04 1.187233269898814251e+04
1.219276992386672646e+03 1.187434472656250000e+04 1.187270595645449066e+04
1.219297426399309188e+03 1.188227636718750000e+04 1.187307735932293326e+04
1.219317860512062907e+03 1.188672460937500000e+04 1.187344686838871712e+04
1.219338294424582273e+03 1.187343554687500000e+04 1.187381443721573669e+04
1.219358728437218815e+03 1.188374218750000000e+04 1.187418003020211108e+04
1.219379162549506873e+03 1.187079003906250000e+04 1.187454360629120856e+04
1.219399596461560577e+03 1.187263574218750000e+04 1.187490511914340823e+04
1.219420030473731458e+03 1.187193945312500000e+04 1.187526453306871190e+04
1.219440464585553855e+03 1.187022949218750000e+04 1.187562180700883800e+04
1.219460898497141898e+03 1.186975878906250000e+04 1.187597689471755075e+04
1.219481332608964294e+03 1.187340722656250000e+04 1.187632976213469374e+04
1.219501766620203853e+03 1.188192382812500000e+04 1.187668036303023473e+04
1.219522200531791896e+03 1.188382128906250000e+04 1.187702865643475889e+04
1.219542634642682970e+03 1.187714941406250000e+04 1.187737460640785503e+04
1.219563068653922528e+03 1.187787500000000000e+04 1.187771816685197155e+04
1.219583502564579248e+03 1.188846093750000000e+04 1.187805929676786582e+04
1.219603936675470322e+03 1.188754589843750000e+04 1.187839796014052081e+04
1.219624370685778558e+03 1.187959570312500000e+04 1.187873411094721268e+04
1.219644804696552455e+03 1.188533789062500000e+04 1.187906770984965988e+04
1.219665238706395030e+03 1.188334375000000000e+04 1.187939871580616273e+04
1.219685672716703266e+03 1.188865332031250000e+04 1.187972709190972091e+04
1.219706106727011502e+03 1.186966796875000000e+04 1.188005281756596742e+04
1.219726540736854076e+03 1.186614843750000000e+04 1.188037587626296408e+04
1.219746974746230990e+03 1.188354199218750000e+04 1.188069625149628337e+04
1.219767408756073564e+03 1.187102636718750000e+04 1.188101392677593321e+04
1.219787842765450478e+03 1.187451855468750000e+04 1.188132888558282866e+04
1.219808276774827391e+03 1.187452539062500000e+04 1.188164111141963076e+04
1.219828710883855820e+03 1.188687500000000000e+04 1.188195058928425533e+04
1.219849144793115556e+03 1.188586425781250000e+04 1.188225729815761224e+04
1.219869578802026808e+03 1.188244140625000000e+04 1.188256122604970369e+04
1.219890012910589576e+03 1.188147167968750000e+04 1.188286235641510939e+04
1.219910446818917990e+03 1.188603125000000000e+04 1.188316066835065430e+04
1.219930880927480757e+03 1.188696582031250000e+04 1.188345615119801732e+04
1.219951314935926348e+03 1.189002539062500000e+04 1.188374878408858604e+04
1.219971748843789101e+03 1.188821386718750000e+04 1.188403855055317399e+04
1.219992182951886207e+03 1.187221386718750000e+04 1.188432543833193449e+04
1.220012616959866136e+03 1.187540136718750000e+04 1.188460942668221833e+04
1.220033050867728889e+03 1.188215234375000000e+04 1.188489049914214593e+04
1.220053484975360334e+03 1.188170703125000000e+04 1.188516864331070610e+04
1.220073918982874602e+03 1.188744238281250000e+04 1.188544383857984576e+04
1.220094352889806032e+03 1.188934375000000000e+04 1.188571606848224110e+04
1.220114786996971816e+03 1.188249023437500000e+04 1.188598532049915593e+04
1.220135221004020423e+03 1.188807519531250000e+04 1.188625157414644309e+04
1.220155655110720545e+03 1.189120312500000000e+04 1.188651481552239602e+04
1.220176089017651975e+03 1.187852148437500000e+04 1.188677502428738808e+04
1.220196523024234921e+03 1.189306445312500000e+04 1.188703218777199072e+04
1.220216957130469382e+03 1.187752050781250000e+04 1.188728628942692740e+04
1.220237391036935151e+03 1.189074218750000000e+04 1.188753730904684198e+04
1.220257825043052435e+03 1.189109277343750000e+04 1.188778523382803178e+04
1.220278259148821235e+03 1.189014160156250000e+04 1.188803004722049081e+04
1.220298693154938519e+03 1.188972753906250000e+04 1.188827173033177132e+04
1.220319127060472965e+03 1.188326367187500000e+04 1.188851026669239036e+04
1.220339561166241765e+03 1.188346679687500000e+04 1.188874564328626366e+04
1.220359995171427727e+03 1.188800488281250000e+04 1.188897784012056763e+04
1.220380429176613688e+03 1.188821582031250000e+04 1.188920684185710343e+04
1.220400863181799650e+03 1.189804199218750000e+04 1.188943263199127978e+04
1.220421297186985612e+03 1.188772363281250000e+04 1.188965519401850543e+04
1.220441731191705912e+03 1.189352050781250000e+04 1.188987451142922509e+04
1.220462165196426213e+03 1.187609082031250000e+04 1.189009056772395343e+04
1.220482599100563675e+03 1.188918261718750000e+04 1.189030334535883048e+04
1.220503033205401152e+03 1.188937304687500000e+04 1.189051283094234532e+04
1.220523467209190130e+03 1.189032421875000000e+04 1.189071900485231163e+04
1.220543901113793254e+03 1.188704687500000000e+04 1.189092185065172089e+04
1.220564335217699409e+03 1.189356250000000000e+04 1.189112135477452648e+04
1.220584769221488386e+03 1.188622070312500000e+04 1.189131749776842298e+04
1.220605203324928880e+03 1.189206250000000000e+04 1.189151026504631591e+04
1.220625637228600681e+03 1.189449023437500000e+04 1.189169963730390009e+04
1.220646071231923997e+03 1.189163183593750000e+04 1.189188560083645280e+04
1.220666505334898829e+03 1.188570312500000000e+04 1.189206813908938784e+04
1.220686939238104969e+03 1.189457031250000000e+04 1.189224723290864858e+04
1.220707373240962625e+03 1.190243847656250000e+04 1.189242286843926740e+04
1.220727807343937457e+03 1.189846875000000000e+04 1.189259502912981770e+04
1.220748241246677935e+03 1.189887890625000000e+04 1.189276369597081793e+04
1.220768675249069929e+03 1.189752050781250000e+04 1.189292885495885639e+04
1.220789109351579100e+03 1.188954492187500000e+04 1.189309048954152786e+04
1.220809543353505433e+03 1.189627636718750000e+04 1.189324858162675446e+04
1.220829977355897427e+03 1.189455566406250000e+04 1.189340311551773993e+04
1.220850411357823759e+03 1.189560644531250000e+04 1.189355407470286082e+04
1.220870845359750092e+03 1.189680664062500000e+04 1.189370144268108197e+04
1.220891279361210763e+03 1.189855957031250000e+04 1.189384520294459071e+04
1.220911713362671435e+03 1.190123242187500000e+04 1.189398533899221002e+04
1.220932147364132106e+03 1.189806933593750000e+04 1.189412183431934682e+04
1.220952581365127116e+03 1.189156640625000000e+04 1.189425467241843216e+04
1.220973015366122127e+03 1.189843066406250000e+04 1.189438383678804166e+04
1.220993449367117137e+03 1.189564062500000000e+04 1.189450931092358951e+04
1.221034317368175834e+03 1.188906640625000000e+04 1.189474912246887288e+04
1.221054751468822360e+03 1.189128515625000000e+04 1.189486342742320448e+04
1.221075185369234532e+03 1.189278515625000000e+04 1.189497402350092307e+04
1.221095619369298220e+03 1.189545019531250000e+04 1.189508113813465752e+04
1.221116053469479084e+03 1.189801367187500000e+04 1.189518504548783676e+04
1.221136487369425595e+03 1.189113378906250000e+04 1.189528601826543490e+04
1.221156921369023621e+03 1.189377539062500000e+04 1.189538433218033788e+04
1.221177355468738824e+03 1.189168359375000000e+04 1.189548026140781803e+04
1.221197789367754012e+03 1.189831835937500000e+04 1.189557407876193429e+04
1.221218223367352039e+03 1.188974414062500000e+04 1.189566605985081333e+04
1.221238657466135919e+03 1.189275292968750000e+04 1.189575647885323633e+04
1.221259091365616769e+03 1.189792871093750000e+04 1.189584560866855827e+04
1.221279525464400649e+03 1.189430859375000000e+04 1.189593372524722508e+04
1.221299959463067353e+03 1.189945800781250000e+04 1.189602110150134649e+04
1.221320393361616880e+03 1.190235644531250000e+04 1.189610801164974328e+04
1.221340827459935099e+03 1.189316503906250000e+04 1.189619473117581583e+04
1.221361261458136141e+03 1.189227343750000000e+04 1.189628153301611746e+04
1.221381695456337184e+03 1.189751171875000000e+04 1.189636869180573376e+04
1.221402129454072565e+03 1.189238964843750000e+04 1.189645648175261886e+04
1.221422563452273607e+03 1.188846875000000000e+04 1.189654517707072227e+04
1.221442997450008988e+03 1.189669726562500000e+04 1.189663505196595179e+04
1.221463431547395885e+03 1.189400488281250000e+04 1.189672638109963009e+04
1.221483865444548428e+03 1.189687695312500000e+04 1.189681943732928266e+04
1.221504299541935325e+03 1.189706640625000000e+04 1.189691449669036592e+04
1.221524733538739383e+03 1.190007617187500000e+04 1.189701183200869855e+04
1.221545167435891926e+03 1.190215039062500000e+04 1.189711171746316177e+04
1.221565601532813162e+03 1.189848730468750000e+04 1.189721442874738932e+04
1.221586035529151559e+03 1.190194726562500000e+04 1.189732023858279899e+04
1.221606469425838441e+03 1.191257128906250000e+04 1.189742942113654863e+04
1.221626903522294015e+03 1.189767285156250000e+04 1.189754225224452784e+04
1.221647337518632412e+03 1.190727148437500000e+04 1.189765900448809043e+04
1.221667771414387971e+03 1.190469140625000000e+04 1.189777995201465819e+04
1.221688205510377884e+03 1.189517382812500000e+04 1.189790537084665993e+04
1.221708639506250620e+03 1.189108984375000000e+04 1.189803553338401071e+04
1.221729073401540518e+03 1.188634472656250000e+04 1.189817071376168860e+04
1.221749507497064769e+03 1.188879199218750000e+04 1.189831118821764539e+04
1.221769941492471844e+03 1.189252148437500000e+04 1.189845722893653510e+04
1.221790375487878919e+03 1.188496875000000000e+04 1.189860911080326696e+04
1.221810809482820332e+03 1.190288769531250000e+04 1.189876710802401431e+04
1.221831243477761745e+03 1.190128027343750000e+04 1.189893149481199725e+04
1.221851677472237498e+03 1.189937207031250000e+04 1.189910254537307264e+04
1.221872111467178911e+03 1.188975585937500000e+04 1.189928053392485526e+04
1.221892545461654663e+03 1.189704589843750000e+04 1.189946573466905102e+04
1.221912979455664754e+03 1.189407812500000000e+04 1.189965842181495827e+04
1.221933413449674845e+03 1.189635351562500000e+04 1.189985886957651383e+04
1.221953847443684936e+03 1.189162011718750000e+04 1.190006735216349989e+04
1.221974281437695026e+03 1.189915917968750000e+04 1.190028414378571324e+04
1.221994715431239456e+03 1.190012109375000000e+04 1.190050951864770468e+04
1.222015149524901062e+03 1.190393457031250000e+04 1.190074375213386884e+04
1.222035583517979831e+03 1.190301074218750000e+04 1.190098711615418142e+04
1.222056017411407083e+03 1.190932226562500000e+04 1.190123988479326545e+04
1.222076451504603028e+03 1.191049902343750000e+04 1.190150233603519882e+04
1.222096885497216135e+03 1.190705664062500000e+04 1.190177474030321537e+04
1.222117319390177727e+03 1.190860351562500000e+04 1.190205737167115876e+04
1.222137753482908010e+03 1.190925683593750000e+04 1.190235050856670568e+04
1.222158187475521117e+03 1.190090429687500000e+04 1.190265442097509185e+04
1.222178621368017048e+03 1.190206152343750000e+04 1.190296938294562642e+04
1.222199055459816009e+03 1.190575488281250000e+04 1.190329567338500419e+04
1.222219489451963454e+03 1.190968359375000000e+04 1.190363356181276322e+04
1.222239923543762416e+03 1.190328515625000000e+04 1.190398332573711559e+04
1.222260357435792685e+03 1.190861328125000000e+04 1.190434523415407602e+04
1.222280791427474469e+03 1.190717382812500000e+04 1.190471956648648666e+04
1.222301225518807769e+03 1.189922949218750000e+04 1.190510659712778943e+04
1.222321659410372376e+03 1.190448437500000000e+04 1.190550659452187210e+04
1.222342093401122838e+03 1.190967968750000000e+04 1.190591983863405767e+04
1.222362527492456138e+03 1.191042773437500000e+04 1.190634660389851706e+04
1.222382961383089423e+03 1.191418750000000000e+04 1.190678715813193594e+04
1.222403395373839885e+03 1.190886621093750000e+04 1.190724178192707041e+04
1.222423829464707524e+03 1.189900878906250000e+04 1.190771074970236441e+04
1.222444263354875147e+03 1.189274609375000000e+04 1.190819432865640192e+04
1.222464697445277125e+03 1.188189160156250000e+04 1.190869280248844188e+04
