1.027646990255452693e+02 1.221104003906250000e+04 1.220354615129736703e+04
1.027851331522688270e+02 1.219936621093750000e+04 1.220384127758569412e+04
1.028055670787580311e+02 1.220207421875000000e+04 1.220411441660650416e+04
1.028260012050159276e+02 1.219756542968750000e+04 1.220436594275418065e+04
1.028464351310394704e+02 1.219806152343750000e+04 1.220459622014776687e+04
1.028668692572973669e+02 1.218890136718750000e+04 1.220480562234709214e+04
1.028873031833209097e+02 1.220029101562500000e+04 1.220499451429027431e+04
1.029077372089959681e+02 1.220377929687500000e+04 1.220516326794436100e+04
1.029281713347882032e+02 1.221597753906250000e+04 1.220531225206495583e+04
1.029486052598804235e+02 1.221491601562500000e+04 1.220544183364733544e+04
1.029690392855554819e+02 1.221084570312500000e+04 1.220555238378812828e+04
1.029894734108820558e+02 1.221079589843750000e+04 1.220564427124961367e+04
1.030099074356257915e+02 1.220183398437500000e+04 1.220571786417849580e+04
1.030303413607180119e+02 1.220435156250000000e+04 1.220577353188865527e+04
1.030507753854617476e+02 1.220002734375000000e+04 1.220581164396585882e+04
1.030712094102054834e+02 1.220303808593750000e+04 1.220583256913955483e+04
1.030916434344835579e+02 1.220715625000000000e+04 1.220583667645415153e+04
1.031120774592272937e+02 1.220944140625000000e+04 1.220582433495414080e+04
1.031325115831568837e+02 1.222047070312500000e+04 1.220579591350718511e+04
1.031529456074349582e+02 1.221834863281250000e+04 1.220575178143618541e+04
1.031938135549426079e+02 1.221344042968750000e+04 1.220561786170470077e+04
1.032142475787550211e+02 1.220608105468750000e+04 1.220552881180174336e+04
1.032346816021017730e+02 1.221335546875000000e+04 1.220542552735355639e+04
1.032551156254485250e+02 1.219662890625000000e+04 1.220530837740251081e+04
1.032755497489124537e+02 1.219883300781250000e+04 1.220517773032028708e+04
1.032959836721420288e+02 1.219954882812500000e+04 1.220503395716882733e+04
1.033164176950231194e+02 1.220825781250000000e+04 1.220487742497839281e+04
1.033368517179042101e+02 1.219935644531250000e+04 1.220470850346262887e+04
1.033572857403196394e+02 1.220709863281250000e+04 1.220452756167002008e+04
1.033777197627350688e+02 1.219838964843750000e+04 1.220433496864104745e+04
1.033981537851504982e+02 1.221887402343750000e+04 1.220413109341989912e+04
1.034185879076831043e+02 1.221025097656250000e+04 1.220391630397228073e+04
1.034390218299813569e+02 1.220741796875000000e+04 1.220369097257786780e+04
1.034594558514654636e+02 1.220502246093750000e+04 1.220345546505632228e+04
1.034798897737637162e+02 1.220432617187500000e+04 1.220321015273420562e+04
1.035003238953649998e+02 1.219637109375000000e+04 1.220295540100199833e+04
1.035207579168491066e+02 1.219228417968750000e+04 1.220269158256891751e+04
1.035411918382160366e+02 1.219586914062500000e+04 1.220241906660967288e+04
1.035616259593516588e+02 1.220109472656250000e+04 1.220213821810715672e+04
1.035820599808357656e+02 1.220480078125000000e+04 1.220184941016044831e+04
1.036024940018542111e+02 1.220385449218750000e+04 1.220155301047092144e+04
1.036229279222898185e+02 1.219287988281250000e+04 1.220124938958790153e+04
1.036433620429597795e+02 1.220637890625000000e+04 1.220093891203470594e+04
1.036637960635125637e+02 1.220084472656250000e+04 1.220062195136953596e+04
1.036842299839481711e+02 1.220489453125000000e+04 1.220029887672907353e+04
1.037046641041524708e+02 1.220901562500000000e+04 1.219997005237307349e+04
1.037250981247052550e+02 1.221366210937500000e+04 1.219963585212253020e+04
1.037455320442095399e+02 1.219364355468750000e+04 1.219929664512087038e+04
1.037659661644138396e+02 1.220347167968750000e+04 1.219895279536824273e+04
1.037864001840353012e+02 1.219663867187500000e+04 1.219860467694525687e+04
1.038068341035395861e+02 1.219050878906250000e+04 1.219825265894822951e+04
1.038272681231610477e+02 1.218952539062500000e+04 1.219789710697023474e+04
1.038477022419683635e+02 1.217938281250000000e+04 1.219753839002251334e+04
1.038681361614726484e+02 1.218083789062500000e+04 1.219717688241045471e+04
1.038885701801627874e+02 1.219990722656250000e+04 1.219681294791696018e+04
1.039090042994357646e+02 1.220734472656250000e+04 1.219644695552831399e+04
1.039294383176602423e+02 1.221106347656250000e+04 1.219607927790146096e+04
1.039498722366988659e+02 1.219935351562500000e+04 1.219571028406897676e+04
1.039703062549233437e+02 1.219255175781250000e+04 1.219534033949115474e+04
1.039907403732649982e+02 1.220045214843750000e+04 1.219496981318393227e+04
1.040111742913722992e+02 1.218433007812500000e+04 1.219459907963992737e+04
1.040316083095967770e+02 1.218293652343750000e+04 1.219422850245445443e+04
1.040520424274727702e+02 1.218984667968750000e+04 1.219385845068494746e+04
1.040724763451144099e+02 1.218807128906250000e+04 1.219348929880042488e+04
1.040929103624075651e+02 1.219923339843750000e+04 1.219312141041966424e+04
1.041133443801663816e+02 1.219218457031250000e+04 1.219275515638101206e+04
1.041337783969938755e+02 1.219364746093750000e+04 1.219239090575335649e+04
1.041542124142870307e+02 1.218479296875000000e+04 1.219202902755563991e+04
1.041746464315801859e+02 1.218347851562500000e+04 1.219166989084009947e+04
1.041950804484076798e+02 1.219574609375000000e+04 1.219131386465872856e+04
1.042155144647695124e+02 1.219120898437500000e+04 1.219096131805519326e+04
1.042359484815970063e+02 1.218387988281250000e+04 1.219061261994041888e+04
1.042563823978416622e+02 1.218618359375000000e+04 1.219026805643998341e+04
1.042768165143206716e+02 1.218078125000000000e+04 1.218992767359636855e+04
1.042972505302168429e+02 1.219338671875000000e+04 1.218959148759322306e+04
1.043176844459958375e+02 1.221176171875000000e+04 1.218925950950312836e+04
1.043381185620091856e+02 1.218568457031250000e+04 1.218893174561954220e+04
1.043585525779053569e+02 1.218298632812500000e+04 1.218860821193326046e+04
1.043789865933358669e+02 1.218278222656250000e+04 1.218828891797742290e+04
1.043994205086492002e+02 1.218667285156250000e+04 1.218797387641986643e+04
1.044198546241968870e+02 1.218295214843750000e+04 1.218766309380331950e+04
1.044402886391617358e+02 1.218518164062500000e+04 1.218735658587625221e+04
1.044607225544750690e+02 1.218088476562500000e+04 1.218705436370392272e+04
1.044811566690914333e+02 1.217956933593750000e+04 1.218675643403825234e+04
1.045015906840562820e+02 1.218121191406250000e+04 1.218646281241158249e+04
1.045220245984382927e+02 1.218709765625000000e+04 1.218617350991603598e+04
1.045424586129374802e+02 1.217562792968750000e+04 1.218588853485204527e+04
1.045628927270881832e+02 1.218710742187500000e+04 1.218560789843179009e+04
1.045833266410045326e+02 1.219515332031250000e+04 1.218533161588385519e+04
1.046037606550380588e+02 1.217848046875000000e+04 1.218505969425736657e+04
1.046241947687231004e+02 1.218614941406250000e+04 1.218479214476469861e+04
1.046446286826394498e+02 1.218231054687500000e+04 1.218452898243617346e+04
1.046650626962073147e+02 1.218910253906250000e+04 1.218427021452552617e+04
1.046854967097751796e+02 1.218434765625000000e+04 1.218401585346895627e+04
1.047059308229945600e+02 1.219169628906250000e+04 1.218376590920047965e+04
1.047263647359795868e+02 1.219434863281250000e+04 1.218352039649766084e+04
1.047467987490817904e+02 1.217602929687500000e+04 1.218327932286133182e+04
1.047672328618355095e+02 1.218016210937500000e+04 1.218304269950430898e+04
1.047876667743548751e+02 1.219995800781250000e+04 1.218281054100841902e+04
1.048081007869914174e+02 1.218260058593750000e+04 1.218258285507053915e+04
1.048285346990451217e+02 1.218929882812500000e+04 1.218235965506881985e+04
1.048489688117988408e+02 1.218424023437500000e+04 1.218214094888748332e+04
1.048694028235040605e+02 1.219676464843750000e+04 1.218192675093117759e+04
1.048898368356749415e+02 1.219411035156250000e+04 1.218171707124465138e+04
1.049102708473801613e+02 1.218669628906250000e+04 1.218151192097958847e+04
1.049307048590853810e+02 1.218819921875000000e+04 1.218131131127327899e+04
1.049511388707906008e+02 1.219112011718750000e+04 1.218111525326784249e+04
1.049715727823786438e+02 1.217778027343750000e+04 1.218092375903244647e+04
1.049920068932697177e+02 1.217750000000000000e+04 1.218073683693650310e+04
1.050124409045092762e+02 1.217427246093750000e+04 1.218055450089032092e+04
1.050328748151659966e+02 1.217458203125000000e+04 1.218037676197685505e+04
1.050533089260570705e+02 1.217205078125000000e+04 1.218020362875532737e+04
1.050737429368309677e+02 1.217705761718750000e+04 1.218003511494654958e+04
1.050941768474876881e+02 1.217922753906250000e+04 1.217987123162468197e+04
1.051146108577959239e+02 1.218013867187500000e+04 1.217971198832945083e+04
1.051350449677556753e+02 1.217499316406250000e+04 1.217955739627096045e+04
1.051554789780639112e+02 1.216595898437500000e+04 1.217940746809918346e+04
1.051759128877893090e+02 1.216852832031250000e+04 1.217926221489445015e+04
1.051963469977490604e+02 1.218214941406250000e+04 1.217912164569478045e+04
1.052167810071259737e+02 1.217291894531250000e+04 1.217898577374596425e+04
1.052372149168513715e+02 1.219765429687500000e+04 1.217885461011481675e+04
1.052576489262282848e+02 1.217291113281250000e+04 1.217872816466409313e+04
1.052780830352567136e+02 1.218624023437500000e+04 1.217860644860503817e+04
1.052985169445164502e+02 1.217680175781250000e+04 1.217848947482844960e+04
1.053189509534277022e+02 1.217263574218750000e+04 1.217837725272754506e+04
1.053393850619904697e+02 1.217822656250000000e+04 1.217826979351405680e+04
1.053598189707845449e+02 1.218442773437500000e+04 1.217816710986962971e+04
1.053802529792301357e+02 1.217861914062500000e+04 1.217806921139663245e+04
1.054006869876757264e+02 1.217494921875000000e+04 1.217797610974959389e+04
1.054211209956556559e+02 1.218642675781250000e+04 1.217788781607259443e+04
1.054415550036355853e+02 1.217366503906250000e+04 1.217780434150557267e+04
1.054619890116155148e+02 1.218178808593750000e+04 1.217772569719063904e+04
1.054824231197126210e+02 1.218123046875000000e+04 1.217765189392019602e+04
1.055028570271097124e+02 1.217646582031250000e+04 1.217758294388703871e+04
1.055232910346239805e+02 1.218093750000000000e+04 1.217751885718237463e+04
1.055437249420210719e+02 1.218801269531250000e+04 1.217745964557619845e+04
1.055641590487211943e+02 1.219863574218750000e+04 1.217740531937853666e+04
1.055845930557698011e+02 1.217832421875000000e+04 1.217735589056207391e+04
1.056050269627012312e+02 1.218812597656250000e+04 1.217731137019815469e+04
1.056254610694013536e+02 1.218445703125000000e+04 1.217727176881147716e+04
1.056458950759842992e+02 1.217765429687500000e+04 1.217723709816134942e+04
1.056663290825672448e+02 1.217688183593750000e+04 1.217720736918380135e+04
1.056867629890330136e+02 1.217599218750000000e+04 1.217718259313017916e+04
1.057071970948018134e+02 1.218201074218750000e+04 1.217716278074421643e+04
1.057276311009190977e+02 1.217733398437500000e+04 1.217714793479665968e+04
1.057480650069192052e+02 1.217822460937500000e+04 1.217713804091724705e+04
1.057684991126880050e+02 1.217242285156250000e+04 1.217713308277691976e+04
1.057889331178739667e+02 1.217416503906250000e+04 1.217713304426444120e+04
1.058093670234084129e+02 1.217437207031250000e+04 1.217713790908761621e+04
1.058298010285943747e+02 1.218250097656250000e+04 1.217714766107395553e+04
1.058502351338975132e+02 1.217312890625000000e+04 1.217716228407522249e+04
1.058706690389662981e+02 1.217128027343750000e+04 1.217718176162075906e+04
1.058911030436865985e+02 1.216779394531250000e+04 1.217720607774060227e+04
1.059115371485240757e+02 1.217207910156250000e+04 1.217723521628614253e+04
1.059319710526615381e+02 1.219262890625000000e+04 1.217726916057288690e+04
1.059524050573818386e+02 1.217991503906250000e+04 1.217730789484604065e+04
1.059728390611708164e+02 1.217451855468750000e+04 1.217735140272823628e+04
1.059932731655426323e+02 1.217382031250000000e+04 1.217739966825038209e+04
1.060137070696800947e+02 1.218186718750000000e+04 1.217745267444723140e+04
1.060341410734690726e+02 1.217700292968750000e+04 1.217751040584172006e+04
1.060545751769095659e+02 1.218977050781250000e+04 1.217757284628286106e+04
1.060750090805813670e+02 1.217987597656250000e+04 1.217763997860118798e+04
1.060954430839046836e+02 1.217395507812500000e+04 1.217771178752594642e+04
1.061158770872280002e+02 1.217178125000000000e+04 1.217778825652118394e+04
1.061363110900856555e+02 1.217656054687500000e+04 1.217786936936498932e+04
1.061771790958009660e+02 1.216723828125000000e+04 1.217804546172339178e+04
1.061976130981929600e+02 1.217647851562500000e+04 1.217814040879577442e+04
1.062180471005849540e+02 1.218513281250000000e+04 1.217823993483821323e+04
1.062384811029769480e+02 1.217920019531250000e+04 1.217834402363071058e+04
1.062589150052517653e+02 1.217871582031250000e+04 1.217845265840989123e+04
1.062793491072952747e+02 1.217745410156250000e+04 1.217856582458325647e+04
1.062997831092216074e+02 1.217775488281250000e+04 1.217868350430310056e+04
1.063202170105651021e+02 1.216355468750000000e+04 1.217880568128037157e+04
1.063406511126086116e+02 1.216706640625000000e+04 1.217893234112944629e+04
1.063610851136036217e+02 1.218557714843750000e+04 1.217906346579271121e+04
1.063815190154127777e+02 1.217810253906250000e+04 1.217919903899659585e+04
1.064019530164077878e+02 1.217804687500000000e+04 1.217933904583731601e+04
1.064223871175199747e+02 1.217286425781250000e+04 1.217948347016599291e+04
1.064428210179321468e+02 1.217863964843750000e+04 1.217963229360398327e+04
1.064632550189271569e+02 1.217694238281250000e+04 1.217978550209328387e+04
1.064836891195736825e+02 1.216619335937500000e+04 1.217994307947124616e+04
1.065041231196373701e+02 1.217225000000000000e+04 1.218010500797339591e+04
1.065245570200495422e+02 1.217624218750000000e+04 1.218027127132328314e+04
1.065449910201132298e+02 1.219205371093750000e+04 1.218044185492263205e+04
1.065654251202940941e+02 1.218097363281250000e+04 1.218061674261856388e+04
1.065858590197749436e+02 1.219378320312500000e+04 1.218079591558481479e+04
1.066062930193729699e+02 1.218627539062500000e+04 1.218097936020746420e+04
1.066267271190881729e+02 1.217213476562500000e+04 1.218116706032918228e+04
1.066471610181033611e+02 1.218415917968750000e+04 1.218135899693544343e+04
1.066675950177013874e+02 1.217887988281250000e+04 1.218155515660511264e+04
1.066880290168337524e+02 1.217362988281250000e+04 1.218175552217922632e+04
1.067084630155004561e+02 1.216375390625000000e+04 1.218196007743750670e+04
1.067288970141671598e+02 1.219236816406250000e+04 1.218216880616448179e+04
1.067493310128338635e+02 1.217865625000000000e+04 1.218238169214015579e+04
1.067697651111520827e+02 1.218666992187500000e+04 1.218259872021300907e+04
1.067901990097016096e+02 1.219029101562500000e+04 1.218281987095258410e+04
1.068106330079026520e+02 1.217750585937500000e+04 1.218304513134916488e+04
1.068310669059865177e+02 1.217390917968750000e+04 1.218327448298058880e+04
1.068515010038390756e+02 1.218694921875000000e+04 1.218350791302266225e+04
1.068719350015744567e+02 1.217225683593750000e+04 1.218374540185941623e+04
1.068923688991926610e+02 1.217717578125000000e+04 1.218398693321130486e+04
1.069128029965795577e+02 1.217275390625000000e+04 1.218423249443253189e+04
1.069332369938492775e+02 1.217606542968750000e+04 1.218448206572874187e+04
1.069536709906533360e+02 1.218893750000000000e+04 1.218473563206739709e+04
1.069741048878058791e+02 1.218741503906250000e+04 1.218499317596849869e+04
1.069945389847271144e+02 1.218022265625000000e+04 1.218525468501504110e+04
1.070149729815311730e+02 1.218444921875000000e+04 1.218552013917814293e+04
1.070354068777523935e+02 1.218062402343750000e+04 1.218578952217375081e+04
1.070558409742079675e+02 1.217320898437500000e+04 1.218606282177626781e+04
1.070762749705463648e+02 1.218508691406250000e+04 1.218634001777732738e+04
1.070967088667675853e+02 1.217459863281250000e+04 1.218662109389977195e+04
1.071171428626403213e+02 1.218499511718750000e+04 1.218690603667144751e+04
1.071375769581645727e+02 1.219177734375000000e+04 1.218719482992880512e+04
1.071580108539201319e+02 1.217885058593750000e+04 1.218748745319197042e+04
1.071784448493272066e+02 1.218990917968750000e+04 1.218778389348561541e+04
1.071988789448514581e+02 1.218881445312500000e+04 1.218808408774147574e+04
1.072193129397928715e+02 1.218950097656250000e+04 1.218838790624548528e+04
1.072397468350827694e+02 1.218454296875000000e+04 1.218869521751206230e+04
1.072601808300241828e+02 1.219678710937500000e+04 1.218900589309201678e+04
1.072806149246171117e+02 1.219797265625000000e+04 1.218931980158650185e+04
1.073010488189756870e+02 1.218974218750000000e+04 1.218963680691836635e+04
1.073214828134514391e+02 1.218169824218750000e+04 1.218995678227763165e+04
1.073419169080443680e+02 1.219941503906250000e+04 1.219027959625987751e+04
1.073623508019372821e+02 1.219347558593750000e+04 1.219060511264546949e+04
1.073827847959473729e+02 1.218985742187500000e+04 1.219093320475976179e+04
1.074032187899574637e+02 1.218631347656250000e+04 1.219126373956730640e+04
1.074236527835018933e+02 1.219733398437500000e+04 1.219159658561342076e+04
1.074440867770463228e+02 1.220366796875000000e+04 1.219193161145854174e+04
1.074645207705907524e+02 1.219780761718750000e+04 1.219226868565560653e+04
1.074849547636695206e+02 1.219290917968750000e+04 1.219260767674979434e+04
1.075053888568654656e+02 1.219788183593750000e+04 1.219294845497552524e+04
1.075258227498270571e+02 1.219850781250000000e+04 1.219329088386431067e+04
1.075462567424401641e+02 1.218904882812500000e+04 1.219363483698266282e+04
1.075666907350532711e+02 1.219467285156250000e+04 1.219398018121751011e+04
1.075871247276663780e+02 1.221290039062500000e+04 1.219432678512180792e+04
1.076075587202794850e+02 1.219829785156250000e+04 1.219467451724850253e+04
1.076279927119612694e+02 1.218950097656250000e+04 1.219502324613463679e+04
1.076484267041087151e+02 1.219422363281250000e+04 1.219537284035697303e+04
1.076688606962561607e+02 1.220495800781250000e+04 1.219572316846053945e+04
1.076892946879379451e+02 1.219149511718750000e+04 1.219607409899028971e+04
1.077097286791540682e+02 1.220073046875000000e+04 1.219642550049915735e+04
1.077301626708358526e+02 1.220123632812500000e+04 1.219677724155613760e+04
1.077505966620519757e+02 1.220003515625000000e+04 1.219712919069816780e+04
1.077710306532680988e+02 1.221105175781250000e+04 1.219748121648623601e+04
1.077914646440185606e+02 1.219346093750000000e+04 1.219783318746530858e+04
1.078118986352346838e+02 1.219921582031250000e+04 1.219818497220440258e+04
1.078323325258679688e+02 1.220152539062500000e+04 1.219853643751944037e+04
1.078527666162699461e+02 1.220042773437500000e+04 1.219888745712653326e+04
1.078732006065547466e+02 1.221204785156250000e+04 1.219923789442359339e+04
1.078936344967223704e+02 1.220783496093750000e+04 1.219958761797311126e+04
1.079140685871243477e+02 1.220789453125000000e+04 1.219993650146269101e+04
1.079345025769434869e+02 1.219935449218750000e+04 1.220028440830280670e+04
1.079549365667626262e+02 1.221389160156250000e+04 1.220063120876596258e+04
1.079753704559989274e+02 1.219470996093750000e+04 1.220097676970744942e+04
1.079958045459352434e+02 1.219941113281250000e+04 1.220132096476557854e+04
1.080162385348230600e+02 1.219257714843750000e+04 1.220166365740032779e+04
1.080366724245250225e+02 1.219671777343750000e+04 1.220200471621897668e+04
1.080571065130643547e+02 1.219683300781250000e+04 1.220234401473621620e+04
1.080775405024178326e+02 1.221239062500000000e+04 1.220268141654330975e+04
1.080979743907228112e+02 1.221109375000000000e+04 1.220301679019135008e+04
1.081388424676842988e+02 1.219203710937500000e+04 1.220368093709669120e+04
1.081592763559892774e+02 1.221926074218750000e+04 1.220400944258066011e+04
1.081797103444114327e+02 1.221559960937500000e+04 1.220433539738734544e+04
1.082001444320194423e+02 1.221546582031250000e+04 1.220465867001662991e+04
1.082205783198587596e+02 1.220565527343750000e+04 1.220497912431247642e+04
1.082410123073495924e+02 1.221474023437500000e+04 1.220529663354459990e+04
1.082614462953060865e+02 1.220682714843750000e+04 1.220561106470342020e+04
1.082818803824484348e+02 1.220153906250000000e+04 1.220592228783737119e+04
1.083023142693564296e+02 1.221675878906250000e+04 1.220623016696361628e+04
1.083227482568472624e+02 1.220665625000000000e+04 1.220653457519240146e+04
1.083431823435239494e+02 1.221725097656250000e+04 1.220683538100409896e+04
1.083636162299662828e+02 1.220131542968750000e+04 1.220713244857144673e+04
1.083840502169914544e+02 1.219991308593750000e+04 1.220742565084843227e+04
1.084044841029681265e+02 1.222370996093750000e+04 1.220771485349649811e+04
1.084249181896448135e+02 1.222279199218750000e+04 1.220799992930948974e+04
1.084453521757386625e+02 1.221027148437500000e+04 1.220828074260661742e+04
1.084657861618325114e+02 1.221473828125000000e+04 1.220855716335446050e+04
1.084862201474606991e+02 1.219714550781250000e+04 1.220882906009995713e+04
1.085066541330888867e+02 1.220208203125000000e+04 1.220909630140253648e+04
1.085270881187170744e+02 1.219658496093750000e+04 1.220935875581529035e+04
1.085475220042280853e+02 1.219736132812500000e+04 1.220961629064175213e+04
1.085679560895077884e+02 1.220280957031250000e+04 1.220986877817795903e+04
1.085883900742046535e+02 1.220208984375000000e+04 1.221011608322871325e+04
1.086088239592500031e+02 1.219947558593750000e+04 1.221035807443550584e+04
1.086292580440640450e+02 1.221130273437500000e+04 1.221059462385767984e+04
1.086496920287609100e+02 1.221523828125000000e+04 1.221082560231363459e+04
1.086701259128749371e+02 1.220865039062500000e+04 1.221105101688515788e+04
1.086905598975718021e+02 1.220687109375000000e+04 1.221127100936324132e+04
1.087109939814545214e+02 1.221639257812500000e+04 1.221148572498211797e+04
1.087314279656857252e+02 1.220469140625000000e+04 1.221169530698097333e+04
1.087518618493340909e+02 1.220349511718750000e+04 1.221189990075235619e+04
1.087722959332168102e+02 1.220301171875000000e+04 1.221209965460015337e+04
1.087927299165166914e+02 1.221350585937500000e+04 1.221229471087637830e+04
1.088131637996993959e+02 1.221595898437500000e+04 1.221248521498131959e+04
1.088335977829992771e+02 1.220766308593750000e+04 1.221267131410888032e+04
1.088540318664163351e+02 1.221101855468750000e+04 1.221285315352308135e+04
1.088744657491333783e+02 1.220612792968750000e+04 1.221303087590546420e+04
1.088948997319675982e+02 1.220876464843750000e+04 1.221320462923010746e+04
1.089153338144533336e+02 1.220788085937500000e+04 1.221337455876359672e+04
1.089357676971703768e+02 1.220977734375000000e+04 1.221354080737106779e+04
1.089562016790732741e+02 1.220019921875000000e+04 1.221370352283929424e+04
1.089766356614418328e+02 1.221673730468750000e+04 1.221386284968377913e+04
1.089970696433447301e+02 1.221826269531250000e+04 1.221401893322495016e+04
1.090175036252476275e+02 1.221736425781250000e+04 1.221417191879416714e+04
1.090379376071505249e+02 1.221393164062500000e+04 1.221432195171911735e+04
1.090583716887049377e+02 1.220761425781250000e+04 1.221446917803886026e+04
1.090788055700249970e+02 1.220934765625000000e+04 1.221461374094044004e+04
1.090992395514622331e+02 1.220352636718750000e+04 1.221475578789562496e+04
1.091196734323166311e+02 1.221308593750000000e+04 1.221489546283545860e+04
1.091605414939112961e+02 1.221139941406250000e+04 1.221516828205914680e+04
1.091809753747656941e+02 1.222346289062500000e+04 1.221530171499463177e+04
1.092014094549231231e+02 1.221939062500000000e+04 1.221543335920004029e+04
1.092218434354290366e+02 1.222513964843750000e+04 1.221556335806431161e+04
1.092422774154692888e+02 1.222306250000000000e+04 1.221569185755842773e+04
1.092627112953923643e+02 1.221466113281250000e+04 1.221581900239315110e+04
1.092831453755497932e+02 1.222003417968750000e+04 1.221594493975574733e+04
1.093035793551243842e+02 1.221617285156250000e+04 1.221606981311140953e+04
1.093240132345817983e+02 1.221182226562500000e+04 1.221619376780522180e+04
1.093444473138079047e+02 1.221077343750000000e+04 1.221631695097796182e+04
1.093648812933824956e+02 1.220332812500000000e+04 1.221643950614694222e+04
1.093853151723742485e+02 1.221323242187500000e+04 1.221656157864235865e+04
1.094057491514831781e+02 1.221278320312500000e+04 1.221668331499025589e+04
1.094261832302436233e+02 1.222094238281250000e+04 1.221680486051161097e+04
1.094466171087697148e+02 1.222337695312500000e+04 1.221692635875097039e+04
1.094670510869473219e+02 1.221772265625000000e+04 1.221704795681903124e+04
1.094874851657077670e+02 1.222059375000000000e+04 1.221716980005147525e+04
1.095079190437681973e+02 1.221970703125000000e+04 1.221729203197693460e+04
1.095283530219458044e+02 1.221529394531250000e+04 1.221741479971921945e+04
1.095487869996577501e+02 1.220856640625000000e+04 1.221753824800530674e+04
1.095692210774868727e+02 1.221564941406250000e+04 1.221766252277673266e+04
1.095896549546159804e+02 1.221314843750000000e+04 1.221778776752479462e+04
1.096100889323279262e+02 1.222508300781250000e+04 1.221791412941622912e+04
1.096305230096913874e+02 1.220353125000000000e+04 1.221804175379035587e+04
1.096509568863548338e+02 1.221102246093750000e+04 1.221817078408879024e+04
1.096713908636011183e+02 1.221279882812500000e+04 1.221830136753087936e+04
1.096918248403817415e+02 1.222904687500000000e+04 1.221843364880962690e+04
1.097122588166967034e+02 1.221185839843750000e+04 1.221856777325249277e+04
1.097326927934773266e+02 1.221989843750000000e+04 1.221870388619316509e+04
1.097531267697922885e+02 1.222512792968750000e+04 1.221884213295301379e+04
1.097735607456415892e+02 1.222710742187500000e+04 1.221898265885945148e+04
1.097939947214908898e+02 1.221533496093750000e+04 1.221912560924317040e+04
1.098144286973401904e+02 1.223018847656250000e+04 1.221927112943172506e+04
1.098348625730723143e+02 1.222715722656250000e+04 1.221941936401950443e+04
1.098552966485731304e+02 1.221658593750000000e+04 1.221957046053010890e+04
1.098757306239567697e+02 1.223532226562500000e+04 1.221972456209491429e+04
1.098961644992232323e+02 1.223202636718750000e+04 1.221988181399622408e+04
1.099165985747240484e+02 1.221930468750000000e+04 1.222004236389685502e+04
1.099370325491763651e+02 1.223496777343750000e+04 1.222020635478153054e+04
1.099574664239771664e+02 1.221868359375000000e+04 1.222037393193722528e+04
1.099779003984294832e+02 1.221538476562500000e+04 1.222054524232535186e+04
1.099983344729989767e+02 1.222204394531250000e+04 1.222072043133314764e+04
1.100187683473341167e+02 1.221370605468750000e+04 1.222089964168390361e+04
1.100392023217864335e+02 1.221441601562500000e+04 1.222108302130938682e+04
1.100596363954246044e+02 1.221519628906250000e+04 1.222127071559081378e+04
1.100800703694112599e+02 1.220843261718750000e+04 1.222146286802975374e+04
1.101005042428150773e+02 1.222180175781250000e+04 1.222165962387834588e+04
1.101209382168017328e+02 1.222693554687500000e+04 1.222186111963736585e+04
1.101413722899742424e+02 1.222050195312500000e+04 1.222206734396825777e+04
1.101618061629123986e+02 1.223262304687500000e+04 1.222227817731222967e+04
1.101822401359677315e+02 1.222021582031250000e+04 1.222249350391597545e+04
1.102026742091402411e+02 1.222304687500000000e+04 1.222271320502596791e+04
1.102231080816127360e+02 1.221488769531250000e+04 1.222293715855752635e+04
1.102435420542024076e+02 1.222817480468750000e+04 1.222316524895777729e+04
1.102639760267920792e+02 1.222403222656250000e+04 1.222339735632109659e+04
1.102844099989160895e+02 1.222099902343750000e+04 1.222363336182339117e+04
1.103048439710400999e+02 1.221847460937500000e+04 1.222387314665123085e+04
1.103252779431641102e+02 1.222160742187500000e+04 1.222411659198595225e+04
1.103457120149396360e+02 1.222689941406250000e+04 1.222436358022182321e+04
1.103661458864808083e+02 1.221562304687500000e+04 1.222461398888987605e+04
1.103865798581391573e+02 1.223248730468750000e+04 1.222486770282726866e+04
1.104070137292146683e+02 1.221711914062500000e+04 1.222512460072454269e+04
1.104274478005245328e+02 1.221702246093750000e+04 1.222538456756769301e+04
1.104478817712515593e+02 1.222130175781250000e+04 1.222564748073314513e+04
1.104683156423270702e+02 1.222486035156250000e+04 1.222591322137178213e+04
1.104887497131712735e+02 1.223047949218750000e+04 1.222618167457910022e+04
1.105091836838982999e+02 1.224018164062500000e+04 1.222645271761622280e+04
1.105296176536940038e+02 1.223562304687500000e+04 1.222672623296074380e+04
1.105500515243038535e+02 1.224809277343750000e+04 1.222700210046174834e+04
1.105704855942167342e+02 1.223422753906250000e+04 1.222728020534706957e+04
1.105909195644780993e+02 1.223596386718750000e+04 1.222756042474540300e+04
1.106113534341566265e+02 1.224959765625000000e+04 1.222784263979511525e+04
1.106317875036038458e+02 1.223918359375000000e+04 1.222812673583974356e+04
1.106522214729338884e+02 1.223661816406250000e+04 1.222841258990478309e+04
1.106726553421467543e+02 1.223569238281250000e+04 1.222870008314663028e+04
1.106930893114767969e+02 1.221787792968750000e+04 1.222898909956433454e+04
1.107135233804583549e+02 1.222546289062500000e+04 1.222927952035414091e+04
1.107339572492055595e+02 1.222014160156250000e+04 1.222957122242550759e+04
1.107543912180699408e+02 1.221485058593750000e+04 1.222986409123832709e+04
1.107748252865858376e+02 1.222549023437500000e+04 1.223015800798352939e+04
1.107952592549845576e+02 1.222709082031250000e+04 1.223045285096858788e+04
1.108156931228004396e+02 1.223997460937500000e+04 1.223074850135539236e+04
1.108361270911991596e+02 1.222734375000000000e+04 1.223104484323641918e+04
1.108565611587837338e+02 1.222709179687500000e+04 1.223134175778206554e+04
1.108769950265996158e+02 1.221717773437500000e+04 1.223163912182618151e+04
1.108974289940670133e+02 1.223475878906250000e+04 1.223193682090445873e+04
1.109178630616515875e+02 1.223288085937500000e+04 1.223223473620911682e+04
1.109382969290018082e+02 1.223090039062500000e+04 1.223253274454164421e+04
1.109587308960035443e+02 1.223806542968750000e+04 1.223283073145658636e+04
1.109791648630052805e+02 1.223591601562500000e+04 1.223312857668218203e+04
1.109995988295413554e+02 1.223621093750000000e+04 1.223342616139307574e+04
1.110200327965430915e+02 1.222032519531250000e+04 1.223372336678425563e+04
1.110404667626135051e+02 1.223811230468750000e+04 1.223402007401684386e+04
1.110609007291495800e+02 1.223610742187500000e+04 1.223431616429258065e+04
1.110813346952199936e+02 1.223489062500000000e+04 1.223461151877940210e+04
1.111017686612904072e+02 1.223480273437500000e+04 1.223490601866550423e+04
1.111222025272436440e+02 1.222137792968750000e+04 1.223519954369675543e+04
1.111426365924999118e+02 1.223569921875000000e+04 1.223549197934799304e+04
1.111630705581046641e+02 1.224452148437500000e+04 1.223578320251399418e+04
1.111835044235922396e+02 1.222245410156250000e+04 1.223607309438820266e+04
1.112039384888485074e+02 1.223552343750000000e+04 1.223636154039619032e+04
1.112243724539875984e+02 1.226032128906250000e+04 1.223664841747534592e+04
1.112448063185438514e+02 1.223097460937500000e+04 1.223693360682456660e+04
1.112652402836829424e+02 1.224316894531250000e+04 1.223721699243339935e+04
1.112856743480078876e+02 1.222180859375000000e+04 1.223749845543658921e+04
1.113061083126813173e+02 1.223741308593750000e+04 1.223777787427635485e+04
1.113265421767719090e+02 1.223685449218750000e+04 1.223805513015233191e+04
1.113469762406311929e+02 1.224105371093750000e+04 1.223833010830497369e+04
1.113674102048389614e+02 1.225236035156250000e+04 1.223860268586945313e+04
1.113878440684638917e+02 1.224978613281250000e+04 1.223887274405096105e+04
1.114082780322059989e+02 1.224536328125000000e+04 1.223914016668403929e+04
1.114287120955996215e+02 1.223319628906250000e+04 1.223940483490453698e+04
1.114491459592245519e+02 1.224413281250000000e+04 1.223966662603658915e+04
1.114695799220353365e+02 1.223664941406250000e+04 1.223992542511328793e+04
1.114900139849632978e+02 1.224944042968750000e+04 1.224018111328326449e+04
1.115104478481225669e+02 1.225648437500000000e+04 1.224043356799892717e+04
1.115308818104676902e+02 1.224634375000000000e+04 1.224068267415942501e+04
1.115513157728128135e+02 1.224192285156250000e+04 1.224092831171290527e+04
1.115717497356235981e+02 1.223578222656250000e+04 1.224117036184634890e+04
1.115921836975030601e+02 1.224436914062500000e+04 1.224140871512932790e+04
1.116126176598481834e+02 1.223665429687500000e+04 1.224164334395419428e+04
1.116330517218448222e+02 1.223370898437500000e+04 1.224187426389454231e+04
1.116534855831414461e+02 1.224598632812500000e+04 1.224210148639259023e+04
1.116739195450209081e+02 1.223773437500000000e+04 1.224232502963465777e+04
1.116943535059690475e+02 1.222358300781250000e+04 1.224254490729221652e+04
1.117147874673828483e+02 1.222900097656250000e+04 1.224276113418938621e+04
1.117352214287966490e+02 1.224256933593750000e+04 1.224297372513007940e+04
1.117556553897447884e+02 1.223297558593750000e+04 1.224318269491853607e+04
1.117760893502272666e+02 1.223108203125000000e+04 1.224338805836396386e+04
1.117965233107097447e+02 1.224840722656250000e+04 1.224358983028012881e+04
1.118169572711922228e+02 1.223587500000000000e+04 1.224378802547599116e+04
1.118373912316747010e+02 1.223990332031250000e+04 1.224398265876051119e+04
1.118578251916915178e+02 1.225030273437500000e+04 1.224417374493833995e+04
1.118782591517083347e+02 1.223982031250000000e+04 1.224436129882290334e+04
1.118986930116079748e+02 1.225308007812500000e+04 1.224454533433006509e+04
1.119191270712763071e+02 1.224202050781250000e+04 1.224472586894402048e+04
1.119395610308274627e+02 1.224313574218750000e+04 1.224490291479865118e+04
1.119599949899129570e+02 1.224066015625000000e+04 1.224507648759210315e+04
1.119804288493469357e+02 1.224958203125000000e+04 1.224524660131620658e+04
1.120008629085496068e+02 1.224055175781250000e+04 1.224541327324728081e+04
1.120212968671694398e+02 1.225086132812500000e+04 1.224557651571940369e+04
1.120417307261377573e+02 1.224130273437500000e+04 1.224573634359926291e+04
1.120621647844091058e+02 1.225334082031250000e+04 1.224589277400925494e+04
1.120825987430289388e+02 1.226110449218750000e+04 1.224604581944489473e+04
1.121234665587544441e+02 1.224627246093750000e+04 1.224634181622377946e+04
1.121439006170257926e+02 1.226777441406250000e+04 1.224648479860926818e+04
1.121643345747143030e+02 1.224928710937500000e+04 1.224662445531567209e+04
1.121847684322856367e+02 1.225247167968750000e+04 1.224676080120400002e+04
1.122052024896256626e+02 1.224755566406250000e+04 1.224689385306006989e+04
1.122256364473141730e+02 1.226544531250000000e+04 1.224702362371904383e+04
1.122460703039541841e+02 1.223743652343750000e+04 1.224715012802922865e+04
1.122665042611770332e+02 1.223777734375000000e+04 1.224727338204791158e+04
1.122869383180513978e+02 1.225004785156250000e+04 1.224739340053075284e+04
1.123073721746914089e+02 1.224028027343750000e+04 1.224751019654915945e+04
1.123278061309829354e+02 1.224284960937500000e+04 1.224762378664992139e+04
1.123482400872744620e+02 1.223838183593750000e+04 1.224773418506455710e+04
1.123686741432175040e+02 1.224839648437500000e+04 1.224784140711719738e+04
1.124095419552177191e+02 1.224544042968750000e+04 1.224804637827672195e+04
1.124299760106950998e+02 1.225565625000000000e+04 1.224814415850356454e+04
1.124504098664037883e+02 1.226093750000000000e+04 1.224823882014859555e+04
1.124708438217639923e+02 1.223620605468750000e+04 1.224833037943072486e+04
1.124912778767757118e+02 1.224581738281250000e+04 1.224841885111361989e+04
1.125117117320187390e+02 1.224366503906250000e+04 1.224850424873247721e+04
1.125321456869132817e+02 1.223849609375000000e+04 1.224858658837013536e+04
1.125525796413421631e+02 1.225576757812500000e+04 1.224866588440982741e+04
1.125730135962367058e+02 1.222885156250000000e+04 1.224874215166411159e+04
1.125934475506655872e+02 1.225060253906250000e+04 1.224881540493846114e+04
1.126138815046288073e+02 1.225290722656250000e+04 1.224888565904202915e+04
1.126343155587092042e+02 1.224632812500000000e+04 1.224895292910777243e+04
1.126547494125552475e+02 1.225866113281250000e+04 1.224901722897772197e+04
1.126751833665184677e+02 1.226162207031250000e+04 1.224907857442773820e+04
1.126956172198988497e+02 1.225290136718750000e+04 1.224913697966418113e+04
1.127160512735135853e+02 1.225677246093750000e+04 1.224919246033438139e+04
1.127364852265454829e+02 1.226104589843750000e+04 1.224924503040916716e+04
1.127569190799258649e+02 1.224998535156250000e+04 1.224929470474254776e+04
1.127773531326092780e+02 1.225162500000000000e+04 1.224934149884911676e+04
1.127977870856411755e+02 1.225062792968750000e+04 1.224938542683216838e+04
1.128182210382074118e+02 1.224181542968750000e+04 1.224942650373496144e+04
1.128386548906564713e+02 1.223818554687500000e+04 1.224946474418703656e+04
1.128590889428742230e+02 1.224436816406250000e+04 1.224950016353787214e+04
1.128795228949747980e+02 1.225268457031250000e+04 1.224953277605600670e+04
1.128999567469581962e+02 1.224423339843750000e+04 1.224956259659152420e+04
1.129203907987102866e+02 1.225585839843750000e+04 1.224958964037065743e+04
1.129408247503452003e+02 1.225956347656250000e+04 1.224961392178518508e+04
1.129612586018629372e+02 1.224908398437500000e+04 1.224963545568454174e+04
1.129816925530321896e+02 1.225614355468750000e+04 1.224965425708822113e+04
1.130021266043186188e+02 1.225680566406250000e+04 1.224967034076563505e+04
1.130225604553706944e+02 1.225016601562500000e+04 1.224968372130921125e+04
1.130429944060742855e+02 1.225612500000000000e+04 1.224969441374418602e+04
1.130634284568950534e+02 1.225050292968750000e+04 1.224970245794044604e+04
1.130838623074814677e+02 1.224868359375000000e+04 1.224970804021770891e+04
1.131042962577193975e+02 1.225606738281250000e+04 1.224971140010423005e+04
1.131247302079573274e+02 1.225401171875000000e+04 1.224971277706861292e+04
1.131451642578467727e+02 1.225218945312500000e+04 1.224971241060684406e+04
1.131655981079675257e+02 1.225556835937500000e+04 1.224971054023756369e+04
1.131860320577397943e+02 1.224944628906250000e+04 1.224970740544544969e+04
1.132064661071635783e+02 1.224689550781250000e+04 1.224970324571537640e+04
1.132268999568186700e+02 1.224287207031250000e+04 1.224969830061626999e+04
1.132473339061252773e+02 1.224477050781250000e+04 1.224969280958246418e+04
1.132677678549662232e+02 1.225833886718750000e+04 1.224968701213808163e+04
1.132882018038071692e+02 1.224339257812500000e+04 1.224968114778459858e+04
1.133086357526481152e+02 1.224501757812500000e+04 1.224967545602359314e+04
1.133290697010233998e+02 1.223864453125000000e+04 1.224967017635676893e+04
1.133495036493986845e+02 1.224135351562500000e+04 1.224966554828556036e+04
1.133699375977739692e+02 1.223075195312500000e+04 1.224966181131153826e+04
1.133903715461492538e+02 1.223543164062500000e+04 1.224965920493626982e+04
1.134108053939417005e+02 1.224132128906250000e+04 1.224965796866364872e+04
1.134312394415028393e+02 1.224325390625000000e+04 1.224965834198819539e+04
1.134516733894124627e+02 1.224553222656250000e+04 1.224966056441840192e+04
1.134721072367392480e+02 1.224494238281250000e+04 1.224966487542676987e+04
1.134925412843003869e+02 1.226503222656250000e+04 1.224967151459475645e+04
1.135129752312786877e+02 1.226395898437500000e+04 1.224968072134376416e+04
1.135334090781398118e+02 1.233499804687500000e+04 1.224969273513593907e+04
1.135538430251181126e+02 1.225108007812500000e+04 1.224970779558955110e+04
1.135742770717479289e+02 1.224995703125000000e+04 1.224972614225219513e+04
1.135947109181433916e+02 1.223661230468750000e+04 1.224974801433069661e+04
1.136151448646560311e+02 1.224734863281250000e+04 1.224977365162154820e+04
1.136355789108201861e+02 1.225309960937500000e+04 1.224980329368264211e+04
1.136560128564015031e+02 1.223521582031250000e+04 1.224983717972568411e+04
1.136764467023313046e+02 1.225572460937500000e+04 1.224987554918957176e+04
1.136968806479126215e+02 1.225235839843750000e+04 1.224991864194903610e+04
1.137173146936111152e+02 1.225738281250000000e+04 1.224996669757755080e+04
1.137377485390752554e+02 1.225780859375000000e+04 1.225001995483259634e+04
1.137581824841909111e+02 1.225292480468750000e+04 1.225007865395823865e+04
1.137786165289580822e+02 1.224310253906250000e+04 1.225014303453729372e+04
1.137990503739565611e+02 1.221148925781250000e+04 1.225021333508491625e+04
1.138194843186065555e+02 1.217058300781250000e+04 1.225028979608858026e+04
1.138399182632565498e+02 1.218547851562500000e+04 1.225037265672150534e+04
1.138603522074408829e+02 1.217927636718750000e+04 1.225046215648301950e+04
1.138807861516252160e+02 1.217989648437500000e+04 1.225055853487635977e+04
1.139012200958095491e+02 1.219427539062500000e+04 1.225066203140294238e+04
1.139216541396453977e+02 1.217909277343750000e+04 1.225077288612313714e+04
1.139420879832468927e+02 1.218091406250000000e+04 1.225089133685596244e+04
1.139625219269655645e+02 1.218686035156250000e+04 1.225101762478748606e+04
1.139829557701013982e+02 1.221099804687500000e+04 1.225115198817589953e+04
1.140033898134715855e+02 1.224460937500000000e+04 1.225129466856088584e+04
1.140238237562589347e+02 1.225472265625000000e+04 1.225144590340478317e+04
1.140442575993947685e+02 1.225958300781250000e+04 1.225160593208836690e+04
1.140646916422992945e+02 1.226312695312500000e+04 1.225177499652374172e+04
1.140851255846209824e+02 1.225616113281250000e+04 1.225195333379362637e+04
1.141055595269426703e+02 1.225348730468750000e+04 1.225214118420914201e+04
1.141259933691471815e+02 1.226034863281250000e+04 1.225233878627919330e+04
1.141464274115860462e+02 1.225639648437500000e+04 1.225254638248248193e+04
1.141668613534420729e+02 1.225244726562500000e+04 1.225276420933793452e+04
1.141872951951809227e+02 1.225099804687500000e+04 1.225299250619935992e+04
1.142077291365712881e+02 1.226018066406250000e+04 1.225323151479865919e+04
1.142281631780788302e+02 1.224634277343750000e+04 1.225348147480143598e+04
1.142485970193520188e+02 1.225621191406250000e+04 1.225374262195330084e+04
1.142690309607423842e+02 1.225430468750000000e+04 1.225401519951129012e+04
1.142894650013186038e+02 1.225079101562500000e+04 1.225429944713325676e+04
1.143098988421261311e+02 1.225327343750000000e+04 1.225459560007456821e+04
1.143303327825851738e+02 1.237555468750000000e+04 1.225490390208798817e+04
1.143507667235098779e+02 1.224897363281250000e+04 1.225522459126722242e+04
1.143712007636204362e+02 1.225899511718750000e+04 1.225555790875562525e+04
1.143916346034966409e+02 1.224991601562500000e+04 1.225590408907553501e+04
1.144120685434900224e+02 1.225337109375000000e+04 1.225626337672149748e+04
1.144325025831349194e+02 1.226761914062500000e+04 1.225663601138053491e+04
1.144529364230111241e+02 1.225533789062500000e+04 1.225702222699444974e+04
1.144733703625388443e+02 1.226020214843750000e+04 1.225742226862335156e+04
1.144938042014837265e+02 1.225494433593750000e+04 1.225783637184495637e+04
1.145142382411286235e+02 1.225019433593750000e+04 1.225826478237071387e+04
