1.178858346452936530e+03 1.054639257812500000e+04 1.054468631927496790e+04
1.178878780787810683e+03 1.054401953125000000e+04 1.054467688808139428e+04
1.178899215221870691e+03 1.054218261718750000e+04 1.054466749462321241e+04
1.178919649556744844e+03 1.054221679687500000e+04 1.054465813893006089e+04
1.178940083791036159e+03 1.055157421875000000e+04 1.054464882094048153e+04
1.178960518225096166e+03 1.054990820312500000e+04 1.054463954045624268e+04
1.178980952559504658e+03 1.054191796875000000e+04 1.054463029755205025e+04
1.179001386793795973e+03 1.053655664062500000e+04 1.054462109216602221e+04
1.179021821227855980e+03 1.053654003906250000e+04 1.054461192410178955e+04
1.179042255562264472e+03 1.054609570312500000e+04 1.054460279343241928e+04
1.179062689996324480e+03 1.054016406250000000e+04 1.054459370000729905e+04
1.179083124230615795e+03 1.054539160156250000e+04 1.054458464389785877e+04
1.179103558564558625e+03 1.054345800781250000e+04 1.054457562490958117e+04
1.179123992898967117e+03 1.054442773437500000e+04 1.054456664302496210e+04
1.179144427232909948e+03 1.054463378906250000e+04 1.054455769818286899e+04
1.179164861466735601e+03 1.054285058593750000e+04 1.054454879036509919e+04
1.179185295900795609e+03 1.054532910156250000e+04 1.054453991937944738e+04
1.179205730234738439e+03 1.054048632812500000e+04 1.054453108529502060e+04
1.179226164468564093e+03 1.054651757812500000e+04 1.054452228804973674e+04
1.179246598902158439e+03 1.054923046875000000e+04 1.054451352745321128e+04
1.179267033236101270e+03 1.055206152343750000e+04 1.054450480357252309e+04
1.179287467669695616e+03 1.054509960937500000e+04 1.054449611626105070e+04
1.179307901903521270e+03 1.054873730468750000e+04 1.054448746558426319e+04
1.179328336237464100e+03 1.054674023437500000e+04 1.054447885135338947e+04
1.179348770671058446e+03 1.054755566406250000e+04 1.054447027350761709e+04
1.179369204904418439e+03 1.054505273437500000e+04 1.054446173211101268e+04
1.179389639238361269e+03 1.055210742187500000e+04 1.054445322697602205e+04
1.179410073671489954e+03 1.055905859375000000e+04 1.054444475804221292e+04
1.179430508005432785e+03 1.054321484375000000e+04 1.054443632533024902e+04
1.179450942338444293e+03 1.054619238281250000e+04 1.054442792873776853e+04
1.179471376671921462e+03 1.054311718750000000e+04 1.054441956820265477e+04
1.179491811005398631e+03 1.054591796875000000e+04 1.054441124366354597e+04
1.179512245338875800e+03 1.054049804687500000e+04 1.054440295505889662e+04
1.179532679671887308e+03 1.054654101562500000e+04 1.054439470232734857e+04
1.179553114005364478e+03 1.054284082031250000e+04 1.054438648540697432e+04
1.179573548438493162e+03 1.054389746093750000e+04 1.054437830419660531e+04
1.179593982671853155e+03 1.055048730468750000e+04 1.054437015875431098e+04
1.179614417004864663e+03 1.054373437500000000e+04 1.054436204889892724e+04
1.179634851437993348e+03 1.054318164062500000e+04 1.054435397456923965e+04
1.179655285671353340e+03 1.054365136718750000e+04 1.054434593582194066e+04
1.179675720104016364e+03 1.054882421875000000e+04 1.054433793243848777e+04
1.179696154437027872e+03 1.054063378906250000e+04 1.054432996447467667e+04
1.179716588670387864e+03 1.054640820312500000e+04 1.054432203186844708e+04
1.179737023103050888e+03 1.054205566406250000e+04 1.054431413444245482e+04
1.179757457436062396e+03 1.055983300781250000e+04 1.054430627225094213e+04
1.179777891668956727e+03 1.054541699218750000e+04 1.054429844523203428e+04
1.179798326101619750e+03 1.054792480468750000e+04 1.054429065320956943e+04
1.179818760334514081e+03 1.054988183593750000e+04 1.054428289627434970e+04
1.179839194667059928e+03 1.054911816406250000e+04 1.054427517425090991e+04
1.179859629099722952e+03 1.054412402343750000e+04 1.054426748707803927e+04
1.179880063332151622e+03 1.054171484375000000e+04 1.054425983480692412e+04
1.179900497764814645e+03 1.055228125000000000e+04 1.054425221722604329e+04
1.179920932097360492e+03 1.055156347656250000e+04 1.054424463438607381e+04
1.179941366330254823e+03 1.055212988281250000e+04 1.054423708622478807e+04
1.179961800762452185e+03 1.053641601562500000e+04 1.054422957257045528e+04
1.179982235094998032e+03 1.054336816406250000e+04 1.054422209347170792e+04
1.180002669427543879e+03 1.054626953125000000e+04 1.054421464883027511e+04
1.180023103759624064e+03 1.052802734375000000e+04 1.054420723858477868e+04
1.180043538092169911e+03 1.054211425781250000e+04 1.054419986267332570e+04
1.180063972424250096e+03 1.053848046875000000e+04 1.054419252103471081e+04
1.180084406756795943e+03 1.053010742187500000e+04 1.054418521360705199e+04
1.180104841088876128e+03 1.054885156250000000e+04 1.054417794032913298e+04
1.180125275521073490e+03 1.053768945312500000e+04 1.054417070110385248e+04
1.180145709853153676e+03 1.054117285156250000e+04 1.054416349594060011e+04
1.180166144085116684e+03 1.053724707031250000e+04 1.054415632477733379e+04
1.180186578517314047e+03 1.053307812500000000e+04 1.054414918744734496e+04
1.180207012849394232e+03 1.055322265625000000e+04 1.054414208399424024e+04
1.180227447081357241e+03 1.053680664062500000e+04 1.054413501435598118e+04
1.180247881513088942e+03 1.054650292968750000e+04 1.054412797836750906e+04
1.180268315844703466e+03 1.053809863281250000e+04 1.054412097607078067e+04
1.180288750276900828e+03 1.053844433593750000e+04 1.054411400733547998e+04
1.180309184508398175e+03 1.053877246093750000e+04 1.054410707220255244e+04
1.180329618840478361e+03 1.053729589843750000e+04 1.054410017050795432e+04
1.180350053272210062e+03 1.054620800781250000e+04 1.054409330219094772e+04
1.180370487503707409e+03 1.054866796875000000e+04 1.054408646729052998e+04
1.180390921835321933e+03 1.053937207031250000e+04 1.054407966564444723e+04
1.180411356166936457e+03 1.054373242187500000e+04 1.054407289722472160e+04
1.180431790498550981e+03 1.053703417968750000e+04 1.054406616196980394e+04
1.180452224830165505e+03 1.054364648437500000e+04 1.054405945981814693e+04
1.180472659161314368e+03 1.054347167968750000e+04 1.054405279070836150e+04
1.180493093492928892e+03 1.054304882812500000e+04 1.054404615457858745e+04
1.180513527924194932e+03 1.055248632812500000e+04 1.054403955133531053e+04
1.180533962155692279e+03 1.054158398437500000e+04 1.054403298101349355e+04
1.180554396486841142e+03 1.054666992187500000e+04 1.054402644345508270e+04
1.180574830918107182e+03 1.053553125000000000e+04 1.054401993859885624e+04
1.180595265149138868e+03 1.054507910156250000e+04 1.054401346647863102e+04
1.180636133911553770e+03 1.053810644531250000e+04 1.054400061991438997e+04
1.180656568242702633e+03 1.054538476562500000e+04 1.054399424541053304e+04
1.180677002473734319e+03 1.054581640625000000e+04 1.054398790336390630e+04
1.180697436904534698e+03 1.054877539062500000e+04 1.054398159362012666e+04
1.180717871235683560e+03 1.054170800781250000e+04 1.054397531621033340e+04
1.180738305566366762e+03 1.054463476562500000e+04 1.054396907104227648e+04
1.180758739897515625e+03 1.054872070312500000e+04 1.054396285805412481e+04
1.180779174228198826e+03 1.053946972656250000e+04 1.054395667718461118e+04
1.180799608658999205e+03 1.054751171875000000e+04 1.054395052834199851e+04
1.180820042889565229e+03 1.054300585937500000e+04 1.054394441155488312e+04
1.180840477220248431e+03 1.054342675781250000e+04 1.054393832667157039e+04
1.180860911651048809e+03 1.054716601562500000e+04 1.054393227363099140e+04
1.180881345881614834e+03 1.054712500000000000e+04 1.054392625246032549e+04
1.180901780212298036e+03 1.054558984375000000e+04 1.054392026300929138e+04
1.180922214642632753e+03 1.053734960937500000e+04 1.054391430521694383e+04
1.180942648873198777e+03 1.054030859375000000e+04 1.054390837910880327e+04
1.180963083303533494e+03 1.054835546875000000e+04 1.054390248450744730e+04
1.180983517633751035e+03 1.053458984375000000e+04 1.054389662143806709e+04
1.181003951864317060e+03 1.054063281250000000e+04 1.054389078983852414e+04
1.181024386294651777e+03 1.055339062500000000e+04 1.054388498956204785e+04
1.181044820624869317e+03 1.054804687500000000e+04 1.054387922063243968e+04
1.181065254955086857e+03 1.055391308593750000e+04 1.054387348295966149e+04
1.181085689285304397e+03 1.054961328125000000e+04 1.054386777648216594e+04
1.181106123615056276e+03 1.055109863281250000e+04 1.054386210113853122e+04
1.181126557945273817e+03 1.054497167968750000e+04 1.054385645686694988e+04
1.181146992275491357e+03 1.054655273437500000e+04 1.054385084360601286e+04
1.181167426605243236e+03 1.054327636718750000e+04 1.054384526129428923e+04
1.181187860935460776e+03 1.054200781250000000e+04 1.054383970986998247e+04
1.181208295265212655e+03 1.054372558593750000e+04 1.054383418927179446e+04
1.181228729594964534e+03 1.054303710937500000e+04 1.054382869943805599e+04
1.181249163924716413e+03 1.054623925781250000e+04 1.054382324030721429e+04
1.181269598254468292e+03 1.054566113281250000e+04 1.054381781181772385e+04
1.181290032584220171e+03 1.054245996093750000e+04 1.054381241390803370e+04
1.181310467014089227e+03 1.054627246093750000e+04 1.054380704649038307e+04
1.181330901243723929e+03 1.054219824218750000e+04 1.054380170958188319e+04
1.181351335573010147e+03 1.055041699218750000e+04 1.054379640304244458e+04
1.181371770002879202e+03 1.054892871093750000e+04 1.054379112681071820e+04
1.181392204232048243e+03 1.054461523437500000e+04 1.054378588090273115e+04
1.181412638661451638e+03 1.055348730468750000e+04 1.054378066515400133e+04
1.181433072991203517e+03 1.055036523437500000e+04 1.054377547957975548e+04
1.181453507220372558e+03 1.053596093750000000e+04 1.054377032411823166e+04
1.181473941649775952e+03 1.054758203125000000e+04 1.054376519863221438e+04
1.181494375979062170e+03 1.054468554687500000e+04 1.054376010313570077e+04
1.181514810208231211e+03 1.054296875000000000e+04 1.054375503756671606e+04
1.181535244637168944e+03 1.055335546875000000e+04 1.054375000178958726e+04
1.181555678966455162e+03 1.053896093750000000e+04 1.054374499581676719e+04
1.181576113395392895e+03 1.054631640625000000e+04 1.054374001953789411e+04
1.181596547624561936e+03 1.054609667968750000e+04 1.054373507296410571e+04
1.181616981953382492e+03 1.054472363281250000e+04 1.054373015596116238e+04
1.181637416382320225e+03 1.054329003906250000e+04 1.054372526846783876e+04
1.181657850611489266e+03 1.055066308593750000e+04 1.054372041049409745e+04
1.181678284940309823e+03 1.054654394531250000e+04 1.054371558190698488e+04
1.181698719368781894e+03 1.055185644531250000e+04 1.054371078264539392e+04
1.181719153597485274e+03 1.054198925781250000e+04 1.054370601271787382e+04
1.181739587926305830e+03 1.054735742187500000e+04 1.054370127199266790e+04
1.181760022354777902e+03 1.054381542968750000e+04 1.054369656040875998e+04
1.181780456583481282e+03 1.054286621093750000e+04 1.054369187797343147e+04
1.181800891011953354e+03 1.054017773437500000e+04 1.054368722453357259e+04
1.181821325340773910e+03 1.054967578125000000e+04 1.054368260009604819e+04
1.181841759569011629e+03 1.054928613281250000e+04 1.054367800459908540e+04
1.181862193997483701e+03 1.054880761718750000e+04 1.054367343791369603e+04
1.181882628325838596e+03 1.055036035156250000e+04 1.054366890004567358e+04
1.181903062554541975e+03 1.054616796875000000e+04 1.054366439093294321e+04
1.181923496982548386e+03 1.054430371093750000e+04 1.054365991044819384e+04
1.181943931310903281e+03 1.054249023437500000e+04 1.054365545859564008e+04
1.181964365539140999e+03 1.054339648437500000e+04 1.054365103531341992e+04
1.181984799967147410e+03 1.054414355468750000e+04 1.054364664047527549e+04
1.182005234295036644e+03 1.055130078125000000e+04 1.054364227408436818e+04
1.182025668723043054e+03 1.054478710937500000e+04 1.054363793603635531e+04
1.182046102951280773e+03 1.054667480468750000e+04 1.054363362633315410e+04
1.182066537279170007e+03 1.053999707031250000e+04 1.054362934484985453e+04
1.182086971707176417e+03 1.054626953125000000e+04 1.054362509152522762e+04
1.182107405934948474e+03 1.054727441406250000e+04 1.054362086636003369e+04
1.182127840262837708e+03 1.055060058593750000e+04 1.054361666923041594e+04
1.182148274690378457e+03 1.055139160156250000e+04 1.054361250007533454e+04
1.182168708918150514e+03 1.055176562500000000e+04 1.054360835889412920e+04
1.182189143245574087e+03 1.054565429687500000e+04 1.054360424556435828e+04
1.182209577673114836e+03 1.054837011718750000e+04 1.054360016002479642e+04
1.182230011900886893e+03 1.054689550781250000e+04 1.054359610227364465e+04
1.182250446328427643e+03 1.053941699218750000e+04 1.054359207217002040e+04
1.182270880655851215e+03 1.053938085937500000e+04 1.054358806971172089e+04
1.182291314983274788e+03 1.054344433593750000e+04 1.054358409481738818e+04
1.182311749310698360e+03 1.054942871093750000e+04 1.054358014742546948e+04
1.182332183638121933e+03 1.054522167968750000e+04 1.054357622747442110e+04
1.182352617965079844e+03 1.054212304687500000e+04 1.054357233490277940e+04
1.182373052292503417e+03 1.054893554687500000e+04 1.054356846964882789e+04
1.182393486619461328e+03 1.054663671875000000e+04 1.054356463165118839e+04
1.182413920946419239e+03 1.054001660156250000e+04 1.054356082084822992e+04
1.182434355273842812e+03 1.054198242187500000e+04 1.054355703717831057e+04
1.182454789600800723e+03 1.054861816406250000e+04 1.054355328058005944e+04
1.182475224027410150e+03 1.055069335937500000e+04 1.054354955097372294e+04
1.182495658254716545e+03 1.054181445312500000e+04 1.054354584835211972e+04
1.182516092581208795e+03 1.054331054687500000e+04 1.054354217259941652e+04
1.182536527008283883e+03 1.055136035156250000e+04 1.054353852365420971e+04
1.182556961235124618e+03 1.054979199218750000e+04 1.054353490150847210e+04
1.182577395561616868e+03 1.054148046875000000e+04 1.054353130604730177e+04
1.182597829988226295e+03 1.054539355468750000e+04 1.054352773720945697e+04
1.182618264215067029e+03 1.054620605468750000e+04 1.054352419498557720e+04
1.182638698541559279e+03 1.053974218750000000e+04 1.054352067926200834e+04
1.182659132968168706e+03 1.054509765625000000e+04 1.054351718997751595e+04
1.182679567194543779e+03 1.054446093750000000e+04 1.054351372712164448e+04
1.182700001620687544e+03 1.054215136718750000e+04 1.054351029056505286e+04
1.182720435947179794e+03 1.054634472656250000e+04 1.054350688029675075e+04
1.182740870173554868e+03 1.054332617187500000e+04 1.054350349625487797e+04
1.182761304599698633e+03 1.055259472656250000e+04 1.054350013832841796e+04
1.182781738925725222e+03 1.054308789062500000e+04 1.054349680650529444e+04
1.182802173152100295e+03 1.054157421875000000e+04 1.054349350072349989e+04
1.182822607578244060e+03 1.054196093750000000e+04 1.054349022087323647e+04
1.182843041904270649e+03 1.054121093750000000e+04 1.054348696694128375e+04
1.182863476330414414e+03 1.054521679687500000e+04 1.054348373883420572e+04
1.182883910556323826e+03 1.053790820312500000e+04 1.054348053653771240e+04
1.182904344881884754e+03 1.054539160156250000e+04 1.054347735994307368e+04
1.182924779308028519e+03 1.055282714843750000e+04 1.054347420898897508e+04
1.182945213633589447e+03 1.054990332031250000e+04 1.054347108364488304e+04
1.182965647859498858e+03 1.054791015625000000e+04 1.054346798384873728e+04
1.182986082285176963e+03 1.054129101562500000e+04 1.054346490949375402e+04
1.183006516610737890e+03 1.054484667968750000e+04 1.054346186056368606e+04
1.183026950836181641e+03 1.055236132812500000e+04 1.054345883699661863e+04
1.183047385261859745e+03 1.054826171875000000e+04 1.054345583868675021e+04
1.183067819587420672e+03 1.053684472656250000e+04 1.054345286561678222e+04
1.183088253912981600e+03 1.054105273437500000e+04 1.054344991771041714e+04
1.183108688238076866e+03 1.054680078125000000e+04 1.054344699490617859e+04
1.183129122563637793e+03 1.053741406250000000e+04 1.054344409714237554e+04
1.183149556888733059e+03 1.054043457031250000e+04 1.054344122435760437e+04
1.183169991213828325e+03 1.054544140625000000e+04 1.054343837649024135e+04
1.183190425439272076e+03 1.054254687500000000e+04 1.054343555349245435e+04
1.183210859864484519e+03 1.054746679687500000e+04 1.054343275526150865e+04
1.183231294189579785e+03 1.053751757812500000e+04 1.054342998177709887e+04
1.183251728414557874e+03 1.053551757812500000e+04 1.054342723297732300e+04
1.183272162839304656e+03 1.053919335937500000e+04 1.054342450876046496e+04
1.183292597164399922e+03 1.053679296875000000e+04 1.054342180910508068e+04
1.183313031589146703e+03 1.053510351562500000e+04 1.054341913392329116e+04
1.183333465813659132e+03 1.054199609375000000e+04 1.054341648319262458e+04
1.183353900138754398e+03 1.054654296875000000e+04 1.054341385681233623e+04
1.183374334563501179e+03 1.054486621093750000e+04 1.054341125472135536e+04
1.183394768788013607e+03 1.054878906250000000e+04 1.054340867689614242e+04
1.183415203112643212e+03 1.054450781250000000e+04 1.054340612323707683e+04
1.183435637536924332e+03 1.054079296875000000e+04 1.054340359368302961e+04
1.183456071861553937e+03 1.054292871093750000e+04 1.054340108819712441e+04
1.183476506086066365e+03 1.053569726562500000e+04 1.054339860671751376e+04
1.183496940510347486e+03 1.054017382812500000e+04 1.054339614914641061e+04
1.183517374834511429e+03 1.053355761718750000e+04 1.054339371545850918e+04
1.183537809159141034e+03 1.053315917968750000e+04 1.054339130558010947e+04
1.183558243483304977e+03 1.053247363281250000e+04 1.054338891944976785e+04
1.183578677807468921e+03 1.053450097656250000e+04 1.054338655700588606e+04
1.183619546455331147e+03 1.054485156250000000e+04 1.054338190293136358e+04
1.183639980779495090e+03 1.054030664062500000e+04 1.054337961117757550e+04
1.183660415203310549e+03 1.054205566406250000e+04 1.054337734285304577e+04
1.183680849427357316e+03 1.053787402343750000e+04 1.054337509792930359e+04
1.183701283751055598e+03 1.054306347656250000e+04 1.054337287631172876e+04
1.183721718174871057e+03 1.053442675781250000e+04 1.054337067793906317e+04
1.183742152398452163e+03 1.054160546875000000e+04 1.054336850278190468e+04
1.183762586822267622e+03 1.053995898437500000e+04 1.054336635073607431e+04
1.183783021145965904e+03 1.053924121093750000e+04 1.054336422177182612e+04
1.183803455369547009e+03 1.054073535156250000e+04 1.054336211582727628e+04
1.183823889792896807e+03 1.054472363281250000e+04 1.054336003281013473e+04
1.183844324016477913e+03 1.054170312500000000e+04 1.054335797269958857e+04
1.183864758339710534e+03 1.053378320312500000e+04 1.054335593540372611e+04
1.183885192763060331e+03 1.054345800781250000e+04 1.054335392086129468e+04
1.183905626986641437e+03 1.054115332031250000e+04 1.054335192904014184e+04
1.183926061309408396e+03 1.053734277343750000e+04 1.054334995984941816e+04
1.183946495732758194e+03 1.054265234375000000e+04 1.054334801322776912e+04
1.183966929955873638e+03 1.053680371093750000e+04 1.054334608914213095e+04
1.183987364379223436e+03 1.053651953125000000e+04 1.054334418749325960e+04
1.184007798701990396e+03 1.054060253906250000e+04 1.054334230824776023e+04
1.184028233025223017e+03 1.054239746093750000e+04 1.054334045133462678e+04
1.184048667347989976e+03 1.053830468750000000e+04 1.054333861669240287e+04
1.184069101670756936e+03 1.052839550781250000e+04 1.054333680425948842e+04
1.184089535993523896e+03 1.053978027343750000e+04 1.054333501397434338e+04
1.184109970316290855e+03 1.053376953125000000e+04 1.054333324577541862e+04
1.184130404639057815e+03 1.054471679687500000e+04 1.054333149960116498e+04
1.184150838961359113e+03 1.053427148437500000e+04 1.054332977539007516e+04
1.184171273384243250e+03 1.053953125000000000e+04 1.054332807307223266e+04
1.184191707606427372e+03 1.053826660156250000e+04 1.054332639261103759e+04
1.184212142028845847e+03 1.053704882812500000e+04 1.054332473391195890e+04
1.184232576351147145e+03 1.054051074218750000e+04 1.054332309693799471e+04
1.184253010573796928e+03 1.053450000000000000e+04 1.054332148162724116e+04
1.184273444995749742e+03 1.054542187500000000e+04 1.054331988789467505e+04
1.184293879318051040e+03 1.054305761718750000e+04 1.054331831570222312e+04
1.184314313540235162e+03 1.054290820312500000e+04 1.054331676498805973e+04
1.184334747962653637e+03 1.054087695312500000e+04 1.054331523566800752e+04
1.184355182284489274e+03 1.053959960937500000e+04 1.054331372770317648e+04
1.184375616506673396e+03 1.054574609375000000e+04 1.054331224103164277e+04
1.184396050928626209e+03 1.053722460937500000e+04 1.054331077557023491e+04
1.184416485250461847e+03 1.054307226562500000e+04 1.054330933127906064e+04
1.184436919671948999e+03 1.055186621093750000e+04 1.054330790808245547e+04
1.184457353894133121e+03 1.054665625000000000e+04 1.054330650593953760e+04
1.184477788215503097e+03 1.054755957031250000e+04 1.054330512476812328e+04
1.184498222537338734e+03 1.054644140625000000e+04 1.054330376451349002e+04
1.184518656858708709e+03 1.054487988281250000e+04 1.054330242511415781e+04
1.184539091180544347e+03 1.055346484375000000e+04 1.054330110650851202e+04
1.184559525501914322e+03 1.054274707031250000e+04 1.054329980863506717e+04
1.184579959823284298e+03 1.054169628906250000e+04 1.054329853143224318e+04
1.184600394144654274e+03 1.054433300781250000e+04 1.054329727483850002e+04
1.184620828466024250e+03 1.053937890625000000e+04 1.054329603879228307e+04
1.184641262787394226e+03 1.053795214843750000e+04 1.054329482323204684e+04
1.184661697208415717e+03 1.053835449218750000e+04 1.054329362809046506e+04
1.184682131529320031e+03 1.054706445312500000e+04 1.054329245331767015e+04
1.184702565750572830e+03 1.053756054687500000e+04 1.054329129885179645e+04
1.184723000171594322e+03 1.055159960937500000e+04 1.054329016461452193e+04
1.184743434492498636e+03 1.053989843750000000e+04 1.054328905056109943e+04
1.184763868713285774e+03 1.053945214843750000e+04 1.054328795662968332e+04
1.184784303134307265e+03 1.053294238281250000e+04 1.054328688274279011e+04
1.184804737455211580e+03 1.054260351562500000e+04 1.054328582885480682e+04
1.184825171675533056e+03 1.053795996093750000e+04 1.054328479490391510e+04
1.184845606096554548e+03 1.054608984375000000e+04 1.054328378081347364e+04
1.184866040416993201e+03 1.053103710937500000e+04 1.054328278653702546e+04
1.184886474837549031e+03 1.054960058593750000e+04 1.054328181200325889e+04
1.184906909057870507e+03 1.054085546875000000e+04 1.054328085716480564e+04
1.184927343378774822e+03 1.054515039062500000e+04 1.054327992194591934e+04
1.184947777798864990e+03 1.054551855468750000e+04 1.054327900628540192e+04
1.184968212019186467e+03 1.054416308593750000e+04 1.054327811013495921e+04
1.184988646339625120e+03 1.053946484375000000e+04 1.054327723341975070e+04
1.185009080759715289e+03 1.054012695312500000e+04 1.054327637607853103e+04
1.185029514979571104e+03 1.054601269531250000e+04 1.054327553806218930e+04
1.185049949299544096e+03 1.053927929687500000e+04 1.054327471929672356e+04
1.185070383719634265e+03 1.053429980468750000e+04 1.054327391972086843e+04
1.185090817939490080e+03 1.053510058593750000e+04 1.054327313928468539e+04
1.185111252359580249e+03 1.054018261718750000e+04 1.054327237791133484e+04
1.185131686579436064e+03 1.054342089843750000e+04 1.054327163555418883e+04
1.185152120999060571e+03 1.054212207031250000e+04 1.054327091213716631e+04
1.185172555319033563e+03 1.053994042968750000e+04 1.054327020760945743e+04
1.185192989638540894e+03 1.054269335937500000e+04 1.054326952190596057e+04
1.185213423857931048e+03 1.054290039062500000e+04 1.054326885496833347e+04
1.185233858277555555e+03 1.053702636718750000e+04 1.054326820672536087e+04
1.185254292597062886e+03 1.053570898437500000e+04 1.054326757712515791e+04
1.185274726816453040e+03 1.054414843750000000e+04 1.054326696610591171e+04
1.185295161236077547e+03 1.053408789062500000e+04 1.054326637359722372e+04
1.185315595555119216e+03 1.055218750000000000e+04 1.054326579954640511e+04
1.185336029974278063e+03 1.053977539062500000e+04 1.054326524388626785e+04
1.185356464193668216e+03 1.053662988281250000e+04 1.054326470656328638e+04
1.185376898512709886e+03 1.054081250000000000e+04 1.054326418750790799e+04
1.185397332931868732e+03 1.053325976562500000e+04 1.054326368665883638e+04
1.185417767150793225e+03 1.053331542968750000e+04 1.054326320396175288e+04
1.185438201469834894e+03 1.053541601562500000e+04 1.054326273934788333e+04
1.185458635888528079e+03 1.052766503906250000e+04 1.054326229275595688e+04
1.185479070107452571e+03 1.054105371093750000e+04 1.054326186413083451e+04
1.185499504426028579e+03 1.054623437500000000e+04 1.054326145340456060e+04
1.185519938844721764e+03 1.054785839843750000e+04 1.054326106051583338e+04
1.185540373063646257e+03 1.054364160156250000e+04 1.054326068540874803e+04
1.185560807481873780e+03 1.053418066406250000e+04 1.054326032801442307e+04
1.185581241800449789e+03 1.054662402343750000e+04 1.054325998827667900e+04
1.185601676018908620e+03 1.054635253906250000e+04 1.054325966613370838e+04
1.185622110437136143e+03 1.054693554687500000e+04 1.054325936151936730e+04
1.185642544755712152e+03 1.053794531250000000e+04 1.054325907437670321e+04
1.185662979073822498e+03 1.054153027343750000e+04 1.054325880464264628e+04
1.185683413391932845e+03 1.054539843750000000e+04 1.054325855225563646e+04
1.185703847710043192e+03 1.053273925781250000e+04 1.054325831715413369e+04
1.185724282028153539e+03 1.054508398437500000e+04 1.054325809927658338e+04
1.185744716346263885e+03 1.054353417968750000e+04 1.054325789856144547e+04
1.185765150663908571e+03 1.054180957031250000e+04 1.054325771494716719e+04
1.185785584982018918e+03 1.053690820312500000e+04 1.054325754837220120e+04
1.185806019399780780e+03 1.054122753906250000e+04 1.054325739877431442e+04
1.185826453617773950e+03 1.054367089843750000e+04 1.054325726609402227e+04
1.185846887935418636e+03 1.053777441406250000e+04 1.054325715026771650e+04
1.185867322253063321e+03 1.054461718750000000e+04 1.054325705123453008e+04
1.185887756570242345e+03 1.053719824218750000e+04 1.054325696893292115e+04
1.185908190988004208e+03 1.054314843750000000e+04 1.054325690330106227e+04
1.185928625205531716e+03 1.054554296875000000e+04 1.054325685427823919e+04
1.185949059522710741e+03 1.053666308593750000e+04 1.054325682180206968e+04
1.185969493940006942e+03 1.053670410156250000e+04 1.054325680581124834e+04
1.185989928157068789e+03 1.055094726562500000e+04 1.054325680624433880e+04
1.186010362574364990e+03 1.053119238281250000e+04 1.054325682303980648e+04
1.186030796891544014e+03 1.054454394531250000e+04 1.054325685613596943e+04
1.186051231108605862e+03 1.053910644531250000e+04 1.054325690547104750e+04
1.186071665525436401e+03 1.053562402343750000e+04 1.054325697098433375e+04
1.186092099842615426e+03 1.054120117187500000e+04 1.054325705261343683e+04
1.186112534059211612e+03 1.053751660156250000e+04 1.054325715029657476e+04
1.186132968476507813e+03 1.053668359375000000e+04 1.054325726397375547e+04
1.186153402793221176e+03 1.053889062500000000e+04 1.054325739358186911e+04
1.186173837109934539e+03 1.054542968750000000e+04 1.054325753905989222e+04
1.186194271426182240e+03 1.053961621093750000e+04 1.054325770034627385e+04
1.186214705742895603e+03 1.054249511718750000e+04 1.054325787737947394e+04
1.186235140159260482e+03 1.053578808593750000e+04 1.054325807009891651e+04
1.186255574375856668e+03 1.054630859375000000e+04 1.054325827844012019e+04
1.186276008692104369e+03 1.054576464843750000e+04 1.054325850234446989e+04
1.186296443108469248e+03 1.053243554687500000e+04 1.054325874175065110e+04
1.186316877424716949e+03 1.053495800781250000e+04 1.054325899659477727e+04
1.186337311640847474e+03 1.054977929687500000e+04 1.054325926681506826e+04
1.186357746056746691e+03 1.054059277343750000e+04 1.054325955235405490e+04
1.186378180372994393e+03 1.054692578125000000e+04 1.054325985314612080e+04
1.186398614589124918e+03 1.055362304687500000e+04 1.054326016912948762e+04
1.186419049005024135e+03 1.053026074218750000e+04 1.054326050024735378e+04
1.186439483320806175e+03 1.055441796875000000e+04 1.054326084643342256e+04
1.186459917536471039e+03 1.054062109375000000e+04 1.054326120762593200e+04
1.186480351952370256e+03 1.053850292968750000e+04 1.054326158376874810e+04
1.186500786267686635e+03 1.056119824218750000e+04 1.054326197479489565e+04
1.186521220583468676e+03 1.054066015625000000e+04 1.054326238064465178e+04
1.186541654898785055e+03 1.054862792968750000e+04 1.054326280125645098e+04
1.186562089114449918e+03 1.054056640625000000e+04 1.054326323656659588e+04
1.186602957845199853e+03 1.055209863281250000e+04 1.054326415104869739e+04
1.186623392060399055e+03 1.054077343750000000e+04 1.054326463009084728e+04
1.186643826475366950e+03 1.053849804687500000e+04 1.054326512359206390e+04
1.186684695005882531e+03 1.055194531250000000e+04 1.054326615370391846e+04
1.186705129420850426e+03 1.053662695312500000e+04 1.054326669019900510e+04
1.186725563735701144e+03 1.053926269531250000e+04 1.054326724089962227e+04
1.186745998150669038e+03 1.054895019531250000e+04 1.054326780574961958e+04
1.186766432365402579e+03 1.053528027343750000e+04 1.054326838467903872e+04
1.186786866679787636e+03 1.054479589843750000e+04 1.054326897763473244e+04
1.186807301094755530e+03 1.053404882812500000e+04 1.054326958455537897e+04
1.186827735309489071e+03 1.053916210937500000e+04 1.054327020537039607e+04
1.186848169623874128e+03 1.055043359375000000e+04 1.054327084002724587e+04
1.186868604038376361e+03 1.054659570312500000e+04 1.054327148846459932e+04
1.186889038352761418e+03 1.053943847656250000e+04 1.054327215061455354e+04
1.186909472567029297e+03 1.053866406250000000e+04 1.054327282641535385e+04
1.186929906981531531e+03 1.054421289062500000e+04 1.054327351581549738e+04
1.186950341295450926e+03 1.053415039062500000e+04 1.054327421874337961e+04
1.186970775709487498e+03 1.054290625000000000e+04 1.054327493514435628e+04
1.186991209923755378e+03 1.053944335937500000e+04 1.054327566494627172e+04
1.187011644237674773e+03 1.054100976562500000e+04 1.054327640809817240e+04
1.187032078651711345e+03 1.055524414062500000e+04 1.054327716453871835e+04
1.187052512865513563e+03 1.055939941406250000e+04 1.054327793419515365e+04
1.187072947179432958e+03 1.053783398437500000e+04 1.054327871701714321e+04
1.187093381593003869e+03 1.054535058593750000e+04 1.054327951294331433e+04
1.187113815806806087e+03 1.055460156250000000e+04 1.054328032190035810e+04
1.187134250120259821e+03 1.054599023437500000e+04 1.054328114383849061e+04
1.187154684433713555e+03 1.053765429687500000e+04 1.054328197869224823e+04
1.187175118747167289e+03 1.055071289062500000e+04 1.054328282640008365e+04
1.187195553160738200e+03 1.054810742187500000e+04 1.054328368690469688e+04
1.187215987374074757e+03 1.054120507812500000e+04 1.054328456013179857e+04
1.187236421687062830e+03 1.054771875000000000e+04 1.054328544603256159e+04
1.187256856100168079e+03 1.054619140625000000e+04 1.054328634454564781e+04
1.187277290313504636e+03 1.055317089843750000e+04 1.054328725559622762e+04
1.187297724626492709e+03 1.054627148437500000e+04 1.054328817913601051e+04
1.187318159039597958e+03 1.054538281250000000e+04 1.054328911510365651e+04
1.187338593252468854e+03 1.055710742187500000e+04 1.054329006342377033e+04
1.187359027565456927e+03 1.054826562500000000e+04 1.054329102404864898e+04
1.187379461978096515e+03 1.055422363281250000e+04 1.054329199691690155e+04
1.187399896291084588e+03 1.054061816406250000e+04 1.054329298195749652e+04
1.187420330603606999e+03 1.054929003906250000e+04 1.054329397911357773e+04
1.187440764916129410e+03 1.054336621093750000e+04 1.054329498832361969e+04
1.187461199228651822e+03 1.054340332031250000e+04 1.054329600952607143e+04
1.187481633541174233e+03 1.054366699218750000e+04 1.054329704265938926e+04
1.187502067853230983e+03 1.054523632812500000e+04 1.054329808766199858e+04
1.187522502165753394e+03 1.053306835937500000e+04 1.054329914447240299e+04
1.187542936577927321e+03 1.054599902343750000e+04 1.054330021303427020e+04
1.187563370789866894e+03 1.053290917968750000e+04 1.054330129327028408e+04
1.187583805101923645e+03 1.054385449218750000e+04 1.054330238513468794e+04
1.187604239514097571e+03 1.053870214843750000e+04 1.054330348856610726e+04
1.187624673726037145e+03 1.054282226562500000e+04 1.054330460348668748e+04
1.187645108138211071e+03 1.053755468750000000e+04 1.054330572985673462e+04
1.187665542449802160e+03 1.054090136718750000e+04 1.054330686759820128e+04
1.187685976661741734e+03 1.054563183593750000e+04 1.054330801664942919e+04
1.187706411073449999e+03 1.053262695312500000e+04 1.054330917696578581e+04
1.187726845385041088e+03 1.054065917968750000e+04 1.054331034846877810e+04
1.187747279596515000e+03 1.054450195312500000e+04 1.054331153109669685e+04
1.187767714007757604e+03 1.052908593750000000e+04 1.054331272480543157e+04
1.187788148319348693e+03 1.054790332031250000e+04 1.054331392951602174e+04
1.187808582630474120e+03 1.053325097656250000e+04 1.054331514517269170e+04
1.187829016942065209e+03 1.053678515625000000e+04 1.054331637171394141e+04
1.187849451253190637e+03 1.054441601562500000e+04 1.054331760907817625e+04
1.187869885564316064e+03 1.054513378906250000e+04 1.054331885720387072e+04
1.187890319875441492e+03 1.053205664062500000e+04 1.054332011602948114e+04
1.187910754186101258e+03 1.054368945312500000e+04 1.054332138549342562e+04
1.187931188497226685e+03 1.054346484375000000e+04 1.054332266553422414e+04
1.187951622807886451e+03 1.054619726562500000e+04 1.054332395609025843e+04
1.187972057118546218e+03 1.054033496093750000e+04 1.054332525710002665e+04
1.187992491429205984e+03 1.054179199218750000e+04 1.054332656850196508e+04
1.188012925739865750e+03 1.053840625000000000e+04 1.054332789023453006e+04
1.188033360050525516e+03 1.054439062500000000e+04 1.054332922223618152e+04
1.188053794461302459e+03 1.054000781250000000e+04 1.054333056445196962e+04
1.188074228671379387e+03 1.054771289062500000e+04 1.054333191680050732e+04
1.188094662982039154e+03 1.054803613281250000e+04 1.054333327924011792e+04
1.188115097391884774e+03 1.053896777343750000e+04 1.054333465170930867e+04
1.188135531602427363e+03 1.054763671875000000e+04 1.054333603412640696e+04
1.188155966012272984e+03 1.053833105468750000e+04 1.054333742645683560e+04
1.188176400322467089e+03 1.054717285156250000e+04 1.054333882861874554e+04
1.188196834532544017e+03 1.053766406250000000e+04 1.054334024055041300e+04
1.188217268942389637e+03 1.054100683593750000e+04 1.054334166221109263e+04
1.188237703252118081e+03 1.054178222656250000e+04 1.054334309351843331e+04
1.188258137462195009e+03 1.055291113281250000e+04 1.054334453441077858e+04
1.188278571871574968e+03 1.054044628906250000e+04 1.054334598484774142e+04
1.188299006181303412e+03 1.054451660156250000e+04 1.054334744474661784e+04
1.188319440390914679e+03 1.053614648437500000e+04 1.054334891404568589e+04
1.188339874800294638e+03 1.053954199218750000e+04 1.054335039270503694e+04
1.188360309110023081e+03 1.054865332031250000e+04 1.054335188064151771e+04
1.188380743519403040e+03 1.053927832031250000e+04 1.054335337780810187e+04
1.188401177728548646e+03 1.053934179687500000e+04 1.054335488412119230e+04
1.188421612037811428e+03 1.054598828125000000e+04 1.054335639954132421e+04
1.188442046446725726e+03 1.054809375000000000e+04 1.054335792400704304e+04
1.188462480655871332e+03 1.054548144531250000e+04 1.054335945743439697e+04
1.188482914964668453e+03 1.054843359375000000e+04 1.054336099978424318e+04
1.188503349373582751e+03 1.054142578125000000e+04 1.054336255099519985e+04
1.188523783582728356e+03 1.054266796875000000e+04 1.054336411098289318e+04
1.188544217891525477e+03 1.055181054687500000e+04 1.054336567970856959e+04
1.188564652299974114e+03 1.054871484375000000e+04 1.054336725711080180e+04
1.188585086508654058e+03 1.054417968750000000e+04 1.054336884310487039e+04
1.188605520917102695e+03 1.055534667968750000e+04 1.054337043766023999e+04
1.188625955225434154e+03 1.055026269531250000e+04 1.054337204069202198e+04
1.188646389434114099e+03 1.054575488281250000e+04 1.054337365213858357e+04
1.188666823842562735e+03 1.054889355468750000e+04 1.054337527196204428e+04
1.188687258150894195e+03 1.054720117187500000e+04 1.054337690007715719e+04
1.188707692358642817e+03 1.054176367187500000e+04 1.054337853642220580e+04
1.188728126767091453e+03 1.054386425781250000e+04 1.054338018095983352e+04
1.188748561074957252e+03 1.054472363281250000e+04 1.054338183360430776e+04
1.188768995283171535e+03 1.054587402343750000e+04 1.054338349429403570e+04
1.188789429690688848e+03 1.053745996093750000e+04 1.054338516299182447e+04
1.188809863998554647e+03 1.053714062500000000e+04 1.054338683961177230e+04
1.188830298406537622e+03 1.053716796875000000e+04 1.054338852410871914e+04
1.188850732614286244e+03 1.054131640625000000e+04 1.054339021639630664e+04
1.188871166921686381e+03 1.054124804687500000e+04 1.054339191643776212e+04
1.188891601329203695e+03 1.054335156250000000e+04 1.054339362417168741e+04
1.188912035536486655e+03 1.054129589843750000e+04 1.054339533951138583e+04
1.188932469843886793e+03 1.053973242187500000e+04 1.054339706242046304e+04
1.188952904251404107e+03 1.054810351562500000e+04 1.054339879283747723e+04
1.188973338458687067e+03 1.054255664062500000e+04 1.054340053067539702e+04
1.188993772765621543e+03 1.055851367187500000e+04 1.054340227589812639e+04
1.189014207172673196e+03 1.054322656250000000e+04 1.054340402844426171e+04
1.189034641479607671e+03 1.055105371093750000e+04 1.054340578823508258e+04
1.189055075786542147e+03 1.054638476562500000e+04 1.054340755521761093e+04
1.189075510093476623e+03 1.054622070312500000e+04 1.054340932933029944e+04
1.189095944400411099e+03 1.054956933593750000e+04 1.054341111051160260e+04
1.189116378706879914e+03 1.054176660156250000e+04 1.054341289869992761e+04
1.189136813013814390e+03 1.054104980468750000e+04 1.054341469383380900e+04
1.189157247320283204e+03 1.054064257812500000e+04 1.054341649585162304e+04
1.189177681626752019e+03 1.053913183593750000e+04 1.054341830469186061e+04
1.189198115933220834e+03 1.054032128906250000e+04 1.054342012029297075e+04
1.189218550239223987e+03 1.055636230468750000e+04 1.054342194259337157e+04
1.189238984545692801e+03 1.054781152343750000e+04 1.054342377153159032e+04
1.189259418851695955e+03 1.053024902343750000e+04 1.054342560704600328e+04
1.189279853158164769e+03 1.054611230468750000e+04 1.054342744907514316e+04
1.189300287464167923e+03 1.054473046875000000e+04 1.054342929755737896e+04
1.189320721770171076e+03 1.054303515625000000e+04 1.054343115243120701e+04
1.189341156175825745e+03 1.054991113281250000e+04 1.054343301364416766e+04
1.189361590381711721e+03 1.054515039062500000e+04 1.054343488110740145e+04
1.189382024687249213e+03 1.053527148437500000e+04 1.054343675478667137e+04
1.189402459092903882e+03 1.054522363281250000e+04 1.054343863462056834e+04
1.189422893298789859e+03 1.053852148437500000e+04 1.054344052051991093e+04
1.189443327603861690e+03 1.054568554687500000e+04 1.054344241245070407e+04
1.189463762009516358e+03 1.055279687500000000e+04 1.054344431035160778e+04
1.189484196214936674e+03 1.055028417968750000e+04 1.054344621413309869e+04
1.189504630520008504e+03 1.054096484375000000e+04 1.054344812376152186e+04
1.189525064925197512e+03 1.053522460937500000e+04 1.054345003917546092e+04
1.189545499130617827e+03 1.054681250000000000e+04 1.054345196028521605e+04
1.189586367840413004e+03 1.054334375000000000e+04 1.054345581943038997e+04
1.189606802145484835e+03 1.054107617187500000e+04 1.054345775732394941e+04
1.189627236450091004e+03 1.054616015625000000e+04 1.054345970068584575e+04
1.189647670754697174e+03 1.054341894531250000e+04 1.054346164945456985e+04
1.189668105059303343e+03 1.055079589843750000e+04 1.054346360356857986e+04
1.189688539464026690e+03 1.054193457031250000e+04 1.054346556297593997e+04
1.189708973668515682e+03 1.053112011718750000e+04 1.054346752758626462e+04
1.189729407973121852e+03 1.054464941406250000e+04 1.054346949736684473e+04
1.189749842377379537e+03 1.054258984375000000e+04 1.054347147225616391e+04
1.189770276581402868e+03 1.054284667968750000e+04 1.054347345216365102e+04
1.189790710985660553e+03 1.054660253906250000e+04 1.054347543706656506e+04
1.189811145289801061e+03 1.056067675781250000e+04 1.054347742687421851e+04
1.189831579493824393e+03 1.055667187500000000e+04 1.054347942152499127e+04
1.189852013898082078e+03 1.054304003906250000e+04 1.054348142098668905e+04
1.189872448201756924e+03 1.054440820312500000e+04 1.054348342516836965e+04
1.189892882405780256e+03 1.054161328125000000e+04 1.054348543400850394e+04
1.189913316809106618e+03 1.053667578125000000e+04 1.054348744747496676e+04
1.189933751013129950e+03 1.053396386718750000e+04 1.054348946546694060e+04
1.189954185316339135e+03 1.054591894531250000e+04 1.054349148795232031e+04
1.189974619720131159e+03 1.054790039062500000e+04 1.054349351486975866e+04
1.189995053923688829e+03 1.054388574218750000e+04 1.054349554612784232e+04
1.190015488327015191e+03 1.054857519531250000e+04 1.054349758170477980e+04
1.190035922630224377e+03 1.054489453125000000e+04 1.054349962150918873e+04
1.190056356933433563e+03 1.053974804687500000e+04 1.054350166548947891e+04
1.190076791236177087e+03 1.054771972656250000e+04 1.054350371358406119e+04
1.190097225539386272e+03 1.054758398437500000e+04 1.054350576573147555e+04
1.190117659842595458e+03 1.055187500000000000e+04 1.054350782187013283e+04
1.190138094145338982e+03 1.054088378906250000e+04 1.054350988193843659e+04
1.190158528448082507e+03 1.054685937500000000e+04 1.054351194587489044e+04
1.190178962750826031e+03 1.055241406250000000e+04 1.054351401361794160e+04
1.190199397153221071e+03 1.055502636718750000e+04 1.054351608511615450e+04
1.190219831355847418e+03 1.055129296875000000e+04 1.054351816027760287e+04
1.190240265758242458e+03 1.055068652343750000e+04 1.054352023908131378e+04
1.190260700060985982e+03 1.055046875000000000e+04 1.054352232143530273e+04
1.190281134263146669e+03 1.054709179687500000e+04 1.054352440727788053e+04
1.190301568665541708e+03 1.054951953125000000e+04 1.054352649657822803e+04
1.190322002967819571e+03 1.054897070312500000e+04 1.054352858924411703e+04
1.190342437169514596e+03 1.054839355468750000e+04 1.054353068521389832e+04
1.190362871571909636e+03 1.054935742187500000e+04 1.054353278445695832e+04
1.190383305873721838e+03 1.054822265625000000e+04 1.054353488688081416e+04
1.190403740075416863e+03 1.054425488281250000e+04 1.054353699242392395e+04
1.190424174477346241e+03 1.055021093750000000e+04 1.054353910105571413e+04
1.190444608779158443e+03 1.055343359375000000e+04 1.054354121268366180e+04
1.190465042980387807e+03 1.054991113281250000e+04 1.054354332724613050e+04
1.190485477381851524e+03 1.054968066406250000e+04 1.054354544471272311e+04
1.190505911683663726e+03 1.055612792968750000e+04 1.054354756499083669e+04
1.190526346085127443e+03 1.055097167968750000e+04 1.054354968803960583e+04
1.190546780286356807e+03 1.054871972656250000e+04 1.054355181376630208e+04
1.190567214587237686e+03 1.055345605468750000e+04 1.054355394214055559e+04
1.190587648888584226e+03 1.055047167968750000e+04 1.054355607309051265e+04
1.190608083189465106e+03 1.054265429687500000e+04 1.054355820655452044e+04
1.190628517490345985e+03 1.054522070312500000e+04 1.054356034247108983e+04
1.190648951791226864e+03 1.054879980468750000e+04 1.054356248077866621e+04
1.190669386092107743e+03 1.055076367187500000e+04 1.054356462141570591e+04
1.190689820392988622e+03 1.054359082031250000e+04 1.054356676432066160e+04
1.190710254693403840e+03 1.054472851562500000e+04 1.054356890943193503e+04
1.190730688994284719e+03 1.052936132812500000e+04 1.054357105668807344e+04
1.190751123394817114e+03 1.053257519531250000e+04 1.054357320603797780e+04
1.190771557695232332e+03 1.054469238281250000e+04 1.054357535739907689e+04
1.190791991895530373e+03 1.052938867187500000e+04 1.054357751070980157e+04
1.190812426295597106e+03 1.052430273437500000e+04 1.054357966594021491e+04
1.190832860595546663e+03 1.053977050781250000e+04 1.054358182299715736e+04
1.190853294795844704e+03 1.054434277343750000e+04 1.054358398181910343e+04
1.190873729195911437e+03 1.054799121093750000e+04 1.054358614237614893e+04
1.190894163495860994e+03 1.054418554687500000e+04 1.054358830457506156e+04
1.190914597695693374e+03 1.054406835937500000e+04 1.054359046835425397e+04
1.190935032095294446e+03 1.055487988281250000e+04 1.054359263368395841e+04
1.190955466395244002e+03 1.055071679687500000e+04 1.054359480047090619e+04
1.190975900794379413e+03 1.054816406250000000e+04 1.054359696867462844e+04
1.190996334994211793e+03 1.054106640625000000e+04 1.054359913820190923e+04
1.191016769293695688e+03 1.053970507812500000e+04 1.054360130902291712e+04
1.191037203692831099e+03 1.055220703125000000e+04 1.054360348107613390e+04
1.191057637892197818e+03 1.055540039062500000e+04 1.054360565426816902e+04
1.191098506590351462e+03 1.055077832031250000e+04 1.054361000391809284e+04
1.191118940789718181e+03 1.054501367187500000e+04 1.054361218022101639e+04
1.191139375088270754e+03 1.054296191406250000e+04 1.054361435744837399e+04
1.191159809487406164e+03 1.054555664062500000e+04 1.054361653553878568e+04
1.191180243685841560e+03 1.054471191406250000e+04 1.054361871439857168e+04
1.191200678084976971e+03 1.054429492187500000e+04 1.054362089400899822e+04
1.191221112383529544e+03 1.054805078125000000e+04 1.054362307427637825e+04
1.191241546682082117e+03 1.054825390625000000e+04 1.054362525514989466e+04
1.191261980980169028e+03 1.054558203125000000e+04 1.054362743656795101e+04
1.191282415278721601e+03 1.054182421875000000e+04 1.054362961846910002e+04
1.191302849477156997e+03 1.054644140625000000e+04 1.054363180078104779e+04
1.191323283875361085e+03 1.054715625000000000e+04 1.054363398347427756e+04
1.191343718173447996e+03 1.054998339843750000e+04 1.054363616645521506e+04
1.191364152371417731e+03 1.054810449218750000e+04 1.054363834966230934e+04
1.191384586769156158e+03 1.054546875000000000e+04 1.054364053306605274e+04
1.191405021067243069e+03 1.054954785156250000e+04 1.054364271657290374e+04
1.191425455264747143e+03 1.054200781250000000e+04 1.054364490012121678e+04
1.191445889662485570e+03 1.054793359375000000e+04 1.054364708368159336e+04
1.191466323960106820e+03 1.054842675781250000e+04 1.054364926716038281e+04
1.191486758357845247e+03 1.055719726562500000e+04 1.054365145051744184e+04
1.191507192555349320e+03 1.054070605468750000e+04 1.054365363365912708e+04
1.191527626852504909e+03 1.055299707031250000e+04 1.054365581655592905e+04
1.191548061249777675e+03 1.054335449218750000e+04 1.054365799914635500e+04
1.191568495446816087e+03 1.055541503906250000e+04 1.054366018133677244e+04
1.191588929743971676e+03 1.054419824218750000e+04 1.054366236309771557e+04
1.191609364141244441e+03 1.054111523437500000e+04 1.054366454436762797e+04
1.191629798338282853e+03 1.054405175781250000e+04 1.054366672505290808e+04
1.191650232634972781e+03 1.054131738281250000e+04 1.054366890512401187e+04
1.191670667031779885e+03 1.055045507812500000e+04 1.054367108451943568e+04
1.191691101228352636e+03 1.054223730468750000e+04 1.054367326314560341e+04
1.191711535625159740e+03 1.054576074218750000e+04 1.054367544098366125e+04
1.191731969921384007e+03 1.054913183593750000e+04 1.054367761794000035e+04
1.191752404218073934e+03 1.053835546875000000e+04 1.054367979396383816e+04
1.191772838514298201e+03 1.054807226562500000e+04 1.054368196899353825e+04
1.191793272810522467e+03 1.054721289062500000e+04 1.054368414296759329e+04
1.191813707106746733e+03 1.054192480468750000e+04 1.054368631582445960e+04
1.191834141402970999e+03 1.053999414062500000e+04 1.054368848750259167e+04
1.191854575699195266e+03 1.055166113281250000e+04 1.054369065794043672e+04
1.191875009994953871e+03 1.054450585937500000e+04 1.054369282707640377e+04
1.191895444390829653e+03 1.055287304687500000e+04 1.054369499485961387e+04
1.191915878586471081e+03 1.055223925781250000e+04 1.054369716119666191e+04
1.191936312982346863e+03 1.055165234375000000e+04 1.054369932606845759e+04
1.191956747177988291e+03 1.054291601562500000e+04 1.054370148937102749e+04
1.191977181473281235e+03 1.053594335937500000e+04 1.054370365107458383e+04
1.191997615868691355e+03 1.054684863281250000e+04 1.054370581111760475e+04
1.192018050064332783e+03 1.054456933593750000e+04 1.054370796940685614e+04
1.192038484359160066e+03 1.053541406250000000e+04 1.054371012591237923e+04
1.192058918754570186e+03 1.053961035156250000e+04 1.054371228057274857e+04
1.192079352949745953e+03 1.054281640625000000e+04 1.054371443329470821e+04
1.192099787244573236e+03 1.054679296875000000e+04 1.054371658404832488e+04
1.192120221639517695e+03 1.054269531250000000e+04 1.054371873277206396e+04
1.192140655834227800e+03 1.054503906250000000e+04 1.054372087937281140e+04
1.192161090129055083e+03 1.053866308593750000e+04 1.054372302382059024e+04
1.192181524523533881e+03 1.054601367187500000e+04 1.054372516605377314e+04
1.192201958718243986e+03 1.055203613281250000e+04 1.054372730597943519e+04
1.192222393112722784e+03 1.054856250000000000e+04 1.054372944357787128e+04
1.192242827407084405e+03 1.054228417968750000e+04 1.054373157875614743e+04
1.192263261701446027e+03 1.055388281250000000e+04 1.054373371146319550e+04
1.192283695995807648e+03 1.052948046875000000e+04 1.054373584163746636e+04
1.192304130289703608e+03 1.054009179687500000e+04 1.054373796921736721e+04
1.192324564584065229e+03 1.053879687500000000e+04 1.054374009414144530e+04
1.192344998877961189e+03 1.054061621093750000e+04 1.054374221634805690e+04
1.192365433171857148e+03 1.053689941406250000e+04 1.054374433577570198e+04
1.192385867465287447e+03 1.054467187500000000e+04 1.054374645236278593e+04
1.192406301859300584e+03 1.054030957031250000e+04 1.054374856605820969e+04
1.192426736052613705e+03 1.054290917968750000e+04 1.054375067676927938e+04
1.192447170446161181e+03 1.054256640625000000e+04 1.054375278447586243e+04
1.192467604739591479e+03 1.054739355468750000e+04 1.054375488908541411e+04
1.192488038933370262e+03 1.054935742187500000e+04 1.054375699053647259e+04
1.192508473326452076e+03 1.053502636718750000e+04 1.054375908879821509e+04
1.192528907619416714e+03 1.053914257812500000e+04 1.054376118377832790e+04
1.192569776205811650e+03 1.054530761718750000e+04 1.054376536367838344e+04
1.192590210498776287e+03 1.054284765625000000e+04 1.054376744847518057e+04
1.192610644691623747e+03 1.054752539062500000e+04 1.054376952974425512e+04
1.192631079084239900e+03 1.054622070312500000e+04 1.054377160745458605e+04
1.192651513277087361e+03 1.054426757812500000e+04 1.054377368150399343e+04
1.192671947669237852e+03 1.054487109375000000e+04 1.054377575187143884e+04
1.192692381962202489e+03 1.054169628906250000e+04 1.054377781846510334e+04
1.192712816154118627e+03 1.054261132812500000e+04 1.054377988122330862e+04
1.192733250546734780e+03 1.054352148437500000e+04 1.054378194011493542e+04
1.192753684838768095e+03 1.054259667968750000e+04 1.054378399504806112e+04
1.192774119131267071e+03 1.055545703125000000e+04 1.054378604597132289e+04
1.192794553422834724e+03 1.054422949218750000e+04 1.054378809282303155e+04
1.192814987714868039e+03 1.055323437500000000e+04 1.054379013554178164e+04
1.192835422006901354e+03 1.055147363281250000e+04 1.054379217406598400e+04
1.192855856298469007e+03 1.054546386718750000e+04 1.054379420833403492e+04
1.192876290590502322e+03 1.054887109375000000e+04 1.054379623828448894e+04
1.192896724882069975e+03 1.054012109375000000e+04 1.054379826385570595e+04
1.192917159273289144e+03 1.053521777343750000e+04 1.054380028499602486e+04
1.192937593464739621e+03 1.054080664062500000e+04 1.054380230161431973e+04
1.192958027856424451e+03 1.053356152343750000e+04 1.054380431368851714e+04
1.192978462147526443e+03 1.054378417968750000e+04 1.054380632112741841e+04
1.192998896338511258e+03 1.054425585937500000e+04 1.054380832386958718e+04
1.193019330729730427e+03 1.054081542968750000e+04 1.054381032188288373e+04
1.193039765020832419e+03 1.054829785156250000e+04 1.054381231507635312e+04
1.193060199211351573e+03 1.054722363281250000e+04 1.054381430338847349e+04
1.193080633602570742e+03 1.054083007812500000e+04 1.054381628678698326e+04
1.193101067893207073e+03 1.053665722656250000e+04 1.054381826518105299e+04
1.193121502083726227e+03 1.054301074218750000e+04 1.054382023850925179e+04
1.193141936474014074e+03 1.055395703125000000e+04 1.054382220673895790e+04
1.193162370764650404e+03 1.053722363281250000e+04 1.054382416977974572e+04
1.193182805154938251e+03 1.054581250000000000e+04 1.054382612758921277e+04
1.193203239345457405e+03 1.054477832031250000e+04 1.054382808007716449e+04
1.193223673635628074e+03 1.053819921875000000e+04 1.054383002721070079e+04
1.193244108025450259e+03 1.054809570312500000e+04 1.054383196892819979e+04
1.193264542215503752e+03 1.054862304687500000e+04 1.054383390513969607e+04
1.193284976505208760e+03 1.053440039062500000e+04 1.054383583581206040e+04
1.193305410795379430e+03 1.054725390625000000e+04 1.054383776087433034e+04
1.193325845085084438e+03 1.054061425781250000e+04 1.054383968026487128e+04
1.193346279374789447e+03 1.053708398437500000e+04 1.054384159392218135e+04
1.193366713664028794e+03 1.055835351562500000e+04 1.054384350178466411e+04
1.193387147953733802e+03 1.054354101562500000e+04 1.054384540379086684e+04
1.193407582242973149e+03 1.055215039062500000e+04 1.054384729987915489e+04
1.193428016532212496e+03 1.053831738281250000e+04 1.054384918998802095e+04
1.193448450821451843e+03 1.054399804687500000e+04 1.054385107405591771e+04
1.193468885210808367e+03 1.054202636718750000e+04 1.054385295203048372e+04
1.193489319499582052e+03 1.055033398437500000e+04 1.054385482383173076e+04
1.193509753688704222e+03 1.054845800781250000e+04 1.054385668939828611e+04
1.193530188077129424e+03 1.055183398437500000e+04 1.054385854869585091e+04
1.193550622365903109e+03 1.054568945312500000e+04 1.054386040163562211e+04
1.193571056554559618e+03 1.054160546875000000e+04 1.054386224815611786e+04
1.193591490943450481e+03 1.053595703125000000e+04 1.054386408822287558e+04
1.193611925231758505e+03 1.053782226562500000e+04 1.054386592174721591e+04
1.193632359419949353e+03 1.055072070312500000e+04 1.054386774866772248e+04
1.193652793808374554e+03 1.055425488281250000e+04 1.054386956894966352e+04
1.193673228096682578e+03 1.053954003906250000e+04 1.054387138250468342e+04
1.193693662484642118e+03 1.054524121093750000e+04 1.054387318928896275e+04
1.193714096672832966e+03 1.054602050781250000e+04 1.054387498921452789e+04
1.193734530960675329e+03 1.055169140625000000e+04 1.054387678224625961e+04
1.193754965348169208e+03 1.055098242187500000e+04 1.054387856832251055e+04
1.193775399535894394e+03 1.054703125000000000e+04 1.054388034735561450e+04
1.193795833823736757e+03 1.054777343750000000e+04 1.054388211931017577e+04
1.193816268211230636e+03 1.055194921875000000e+04 1.054388388412451059e+04
1.193836702398490161e+03 1.054537304687500000e+04 1.054388564171122198e+04
1.193857136686332524e+03 1.054329199218750000e+04 1.054388739203469595e+04
1.193877571073360741e+03 1.054170019531250000e+04 1.054388913503315052e+04
1.193898005360737443e+03 1.054216015625000000e+04 1.054389087062807994e+04
1.193918439647648484e+03 1.054657910156250000e+04 1.054389259876641518e+04
1.193938873934559524e+03 1.055326660156250000e+04 1.054389431938665439e+04
1.193959308221470565e+03 1.053659863281250000e+04 1.054389603242724297e+04
1.193979742508381605e+03 1.054375390625000000e+04 1.054389773782663542e+04
1.194000176795292646e+03 1.052823339843750000e+04 1.054389943552328623e+04
1.194020610981620848e+03 1.055124414062500000e+04 1.054390112544735166e+04
1.194041045368183404e+03 1.054064746093750000e+04 1.054390280756210268e+04
1.194061479654628783e+03 1.053919335937500000e+04 1.054390448178120823e+04
1.194081913840956986e+03 1.055064453125000000e+04 1.054390614804323923e+04
1.194102348227519542e+03 1.053555468750000000e+04 1.054390780631107918e+04
1.194122782513499260e+03 1.054136132812500000e+04 1.054390945649871719e+04
1.194143216699361801e+03 1.054476464843750000e+04 1.054391109854475326e+04
1.194163651085458696e+03 1.054730468750000000e+04 1.054391273241172348e+04
1.194184085371438414e+03 1.053360156250000000e+04 1.054391435801400257e+04
1.194204519757069647e+03 1.054060449218750000e+04 1.054391597530593572e+04
1.194224953942932189e+03 1.054299316406250000e+04 1.054391758420233418e+04
1.194245388228446245e+03 1.054019140625000000e+04 1.054391918466529751e+04
1.194265822614077479e+03 1.053989257812500000e+04 1.054392077663318378e+04
1.194286256799474359e+03 1.054629589843750000e+04 1.054392236002110803e+04
1.194306691084522754e+03 1.055045410156250000e+04 1.054392393479082966e+04
1.194327125470153987e+03 1.054290625000000000e+04 1.054392550088073767e+04
1.194347559655085206e+03 1.054292285156250000e+04 1.054392705820627089e+04
1.194367993940133601e+03 1.054510351562500000e+04 1.054392860672886309e+04
1.194388428324833512e+03 1.054418261718750000e+04 1.054393014638680324e+04
1.194408862509764731e+03 1.053956347656250000e+04 1.054393167709605041e+04
1.194429296894464642e+03 1.054464843750000000e+04 1.054393319882499054e+04
1.194449731179513037e+03 1.053489355468750000e+04 1.054393471148970639e+04
1.194470165464095771e+03 1.053434960937500000e+04 1.054393621503606118e+04
1.194490599748678505e+03 1.054166406250000000e+04 1.054393770940254399e+04
1.194511034032795578e+03 1.054263769531250000e+04 1.054393919452756927e+04
1.194531468317378312e+03 1.053953710937500000e+04 1.054394067034966429e+04
1.194551902701146901e+03 1.053826464843750000e+04 1.054394213681434121e+04
1.194572336885612458e+03 1.053423828125000000e+04 1.054394359383869596e+04
1.194592771169263870e+03 1.053588476562500000e+04 1.054394504138253978e+04
1.194613205553498119e+03 1.055026757812500000e+04 1.054394647938428170e+04
1.194633639737032354e+03 1.054966992187500000e+04 1.054394790776124501e+04
1.194654074120800942e+03 1.053757324218750000e+04 1.054394932647990936e+04
1.194674508304335177e+03 1.053904199218750000e+04 1.054395073545092055e+04
1.194694942587986588e+03 1.054185156250000000e+04 1.054395213463351502e+04
1.194715376971289515e+03 1.053528808593750000e+04 1.054395352396597082e+04
1.194735811154823750e+03 1.053962011718750000e+04 1.054395490336645526e+04
1.194756245438009501e+03 1.054176464843750000e+04 1.054395627279370092e+04
1.194776679821312428e+03 1.054564843750000000e+04 1.054395763218605498e+04
1.194797114004381001e+03 1.054639453125000000e+04 1.054395898146205582e+04
1.194817548287101090e+03 1.053989355468750000e+04 1.054396032058003766e+04
1.194837982669938356e+03 1.053696093750000000e+04 1.054396164947832767e+04
1.194858416853006929e+03 1.053365722656250000e+04 1.054396296807595900e+04
1.194878851235378534e+03 1.053483203125000000e+04 1.054396427633713211e+04
1.194899285518098623e+03 1.054018164062500000e+04 1.054396557418108569e+04
1.194919719700701535e+03 1.054868554687500000e+04 1.054396686154639610e+04
1.194940154083073139e+03 1.054509570312500000e+04 1.054396813839032620e+04
1.194960588365327567e+03 1.053712695312500000e+04 1.054396940463252395e+04
1.194981022647581995e+03 1.053810839843750000e+04 1.054397066021771388e+04
1.195001456929836422e+03 1.054312011718750000e+04 1.054397190508435597e+04
1.195021891211625189e+03 1.054035839843750000e+04 1.054397313917087195e+04
1.195042325493413955e+03 1.054452246093750000e+04 1.054397436241574542e+04
1.195062759775202721e+03 1.054455664062500000e+04 1.054397557475742178e+04
1.195083194056991488e+03 1.054703808593750000e+04 1.054397677613436645e+04
1.195103628338780254e+03 1.054087402343750000e+04 1.054397796648502117e+04
1.195124062720220536e+03 1.053890527343750000e+04 1.054397914575356845e+04
1.195144496901426464e+03 1.053958300781250000e+04 1.054398031386123330e+04
1.195164931282866746e+03 1.055229199218750000e+04 1.054398147076936402e+04
1.195185365564189851e+03 1.055051171875000000e+04 1.054398261639932207e+04
1.195205799745395780e+03 1.054474121093750000e+04 1.054398375068973291e+04
1.195226234126370400e+03 1.053663671875000000e+04 1.054398487359560750e+04
1.195246668407227844e+03 1.054605664062500000e+04 1.054398598503883477e+04
1.195267102587968111e+03 1.053929589843750000e+04 1.054398708495804203e+04
1.195287536968942732e+03 1.054331054687500000e+04 1.054398817330776001e+04
1.195307971249800175e+03 1.054321093750000000e+04 1.054398925001035968e+04
1.195328405430074781e+03 1.054219824218750000e+04 1.054399031500444289e+04
1.195348839810583740e+03 1.053986035156250000e+04 1.054399136824405286e+04
1.195369274090975523e+03 1.054804882812500000e+04 1.054399240965207900e+04
1.195389708371367306e+03 1.054014550781250000e+04 1.054399343917216174e+04
1.195410142651293427e+03 1.054663378906250000e+04 1.054399445674272283e+04
1.195430576831568033e+03 1.055325878906250000e+04 1.054399546229737643e+04
1.195451011211611331e+03 1.054773925781250000e+04 1.054399645578921263e+04
1.195471445491537452e+03 1.056438183593750000e+04 1.054399743714201759e+04
1.195491879770997912e+03 1.055081054687500000e+04 1.054399840629912796e+04
1.195512314050924033e+03 1.054517773437500000e+04 1.054399936319902736e+04
1.195553182609844953e+03 1.054832324218750000e+04 1.054400123998091658e+04
1.195573616889305413e+03 1.055271093750000000e+04 1.054400215973983359e+04
1.195594051168765873e+03 1.054471875000000000e+04 1.054400306699533576e+04
1.195614485447760671e+03 1.054209570312500000e+04 1.054400396168585394e+04
1.195634919826872647e+03 1.054081347656250000e+04 1.054400484375415544e+04
1.195655354005750269e+03 1.055016113281250000e+04 1.054400571312581815e+04
1.195675788384862244e+03 1.054538476562500000e+04 1.054400656975633501e+04
1.195696222663391382e+03 1.054820605468750000e+04 1.054400741357145489e+04
1.195716656842269003e+03 1.054389746093750000e+04 1.054400824450985419e+04
1.195737091220915318e+03 1.054119628906250000e+04 1.054400906252207096e+04
1.195757525499444455e+03 1.053393164062500000e+04 1.054400986753445432e+04
1.195777959677856416e+03 1.053570996093750000e+04 1.054401065948565520e+04
1.195798394056037068e+03 1.054103417968750000e+04 1.054401143832564776e+04
1.195818828334100544e+03 1.054305078125000000e+04 1.054401220398136138e+04
1.195839262512512505e+03 1.054519433593750000e+04 1.054401295639145610e+04
1.195859696890227497e+03 1.054083203125000000e+04 1.054401369550530217e+04
1.195880131168290973e+03 1.054191015625000000e+04 1.054401442125043468e+04
1.195900565546005964e+03 1.054349609375000000e+04 1.054401513357238582e+04
1.195920999723952264e+03 1.053834667968750000e+04 1.054401583239927277e+04
1.195941434001550078e+03 1.054262988281250000e+04 1.054401651767988733e+04
1.195961868378799409e+03 1.053914746093750000e+04 1.054401718935248209e+04
1.195982302556280047e+03 1.054508398437500000e+04 1.054401784734577086e+04
1.196002736833412200e+03 1.054320019531250000e+04 1.054401849160794518e+04
1.196023171211127192e+03 1.053974707031250000e+04 1.054401912207728674e+04
1.196043605388142169e+03 1.052701367187500000e+04 1.054401973868305504e+04
1.196064039664808661e+03 1.053944042968750000e+04 1.054402034137286682e+04
1.196084473941940814e+03 1.054074609375000000e+04 1.054402093008214979e+04
1.196104908218607306e+03 1.053304003906250000e+04 1.054402150474933114e+04
1.196125342595390975e+03 1.053351660156250000e+04 1.054402206531558295e+04
1.196145776872057468e+03 1.052678027343750000e+04 1.054402261171386999e+04
1.196166211048606783e+03 1.053838574218750000e+04 1.054402314388285959e+04
1.196186645424924791e+03 1.053638378906250000e+04 1.054402366176869691e+04
1.196207079701125622e+03 1.053863574218750000e+04 1.054402416530214032e+04
1.196227513877674937e+03 1.054647558593750000e+04 1.054402465442185712e+04
1.196247948253527284e+03 1.054165234375000000e+04 1.054402512907335768e+04
1.196268382529728115e+03 1.054395410156250000e+04 1.054402558918804061e+04
1.196288816705346107e+03 1.054117187500000000e+04 1.054402603470455506e+04
1.196309251081198454e+03 1.054397851562500000e+04 1.054402646556779837e+04
1.196329685356933624e+03 1.054891308593750000e+04 1.054402688170978945e+04
1.196350119532551616e+03 1.055326269531250000e+04 1.054402728306919744e+04
1.196370553908403963e+03 1.054507519531250000e+04 1.054402766959026485e+04
1.196390988183673471e+03 1.054159667968750000e+04 1.054402804120564542e+04
1.196411422559060156e+03 1.054456933593750000e+04 1.054402839785744072e+04
1.196431856734212488e+03 1.054616992187500000e+04 1.054402873947897206e+04
1.196452291009481996e+03 1.055122753906250000e+04 1.054402906601382347e+04
1.196472725384403020e+03 1.055415136718750000e+04 1.054402937740022571e+04
1.196493159559089690e+03 1.054892089843750000e+04 1.054402967357216403e+04
1.196513593833893538e+03 1.054893652343750000e+04 1.054402995447256217e+04
1.196534028208814561e+03 1.054996972656250000e+04 1.054403022003964361e+04
1.196554462383035570e+03 1.055305859375000000e+04 1.054403047020807571e+04
1.196574896657839417e+03 1.055062988281250000e+04 1.054403070492010011e+04
1.196595331032294780e+03 1.054703320312500000e+04 1.054403092411393663e+04
1.196615765306632966e+03 1.055022363281250000e+04 1.054403112772589884e+04
1.196636199580505490e+03 1.054800976562500000e+04 1.054403131569554535e+04
1.196656633854843676e+03 1.055160058593750000e+04 1.054403148796133974e+04
1.196677068128716201e+03 1.054695703125000000e+04 1.054403164446172013e+04
1.196697502402588725e+03 1.054622070312500000e+04 1.054403178513514831e+04
1.196717936676461250e+03 1.054854980468750000e+04 1.054403190992007876e+04
1.196738370949868113e+03 1.054031445312500000e+04 1.054403201875496052e+04
1.196758805222343653e+03 1.054448925781250000e+04 1.054403211157824262e+04
1.196779239495750517e+03 1.054827050781250000e+04 1.054403218832839048e+04
1.196799673669040203e+03 1.054847363281250000e+04 1.054403224894359482e+04
1.196820108042564243e+03 1.054650000000000000e+04 1.054403229336308141e+04
1.196840542315505445e+03 1.054545703125000000e+04 1.054403232152452438e+04
1.196860976688563824e+03 1.054480175781250000e+04 1.054403233336665835e+04
1.196881410861387849e+03 1.053694531250000000e+04 1.054403232882788507e+04
1.196901845134329051e+03 1.054439843750000000e+04 1.054403230784670268e+04
1.196922279507387429e+03 1.055005664062500000e+04 1.054403227036133103e+04
1.196942713679745793e+03 1.054647070312500000e+04 1.054403221631089400e+04
1.196963147952686995e+03 1.054186230468750000e+04 1.054403214563316396e+04
1.196983582324814051e+03 1.054868554687500000e+04 1.054403205826636258e+04
1.197004016497172415e+03 1.054553320312500000e+04 1.054403195415033952e+04
1.197024450769647956e+03 1.055405371093750000e+04 1.054403183322214318e+04
1.197044885141775012e+03 1.054377929687500000e+04 1.054403169541998432e+04
1.197065319313667715e+03 1.054300781250000000e+04 1.054403154068446383e+04
1.197085753585677594e+03 1.053984765625000000e+04 1.054403136895187708e+04
1.197106187957338989e+03 1.054653906250000000e+04 1.054403118016044027e+04
1.197126622129231691e+03 1.054737695312500000e+04 1.054403097425149463e+04
1.197147056500893086e+03 1.054518261718750000e+04 1.054403075115946558e+04
1.197167490772437304e+03 1.054633691406250000e+04 1.054403051082595630e+04
1.197187925043981522e+03 1.054136621093750000e+04 1.054403025318836808e+04
1.197208359315060079e+03 1.055580175781250000e+04 1.054402997818516087e+04
1.197228793586138636e+03 1.055026660156250000e+04 1.054402968575478008e+04
1.197249227857217193e+03 1.053783398437500000e+04 1.054402937583568200e+04
1.197269662228412926e+03 1.053466503906250000e+04 1.054402904836466951e+04
1.197290096399374306e+03 1.053955273437500000e+04 1.054402870328513745e+04
1.197310530669987202e+03 1.054656054687500000e+04 1.054402834053060542e+04
1.197330965040717274e+03 1.054583886718750000e+04 1.054402796003926051e+04
1.197351399211678654e+03 1.054620117187500000e+04 1.054402756175526520e+04
1.197371833581943065e+03 1.054777246093750000e+04 1.054402714560929962e+04
1.197392267852555960e+03 1.054714355468750000e+04 1.054402671154577183e+04
1.197412702022586018e+03 1.055390917968750000e+04 1.054402625950341644e+04
1.197433136392850429e+03 1.054694140625000000e+04 1.054402578941389947e+04
1.197453570562880486e+03 1.054142578125000000e+04 1.054402530122489406e+04
1.197474004833027720e+03 1.054170019531250000e+04 1.054402479486780067e+04
1.197494439202826470e+03 1.053519921875000000e+04 1.054402427028082457e+04
1.197514873372390866e+03 1.053829785156250000e+04 1.054402372741025101e+04
1.197535307642072439e+03 1.053497656250000000e+04 1.054402316618668374e+04
1.197555742011405528e+03 1.054107031250000000e+04 1.054402258654832440e+04
1.197576176180969924e+03 1.054531738281250000e+04 1.054402198844225131e+04
1.197596610550303012e+03 1.054496679687500000e+04 1.054402137179522651e+04
1.197617044819518924e+03 1.054230175781250000e+04 1.054402073655460845e+04
1.197637479088734835e+03 1.054348437500000000e+04 1.054402008265588665e+04
1.197657913357950747e+03 1.054723144531250000e+04 1.054401941003750107e+04
1.197678347626700997e+03 1.053549609375000000e+04 1.054401871863792985e+04
1.197698781895451248e+03 1.053705761718750000e+04 1.054401800839560747e+04
1.197719216164201498e+03 1.054790527343750000e+04 1.054401727924898842e+04
1.197739650432951748e+03 1.054511718750000000e+04 1.054401653113652355e+04
1.197760084701236337e+03 1.054938574218750000e+04 1.054401576399668193e+04
1.197780519069638103e+03 1.053706347656250000e+04 1.054401497776400720e+04
1.197800953237805516e+03 1.053892382812500000e+04 1.054401417238864269e+04
1.197821387506090105e+03 1.055094433593750000e+04 1.054401334779735043e+04
1.197841821874026209e+03 1.053487304687500000e+04 1.054401250392831207e+04
1.197862256042193621e+03 1.054645800781250000e+04 1.054401164073249674e+04
1.197882690410129726e+03 1.054562011718750000e+04 1.054401075813147145e+04
1.197903124677948654e+03 1.054916992187500000e+04 1.054400985607650364e+04
1.197923558845650405e+03 1.054448046875000000e+04 1.054400893450633339e+04
1.197943993213120848e+03 1.054931445312500000e+04 1.054400799334574549e+04
1.197964427480474114e+03 1.054584667968750000e+04 1.054400703254685868e+04
1.197984861647710204e+03 1.053807812500000000e+04 1.054400605204841668e+04
1.198005296015180647e+03 1.054708789062500000e+04 1.054400505177431660e+04
1.198025730282068253e+03 1.054738476562500000e+04 1.054400403167759578e+04
1.198046164449304342e+03 1.054275292968750000e+04 1.054400299169694335e+04
1.198066598815843463e+03 1.054832226562500000e+04 1.054400193175545428e+04
1.198087032982613891e+03 1.055662695312500000e+04 1.054400085181228860e+04
1.198107467349618673e+03 1.054805566406250000e+04 1.054399975178475324e+04
1.198127901616040617e+03 1.055095117187500000e+04 1.054399863162734619e+04
1.198148335782345384e+03 1.054246386718750000e+04 1.054399749127880023e+04
1.198168770148884505e+03 1.054738769531250000e+04 1.054399633066064780e+04
1.198189204415306449e+03 1.054580566406250000e+04 1.054399514972825637e+04
1.198209638681262732e+03 1.054291699218750000e+04 1.054399394841447065e+04
1.198230072947219014e+03 1.054430078125000000e+04 1.054399272665771969e+04
1.198250507213175297e+03 1.053685156250000000e+04 1.054399148439645069e+04
1.198270941479131579e+03 1.053624414062500000e+04 1.054399022156911815e+04
1.198291375745087862e+03 1.055109765625000000e+04 1.054398893811417838e+04
1.198311810010578483e+03 1.055241308593750000e+04 1.054398763397010953e+04
1.198332244376186281e+03 1.055031738281250000e+04 1.054398630906879771e+04
1.198352678641211241e+03 1.054542871093750000e+04 1.054398496336170501e+04
1.198373112806584686e+03 1.054762597656250000e+04 1.054398359678753695e+04
1.198393547171726823e+03 1.054565917968750000e+04 1.054398220926455542e+04
1.198413981437217444e+03 1.054780859375000000e+04 1.054398080075140388e+04
1.198434415602125227e+03 1.053966601562500000e+04 1.054397937118689879e+04
1.198454849966801703e+03 1.054106347656250000e+04 1.054397792048833435e+04
1.198475284231361002e+03 1.054791992187500000e+04 1.054397644861529625e+04
1.198495718396268785e+03 1.055307714843750000e+04 1.054397495550651183e+04
1.198536587025038898e+03 1.054586425781250000e+04 1.054397190529152431e+04
1.198557021189481020e+03 1.053734277343750000e+04 1.054397034808457647e+04
1.198577455553691834e+03 1.055062890625000000e+04 1.054396876937303568e+04
1.198597889817785472e+03 1.055052539062500000e+04 1.054396716911836666e+04
1.198618324181996286e+03 1.054727148437500000e+04 1.054396554724333873e+04
1.198638758345972747e+03 1.055040332031250000e+04 1.054396390371040434e+04
1.198659192609600723e+03 1.054764062500000000e+04 1.054396223843405642e+04
1.198679626973345876e+03 1.054372265625000000e+04 1.054396055135238930e+04
1.198700061136856675e+03 1.054382128906250000e+04 1.054395884242881948e+04
1.198720495400018990e+03 1.053698046875000000e+04 1.054395711157687583e+04
1.198740929663646966e+03 1.055080468750000000e+04 1.054395535874325469e+04
1.198761363926809281e+03 1.053872656250000000e+04 1.054395358386648513e+04
1.198781798189971596e+03 1.054314062500000000e+04 1.054395178688498709e+04
1.198802232453133911e+03 1.053774609375000000e+04 1.054394996773720777e+04
1.198822666715830564e+03 1.053874218750000000e+04 1.054394812636164352e+04
1.198843101078644395e+03 1.054327734375000000e+04 1.054394626268752108e+04
1.198863535341341048e+03 1.053556738281250000e+04 1.054394437667155944e+04
1.198883969503920525e+03 1.054859082031250000e+04 1.054394246825253504e+04
1.198904403866268694e+03 1.054525097656250000e+04 1.054394053734072804e+04
1.198924838128965348e+03 1.054069921875000000e+04 1.054393858390272726e+04
1.198945272291079164e+03 1.054482421875000000e+04 1.054393660787739645e+04
1.198965706652961671e+03 1.053754492187500000e+04 1.054393460917398625e+04
1.198986140915192664e+03 1.054571386718750000e+04 1.054393258776006587e+04
1.199006575076840818e+03 1.054274902343750000e+04 1.054393054357451911e+04
1.199027009438723326e+03 1.054290722656250000e+04 1.054392847652553610e+04
1.199047443700488657e+03 1.054497949218750000e+04 1.054392638658178112e+04
1.199067877862136811e+03 1.054350292968750000e+04 1.054392427368204881e+04
1.199088312223553658e+03 1.054355566406250000e+04 1.054392213773361436e+04
1.199108746484853327e+03 1.053900781250000000e+04 1.054391997870611158e+04
1.199129180846270174e+03 1.054114257812500000e+04 1.054391779651682918e+04
1.199149615007452667e+03 1.054607812500000000e+04 1.054391559113646872e+04
1.199170049268286675e+03 1.054557226562500000e+04 1.054391336247129220e+04
1.199190483629237860e+03 1.053548339843750000e+04 1.054391111045935759e+04
1.199210917790420353e+03 1.054487695312500000e+04 1.054390883507233957e+04
1.199231352050788701e+03 1.053691601562500000e+04 1.054390653621557249e+04
1.199251786411739886e+03 1.054420605468750000e+04 1.054390421382700879e+04
1.199272220571991056e+03 1.054840527343750000e+04 1.054390186787951461e+04
1.199292654832359403e+03 1.053483398437500000e+04 1.054389949827718920e+04
1.199313089192844927e+03 1.054211328125000000e+04 1.054389710495813051e+04
1.199333523452747613e+03 1.053815332031250000e+04 1.054389468788429622e+04
1.199353957713115960e+03 1.054471679687500000e+04 1.054389224698236649e+04
1.199374391972552985e+03 1.052885546875000000e+04 1.054388978219095952e+04
1.199394826232455671e+03 1.053792871093750000e+04 1.054388729344836429e+04
1.199415260492358357e+03 1.054049414062500000e+04 1.054388478069308621e+04
1.199435694751795381e+03 1.053992675781250000e+04 1.054388224386364163e+04
1.199456128911580890e+03 1.055487109375000000e+04 1.054387968291096331e+04
1.199476563270669430e+03 1.054926171875000000e+04 1.054387709773587085e+04
1.199496997530106455e+03 1.054116015625000000e+04 1.054387448831445727e+04
1.199517431689426303e+03 1.053931250000000000e+04 1.054387185458559179e+04
1.199537866048049182e+03 1.054519238281250000e+04 1.054386919644895897e+04
1.199558300307020545e+03 1.054144433593750000e+04 1.054386651388171958e+04
1.199578734666109085e+03 1.054682910156250000e+04 1.054386380679610375e+04
1.199599168824497610e+03 1.054387011718750000e+04 1.054386107517059463e+04
1.199619603083468974e+03 1.053799707031250000e+04 1.054385831890355075e+04
1.199640037441626191e+03 1.054123925781250000e+04 1.054385553793325016e+04
1.199660471600014716e+03 1.053777050781250000e+04 1.054385273223901822e+04
1.199680905858520418e+03 1.053814843750000000e+04 1.054384990171831123e+04
1.199701340216677636e+03 1.053706933593750000e+04 1.054384704630928354e+04
1.199721774374600500e+03 1.054420507812500000e+04 1.054384416599247379e+04
1.199742208632640541e+03 1.053549218750000000e+04 1.054384126066418685e+04
1.199762642990332097e+03 1.053952050781250000e+04 1.054383833026257162e+04
1.199783077148254961e+03 1.054149902343750000e+04 1.054383537476920537e+04
1.199803511405363679e+03 1.054104687500000000e+04 1.054383239407948713e+04
1.199823945763055235e+03 1.054214453125000000e+04 1.054382938813129658e+04
1.199844380020163953e+03 1.054237988281250000e+04 1.054382635689267590e+04
1.199864814277738333e+03 1.054170312500000000e+04 1.054382330028728029e+04
1.199885248534847051e+03 1.054675097656250000e+04 1.054382021825369702e+04
1.199905682791955769e+03 1.054833886718750000e+04 1.054381711073031511e+04
1.199926117048598826e+03 1.054519042968750000e+04 1.054381397765565089e+04
1.199946551305707544e+03 1.053331640625000000e+04 1.054381081896802425e+04
1.199966985562350601e+03 1.053265917968750000e+04 1.054380763460602248e+04
1.199987419918645173e+03 1.054405859375000000e+04 1.054380442449231850e+04
1.200007854075171053e+03 1.054623535156250000e+04 1.054380118861258597e+04
1.200028288331348449e+03 1.053799707031250000e+04 1.054379792685805478e+04
1.200048722687643021e+03 1.054197070312500000e+04 1.054379463916672466e+04
1.200069156843703240e+03 1.053812402343750000e+04 1.054379132552555893e+04
1.200089591199997813e+03 1.054433105468750000e+04 1.054378798580807597e+04
1.200110025355592370e+03 1.053854492187500000e+04 1.054378462001825392e+04
1.200130459611769766e+03 1.053413671875000000e+04 1.054378122804511258e+04
1.200150893967133015e+03 1.053780761718750000e+04 1.054377780982695185e+04
1.200171328122727573e+03 1.053638671875000000e+04 1.054377436535243032e+04
1.200191762377973646e+03 1.053818652343750000e+04 1.054377089450971835e+04
1.200212196733336896e+03 1.053618066406250000e+04 1.054376739723680657e+04
1.200232630888465792e+03 1.053683691406250000e+04 1.054376387352374513e+04
1.200253065143711865e+03 1.053410839843750000e+04 1.054376032325738925e+04
1.200314367908518761e+03 1.053776074218750000e+04 1.054374951262644754e+04
1.200334802262950689e+03 1.054339550781250000e+04 1.054374585558242688e+04
1.200355236517731100e+03 1.053969433593750000e+04 1.054374217171234704e+04
1.200375670772045851e+03 1.054079785156250000e+04 1.054373846093697284e+04
1.200396105026360601e+03 1.053869824218750000e+04 1.054373472319468056e+04
1.200416539280209690e+03 1.054385058593750000e+04 1.054373095842400471e+04
1.200436973534524441e+03 1.054454980468750000e+04 1.054372716656322882e+04
1.200457407788373530e+03 1.054197070312500000e+04 1.054372334755097654e+04
1.200477842042222619e+03 1.054271582031250000e+04 1.054371950132561687e+04
1.200498276395723224e+03 1.053146484375000000e+04 1.054371562780664681e+04
1.200518710549455136e+03 1.054184375000000000e+04 1.054371172698947703e+04
1.200539144802838564e+03 1.054169335937500000e+04 1.054370779875560038e+04
1.200559579156339169e+03 1.055543066406250000e+04 1.054370384304298568e+04
1.200580013309605420e+03 1.054250195312500000e+04 1.054369985984842242e+04
1.200600447662640363e+03 1.053161816406250000e+04 1.054369584903239593e+04
1.200620881915558130e+03 1.053247558593750000e+04 1.054369181059202310e+04
1.200641316068824381e+03 1.054404492187500000e+04 1.054368774446606039e+04
1.200661750421393663e+03 1.054754980468750000e+04 1.054368365053327943e+04
1.200682184674311429e+03 1.053716894531250000e+04 1.054367952879182121e+04
1.200702618826646358e+03 1.053700292968750000e+04 1.054367537918073504e+04
1.200723053179215640e+03 1.053415429687500000e+04 1.054367120157718091e+04
1.200743487431667745e+03 1.053162402343750000e+04 1.054366699598081323e+04
1.200763921583537012e+03 1.053825000000000000e+04 1.054366276233059398e+04
1.200784355935640633e+03 1.055580664062500000e+04 1.054365850050244262e+04
1.200804790187627077e+03 1.054139941406250000e+04 1.054365421049725046e+04
1.200825224439613521e+03 1.053768847656250000e+04 1.054364989223265547e+04
1.200845658691599965e+03 1.053989355468750000e+04 1.054364554564711580e+04
1.200866092943120748e+03 1.054503613281250000e+04 1.054364117067918050e+04
1.200886527194641531e+03 1.053931738281250000e+04 1.054363676726720951e+04
1.200906961446162313e+03 1.054676757812500000e+04 1.054363233534964456e+04
1.200927395697217435e+03 1.054447851562500000e+04 1.054362787486505113e+04
1.200947829948272556e+03 1.054119628906250000e+04 1.054362338575178001e+04
1.200968264199327677e+03 1.053427246093750000e+04 1.054361886794828206e+04
1.200988698450382799e+03 1.055053222656250000e+04 1.054361432139300996e+04
1.201009132700972259e+03 1.053503515625000000e+04 1.054360974602452188e+04
1.201029566952027380e+03 1.054643261718750000e+04 1.054360514178106678e+04
1.201050001202616841e+03 1.053801855468750000e+04 1.054360050860130104e+04
1.201070435552857816e+03 1.053871191406250000e+04 1.054359584640076719e+04
1.201090869703330100e+03 1.053536035156250000e+04 1.054359115518645194e+04
1.201111304053571075e+03 1.054391992187500000e+04 1.054358643480507817e+04
1.201131738303694874e+03 1.054529394531250000e+04 1.054358168526416011e+04
1.201152172453701496e+03 1.054531738281250000e+04 1.054357690650258519e+04
1.201172606803476810e+03 1.054181835937500000e+04 1.054357209838845301e+04
1.201193041053134948e+03 1.054230273437500000e+04 1.054356726093056932e+04
1.201213475203141570e+03 1.054422949218750000e+04 1.054356239406770692e+04
1.201233909552451223e+03 1.054326367187500000e+04 1.054355749766689951e+04
1.201254343802109361e+03 1.054272753906250000e+04 1.054355257173802238e+04
1.201274777951184660e+03 1.055202343750000000e+04 1.054354761622018304e+04
1.201295212300494313e+03 1.055576171875000000e+04 1.054354263097866715e+04
1.201315646549686790e+03 1.054919628906250000e+04 1.054353761602498889e+04
1.201336080898530781e+03 1.055297363281250000e+04 1.054353257124856827e+04
1.201356515047140419e+03 1.054286523437500000e+04 1.054352749666211457e+04
1.201376949295867234e+03 1.055128710937500000e+04 1.054352239212971836e+04
1.201397383644245565e+03 1.053954394531250000e+04 1.054351725758950488e+04
1.201417817792855203e+03 1.054872949218750000e+04 1.054351209305538214e+04
1.201438252041116357e+03 1.053887109375000000e+04 1.054350689839034931e+04
1.201458686389494687e+03 1.053193847656250000e+04 1.054350167353230427e+04
1.201479120537638664e+03 1.053641406250000000e+04 1.054349641849671207e+04
1.201519989033695310e+03 1.054494921875000000e+04 1.054348581744144394e+04
1.201540423281490803e+03 1.054061718750000000e+04 1.054348047132435022e+04
1.201560857528820634e+03 1.054164355468750000e+04 1.054347509473230093e+04
1.201581291876733303e+03 1.054865625000000000e+04 1.054346968757694412e+04
1.201601726023945957e+03 1.055015625000000000e+04 1.054346424987667160e+04
1.201622160371392965e+03 1.053596484375000000e+04 1.054345878146325231e+04
1.201642594618257135e+03 1.054615429687500000e+04 1.054345328235541274e+04
1.201663028765469790e+03 1.054598828125000000e+04 1.054344775249180566e+04
1.201683463112451136e+03 1.054182421875000000e+04 1.054344219172963130e+04
1.201703897359315306e+03 1.054017480468750000e+04 1.054343660008872575e+04
1.201724331505596638e+03 1.053242480468750000e+04 1.054343097750812194e+04
1.202214753590524197e+03 1.054001562500000000e+04 1.054328658460482984e+04
1.202235187734477222e+03 1.055214453125000000e+04 1.054328016783983912e+04
1.202255622077733278e+03 1.054042382812500000e+04 1.054327371844445224e+04
1.202276056321337819e+03 1.054915039062500000e+04 1.054326723645122911e+04
1.202296490464825183e+03 1.054534570312500000e+04 1.054326072179925541e+04
1.202316924807615578e+03 1.054433691406250000e+04 1.054325417433128860e+04
1.202357793394010514e+03 1.054271582031250000e+04 1.054324098092349959e+04
1.202378227536566556e+03 1.054617773437500000e+04 1.054323433489384661e+04
1.202398661779705435e+03 1.053949511718750000e+04 1.054322765583308137e+04
1.202419096122030169e+03 1.053848925781250000e+04 1.054322094367962563e+04
1.202439530264586210e+03 1.053368945312500000e+04 1.054321419847037396e+04
1.202459964506793767e+03 1.054319628906250000e+04 1.054320742004519343e+04
1.202480398849118501e+03 1.054006250000000000e+04 1.054320060834188735e+04
1.202500832991208881e+03 1.054818554687500000e+04 1.054319376339928021e+04
1.202521267233416438e+03 1.054361425781250000e+04 1.054318688505545833e+04
1.202541701575275511e+03 1.054251464843750000e+04 1.054317997324853604e+04
1.202562135817017406e+03 1.054701171875000000e+04 1.054317302798454875e+04
1.202582569958642125e+03 1.054399609375000000e+04 1.054316604920243299e+04
1.202603004300035536e+03 1.055043066406250000e+04 1.054315903673798312e+04
1.202623438541311771e+03 1.053923535156250000e+04 1.054315199063231557e+04
1.202643872782588005e+03 1.054871777343750000e+04 1.054314491078961146e+04
1.202664307023864239e+03 1.053646679687500000e+04 1.054313779714832162e+04
1.202684741264674813e+03 1.055425976562500000e+04 1.054313064964706064e+04
1.202705175605602562e+03 1.054572949218750000e+04 1.054312346818885635e+04
1.202725609746761620e+03 1.055074023437500000e+04 1.054311625281779925e+04
1.202746043987106532e+03 1.055546777343750000e+04 1.054310900336703526e+04
1.202766478327568620e+03 1.054594628906250000e+04 1.054310171977418395e+04
1.202786912468262017e+03 1.054006835937500000e+04 1.054309440208483829e+04
1.202807346708606929e+03 1.054644628906250000e+04 1.054308705013048166e+04
1.202827781048603356e+03 1.054788085937500000e+04 1.054307966384906467e+04
1.202848215188831091e+03 1.054431054687500000e+04 1.054307224328752272e+04
1.202868649528361857e+03 1.054853515625000000e+04 1.054306478823938960e+04
1.202889083668589592e+03 1.054788671875000000e+04 1.054305729878853890e+04
1.202909517908003181e+03 1.054784960937500000e+04 1.054304977476428030e+04
1.202929952247533947e+03 1.054772363281250000e+04 1.054304221610421519e+04
1.202950386386830360e+03 1.054203417968750000e+04 1.054303462285815112e+04
1.202970820626243949e+03 1.055374316406250000e+04 1.054302699485318954e+04
1.202991254965309054e+03 1.054958886718750000e+04 1.054301933202744476e+04
1.203011689104605466e+03 1.054766015625000000e+04 1.054301163443191217e+04
1.203032123343553394e+03 1.054307714843750000e+04 1.054300390189250538e+04
1.203052557682152838e+03 1.053827636718750000e+04 1.054299613434716593e+04
1.203072991921100765e+03 1.054207812500000000e+04 1.054298833181010741e+04
1.203093426059465855e+03 1.054933984375000000e+04 1.054298049422065742e+04
1.203113860398065299e+03 1.054206738281250000e+04 1.054297262140162456e+04
1.203134294636081904e+03 1.054057226562500000e+04 1.054296471340710923e+04
1.203154728874564171e+03 1.054704492187500000e+04 1.054295677013671593e+04
1.203175163112580776e+03 1.055000292968750000e+04 1.054294879152925569e+04
1.203195597350597382e+03 1.054204589843750000e+04 1.054294077752300836e+04
1.203216031688265502e+03 1.054249804687500000e+04 1.054293272801708008e+04
1.203236465826164931e+03 1.054183300781250000e+04 1.054292464306813417e+04
1.203256900063715875e+03 1.053842871093750000e+04 1.054291652249641993e+04
1.203277334400918335e+03 1.054015722656250000e+04 1.054290836623986615e+04
1.203297768538352102e+03 1.054743359375000000e+04 1.054290017435669870e+04
1.203318202775437385e+03 1.056001464843750000e+04 1.054289194666560434e+04
1.203338637112639844e+03 1.055984960937500000e+04 1.054288368310431906e+04
1.203359071249607950e+03 1.054077246093750000e+04 1.054287538373302232e+04
1.203379505486227572e+03 1.054987988281250000e+04 1.054286704836863282e+04
1.203399939822964370e+03 1.053991113281250000e+04 1.054285867694888657e+04
1.203420373959466815e+03 1.054784863281250000e+04 1.054285026953554552e+04
1.203440808296203613e+03 1.054538281250000000e+04 1.054284182590229466e+04
1.203461242532357574e+03 1.054392871093750000e+04 1.054283334611162718e+04
1.203481676668394357e+03 1.054502343750000000e+04 1.054282483010233409e+04
1.203502111004665494e+03 1.054975683593750000e+04 1.054281627768742692e+04
1.203542979476507753e+03 1.053292480468750000e+04 1.054279906372929145e+04
1.203563413712196052e+03 1.055486523437500000e+04 1.054279040202115721e+04
1.203604282183106989e+03 1.055337011718750000e+04 1.054277296883902818e+04
1.203624716418795288e+03 1.054980859375000000e+04 1.054276419724174411e+04
1.203645150653552264e+03 1.053973339843750000e+04 1.054275538889204836e+04
1.203665584888774902e+03 1.054629589843750000e+04 1.054274654372779696e+04
1.203686019123531878e+03 1.055483203125000000e+04 1.054273766168784459e+04
1.203706453358754516e+03 1.055240820312500000e+04 1.054272874271023829e+04
1.203726887693163007e+03 1.054228320312500000e+04 1.054271978669007513e+04
1.203747321827802807e+03 1.054258691406250000e+04 1.054271079369710606e+04
1.203767756062094122e+03 1.054272753906250000e+04 1.054270176353828720e+04
1.203788190396502614e+03 1.055040234375000000e+04 1.054269269615131452e+04
1.203808624530676752e+03 1.054393457031250000e+04 1.054268359160819818e+04
1.203829058764968067e+03 1.055211328125000000e+04 1.054267444971383520e+04
1.203849493098910898e+03 1.054530664062500000e+04 1.054266527040634537e+04
1.203869927232619375e+03 1.055481835937500000e+04 1.054265605375916493e+04
1.203890361466445029e+03 1.054256835937500000e+04 1.054264679957555563e+04
1.203910795799922198e+03 1.053736816406250000e+04 1.054263750779362817e+04
1.203931229933165014e+03 1.054163476562500000e+04 1.054262817848847408e+04
1.203951664266642183e+03 1.054136035156250000e+04 1.054261881141571939e+04
1.203972098500002176e+03 1.054459277343750000e+04 1.054260940665121234e+04
1.203992532632779330e+03 1.054703125000000000e+04 1.054259996413417684e+04
1.204012966965790838e+03 1.054499511718750000e+04 1.054259048366378556e+04
1.204033401198685169e+03 1.054138085937500000e+04 1.054258096531756382e+04
1.204053835431113839e+03 1.054657226562500000e+04 1.054257140898782745e+04
1.204074269664008170e+03 1.054369238281250000e+04 1.054256181461258711e+04
1.204094703896436840e+03 1.053483496093750000e+04 1.054255218213073567e+04
1.204115138128399849e+03 1.053911132812500000e+04 1.054254251148073308e+04
1.204135572360828519e+03 1.054232128906250000e+04 1.054253280260058818e+04
1.204156006592791528e+03 1.054340332031250000e+04 1.054252305542919930e+04
1.204176440924871713e+03 1.054711035156250000e+04 1.054251326985675405e+04
1.204196875156369060e+03 1.055029003906250000e+04 1.054250344591782959e+04
1.204217309288214892e+03 1.053692187500000000e+04 1.054249358355098593e+04
1.204237743519712240e+03 1.053941699218750000e+04 1.054248368259848939e+04
1.204258177751209587e+03 1.054233691406250000e+04 1.054247374304679397e+04
1.204278611982241273e+03 1.054303027343750000e+04 1.054246376483458516e+04
1.204299046313390136e+03 1.053558300781250000e+04 1.054245374785091008e+04
1.204319480444770306e+03 1.053921191406250000e+04 1.054244369218151769e+04
1.204339914675336331e+03 1.054457324218750000e+04 1.054243359761802822e+04
1.204360349006019533e+03 1.053957812500000000e+04 1.054242346409786114e+04
1.204380783136934042e+03 1.053481152343750000e+04 1.054241329170847894e+04
1.204401217367500067e+03 1.054180664062500000e+04 1.054240308023956459e+04
1.204421651697717607e+03 1.054356542968750000e+04 1.054239282962899415e+04
1.204442085828166455e+03 1.053364843750000000e+04 1.054238253996571439e+04
1.204482954388018698e+03 1.054541210937500000e+04 1.054236184278280234e+04
1.204503388518001884e+03 1.054705175781250000e+04 1.054235143529171182e+04
1.204523822847753763e+03 1.053336230468750000e+04 1.054234098829938557e+04
1.204544257077388465e+03 1.054961816406250000e+04 1.054233050189730420e+04
1.204564691307023168e+03 1.054271484375000000e+04 1.054231997597282862e+04
1.204585125536192209e+03 1.054257031250000000e+04 1.054230941046465705e+04
1.204605559765361249e+03 1.054344238281250000e+04 1.054229880531100207e+04
1.204625993994530290e+03 1.053497167968750000e+04 1.054228816045031635e+04
1.204646428223699331e+03 1.054617480468750000e+04 1.054227747582105440e+04
1.204666862452402711e+03 1.053879296875000000e+04 1.054226675136191625e+04
1.204687296781223267e+03 1.056203808593750000e+04 1.054225598695826739e+04
1.204707730909809470e+03 1.053886816406250000e+04 1.054224518270708177e+04
1.204728165138047189e+03 1.054277441406250000e+04 1.054223433838854362e+04
1.204748599466402084e+03 1.054819042968750000e+04 1.054222345394027252e+04
1.204769033694639802e+03 1.054033203125000000e+04 1.054221252940737759e+04
1.204789467822760344e+03 1.054089355468750000e+04 1.054220156472890267e+04
1.204809902150649577e+03 1.054190917968750000e+04 1.054219055968209432e+04
1.204830336378421634e+03 1.054698046875000000e+04 1.054217951436661133e+04
1.204850770506076515e+03 1.054010253906250000e+04 1.054216842872150664e+04
1.204871204833965749e+03 1.053793066406250000e+04 1.054215730252198773e+04
1.204891639061272144e+03 1.053675195312500000e+04 1.054214613587000349e+04
1.204912073188461363e+03 1.053786523437500000e+04 1.054213492870435584e+04
1.204932507515419275e+03 1.054410449218750000e+04 1.054212368079871885e+04
1.204952941642608494e+03 1.053919335937500000e+04 1.054211239231147738e+04
1.204973375969566405e+03 1.053792968750000000e+04 1.054210106296036065e+04
1.204993810196407139e+03 1.054319824218750000e+04 1.054208969284979139e+04
1.205014244323130697e+03 1.055457714843750000e+04 1.054207828191882072e+04
1.205034678649622947e+03 1.053901757812500000e+04 1.054206682993814138e+04
1.205055112875998020e+03 1.053323046875000000e+04 1.054205533701396780e+04
1.205075547002255917e+03 1.054646679687500000e+04 1.054204380308536383e+04
1.205095981328282505e+03 1.053972460937500000e+04 1.054203222792120687e+04
1.205116415554191917e+03 1.053216601562500000e+04 1.054202061162952486e+04
1.205136849780101329e+03 1.054496093750000000e+04 1.054200895409215445e+04
1.205157284006010741e+03 1.054040136718750000e+04 1.054199725524755922e+04
1.205177718231454492e+03 1.054119628906250000e+04 1.054198551503445196e+04
1.205198152456898242e+03 1.053605078125000000e+04 1.054197373339101978e+04
1.205218586782459170e+03 1.054410644531250000e+04 1.054196191019769321e+04
1.205239020907785743e+03 1.054346484375000000e+04 1.054195004556700587e+04
1.205259455232881010e+03 1.054467871093750000e+04 1.054193813920516550e+04
1.205279889457859099e+03 1.054157031250000000e+04 1.054192619122504766e+04
1.205300323582254350e+03 1.054093359375000000e+04 1.054191420156599634e+04
1.205320757906883955e+03 1.055221484375000000e+04 1.054190216998965479e+04
1.205341192131862044e+03 1.054192675781250000e+04 1.054189009661073942e+04
1.205361626256257296e+03 1.053501367187500000e+04 1.054187798136886886e+04
1.205382060580421239e+03 1.055152539062500000e+04 1.054186582402410932e+04
1.205402494804468006e+03 1.053942871093750000e+04 1.054185362469303254e+04
1.205422928928397596e+03 1.053769628906250000e+04 1.054184138331470240e+04
1.205443363252561539e+03 1.053527050781250000e+04 1.054182909964733699e+04
1.205463797476142645e+03 1.053063378906250000e+04 1.054181677380990914e+04
1.205484231799840927e+03 1.053566308593750000e+04 1.054180440561981413e+04
1.205504665923304856e+03 1.054558691406250000e+04 1.054179199519760732e+04
1.205525100146885961e+03 1.054713085937500000e+04 1.054177954229963507e+04
1.205545534470118582e+03 1.053203417968750000e+04 1.054176704686401717e+04
1.205565968593116850e+03 1.053535058593750000e+04 1.054175450901289514e+04
1.205586402816232294e+03 1.053708886718750000e+04 1.054174192850074905e+04
1.205606837038882077e+03 1.054446191406250000e+04 1.054172930532764622e+04
1.205627271261531860e+03 1.053930859375000000e+04 1.054171663943175008e+04
1.205647705484181643e+03 1.054325683593750000e+04 1.054170393075151878e+04
1.205668139706831425e+03 1.054055664062500000e+04 1.054169117922540318e+04
1.205688573929015547e+03 1.053851562500000000e+04 1.054167838479215061e+04
1.205709008151199669e+03 1.054502636718750000e+04 1.054166554738992272e+04
1.205729442373383790e+03 1.054346679687500000e+04 1.054165266695717219e+04
1.205749876595102251e+03 1.054031835937500000e+04 1.054163974343264817e+04
1.205770310916937888e+03 1.053582910156250000e+04 1.054162677669087316e+04
1.205790745138656348e+03 1.054731542968750000e+04 1.054161376679736713e+04
1.205811179260257632e+03 1.054708691406250000e+04 1.054160071369121215e+04
1.205831613581627607e+03 1.054055566406250000e+04 1.054158761711898114e+04
1.205852047802880406e+03 1.054494824218750000e+04 1.054157447721101562e+04
1.205872481924016029e+03 1.055224316406250000e+04 1.054156129390640126e+04
1.205892916244920343e+03 1.054355175781250000e+04 1.054154806694980653e+04
1.205913350465707481e+03 1.054154492187500000e+04 1.054153479647346830e+04
1.205933784586377442e+03 1.054077929687500000e+04 1.054152148241648683e+04
1.205954218907281756e+03 1.053684765625000000e+04 1.054150812452130049e+04
1.205974653127603233e+03 1.054500390625000000e+04 1.054149472292268547e+04
1.205995087448041886e+03 1.054727636718750000e+04 1.054148127742746510e+04
1.206015521568246186e+03 1.054418164062500000e+04 1.054146778817204176e+04
1.206035955788102001e+03 1.054728125000000000e+04 1.054145425489723493e+04
1.206056390108540654e+03 1.054091210937500000e+04 1.054144067754022763e+04
