1.178858366336207837e+03 9.006125000000000000e+03 9.004295311895843042e+03
1.178878800628241152e+03 9.009075195312500000e+03 9.004271722174755268e+03
1.178899235019925982e+03 9.011554687500000000e+03 9.004248249949449018e+03
1.178919669311493635e+03 9.009933593750000000e+03 9.004224895226441731e+03
1.178940103502944112e+03 9.005234375000000000e+03 9.004201657781048198e+03
1.178960537894628942e+03 8.999583984375000000e+03 9.004178537049629085e+03
1.178980972186196595e+03 9.005071289062500000e+03 9.004155533149922121e+03
1.179001406377647072e+03 9.006875000000000000e+03 9.004132645857267562e+03
1.179021840769331902e+03 9.001100585937500000e+03 9.004109874613155625e+03
1.179042275060433894e+03 9.007559570312500000e+03 9.004087219530701987e+03
1.179062709452118725e+03 8.998966796875000000e+03 9.004064680163925004e+03
1.179083143643569201e+03 9.006143554687500000e+03 9.004042256620832632e+03
1.179103577934671193e+03 9.004323242187500000e+03 9.004019948348533944e+03
1.179124012225773185e+03 9.003039062500000000e+03 9.003997755233718635e+03
1.179144446517340839e+03 9.007942382812500000e+03 9.003975677052931132e+03
1.179164880708325654e+03 9.004625000000000000e+03 9.003953713691553276e+03
1.179185315099544823e+03 9.002178710937500000e+03 9.003931864604139264e+03
1.179205749390646815e+03 9.008368164062500000e+03 9.003910129889727614e+03
1.179226183581631631e+03 8.999812500000000000e+03 9.003888509323687686e+03
1.179267052263952792e+03 9.000713867187500000e+03 9.003845609111005615e+03
1.179287486654706299e+03 9.003848632812500000e+03 9.003824329126262455e+03
1.179307920845691115e+03 9.000041992187500000e+03 9.003803162499913014e+03
1.179328355136327446e+03 9.000963867187500000e+03 9.003782108698016600e+03
1.179348789527546614e+03 9.002514648437500000e+03 9.003761167498323630e+03
1.179369223718065768e+03 9.004188476562500000e+03 9.003740338985810013e+03
1.179389658008702099e+03 9.005361328125000000e+03 9.003719622630071171e+03
1.179410092399455607e+03 8.998955078125000000e+03 9.003699018209799760e+03
1.179430526690557599e+03 9.004570312500000000e+03 9.003678525703486230e+03
1.179450960980728269e+03 9.002423828125000000e+03 9.003658144788343634e+03
1.179471395271364599e+03 9.003577148437500000e+03 9.003637875240023277e+03
1.179491829562000930e+03 8.999821289062500000e+03 9.003617716836044565e+03
1.179512263852637261e+03 9.000704101562500000e+03 9.003597669353448509e+03
1.179532698143273592e+03 8.998979492187500000e+03 9.003577732569287036e+03
1.179553132433444262e+03 9.001136718750000000e+03 9.003557906261059543e+03
1.179573566823732108e+03 9.009072265625000000e+03 9.003538190109025891e+03
1.179594001014251262e+03 8.998730468750000000e+03 9.003518584178778838e+03
1.179614435304421932e+03 9.003986328125000000e+03 9.003499087959273311e+03
1.179634869695175439e+03 9.005725585937500000e+03 9.003479701228276099e+03
1.179655303885228932e+03 9.013194335937500000e+03 9.003460424047876586e+03
1.179675738275516778e+03 9.005681640625000000e+03 9.003441255816875127e+03
1.179696172565687448e+03 8.999509765625000000e+03 9.003422196594867273e+03
1.179716606755740941e+03 9.002535156250000000e+03 9.003403246157302419e+03
1.179737041145563126e+03 9.008388671875000000e+03 9.003384404003909367e+03
1.179757475435733795e+03 9.006166015625000000e+03 9.003365670188622971e+03
1.179777909625787288e+03 9.002190429687500000e+03 9.003347044487334642e+03
1.179798344015609473e+03 9.003712890625000000e+03 9.003328526404533477e+03
1.179818778205662966e+03 9.001013671875000000e+03 9.003310116079337604e+03
1.179839212495367974e+03 8.999952148437500000e+03 9.003291813018244284e+03
1.179859646885190159e+03 9.001445312500000000e+03 9.003273616999453225e+03
1.179880081074777991e+03 9.006591796875000000e+03 9.003255528066682018e+03
1.179900515464600176e+03 9.006033203125000000e+03 9.003237545642463374e+03
1.179920949754305184e+03 9.002647460937500000e+03 9.003219669768950553e+03
1.179941383944358677e+03 8.996818359375000000e+03 9.003201900221216420e+03
1.179961818333715200e+03 8.998306640625000000e+03 9.003184236517117824e+03
1.179982252623420209e+03 9.005677734375000000e+03 9.003166678692898131e+03
1.180002686912659556e+03 8.998542968750000000e+03 9.003149226439600170e+03
1.180023121202364564e+03 9.005766601562500000e+03 9.003131879533479150e+03
1.180043555491603911e+03 9.011095703125000000e+03 9.003114637752374620e+03
1.180063989781308919e+03 9.005159179687500000e+03 9.003097500872547243e+03
1.180084424070548266e+03 9.001815429687500000e+03 9.003080468671825656e+03
1.180104858359787613e+03 8.999851562500000000e+03 9.003063540926867063e+03
1.180125292749144137e+03 9.005701171875000000e+03 9.003046717332548724e+03
1.180145727038383484e+03 8.998199218750000000e+03 9.003029997830770299e+03
1.180166161227505654e+03 9.007133789062500000e+03 9.003013382197050305e+03
1.180186595616862178e+03 9.000581054687500000e+03 9.002996869964979851e+03
1.180207029905635864e+03 9.007473632812500000e+03 9.002980461155431840e+03
1.180227464094758034e+03 9.001085937500000000e+03 9.002964155543200832e+03
1.180247898484114558e+03 9.000747070312500000e+03 9.002947952666792844e+03
1.180268332772888243e+03 9.004250000000000000e+03 9.002931852542535125e+03
1.180288767161779106e+03 9.006068359375000000e+03 9.002915854789334844e+03
1.180309201350901276e+03 9.003125000000000000e+03 9.002899959418269646e+03
1.180329635639674962e+03 9.002025390625000000e+03 9.002884165972725896e+03
1.180350070028565824e+03 9.005754882812500000e+03 9.002868474230885113e+03
1.180370504217222333e+03 8.998827148437500000e+03 9.002852884199688560e+03
1.180390938505996019e+03 9.005255859375000000e+03 9.002837395426289731e+03
1.180411372794769704e+03 9.006038085937500000e+03 9.002822007764372756e+03
1.180431807083077729e+03 8.999969726562500000e+03 9.002806720991324255e+03
1.180452241371851414e+03 9.003160156250000000e+03 9.002791534883503118e+03
1.180472675660159439e+03 9.001457031250000000e+03 9.002776449218643393e+03
1.180493109948933125e+03 8.997865234375000000e+03 9.002761463773113064e+03
1.180513544337358326e+03 8.999478515625000000e+03 9.002746578251953906e+03
1.180533978525549173e+03 9.004267578125000000e+03 9.002731792649923591e+03
1.180554412813857198e+03 8.999736328125000000e+03 9.002717106526022690e+03
1.180574847202282399e+03 8.996954101562500000e+03 9.002702519658751044e+03
1.180595281390473247e+03 9.001931640625000000e+03 9.002688032038835445e+03
1.180636150067206472e+03 8.997771484375000000e+03 9.002659353009694314e+03
1.180656584355048835e+03 9.005486328125000000e+03 9.002645161296364677e+03
1.180677018543239683e+03 9.002798828125000000e+03 9.002631067864618672e+03
1.180697452931199223e+03 9.008329101562500000e+03 9.002617072285716858e+03
1.180717887219507247e+03 9.008360351562500000e+03 9.002603174542498891e+03
1.180738321507349610e+03 9.008069335937500000e+03 9.002589374343835516e+03
1.180758755795191973e+03 9.001750976562500000e+03 9.002575671466454878e+03
1.180779190083034337e+03 8.998610351562500000e+03 9.002562065687410723e+03
1.180799624470993876e+03 9.005873046875000000e+03 9.002548556717798419e+03
1.180820058658719063e+03 9.002587890625000000e+03 9.002535144532510458e+03
1.180840492946561426e+03 8.997458007812500000e+03 9.002521828710752743e+03
1.180860927334055305e+03 9.002810546875000000e+03 9.002508609031288870e+03
1.180881361521780491e+03 8.996996093750000000e+03 9.002495485464163721e+03
1.180901795809622854e+03 9.005062500000000000e+03 9.002482457593127037e+03
1.180922230197116733e+03 9.000719726562500000e+03 9.002469525196924224e+03
1.180942664384376258e+03 9.001388671875000000e+03 9.002456688241692973e+03
1.180963098771870136e+03 9.004013671875000000e+03 9.002443946252900787e+03
1.180983533059246838e+03 9.001059570312500000e+03 9.002431299195573956e+03
1.181003967246972024e+03 9.002332031250000000e+03 9.002418746845090936e+03
1.181024401634000242e+03 9.004582031250000000e+03 9.002406288795547880e+03
1.181044835921376944e+03 9.003921875000000000e+03 9.002393925006937934e+03
1.181065270208753645e+03 9.000226562500000000e+03 9.002381655195331405e+03
1.181085704496130347e+03 9.001888671875000000e+03 9.002369479137774761e+03
1.181106138783041388e+03 9.005402343750000000e+03 9.002357396611587319e+03
1.181126573069952428e+03 8.997364257812500000e+03 9.002345407393542700e+03
1.181147007357329130e+03 8.998364257812500000e+03 9.002333511260418163e+03
1.181167441644240171e+03 8.993404296875000000e+03 9.002321707989805873e+03
1.181187875931151211e+03 8.997725585937500000e+03 9.002309997358475812e+03
1.181208310218062252e+03 9.005449218750000000e+03 9.002298379143479906e+03
1.181228744504973292e+03 8.997043945312500000e+03 9.002286853121866443e+03
1.181249178791884333e+03 8.995363281250000000e+03 9.002275419070685530e+03
1.181269613078329712e+03 9.003390625000000000e+03 9.002264076767238294e+03
1.181290047365240753e+03 9.001861328125000000e+03 9.002252825988058248e+03
1.181310481751803309e+03 9.005777343750000000e+03 9.002241666456251551e+03
1.181330915938597172e+03 9.005606445312500000e+03 9.002230598111722429e+03
1.181351350225042552e+03 9.002073242187500000e+03 9.002219620568655955e+03
1.181371784611605108e+03 9.002064453125000000e+03 9.002208733605188172e+03
1.181392218798398972e+03 9.000110351562500000e+03 9.002197937157474371e+03
1.181412653184495866e+03 9.000305664062500000e+03 9.002187230791711045e+03
1.181433087470941246e+03 9.001734375000000000e+03 9.002176614442232676e+03
1.181453521657269448e+03 9.000271484375000000e+03 9.002166087885019806e+03
1.181473956043832004e+03 9.000859375000000000e+03 9.002155650743048682e+03
1.181494390329811722e+03 9.001575195312500000e+03 9.002145302947672462e+03
1.181514824516139925e+03 9.004179687500000000e+03 9.002135044274151369e+03
1.181535258902236819e+03 9.002086914062500000e+03 9.002124874349872698e+03
1.181555693188682199e+03 9.004397460937500000e+03 9.002114793101553005e+03
1.181576127574313432e+03 8.999712890625000000e+03 9.002104800208138840e+03
1.181596561760641634e+03 9.000314453125000000e+03 9.002094895591995737e+03
1.181616996046621352e+03 9.012755859375000000e+03 9.002085078884625545e+03
1.181637430432718247e+03 9.002569335937500000e+03 9.002075349864138843e+03
1.181657864618115127e+03 9.001395507812500000e+03 9.002065708450156308e+03
1.181678298904094845e+03 9.006228515625000000e+03 9.002056154276935558e+03
1.181698733289726079e+03 9.002388671875000000e+03 9.002046687123236552e+03
1.181719167475588620e+03 9.000248046875000000e+03 9.002037306904192519e+03
1.181739601761568338e+03 9.007032226562500000e+03 9.002028013258553983e+03
1.181760036146733910e+03 9.006816406250000000e+03 9.002018805965059073e+03
1.181780470332596451e+03 9.002884765625000000e+03 9.002009684934611869e+03
1.181800904718227684e+03 8.994444335937500000e+03 9.002000649766136121e+03
1.181821339003741741e+03 9.006578125000000000e+03 9.001991700369901082e+03
1.181841773189138621e+03 9.001318359375000000e+03 9.001982836521698118e+03
1.181862207574304193e+03 9.002674804687500000e+03 9.001974057869116223e+03
1.181882641859818250e+03 9.003639648437500000e+03 9.001965364318461070e+03
1.181903076045215130e+03 9.004960937500000000e+03 9.001956755645733210e+03
1.181923510430380702e+03 9.000809570312500000e+03 9.001948231502261478e+03
1.181943944715429097e+03 9.002206054687500000e+03 9.001939791790811796e+03
1.181964378900360316e+03 8.998118164062500000e+03 9.001931436287190081e+03
1.181984813285525888e+03 8.998051757812500000e+03 9.001923164646250370e+03
1.182005247570574284e+03 9.004305664062500000e+03 9.001914976767235203e+03
1.182025681955739856e+03 9.002400390625000000e+03 9.001906872346959062e+03
1.182046116140671074e+03 9.003693359375000000e+03 9.001898851280982853e+03
1.182066550425719470e+03 8.996618164062500000e+03 9.001890913227836791e+03
1.182086984810419381e+03 9.004443359375000000e+03 9.001883057965977059e+03
1.182107418995350599e+03 8.996763671875000000e+03 9.001875285386937321e+03
1.182127853279933333e+03 9.001387695312500000e+03 9.001867595153267757e+03
1.182148287664633244e+03 8.999867187500000000e+03 9.001859987043055298e+03
1.182168721849564463e+03 9.000004882812500000e+03 9.001852460944395716e+03
1.182189156133681536e+03 9.003281250000000000e+03 9.001845016523628146e+03
1.182209590518381447e+03 9.005437500000000000e+03 9.001837653558482998e+03
1.182230024702847004e+03 8.997506835937500000e+03 9.001830371933814604e+03
1.182250459087546915e+03 9.006120117187500000e+03 9.001823171283953343e+03
1.182270893371663988e+03 9.006653320312500000e+03 9.001816051492551196e+03
1.182291327656246722e+03 8.995005859375000000e+03 9.001809012300844188e+03
1.182311761940363795e+03 8.997407226562500000e+03 9.001802053486208024e+03
1.182332196224946529e+03 8.998472656250000000e+03 9.001795174825374488e+03
1.182352630509063601e+03 9.003991210937500000e+03 9.001788376095701096e+03
1.182373064793180674e+03 9.005005859375000000e+03 9.001781657074083341e+03
1.182393499077297747e+03 8.996464843750000000e+03 9.001775017537565873e+03
1.182413933361414820e+03 9.001496093750000000e+03 9.001768457263198798e+03
1.182434367645066231e+03 9.001824218750000000e+03 9.001761976028174104e+03
1.182454801929183304e+03 8.999275390625000000e+03 9.001755573609247222e+03
1.182475236312951893e+03 9.001393554687500000e+03 9.001749249752967444e+03
1.182495670496951789e+03 8.994667968750000000e+03 9.001743004328465759e+03
1.182516104780603200e+03 9.000854492187500000e+03 9.001736837020704115e+03
1.182536539164371789e+03 9.002900390625000000e+03 9.001730747607733065e+03
1.182556973347906023e+03 8.999407226562500000e+03 9.001724735955534925e+03
1.182577407631557435e+03 8.998215820312500000e+03 9.001718801752223953e+03
1.182597842015326023e+03 9.002654296875000000e+03 9.001712944775983487e+03
1.182618276198860258e+03 9.000931640625000000e+03 9.001707164889387059e+03
1.182638710482511669e+03 9.004521484375000000e+03 9.001701461783959530e+03
1.182659144865814596e+03 9.004206054687500000e+03 9.001695835238004292e+03
1.182679579049348831e+03 9.007520507812500000e+03 9.001690285110453260e+03
1.182700013432186097e+03 9.008571289062500000e+03 9.001684811069957505e+03
1.182720447715837508e+03 9.008992187500000000e+03 9.001679412974082879e+03
1.182740881898906082e+03 9.003390625000000000e+03 9.001674090599139163e+03
1.182761316282209009e+03 9.003536132812500000e+03 9.001668843644372828e+03
1.182781750565394759e+03 9.002217773437500000e+03 9.001663671964508467e+03
1.182802184748463333e+03 8.999585937500000000e+03 9.001658575335488422e+03
1.182822619131300598e+03 9.001990234375000000e+03 9.001653553460111652e+03
1.182843053414486349e+03 9.003341796875000000e+03 9.001648606189561178e+03
1.182863487797323614e+03 8.996877929687500000e+03 9.001643733252632956e+03
1.182883921979926527e+03 9.002537109375000000e+03 9.001638934497337686e+03
1.182904356262646616e+03 9.001929687500000000e+03 9.001634209629643010e+03
1.182924790645483881e+03 9.006841796875000000e+03 9.001629558427684970e+03
1.182945224928203970e+03 9.004182617187500000e+03 9.001624980714086632e+03
1.182965659110806882e+03 9.011378906250000000e+03 9.001620476264817626e+03
1.182986093493644148e+03 9.008915039062500000e+03 9.001616044791255263e+03
1.183006527775898576e+03 9.000543945312500000e+03 9.001611686136220669e+03
1.183026961958501488e+03 9.005636718750000000e+03 9.001607400075488840e+03
1.183047396340873092e+03 9.003455078125000000e+03 9.001603186323842237e+03
1.183067830623127520e+03 9.000041015625000000e+03 9.001599044720693200e+03
1.183088264905847609e+03 9.001955078125000000e+03 9.001594975022180734e+03
1.183108699188102037e+03 8.999044921875000000e+03 9.001590977005533205e+03
1.183129133470356464e+03 9.001257812500000000e+03 9.001587050447709771e+03
1.183149567752145231e+03 8.996458984375000000e+03 9.001583195125844213e+03
1.183170002034399658e+03 9.002674804687500000e+03 9.001579410816804739e+03
1.183190436216536909e+03 8.997747070312500000e+03 9.001575697315758589e+03
1.183210870598442852e+03 8.999913085937500000e+03 9.001572054345762808e+03
1.183231304880231619e+03 9.005619140625000000e+03 9.001568481737853290e+03
1.183251739062368870e+03 8.997616210937500000e+03 9.001564979267957824e+03
1.183272173444274813e+03 9.005423828125000000e+03 9.001561546662323963e+03
1.183292607726063579e+03 9.004387695312500000e+03 9.001558183748886222e+03
1.183313042107503861e+03 9.005571289062500000e+03 9.001554890271807380e+03
1.183333476289175451e+03 8.999040039062500000e+03 9.001551666055889655e+03
1.183353910570964217e+03 8.996239257812500000e+03 9.001548510830354644e+03
1.183374344952404499e+03 8.999618164062500000e+03 9.001545424373332935e+03
1.183394779134076089e+03 8.999764648437500000e+03 9.001542406506596308e+03
1.183415213415399194e+03 9.005390625000000000e+03 9.001539456962464101e+03
1.183435647796839476e+03 9.002270507812500000e+03 9.001536575518926838e+03
1.183456082078162581e+03 9.005799804687500000e+03 9.001533761981256248e+03
1.183476516259834170e+03 8.995020507812500000e+03 9.001531016125449241e+03
1.183496950640808791e+03 9.005891601562500000e+03 9.001528337688876491e+03
1.183517384922131896e+03 9.005615234375000000e+03 9.001525726488256623e+03
1.183537819202989340e+03 8.998903320312500000e+03 9.001523182287479358e+03
1.183558253484312445e+03 8.995759765625000000e+03 9.001520704863469291e+03
1.183578687765169889e+03 9.001161132812500000e+03 9.001518293993394764e+03
1.183619556327350438e+03 9.006883789062500000e+03 9.001513671023005372e+03
1.183639990607742220e+03 9.000501953125000000e+03 9.001511458476894404e+03
1.183660424988716841e+03 9.005508789062500000e+03 9.001509311582438386e+03
1.183680859169457108e+03 8.996907226562500000e+03 9.001507230147817609e+03
1.183701293450314552e+03 8.997486328125000000e+03 9.001505213919001108e+03
1.183721727830823511e+03 8.998042968750000000e+03 9.001503262674039433e+03
1.183742162011563778e+03 9.002029296875000000e+03 9.001501376218098812e+03
1.183762596392072737e+03 9.003444335937500000e+03 9.001499554291334789e+03
1.183783030672464520e+03 8.995031250000000000e+03 9.001497796698009552e+03
1.183803464852739125e+03 9.004004882812500000e+03 9.001496103214227333e+03
1.183823899233248085e+03 9.006875000000000000e+03 9.001494473592614668e+03
1.183844333413522691e+03 9.005619140625000000e+03 9.001492907642157661e+03
1.183864767693914473e+03 9.001550781250000000e+03 9.001491405116421447e+03
1.183885202073957771e+03 8.996859375000000000e+03 9.001489965793416559e+03
1.183905636254232377e+03 9.004000976562500000e+03 9.001488589470814986e+03
1.183926070534158498e+03 9.002663085937500000e+03 9.001487275905039496e+03
1.183946504914201796e+03 8.999952148437500000e+03 9.001486024874027862e+03
1.183966939094010741e+03 8.994705078125000000e+03 9.001484836172754513e+03
1.183987373474054039e+03 8.995917968750000000e+03 9.001483709554968300e+03
1.184007807753980160e+03 8.999773437500000000e+03 9.001482644814739615e+03
1.184028242033906281e+03 9.002404296875000000e+03 9.001481641723443317e+03
1.184048676313366741e+03 9.011541992187500000e+03 9.001480700058145885e+03
1.184069110593292862e+03 9.004987304687500000e+03 9.001479819595851950e+03
1.184089544872753322e+03 8.996111328125000000e+03 9.001479000113653456e+03
1.184109979152213782e+03 9.001184570312500000e+03 9.001478241388576862e+03
1.184130413431674242e+03 8.997138671875000000e+03 9.001477543197670457e+03
1.184150847711134702e+03 8.999113281250000000e+03 9.001476905317984347e+03
1.184171282090712339e+03 9.000027343750000000e+03 9.001476327523878354e+03
1.184191716270055622e+03 9.004066406250000000e+03 9.001475809600455250e+03
1.184212150649167597e+03 9.006390625000000000e+03 9.001475351314622458e+03
1.184232584928628057e+03 8.998061523437500000e+03 9.001474952450578712e+03
1.184253019107971340e+03 9.000689453125000000e+03 9.001474612784515557e+03
1.184273453486617655e+03 8.991043945312500000e+03 9.001474332088930169e+03
1.184293887766078115e+03 8.995101562500000000e+03 9.001474110145409213e+03
1.184314321944955736e+03 9.014448242187500000e+03 9.001473946730151511e+03
1.184334756324067712e+03 9.004613281250000000e+03 9.001473841618226288e+03
1.184355190602596849e+03 9.004751953125000000e+03 9.001473794588660894e+03
1.184375624781474471e+03 8.998552734375000000e+03 9.001473805417643234e+03
1.184396059160120785e+03 9.011015625000000000e+03 9.001473873882809130e+03
1.184416493439115584e+03 9.001379882812500000e+03 9.001473999760622974e+03
1.184436927817761898e+03 9.003188476562500000e+03 9.001474182829362690e+03
1.184457361996173859e+03 8.998539062500000000e+03 9.001474422862964275e+03
1.184477796274702996e+03 9.002616210937500000e+03 9.001474719641590127e+03
1.184498230553232133e+03 9.004541992187500000e+03 9.001475072941251710e+03
1.184518664831761271e+03 9.000059570312500000e+03 9.001475482538993674e+03
1.184539099110290408e+03 9.008551757812500000e+03 9.001475948211866125e+03
1.184559533388353884e+03 8.998673828125000000e+03 9.001476469736906438e+03
1.184579967666417360e+03 9.006419921875000000e+03 9.001477046891173813e+03
1.184600401944946498e+03 9.005605468750000000e+03 9.001477679451731092e+03
1.184620836223009974e+03 9.001962890625000000e+03 9.001478367195595638e+03
1.184641270501073450e+03 9.000204101562500000e+03 9.001479109899832110e+03
1.184661704878788441e+03 9.003398437500000000e+03 9.001479907345506945e+03
1.184682139156851918e+03 9.001352539062500000e+03 9.001480759301892249e+03
1.184702573334798217e+03 8.996852539062500000e+03 9.001481665545221404e+03
1.184723007712513208e+03 9.004518554687500000e+03 9.001482625866239687e+03
1.184743441990576684e+03 9.002974609375000000e+03 9.001483640028312948e+03
1.184763876168057323e+03 9.001936523437500000e+03 9.001484707807663654e+03
1.184784310545772314e+03 8.996240234375000000e+03 9.001485828997443605e+03
1.184804744823370129e+03 9.007456054687500000e+03 9.001487003358615766e+03
1.184825179000850767e+03 9.000917968750000000e+03 9.001488230667444441e+03
1.184845613378565758e+03 9.004047851562500000e+03 9.001489510719413374e+03
1.184866047655697912e+03 8.999349609375000000e+03 9.001490843273109931e+03
1.184886482032947242e+03 8.998212890625000000e+03 9.001492228118664571e+03
1.184906916210427880e+03 9.004915039062500000e+03 9.001493665012421843e+03
1.184927350487560034e+03 8.997386718750000000e+03 9.001495153752097394e+03
1.184947784864809364e+03 9.007993164062500000e+03 9.001496694115543505e+03
1.184968219041824341e+03 9.002558593750000000e+03 9.001498285856778239e+03
1.184988653318956494e+03 9.007138671875000000e+03 9.001499928775880107e+03
1.185009087696205825e+03 9.005416992187500000e+03 9.001501622650637728e+03
1.185029521872755140e+03 9.005469726562500000e+03 9.001503367232795426e+03
1.185049956149887294e+03 9.004471679687500000e+03 9.001505162324745470e+03
1.185070390526670963e+03 9.001223632812500000e+03 9.001507007704203716e+03
1.185090824703220278e+03 9.005935546875000000e+03 9.001508903120757168e+03
1.185111259080003947e+03 9.004482421875000000e+03 9.001510848388606973e+03
1.185131693256553262e+03 9.000384765625000000e+03 9.001512843246677221e+03
1.185152127633336931e+03 9.005249023437500000e+03 9.001514887511108100e+03
1.185172561909537762e+03 9.007013671875000000e+03 9.001516980929216516e+03
1.185192996186204255e+03 9.001678710937500000e+03 9.001519123288044284e+03
1.185213430362753570e+03 8.996232421875000000e+03 9.001521314353731213e+03
1.185233864739071578e+03 9.001162109375000000e+03 9.001523553935845484e+03
1.185254299015272409e+03 8.999342773437500000e+03 9.001525841778915492e+03
1.185274733191356063e+03 8.996972656250000000e+03 9.001528177659285575e+03
1.185295167567674071e+03 9.003483398437500000e+03 9.001530561388688511e+03
1.185315601843874902e+03 8.998946289062500000e+03 9.001532992709488099e+03
1.185336036219727248e+03 9.000795898437500000e+03 9.001535471422497722e+03
1.185356470395810902e+03 8.998928710937500000e+03 9.001537997268096660e+03
1.185376904671546072e+03 9.001852539062500000e+03 9.001540570060002210e+03
1.185397339047398418e+03 9.003062500000000000e+03 9.001543189576002987e+03
1.185417773223016411e+03 8.994516601562500000e+03 9.001545855554308218e+03
1.185438207498751581e+03 8.999405273437500000e+03 9.001548567810805253e+03
1.185458641874603927e+03 8.996802734375000000e+03 9.001551326123222680e+03
1.185479076050221920e+03 9.004241210937500000e+03 9.001554130227737915e+03
1.185499510325491428e+03 9.005693359375000000e+03 9.001556979942200996e+03
1.185519944701343775e+03 9.000760742187500000e+03 9.001559875044466025e+03
1.185540378876496106e+03 8.996452148437500000e+03 9.001562815268560371e+03
1.185560813251882792e+03 9.009936523437500000e+03 9.001565800449225208e+03
1.185581247527152300e+03 8.995006835937500000e+03 9.001568830319953122e+03
1.185601681702304631e+03 9.008987304687500000e+03 9.001571904657143023e+03
1.185622116077691317e+03 8.999101562500000000e+03 9.001575023283356131e+03
1.185642550352495164e+03 8.999644531250000000e+03 9.001578185930055042e+03
1.185662984627764672e+03 9.004231445312500000e+03 9.001581392389602115e+03
1.185683418902568519e+03 9.001261718750000000e+03 9.001584642438898300e+03
1.185703853177372366e+03 9.002361328125000000e+03 9.001587935855066462e+03
1.185724287452176213e+03 9.005391601562500000e+03 9.001591272415156709e+03
1.185744721726980060e+03 9.005247070312500000e+03 9.001594651896215510e+03
1.185765156001783907e+03 9.001073242187500000e+03 9.001598074075292971e+03
1.185785590276587754e+03 8.999822265625000000e+03 9.001601538729439199e+03
1.185806024651043117e+03 9.000396484375000000e+03 9.001605045652901026e+03
1.185826458825729787e+03 8.998801757812500000e+03 9.001608594571036519e+03
1.185846893100067973e+03 9.008490234375000000e+03 9.001612185312584188e+03
1.185867327374406159e+03 8.998871093750000000e+03 9.001615817637395594e+03
1.185887761648744345e+03 8.998544921875000000e+03 9.001619491322511749e+03
1.185908196023199707e+03 8.998067382812500000e+03 9.001623206163283612e+03
1.185928630197420716e+03 8.997610351562500000e+03 9.001626961881856914e+03
1.185949064471293241e+03 8.999337890625000000e+03 9.001630758310097008e+03
1.185969498845748603e+03 9.006225585937500000e+03 9.001634595225823432e+03
1.185989933019503951e+03 9.000200195312500000e+03 9.001638472349215590e+03
1.186010367393493652e+03 9.008074218750000000e+03 9.001642389533390087e+03
1.186030801667366177e+03 9.000734375000000000e+03 9.001646346498113417e+03
1.186051235841121525e+03 9.000708007812500000e+03 9.001650343019853608e+03
1.186071670215111226e+03 9.002783203125000000e+03 9.001654378934688793e+03
1.186092104488518089e+03 9.001906250000000000e+03 9.001658453960544648e+03
1.186112538662273437e+03 9.006199218750000000e+03 9.001662567874078377e+03
1.186132973035797477e+03 8.996784179687500000e+03 9.001666720512908796e+03
1.186153407309204340e+03 9.000221679687500000e+03 9.001670911593417259e+03
1.186173841583076864e+03 9.003341796875000000e+03 9.001675140913006544e+03
1.186194275856018066e+03 9.005378906250000000e+03 9.001679408248433901e+03
1.186214710129424930e+03 9.006301757812500000e+03 9.001683713377035019e+03
1.186235144502948970e+03 9.001061523437500000e+03 9.001688056097133085e+03
1.186255578676238656e+03 9.000573242187500000e+03 9.001692436121671562e+03
1.186276012949179858e+03 8.997909179687500000e+03 9.001696853291701700e+03
1.186296447322238237e+03 8.999438476562500000e+03 9.001701307384915708e+03
1.186316881595179439e+03 9.003588867187500000e+03 9.001705798134715224e+03
1.186337315768003464e+03 9.002067382812500000e+03 9.001710325317615570e+03
1.186357750141061842e+03 9.004240234375000000e+03 9.001714888777471060e+03
1.186378184414003044e+03 8.996263671875000000e+03 9.001719488224520319e+03
1.186398618586361408e+03 8.999815429687500000e+03 9.001724123435182264e+03
1.186419052959419787e+03 9.000200195312500000e+03 9.001728794255104731e+03
1.186439487231895328e+03 9.000975585937500000e+03 9.001733500392734641e+03
1.186459921404253691e+03 9.001064453125000000e+03 9.001738241624705552e+03
1.186480355776846409e+03 9.009106445312500000e+03 9.001743017798013170e+03
1.186500790049321949e+03 8.996733398437500000e+03 9.001747828619762004e+03
1.186521224321797490e+03 8.998640625000000000e+03 9.001752673890312508e+03
1.186541658593807369e+03 8.997895507812500000e+03 9.001757553386603831e+03
1.186562092766165733e+03 9.004854492187500000e+03 9.001762466861753637e+03
1.186602961410302669e+03 8.998844726562500000e+03 9.001772395001185942e+03
1.186623395582195371e+03 9.004574218750000000e+03 9.001777409146718128e+03
1.186643829954322428e+03 9.004971679687500000e+03 9.001782456452641782e+03
1.186684698398225009e+03 9.007021484375000000e+03 9.001792649431539758e+03
1.186705132769886404e+03 9.001129882812500000e+03 9.001797794733398405e+03
1.186725567041430622e+03 9.006517578125000000e+03 9.001802972229415900e+03
1.186746001413092017e+03 8.992871093750000000e+03 9.001808181747370327e+03
1.186766435584519058e+03 9.004788085937500000e+03 9.001813422987503145e+03
1.186786869856063277e+03 8.998443359375000000e+03 9.001818695803673108e+03
1.186807304227724671e+03 9.005308593750000000e+03 9.001823999973385071e+03
1.186827738398686051e+03 9.001585937500000000e+03 9.001829335195379826e+03
1.186848172670230269e+03 9.004561523437500000e+03 9.001834701325140486e+03
1.186868607041426003e+03 9.000135742187500000e+03 9.001840098139915426e+03
1.186889041312504560e+03 9.000951171875000000e+03 9.001845525364000423e+03
1.186909475483465940e+03 8.998056640625000000e+03 9.001850982773992655e+03
1.186929909854661673e+03 9.002231445312500000e+03 9.001856470227383397e+03
1.186950344125740230e+03 9.008625976562500000e+03 9.001861987420779769e+03
1.186970778496470302e+03 9.002296875000000000e+03 9.001867534185166733e+03
1.186991212667431682e+03 8.999086914062500000e+03 9.001873110216094574e+03
1.187011646938044578e+03 9.003275390625000000e+03 9.001878715372113220e+03
1.187032081308774650e+03 9.007477539062500000e+03 9.001884349430814837e+03
1.187052515479270369e+03 9.006233398437500000e+03 9.001890012086230854e+03
1.187072949749883264e+03 9.003376953125000000e+03 9.001895703198431875e+03
1.187093384120147675e+03 9.011099609375000000e+03 9.001901422544749948e+03
1.187113818290643394e+03 8.993265625000000000e+03 9.001907169818225157e+03
1.187134252561256289e+03 9.002712890625000000e+03 9.001912944880044961e+03
1.187154686831403524e+03 8.998384765625000000e+03 9.001918747479037847e+03
1.187175121101550758e+03 8.998056640625000000e+03 9.001924577392383071e+03
1.187195555471815169e+03 9.003119140625000000e+03 9.001930434425890780e+03
1.187215989641845226e+03 9.003796875000000000e+03 9.001936318270321863e+03
1.187236423911992460e+03 8.999414062500000000e+03 9.001942228789015644e+03
1.187256858281791210e+03 9.003296875000000000e+03 9.001948165759269614e+03
1.187277292451821268e+03 9.000867187500000000e+03 9.001954128870951536e+03
1.187297726721502841e+03 9.006128906250000000e+03 9.001960117988290222e+03
1.187318161091301590e+03 9.001148437500000000e+03 9.001966132888854190e+03
1.187338595260865986e+03 8.997550781250000000e+03 9.001972173261096032e+03
1.187359029530547559e+03 9.001350585937500000e+03 9.001978238970656093e+03
1.187379463899880648e+03 9.006165039062500000e+03 9.001984329794817313e+03
1.187399898169562221e+03 9.006734375000000000e+03 9.001990445451221603e+03
1.187420332438778132e+03 9.002258789062500000e+03 9.001996585746423079e+03
1.187440766707994044e+03 9.002954101562500000e+03 9.002002750457602815e+03
1.187461200977675617e+03 9.004317382812500000e+03 9.002008939361952798e+03
1.187481635246425867e+03 9.003695312500000000e+03 9.002015152236101130e+03
1.187502069515641779e+03 9.009919921875000000e+03 9.002021388857516285e+03
1.187522503784857690e+03 9.002409179687500000e+03 9.002027649003110128e+03
1.187542938153725117e+03 9.001364257812500000e+03 9.002033932480626390e+03
1.187563372322823852e+03 8.994943359375000000e+03 9.002040238974874228e+03
1.187583806591574103e+03 9.003784179687500000e+03 9.002046568355142881e+03
1.187604240960441530e+03 9.005501953125000000e+03 9.002052920398957212e+03
1.187624675129074603e+03 9.001492187500000000e+03 9.002059294789842170e+03
1.187645109497476369e+03 8.996613281250000000e+03 9.002065691429614162e+03
1.187665543766226619e+03 8.996448242187500000e+03 9.002072110001761757e+03
1.187685977934859693e+03 9.007572265625000000e+03 9.002078550282865763e+03
1.187706412303261459e+03 9.001870117187500000e+03 9.002085012144649227e+03
1.187726846571546048e+03 9.004783203125000000e+03 9.002091495269483858e+03
1.187747280739713460e+03 9.002317382812500000e+03 9.002097999434112353e+03
1.187767715108115226e+03 8.991622070312500000e+03 9.002104524511334603e+03
1.187788149376399815e+03 9.001477539062500000e+03 9.002111070182443655e+03
1.187808583644218743e+03 9.000323242187500000e+03 9.002117636256258265e+03
1.187829017912503332e+03 9.000489257812500000e+03 9.002124222510126856e+03
1.187849452180322260e+03 9.004119140625000000e+03 9.002130828720797581e+03
1.187869886448141187e+03 9.003157226562500000e+03 9.002137454665469704e+03
1.187890320715960115e+03 8.998868164062500000e+03 9.002144100121189695e+03
1.187910754983779043e+03 9.000613281250000000e+03 9.002150764865007659e+03
1.187931189251132309e+03 8.999276367187500000e+03 9.002157448673820909e+03
1.187951623518951237e+03 8.998339843750000000e+03 9.002164151324981503e+03
1.187972057786304504e+03 8.998656250000000000e+03 9.002170872595230321e+03
1.187992492053657770e+03 9.003417968750000000e+03 9.002177612261777540e+03
1.188012926321011037e+03 9.005961914062500000e+03 9.002184370101658715e+03
1.188033360588364303e+03 9.003197265625000000e+03 9.002191145891934866e+03
1.188053794955834746e+03 9.003507812500000000e+03 9.002197939442974530e+03
1.188074229123070836e+03 9.007772460937500000e+03 9.002204750431847060e+03
1.188094663389958441e+03 8.994771484375000000e+03 9.002211578735428702e+03
1.188115097756963223e+03 9.008807617187500000e+03 9.002218424131171560e+03
1.188135531924199313e+03 9.003477539062500000e+03 9.002225286295546539e+03
1.188155966290738434e+03 8.998367187500000000e+03 9.002232165139612334e+03
1.188176400557626039e+03 9.008177734375000000e+03 9.002239060339901698e+03
1.188196834724396467e+03 9.004891601562500000e+03 9.002245971673066379e+03
1.188217269090935588e+03 9.002199218750000000e+03 9.002252899017705204e+03
1.188237703357823193e+03 8.996698242187500000e+03 9.002259842049474173e+03
1.188258137524127960e+03 8.995843750000000000e+03 9.002266800544879516e+03
1.188278571890667081e+03 9.002497070312500000e+03 9.002273774383516866e+03
1.188299006157089025e+03 8.998283203125000000e+03 9.002280763240047236e+03
1.188319440323393792e+03 8.997589843750000000e+03 9.002287766891293359e+03
1.188339874689467251e+03 8.999292968750000000e+03 9.002294785217203753e+03
1.188360308955889195e+03 9.004080078125000000e+03 9.002301817892090185e+03
1.188380743321962655e+03 9.002663085937500000e+03 9.002308864761591394e+03
1.188401177487801760e+03 9.003958984375000000e+03 9.002315925499235163e+03
1.188421611753758043e+03 9.003504882812500000e+03 9.002322999985755814e+03
1.188442046119831502e+03 8.999916992187500000e+03 9.002330087998398085e+03
1.188462480285204947e+03 9.007044921875000000e+03 9.002337189209767530e+03
1.188482914551161230e+03 9.001641601562500000e+03 9.002344303501522518e+03
1.188503348916769028e+03 9.002348632812500000e+03 9.002351430650571274e+03
1.188523783082608134e+03 9.003680664062500000e+03 9.002358570329439317e+03
1.188544217348098755e+03 8.995676757812500000e+03 9.002365722419701342e+03
1.188564651713240892e+03 9.006141601562500000e+03 9.002372886698585717e+03
1.188585085878614336e+03 9.002903320312500000e+03 9.002380062838077720e+03
1.188605520244222134e+03 9.000568359375000000e+03 9.002387250755693458e+03
1.188625954509247094e+03 9.003730468750000000e+03 9.002394450122756098e+03
1.188646388674620539e+03 8.997942382812500000e+03 9.002401660716479455e+03
1.188666823039297014e+03 9.003423828125000000e+03 9.002408882419482325e+03
1.188687257304321975e+03 9.004804687500000000e+03 9.002416114903240668e+03
1.188707691469229758e+03 9.003820312500000000e+03 9.002423357944477175e+03
1.188728125834371895e+03 9.002311523437500000e+03 9.002430611426785617e+03
1.188748560098931193e+03 9.002598632812500000e+03 9.002437875020510546e+03
1.188768994263838977e+03 8.998456054687500000e+03 9.002445148502876691e+03
1.188789428628515452e+03 9.003273437500000000e+03 9.002452431757592421e+03
1.188809862893074751e+03 9.004664062500000000e+03 9.002459724454885873e+03
1.188830297257285565e+03 9.005000976562500000e+03 9.002467026443095165e+03
1.188850731421727687e+03 9.000802734375000000e+03 9.002474337392213783e+03
1.188871165686286986e+03 9.003842773437500000e+03 9.002481657186515804e+03
1.188891600050497800e+03 8.997914062500000000e+03 9.002488985603009496e+03
1.188912034214474261e+03 9.002864257812500000e+03 9.002496322311133554e+03
1.188932468478567898e+03 8.998801757812500000e+03 9.002503667195716844e+03
1.188952902842778713e+03 8.996847656250000000e+03 9.002511020033924069e+03
1.188973337006755173e+03 9.006651367187500000e+03 9.002518380494671874e+03
1.188993771270848811e+03 8.999317382812500000e+03 9.002525748463143827e+03
1.189014205634593964e+03 9.006010742187500000e+03 9.002533123716324553e+03
1.189034639898221940e+03 8.999591796875000000e+03 9.002540505959164875e+03
1.189055074161849916e+03 8.997124023437500000e+03 9.002547895004823658e+03
1.189075508425477892e+03 9.001652343750000000e+03 9.002555290630360105e+03
1.189095942689105868e+03 9.002028320312500000e+03 9.002562692612813407e+03
1.189116376952733845e+03 9.003278320312500000e+03 9.002570100729240949e+03
1.189136811215896159e+03 9.002278320312500000e+03 9.002577514756514574e+03
1.189157245479058474e+03 8.995692382812500000e+03 9.002584934471859015e+03
1.189177679742220789e+03 9.007350585937500000e+03 9.002592359652317100e+03
1.189198114005848765e+03 8.999526367187500000e+03 9.002599790075111741e+03
1.189218548268545419e+03 9.000001953125000000e+03 9.002607225516781909e+03
1.189238982531707734e+03 8.998792968750000000e+03 9.002614665754885209e+03
1.189259416794404387e+03 9.006975585937500000e+03 9.002622110566129777e+03
1.189279851057566702e+03 9.004382812500000000e+03 9.002629559727902233e+03
1.189300285320263356e+03 9.001385742187500000e+03 9.002637013016919809e+03
1.189320719582960010e+03 9.006789062500000000e+03 9.002644470210394502e+03
1.189341153945773840e+03 9.004460937500000000e+03 9.002651931121938105e+03
1.189361588108353317e+03 9.003678710937500000e+03 9.002659395418913846e+03
1.189382022370584309e+03 8.997706054687500000e+03 9.002666862987885906e+03
1.189402456732932478e+03 9.004669921875000000e+03 9.002674333606120854e+03
1.189422890895511955e+03 8.998490234375000000e+03 9.002681806941014656e+03
1.189443325157742947e+03 9.007962890625000000e+03 9.002689282879096936e+03
1.189463759519625455e+03 9.015520507812500000e+03 9.002696761197455999e+03
1.189484193681739271e+03 8.998643554687500000e+03 9.002704241563544201e+03
1.189504627943970263e+03 8.997372070312500000e+03 9.002711723864174928e+03
1.189525062305852771e+03 9.004470703125000000e+03 9.002719207876256405e+03
1.189545496467966586e+03 9.000263671875000000e+03 9.002726693267162773e+03
1.189586365091148764e+03 9.004983398437500000e+03 9.002741667622676687e+03
1.189606799352914095e+03 9.003049804687500000e+03 9.002749156068368393e+03
1.189627233614679426e+03 8.998804687500000000e+03 9.002756645074252447e+03
1.189647667875979096e+03 9.001790039062500000e+03 9.002764134417207970e+03
1.189668102137278765e+03 9.006219726562500000e+03 9.002771623874452416e+03
1.189688536498695612e+03 8.996920898437500000e+03 9.002779113259726728e+03
1.189708970659878105e+03 9.009767578125000000e+03 9.002786602240001230e+03
1.189729404921177775e+03 9.001950195312500000e+03 9.002794090702405811e+03
1.189749839282128960e+03 8.999142578125000000e+03 9.002801578423808678e+03
1.189770273443311453e+03 9.001833007812500000e+03 9.002809065071549412e+03
1.189790707804262638e+03 8.994887695312500000e+03 9.002816550569057654e+03
1.189811142065096647e+03 9.001988281250000000e+03 9.002824034583518369e+03
1.189831576225813478e+03 9.000256835937500000e+03 9.002831516892005311e+03
1.189852010586764663e+03 8.999615234375000000e+03 9.002838997381531954e+03
1.189872444847598672e+03 9.013142578125000000e+03 9.002846475719177761e+03
1.189892879007849842e+03 9.002848632812500000e+03 9.002853951681860053e+03
1.189913313368335366e+03 8.998890625000000000e+03 9.002861425156663245e+03
1.189933747529052198e+03 9.003136718750000000e+03 9.002868895774343400e+03
1.189954181788954884e+03 9.001750976562500000e+03 9.002876363421270071e+03
1.189974616149440408e+03 9.003465820312500000e+03 9.002883827874951749e+03
1.189995050309691578e+03 9.001267578125000000e+03 9.002891288802580675e+03
1.190015484669711441e+03 9.003266601562500000e+03 9.002898746127251798e+03
1.190035918929614127e+03 9.005273437500000000e+03 9.002906199516548440e+03
1.190056353189516813e+03 9.004689453125000000e+03 9.002913648784064208e+03
1.190076787449419498e+03 9.001991210937500000e+03 9.002921093706849206e+03
1.190097221709322184e+03 9.000004882812500000e+03 9.002928534061948085e+03
1.190117655969224870e+03 9.008227539062500000e+03 9.002935969626416409e+03
1.190138090228661895e+03 9.001767578125000000e+03 9.002943400177127842e+03
1.190158524488098919e+03 9.009141601562500000e+03 9.002950825491305295e+03
1.190178958748001605e+03 9.006901367187500000e+03 9.002958245346166223e+03
1.190199393107090145e+03 8.999118164062500000e+03 9.002965659554560261e+03
1.190219827266409993e+03 9.005404296875000000e+03 9.002973067785114836e+03
1.190240261625964195e+03 9.004468750000000000e+03 9.002980469959893526e+03
1.190260695884935558e+03 9.004030273437500000e+03 9.002987865746928946e+03
1.190281130043789744e+03 9.005275390625000000e+03 9.002995254923531320e+03
1.190301564402878284e+03 9.002307617187500000e+03 9.003002637375320774e+03
1.190321998661849648e+03 9.006104492187500000e+03 9.003010012770777394e+03
1.190342432820703834e+03 8.997333007812500000e+03 9.003017380887056788e+03
1.190362867179792374e+03 9.005585937500000000e+03 9.003024741609453486e+03
1.190383301438298076e+03 8.995342773437500000e+03 9.003032094606604005e+03
1.190403735597152263e+03 8.993916015625000000e+03 9.003039439656005925e+03
1.190424169955309480e+03 8.999312500000000000e+03 9.003046776642113400e+03
1.190444604213815182e+03 9.001633789062500000e+03 9.003054105234568851e+03
1.190465038372203708e+03 9.002887695312500000e+03 9.003061425210378729e+03
1.190485472730826586e+03 9.004283203125000000e+03 9.003068736454124519e+03
1.190505906988866627e+03 9.003889648437500000e+03 9.003076038635161240e+03
1.190526341347023845e+03 9.001823242187500000e+03 9.003083331602250837e+03
1.190546775504946709e+03 9.006107421875000000e+03 9.003090615025321313e+03
1.190567209762986749e+03 8.998750000000000000e+03 9.003097888788546697e+03
1.190587644021026790e+03 9.001938476562500000e+03 9.003105152633263060e+03
1.190608078278601170e+03 9.004196289062500000e+03 9.003112406336362255e+03
1.190628512536641210e+03 9.004768554687500000e+03 9.003119649675216351e+03
1.190648946794215590e+03 9.005052734375000000e+03 9.003126882426549855e+03
1.190669381051789969e+03 9.006519531250000000e+03 9.003134104367571126e+03
1.190689815309364349e+03 9.004236328125000000e+03 9.003141315275335728e+03
1.190710249566473067e+03 9.009181640625000000e+03 9.003148514926724602e+03
1.190730683824047446e+03 9.005881835937500000e+03 9.003155703099117090e+03
1.190751118181273341e+03 9.002200195312500000e+03 9.003162879604366026e+03
1.190771552438382059e+03 9.001515625000000000e+03 9.003170044149359455e+03
1.190791986595373601e+03 9.003157226562500000e+03 9.003177196511325747e+03
1.190812420952599496e+03 9.006356445312500000e+03 9.003184336572352549e+03
1.190832855209708214e+03 9.002621093750000000e+03 9.003191464004448790e+03
1.190853289366699755e+03 9.001113281250000000e+03 9.003198578584853749e+03
1.190873723723459989e+03 9.002244140625000000e+03 9.003205680194931119e+03
1.190894157980103046e+03 9.010131835937500000e+03 9.003212768507411965e+03
1.190914592136628926e+03 9.003522460937500000e+03 9.003219843299544664e+03
1.190935026492923498e+03 9.004772460937500000e+03 9.003226904452105373e+03
1.190955460749566555e+03 9.004654296875000000e+03 9.003233951638574581e+03
1.190975895105861127e+03 9.001998046875000000e+03 9.003240984704738366e+03
1.190996329262387007e+03 9.004271484375000000e+03 9.003248003324690217e+03
1.191016763518564403e+03 9.004003906250000000e+03 9.003255007378433220e+03
1.191037197874858975e+03 8.999232421875000000e+03 9.003261996642959275e+03
1.191057632030453533e+03 9.005075195312500000e+03 9.003268970792534674e+03
1.191098500642459840e+03 8.997339843750000000e+03 9.003282873163318072e+03
1.191118934798520058e+03 9.004120117187500000e+03 9.003289800836453651e+03
1.191139369054231793e+03 9.005448242187500000e+03 9.003296712605231733e+03
1.191159803409595042e+03 8.997303710937500000e+03 9.003303608246467775e+03
1.191180237565189600e+03 9.002171875000000000e+03 9.003310487436294352e+03
1.191200671921018511e+03 9.009306640625000000e+03 9.003317350086414081e+03
1.191221106176264584e+03 8.999601562500000000e+03 9.003324195872737619e+03
1.191241540431510657e+03 9.002776367187500000e+03 9.003331024606126448e+03
1.191261974686756730e+03 9.006604492187500000e+03 9.003337836063630675e+03
1.191282408942002803e+03 9.004464843750000000e+03 9.003344630022302226e+03
1.191302843097131699e+03 9.001091796875000000e+03 9.003351406226032850e+03
1.191323277452029288e+03 9.010666015625000000e+03 9.003358164551185837e+03
1.191343711706809700e+03 8.995979492187500000e+03 9.003364904675496291e+03
1.191364145861472934e+03 9.004181640625000000e+03 9.003371626376287168e+03
1.191384580216370523e+03 9.004236328125000000e+03 9.003378329529261464e+03
1.191405014471150935e+03 9.008006835937500000e+03 9.003385013812812758e+03
1.191425448625814170e+03 9.003105468750000000e+03 9.003391679004262187e+03
1.191445882980246097e+03 9.001033203125000000e+03 9.003398324978341407e+03
1.191466317234560847e+03 8.998746093750000000e+03 9.003404951414422612e+03
1.191486751588992774e+03 9.002700195312500000e+03 9.003411558154482918e+03
1.191507185743190348e+03 9.005963867187500000e+03 9.003418144878611201e+03
1.191527619997505099e+03 8.998241210937500000e+03 9.003424711460818799e+03
1.191548054351471364e+03 9.001446289062500000e+03 9.003431257677704707e+03
1.191568488505668938e+03 9.006745117187500000e+03 9.003437783210552880e+03
1.191588922759518027e+03 9.000673828125000000e+03 9.003444287932183215e+03
1.191609357113484293e+03 8.998870117187500000e+03 9.003450771619480292e+03
1.191629791267216206e+03 9.001612304687500000e+03 9.003457233954355615e+03
1.191650225520599633e+03 9.001315429687500000e+03 9.003463674808850556e+03
1.191670659874565899e+03 9.006773437500000000e+03 9.003470093959993392e+03
1.191691094027832150e+03 9.005618164062500000e+03 9.003476491090352283e+03
1.191711528381332755e+03 9.006757812500000000e+03 9.003482866102487606e+03
1.191731962634716183e+03 9.001087890625000000e+03 9.003489218679587793e+03
1.191752396888099611e+03 9.005889648437500000e+03 9.003495548629984114e+03
1.191772831141017377e+03 9.001483398437500000e+03 9.003501855730586612e+03
1.191793265393935144e+03 9.005380859375000000e+03 9.003508139758592733e+03
1.191813699647318572e+03 9.004701171875000000e+03 9.003514400491185370e+03
1.191834133899770677e+03 9.010030273437500000e+03 9.003520637704998080e+03
1.191854568152688444e+03 9.003261718750000000e+03 9.003526851177492063e+03
1.191875002405606210e+03 9.003585937500000000e+03 9.003533040685586457e+03
1.191895436758175492e+03 9.005432617187500000e+03 9.003539206036335599e+03
1.191915870910976082e+03 9.003848632812500000e+03 9.003545346916624112e+03
1.191936305263545364e+03 9.005125976562500000e+03 9.003551463223573592e+03
1.191956739415880293e+03 8.995524414062500000e+03 9.003557554614502806e+03
1.191977173668332398e+03 8.996124023437500000e+03 9.003563620956181694e+03
1.191997608020436019e+03 9.006559570312500000e+03 9.003569662025151047e+03
1.192018042172770947e+03 9.009137695312500000e+03 9.003575677510132664e+03
1.192038476424757391e+03 8.992183593750000000e+03 9.003581667276506778e+03
1.192058910776861012e+03 9.006758789062500000e+03 9.003587631101074294e+03
1.192079344928730279e+03 9.001215820312500000e+03 9.003593568673424670e+03
1.192099779180251062e+03 9.000784179687500000e+03 9.003599479857937695e+03
1.192120213531889021e+03 9.009987304687500000e+03 9.003605364431405178e+03
1.192140647683758289e+03 8.997679687500000000e+03 9.003611222084715337e+03
1.192161081935279071e+03 9.000171875000000000e+03 9.003617052680947381e+03
1.192181516286917031e+03 9.002937500000000000e+03 9.003622855996884027e+03
1.192201950438320637e+03 9.003088867187500000e+03 9.003628631724477600e+03
1.192222384789492935e+03 9.006943359375000000e+03 9.003634379753839312e+03
1.192242819040548056e+03 8.997799804687500000e+03 9.003640099777458090e+03
1.192263253292068839e+03 8.999916015625000000e+03 9.003645791600740267e+03
1.192283687543123960e+03 9.005645507812500000e+03 9.003651455000479473e+03
1.192304121794179082e+03 9.002153320312500000e+03 9.003657089753853143e+03
1.192324556044768542e+03 9.007200195312500000e+03 9.003662695637784054e+03
1.192344990295823663e+03 9.002367187500000000e+03 9.003668272429575154e+03
1.192365424546413124e+03 9.008618164062500000e+03 9.003673819906023709e+03
1.192385858797002584e+03 9.001235351562500000e+03 9.003679337844307156e+03
1.192406293147709221e+03 9.005989257812500000e+03 9.003684826048287505e+03
1.192426727298181504e+03 9.008273437500000000e+03 9.003690284214570056e+03
1.192447161648422480e+03 9.005028320312500000e+03 9.003695712227046897e+03
1.192467595898546278e+03 9.002866210937500000e+03 9.003701109786959933e+03
1.192488030049018562e+03 9.003007812500000000e+03 9.003706476769377332e+03
1.192508464398793876e+03 9.003016601562500000e+03 9.003711813220221302e+03
1.192528898648917675e+03 9.004588867187500000e+03 9.003717119032855408e+03
1.192569767148699611e+03 9.002051757812500000e+03 9.003727638708320228e+03
1.192590201398823410e+03 8.998543945312500000e+03 9.003732852514593105e+03
1.192610635548364371e+03 9.003280273437500000e+03 9.003738035569964268e+03
1.192631069898139685e+03 9.003874023437500000e+03 9.003743187922169454e+03
1.192651504047680646e+03 9.004619140625000000e+03 9.003748309441896708e+03
1.192671938396990299e+03 9.001613281250000000e+03 9.003753400201061595e+03
1.192692372646182775e+03 9.008691406250000000e+03 9.003758460096389172e+03
1.192712806795258075e+03 9.004361328125000000e+03 9.003763489099996150e+03
1.192733241144567728e+03 9.002720703125000000e+03 9.003768487257235392e+03
1.192753675393760204e+03 8.992820312500000000e+03 9.003773454466074327e+03
1.192774109642952681e+03 9.003043945312500000e+03 9.003778390722740369e+03
1.192794543891679496e+03 9.007198242187500000e+03 9.003783295998779067e+03
1.192814978140406311e+03 9.003607421875000000e+03 9.003788170265968802e+03
1.192835412389133126e+03 9.007610351562500000e+03 9.003793013495966079e+03
1.192855846637859941e+03 9.012576171875000000e+03 9.003797825660440139e+03
1.192876280886586756e+03 9.001875976562500000e+03 9.003802606731042033e+03
1.192896715134847909e+03 9.003723632812500000e+03 9.003807356679328223e+03
1.192917149483226240e+03 9.009967773437500000e+03 9.003812075500116407e+03
1.192937583631370217e+03 9.000666015625000000e+03 9.003816763095934220e+03
1.192958017979748547e+03 9.004174804687500000e+03 9.003821419530309868e+03
1.192978452228009701e+03 9.000912109375000000e+03 9.003826044706233006e+03
1.192998886375688016e+03 9.002039062500000000e+03 9.003830638595722121e+03
1.193019320723600686e+03 8.999963867187500000e+03 9.003835201237836372e+03
1.193039754971861839e+03 8.999885742187500000e+03 9.003839732537046075e+03
1.193060189119540155e+03 8.997238281250000000e+03 9.003844232465262394e+03
1.193080623466987163e+03 9.005379882812500000e+03 9.003848701060067469e+03
1.193101057714782655e+03 9.006742187500000000e+03 9.003853138227408635e+03
1.193121491862460971e+03 8.986632812500000000e+03 9.003857543939309835e+03
1.193141926209442317e+03 8.930219726562500000e+03 9.003861918231756135e+03
1.193162360457237810e+03 8.903714843750000000e+03 9.003866261012288305e+03
1.193182794804219157e+03 8.902176757812500000e+03 9.003870572294716112e+03
1.193203228951431811e+03 8.898307617187500000e+03 9.003874851987866350e+03
1.193223663198295981e+03 8.894870117187500000e+03 9.003879100126338017e+03
1.193244097545277327e+03 8.902379882812500000e+03 9.003883316681431097e+03
1.193264531692489982e+03 8.905407226562500000e+03 9.003887501563152910e+03
1.193284965938888490e+03 8.912193359375000000e+03 9.003891654804623613e+03
1.193305400185752660e+03 8.972360351562500000e+03 9.003895776357210707e+03
1.193325834432151169e+03 8.997847656250000000e+03 9.003899866192385161e+03
1.193346268679015338e+03 9.003048828125000000e+03 9.003903924281996296e+03
1.193366702925413847e+03 9.003609375000000000e+03 9.003907950597516901e+03
1.193387137171812356e+03 9.008000000000000000e+03 9.003911945110703527e+03
1.193407571417745203e+03 9.007424804687500000e+03 9.003915907793129008e+03
1.193428005664143711e+03 8.998653320312500000e+03 9.003919838616631750e+03
1.193448439910076559e+03 9.003815429687500000e+03 9.003923737552693638e+03
1.193468874256126583e+03 9.000571289062500000e+03 9.003927604591935960e+03
1.193489308502059430e+03 9.003545898437500000e+03 9.003931439668125677e+03
1.193509742647875100e+03 9.000928710937500000e+03 9.003935242753394050e+03
1.193530176993459463e+03 9.004254882812500000e+03 9.003939013874980446e+03
1.193550611239392310e+03 9.003490234375000000e+03 9.003942752949053101e+03
1.193571045384742320e+03 9.006098632812500000e+03 9.003946459947575931e+03
1.193591479730326682e+03 9.003886718750000000e+03 9.003950134896542295e+03
1.193611913975793868e+03 8.999885742187500000e+03 9.003953777713366435e+03
1.193632348121143878e+03 9.003649414062500000e+03 9.003957388370181434e+03
1.193652782466262579e+03 9.005304687500000000e+03 9.003960966891399949e+03
1.193673216711264104e+03 9.007397460937500000e+03 9.003964513195931431e+03
1.193693651056382805e+03 9.003219726562500000e+03 9.003968027290186001e+03
1.193714085201267153e+03 9.007541015625000000e+03 9.003971509094410067e+03
1.193734519446268678e+03 9.008162109375000000e+03 9.003974958631681147e+03
1.193754953790921718e+03 9.000594726562500000e+03 9.003978375873108234e+03
1.193775387935340405e+03 8.997208007812500000e+03 9.003981760740438403e+03
1.193795822179876268e+03 9.010199218750000000e+03 9.003985113255324904e+03
1.193816256524529308e+03 9.010522460937500000e+03 9.003988433388949488e+03
1.193836690668947995e+03 9.010025390625000000e+03 9.003991721064416197e+03
1.193857124913018197e+03 8.997568359375000000e+03 9.003994976301875795e+03
1.193877559257205576e+03 9.011079101562500000e+03 9.003998199072579155e+03
1.193897993501275778e+03 9.006507812500000000e+03 9.004001389316614222e+03
1.193918427745345980e+03 8.999877929687500000e+03 9.004004547021508188e+03
1.193938861989416182e+03 9.007977539062500000e+03 9.004007672158924834e+03
1.193959296233020723e+03 9.006241210937500000e+03 9.004010764700451546e+03
1.193979730477090925e+03 8.997862304687500000e+03 9.004013824617895807e+03
1.194000164720695466e+03 9.005651367187500000e+03 9.004016851882774063e+03
1.194020598864182830e+03 9.004932617187500000e+03 9.004019846452229103e+03
1.194041033207438886e+03 9.005472656250000000e+03 9.004022808341625932e+03
1.194061467451043427e+03 9.002824218750000000e+03 9.004025737478987139e+03
1.194081901594065130e+03 9.007470703125000000e+03 9.004028633836325753e+03
1.194102335937321186e+03 9.001434570312500000e+03 9.004031497427695285e+03
1.194122770180460066e+03 9.009093750000000000e+03 9.004034328182431636e+03
1.194143204323481768e+03 9.004150390625000000e+03 9.004037126072673345e+03
1.194163638666737825e+03 9.015555664062500000e+03 9.004039891110965982e+03
1.194184072909411043e+03 9.005336914062500000e+03 9.004042623228026059e+03
1.194204507252201438e+03 9.006201171875000000e+03 9.004045322422351092e+03
1.194224941394757479e+03 9.006955078125000000e+03 9.004047988626167353e+03
1.194245375637430698e+03 9.007265625000000000e+03 9.004050621850572497e+03
1.194265809979755431e+03 9.000802734375000000e+03 9.004053222066675517e+03
1.194286244122311473e+03 9.005495117187500000e+03 9.004055789208287024e+03
1.194306678364519030e+03 9.003080078125000000e+03 9.004058323284925791e+03
1.194327112706378102e+03 9.003044921875000000e+03 9.004060824267766293e+03
1.194347546848468482e+03 8.999615234375000000e+03 9.004063292092068878e+03
1.194367981090676039e+03 9.009613281250000000e+03 9.004065726765953514e+03
1.194388415432535112e+03 9.005240234375000000e+03 9.004068128260538288e+03
1.194408849574625492e+03 9.010761718750000000e+03 9.004070496512542377e+03
1.194429283916018903e+03 9.007451171875000000e+03 9.004072831539877370e+03
1.194449718157760799e+03 9.003885742187500000e+03 9.004075133279799047e+03
1.194470152399037033e+03 9.008395507812500000e+03 9.004077401715385349e+03
1.194490586640778929e+03 8.997690429687500000e+03 9.004079636818401923e+03
1.194511020882055163e+03 9.002763671875000000e+03 9.004081838560405231e+03
1.194531455123331398e+03 8.999346679687500000e+03 9.004084006913111807e+03
1.194551889464259148e+03 9.006953125000000000e+03 9.004086141858510018e+03
1.194572323605418205e+03 9.004219726562500000e+03 9.004088243337222593e+03
1.194592757846694440e+03 9.006755859375000000e+03 9.004090311351999844e+03
1.194613192187622190e+03 9.002968750000000000e+03 9.004092345873963495e+03
1.194633626328315586e+03 9.000735351562500000e+03 9.004094346845162363e+03
1.194654060668777674e+03 8.999431640625000000e+03 9.004096314276430348e+03
1.194674494809471071e+03 9.004523437500000000e+03 9.004098248100955971e+03
1.194694929050281644e+03 9.007283203125000000e+03 9.004100148319033906e+03
1.194715363390278071e+03 9.003541015625000000e+03 9.004102014901742223e+03
1.194735797530971467e+03 9.004490234375000000e+03 9.004103847793723617e+03
1.194756231770850718e+03 9.005066406250000000e+03 9.004105646993659320e+03
1.194776666111312807e+03 9.004041015625000000e+03 9.004107412472842043e+03
1.194797100251074880e+03 8.993787109375000000e+03 9.004109144177151393e+03
1.194817534490954131e+03 9.009500976562500000e+03 9.004110842103988034e+03
1.194837968830950558e+03 9.005400390625000000e+03 9.004112506224515528e+03
1.194858402970712632e+03 9.006996093750000000e+03 9.004114136486186908e+03
1.194878837310709059e+03 9.007203125000000000e+03 9.004115732892611049e+03
1.194899271550122648e+03 9.004866210937500000e+03 9.004117295391701191e+03
1.194919705689419061e+03 9.004340820312500000e+03 9.004118823955650441e+03
1.194940140028949827e+03 9.005979492187500000e+03 9.004120318578341539e+03
1.194960574268363416e+03 9.009933593750000000e+03 9.004121779209219312e+03
1.194981008507311344e+03 9.003756835937500000e+03 9.004123205827312631e+03
1.195001442746724933e+03 9.002713867187500000e+03 9.004124598404352582e+03
1.195021876985672861e+03 9.001488281250000000e+03 9.004125956911935646e+03
1.195042311224620789e+03 9.005942382812500000e+03 9.004127281321754708e+03
1.195062745463103056e+03 9.005199218750000000e+03 9.004128571605440811e+03
1.195083179702050984e+03 8.999064453125000000e+03 9.004129827734714127e+03
1.195103613940533251e+03 9.003904296875000000e+03 9.004131049681178411e+03
1.195124048279132694e+03 9.009337890625000000e+03 9.004132237422263643e+03
1.195144482417497784e+03 9.001943359375000000e+03 9.004133390912418690e+03
1.195164916756097227e+03 9.011803710937500000e+03 9.004134510145911918e+03
1.195185350994113833e+03 9.006383789062500000e+03 9.004135595077677863e+03
1.195205785132478923e+03 8.999083984375000000e+03 9.004136645679933281e+03
1.195226219470612705e+03 9.004083007812500000e+03 9.004137661939479585e+03
1.195246653708163649e+03 9.002583007812500000e+03 9.004138643812788359e+03
1.195267087846063077e+03 9.008651367187500000e+03 9.004139591272076359e+03
1.195287522184196860e+03 9.004321289062500000e+03 9.004140504302649788e+03
1.195307956421747804e+03 9.009255859375000000e+03 9.004141382862475439e+03
1.195328390559181571e+03 9.001950195312500000e+03 9.004142226923748240e+03
1.195348824896849692e+03 8.998660156250000000e+03 9.004143036470282823e+03
1.195369259133934975e+03 9.006263671875000000e+03 9.004143811461563018e+03
1.195389693371485919e+03 9.007588867187500000e+03 9.004144551873343516e+03
1.195410127608571202e+03 9.001683593750000000e+03 9.004145257677244444e+03
1.195430561746004969e+03 8.999438476562500000e+03 9.004145928841760906e+03
1.195450996082741767e+03 9.002064453125000000e+03 9.004146565348120930e+03
1.195471430319827050e+03 9.000935546875000000e+03 9.004147167158414959e+03
1.195491864556446671e+03 8.999731445312500000e+03 9.004147734247482731e+03
1.195512298793531954e+03 9.006105468750000000e+03 9.004148266587008038e+03
1.195553167266305536e+03 9.006379882812500000e+03 9.004149226904020907e+03
1.195573601502925158e+03 9.003722656250000000e+03 9.004149654824850586e+03
1.195594035739079118e+03 9.005814453125000000e+03 9.004150047882765648e+03
1.195614469975233078e+03 9.009314453125000000e+03 9.004150406049433514e+03
1.195634904311504215e+03 9.005000000000000000e+03 9.004150729298016813e+03
1.195655338447540998e+03 9.002514648437500000e+03 9.004151017595682788e+03
1.195675772783346474e+03 9.010669921875000000e+03 9.004151270919735907e+03
1.195696207019500434e+03 9.001940429687500000e+03 9.004151489237869100e+03
1.195716641155071557e+03 9.005909179687500000e+03 9.004151672522246372e+03
1.195737075490877032e+03 9.002642578125000000e+03 9.004151820746970770e+03
1.195757509726565331e+03 9.009476562500000000e+03 9.004151933881270452e+03
1.195777943862136453e+03 9.006487304687500000e+03 9.004152011897318516e+03
1.195798378197476268e+03 9.004686523437500000e+03 9.004152054767664595e+03
1.195818812432698905e+03 9.007401367187500000e+03 9.004152062463086622e+03
1.195839246567804366e+03 9.005634765625000000e+03 9.004152034955759518e+03
1.195859680902678519e+03 8.996478515625000000e+03 9.004151972216683134e+03
1.195880115137901157e+03 9.001483398437500000e+03 9.004151874218179728e+03
1.195900549472775310e+03 9.003190429687500000e+03 9.004151740930954475e+03
1.195920983607415110e+03 9.010432617187500000e+03 9.004151572328886687e+03
1.195941417842172086e+03 9.002854492187500000e+03 9.004151368381419161e+03
1.195961852176580578e+03 9.004197265625000000e+03 9.004151129059693631e+03
1.195982286311220378e+03 9.000927734375000000e+03 9.004150854339142825e+03
1.196002720545511693e+03 9.000944335937500000e+03 9.004150544187661581e+03
1.196023154879920185e+03 9.003218750000000000e+03 9.004150198576386174e+03
1.196043589014094323e+03 9.010097656250000000e+03 9.004149817482313665e+03
1.196064023248385638e+03 9.007139648437500000e+03 9.004149400871767284e+03
1.196084457482211292e+03 8.999520507812500000e+03 9.004148948718200700e+03
1.196104891716036946e+03 9.005618164062500000e+03 9.004148460993264962e+03
1.196125326049979776e+03 8.993863281250000000e+03 9.004147937665964491e+03
1.196145760283805430e+03 9.001871093750000000e+03 9.004147378713098078e+03
1.196166194417513907e+03 9.001856445312500000e+03 9.004146784106844279e+03
1.196186628750991076e+03 8.995820312500000000e+03 9.004146153809877433e+03
1.196207062984351069e+03 9.012237304687500000e+03 9.004145487802848947e+03
1.196227497117593884e+03 9.008521484375000000e+03 9.004144786057944657e+03
1.196247931450605392e+03 9.012102539062500000e+03 9.004144048536265473e+03
1.196268365683965385e+03 9.003583984375000000e+03 9.004143275220014402e+03
1.196288799816742539e+03 9.004228515625000000e+03 9.004142466081415478e+03
1.196309234149754047e+03 9.005963867187500000e+03 9.004141621079959805e+03
1.196329668382648379e+03 9.006992187500000000e+03 9.004140740199460197e+03
1.196350102515425533e+03 9.005259765625000000e+03 9.004139823412107944e+03
1.196370536847971380e+03 9.002961914062500000e+03 9.004138870675844373e+03
1.196390971080400050e+03 9.004363281250000000e+03 9.004137881976052086e+03
1.196411405412945896e+03 9.004543945312500000e+03 9.004136857274699651e+03
1.196431839545257390e+03 9.005343750000000000e+03 9.004135796558781294e+03
1.196452273777686059e+03 9.007174804687500000e+03 9.004134699784626719e+03
1.196472708109766245e+03 9.001263671875000000e+03 9.004133566923395847e+03
1.196493142241612077e+03 9.002237304687500000e+03 9.004132397963636322e+03
1.196513576473575085e+03 9.003236328125000000e+03 9.004131192860098963e+03
1.196534010805655271e+03 9.003387695312500000e+03 9.004129951583912771e+03
1.196554444937035441e+03 9.008289062500000000e+03 9.004128674125273392e+03
1.196574879168998450e+03 9.001200195312500000e+03 9.004127360437280004e+03
1.196595313500612974e+03 8.999911132812500000e+03 9.004126010491119814e+03
1.196615747732110322e+03 9.000079101562500000e+03 9.004124624271647917e+03
1.196636181963142008e+03 9.002365234375000000e+03 9.004123201744036123e+03
1.196656616194173694e+03 9.008673828125000000e+03 9.004121742879913654e+03
1.196677050425671041e+03 9.000932617187500000e+03 9.004120247650909732e+03
1.196697484656702727e+03 8.999894531250000000e+03 9.004118716028751805e+03
1.196717918887734413e+03 9.003136718750000000e+03 9.004117147985065458e+03
1.196738353118300438e+03 8.998733398437500000e+03 9.004115543491549033e+03
1.196758787347935140e+03 9.001710937500000000e+03 9.004113902519908152e+03
1.196779221578501165e+03 9.007170898437500000e+03 9.004112225041648344e+03
1.196799655709415674e+03 8.999397460937500000e+03 9.004110511036957178e+03
1.196820090039633214e+03 9.000175781250000000e+03 9.004108760452148999e+03
1.196840524270199239e+03 9.007502929687500000e+03 9.004106973284233391e+03
1.196860958599951118e+03 9.003247070312500000e+03 9.004105149487477320e+03
1.196881392730399966e+03 9.004796875000000000e+03 9.004103289060452880e+03
1.196901826960500330e+03 9.002066406250000000e+03 9.004101391947873708e+03
1.196922261290252209e+03 9.004730468750000000e+03 9.004099458120859708e+03
1.196942695420235395e+03 9.005353515625000000e+03 9.004097487579681911e+03
1.196963129649870098e+03 9.002006835937500000e+03 9.004095480267393214e+03
1.196983563979621977e+03 9.010209960937500000e+03 9.004093436155073505e+03
1.197003998109139502e+03 9.000283203125000000e+03 9.004091355244696388e+03
1.197024432338308543e+03 9.007039062500000000e+03 9.004089237477661300e+03
1.197044866667594761e+03 9.004487304687500000e+03 9.004087082825035395e+03
1.197065300797112286e+03 9.007818359375000000e+03 9.004084891290371161e+03
1.197085735025815666e+03 9.004954101562500000e+03 9.004082662813540082e+03
1.197106169355101883e+03 9.004239257812500000e+03 9.004080397365512908e+03
1.197126603484153748e+03 8.998924804687500000e+03 9.004078094951566527e+03
1.197147037812974304e+03 8.997504882812500000e+03 9.004075755498291983e+03
1.197167472041677684e+03 9.003547851562500000e+03 9.004073379011417273e+03
1.197187906270381063e+03 9.004551757812500000e+03 9.004070965451230222e+03
1.197208340498618782e+03 9.007481445312500000e+03 9.004068514789445544e+03
1.197228774727322161e+03 9.003300781250000000e+03 9.004066026997617882e+03
1.197249208955559880e+03 9.008135742187500000e+03 9.004063502047516522e+03
1.197269643283914775e+03 9.001430664062500000e+03 9.004060939898105062e+03
1.197290077411569655e+03 9.006853515625000000e+03 9.004058340559036878e+03
1.197310511639807373e+03 9.005821289062500000e+03 9.004055703963920678e+03
1.197330945967696607e+03 8.998188476562500000e+03 9.004053030083989142e+03
1.197351380095351487e+03 9.007335937500000000e+03 9.004050318930425419e+03
1.197371814423240721e+03 9.004704101562500000e+03 9.004047570421749697e+03
1.197392248651012778e+03 9.005296875000000000e+03 9.004044784569750846e+03
1.197412682778201997e+03 9.005083984375000000e+03 9.004041961346703829e+03
1.197433117105625570e+03 9.003540039062500000e+03 9.004039100682433855e+03
1.197453551232814789e+03 8.996750000000000000e+03 9.004036202604667778e+03
1.197473985460121185e+03 9.009697265625000000e+03 9.004033267042741500e+03
1.197494419787079096e+03 9.004214843750000000e+03 9.004030293967833131e+03
1.197514853914268315e+03 9.000807617187500000e+03 9.004027283395445920e+03
1.197535288141109049e+03 9.006764648437500000e+03 9.004024235253400548e+03
1.197555722467601299e+03 9.007783203125000000e+03 9.004021149512813281e+03
1.197576156594790518e+03 9.006587890625000000e+03 9.004018026190755336e+03
1.197596590921282768e+03 9.006968750000000000e+03 9.004014865197972540e+03
1.197617025147657841e+03 9.005797851562500000e+03 9.004011666552161842e+03
1.197637459374032915e+03 9.002420898437500000e+03 9.004008430209592916e+03
1.197657893600407988e+03 9.016262695312500000e+03 9.004005156141924090e+03
1.197678327826317400e+03 9.002973632812500000e+03 9.004001844320893724e+03
1.197698762052692473e+03 9.003736328125000000e+03 9.003998494718014626e+03
1.197719196278136224e+03 9.005513671875000000e+03 9.003995107305174315e+03
1.197739630504045635e+03 9.006010742187500000e+03 9.003991682053805562e+03
1.197760064729955047e+03 8.997124023437500000e+03 9.003988218935646728e+03
1.197780499055515975e+03 9.007242187500000000e+03 9.003984717905190337e+03
1.197800933181308210e+03 9.010517578125000000e+03 9.003981178985679435e+03
1.197821367406751961e+03 8.999438476562500000e+03 9.003977602097198542e+03
1.197841801731847227e+03 9.004538085937500000e+03 9.003973987210847554e+03
1.197862235857173800e+03 8.998903320312500000e+03 9.003970334351542988e+03
1.197882670182269067e+03 9.005706054687500000e+03 9.003966643419516913e+03
1.197903104407247156e+03 9.004307617187500000e+03 9.003962914440326131e+03
1.197923538532108068e+03 9.000366210937500000e+03 9.003959147386183758e+03
1.197943972857203335e+03 9.003176757812500000e+03 9.003955342173103418e+03
1.197964407081715763e+03 9.006173828125000000e+03 9.003951498828486365e+03
1.197984841206576675e+03 8.999341796875000000e+03 9.003947617324378371e+03
1.198005275530740619e+03 8.999371093750000000e+03 9.003943697575374244e+03
1.198025709755253047e+03 9.008262695312500000e+03 9.003939739610203105e+03
1.198046143879648298e+03 8.998964843750000000e+03 9.003935743401170839e+03
1.198066578203812242e+03 9.004583007812500000e+03 9.003931708861018706e+03
1.198087012327741832e+03 9.006580078125000000e+03 9.003927636040383732e+03
1.198107446651905775e+03 9.009169921875000000e+03 9.003923524831105169e+03
1.198127880875486881e+03 9.002438476562500000e+03 9.003919375265086273e+03
1.198148314999416471e+03 9.007083007812500000e+03 9.003915187314363720e+03
1.198168749323114753e+03 9.008619140625000000e+03 9.003910960888953923e+03
1.198189183546695858e+03 9.003160156250000000e+03 9.003906696022255346e+03
1.198209617770276964e+03 9.000440429687500000e+03 9.003902392665320804e+03
1.198230051993392408e+03 9.003299804687500000e+03 9.003898050789910485e+03
1.198250486216973513e+03 9.004031250000000000e+03 9.003893670367486266e+03
1.198270920440088958e+03 9.005715820312500000e+03 9.003889251369910198e+03
1.198291354662738740e+03 9.005643554687500000e+03 9.003884793768844247e+03
1.198311788885854185e+03 8.998662109375000000e+03 9.003880297535748468e+03
1.198332223208621144e+03 9.005931640625000000e+03 9.003875762620175010e+03
1.198352657431270927e+03 9.003220703125000000e+03 9.003871189038118246e+03
1.198373091554269195e+03 9.010298828125000000e+03 9.003866576761705801e+03
1.198393525876570493e+03 9.004753906250000000e+03 9.003861925694835008e+03
1.198413960098754615e+03 8.999616210937500000e+03 9.003857235877036146e+03
1.198434394221287221e+03 9.000836914062500000e+03 9.003852507280433201e+03
1.198454828543588519e+03 8.996765625000000000e+03 9.003847739807115431e+03
1.198475262765306979e+03 9.004101562500000000e+03 9.003842933498530329e+03
1.198495696887373924e+03 9.002162109375000000e+03 9.003838088326698198e+03
1.198536565431393683e+03 9.005389648437500000e+03 9.003828281137357408e+03
1.198556999552994967e+03 9.000753906250000000e+03 9.003823319135248312e+03
1.198577433874364942e+03 9.009198242187500000e+03 9.003818318084111525e+03
1.198597868095617741e+03 9.000899414062500000e+03 9.003813278028716013e+03
1.198618302416987717e+03 9.007906250000000000e+03 9.003808198891334541e+03
1.198638736538589001e+03 9.007752929687500000e+03 9.003803080718451383e+03
1.198659170759376138e+03 9.008542968750000000e+03 9.003797923407142662e+03
1.198679605080746114e+03 9.007844726562500000e+03 9.003792726928137199e+03
1.198700039201416075e+03 9.006187500000000000e+03 9.003787491330000194e+03
1.198720473422203213e+03 9.002157226562500000e+03 9.003782216507614066e+03
1.198740907642990351e+03 9.006159179687500000e+03 9.003776902458186669e+03
1.198761341863777488e+03 9.003756835937500000e+03 9.003771549153389060e+03
1.198781776084098965e+03 9.007116210937500000e+03 9.003766156564997800e+03
1.198802210304420441e+03 9.001440429687500000e+03 9.003760724664556619e+03
1.198822644524741918e+03 9.009026367187500000e+03 9.003755253423722024e+03
1.198843078844714910e+03 9.005784179687500000e+03 9.003749742787193100e+03
1.198863513065036386e+03 8.999407226562500000e+03 9.003744192780370213e+03
1.198883947184775025e+03 9.002986328125000000e+03 9.003738603375752064e+03
1.198904381504748017e+03 8.998237304687500000e+03 9.003732974462425773e+03
1.198924815724603832e+03 9.004090820312500000e+03 9.003727306094500818e+03
1.198945249844342470e+03 9.007808593750000000e+03 9.003721598244213965e+03
1.198965684163849801e+03 9.005514648437500000e+03 9.003715850799175314e+03
1.198986118383239955e+03 8.998263671875000000e+03 9.003710063815102330e+03
1.199006552502512932e+03 9.002233398437500000e+03 9.003704237264235417e+03
1.199026986821554601e+03 9.006526367187500000e+03 9.003698371032442083e+03
1.199047421040944755e+03 8.997225585937500000e+03 9.003692465177042322e+03
1.199067855159752071e+03 9.005714843750000000e+03 9.003686519670554844e+03
1.199088289478328079e+03 8.997629882812500000e+03 9.003680534396960866e+03
1.199108723697252572e+03 9.007981445312500000e+03 9.003674509415330249e+03
1.199129158015828580e+03 8.996455078125000000e+03 9.003668444638557048e+03
1.199149592134635895e+03 9.004138671875000000e+03 9.003662340127464631e+03
1.199170026353094727e+03 8.999300781250000000e+03 9.003656195764555378e+03
1.199190460671205074e+03 9.003808593750000000e+03 9.003650011520910994e+03
1.199210894789546728e+03 8.999364257812500000e+03 9.003643787459095620e+03
1.199231329008005559e+03 9.007083984375000000e+03 9.003637523459725344e+03
1.199251763325650245e+03 9.007596679687500000e+03 9.003631219494161996e+03
1.199272197443526238e+03 8.998765625000000000e+03 9.003624875626586800e+03
1.199292631661519408e+03 9.007823242187500000e+03 9.003618491735853240e+03
1.199313065979164094e+03 9.007686523437500000e+03 9.003612067793183087e+03
1.199333500196691602e+03 9.000150390625000000e+03 9.003605603833035275e+03
1.199353934414219111e+03 9.001527343750000000e+03 9.003599099795703296e+03
1.199374368631746620e+03 8.999870117187500000e+03 9.003592555652840019e+03
1.199394802848808467e+03 8.998308593750000000e+03 9.003585971376260204e+03
1.199415237065870315e+03 9.004306640625000000e+03 9.003579346937478476e+03
1.199435671282932162e+03 8.997044921875000000e+03 9.003572682308153162e+03
1.199456105399876833e+03 9.004477539062500000e+03 9.003565977492893580e+03
1.199476539717055857e+03 9.001213867187500000e+03 9.003559232364519630e+03
1.199496973933652043e+03 9.007438476562500000e+03 9.003552446993689955e+03
1.199517408050131053e+03 9.003233398437500000e+03 9.003545621352504895e+03
1.199537842366844416e+03 9.000942382812500000e+03 9.003538755312001740e+03
1.199558276582974941e+03 9.001337890625000000e+03 9.003531848944625381e+03
1.199578710899222642e+03 9.002091796875000000e+03 9.003524902154204028e+03
1.199599145015701652e+03 9.003458984375000000e+03 9.003517915014641403e+03
1.199619579231366515e+03 9.005482421875000000e+03 9.003510887395677855e+03
1.199640013547614217e+03 9.003230468750000000e+03 9.003503819267894869e+03
1.199660447663627565e+03 9.008323242187500000e+03 9.003496710707306192e+03
1.199680881879292428e+03 9.006211914062500000e+03 9.003489561581547605e+03
1.199701316194608808e+03 9.003250000000000000e+03 9.003482371861686261e+03
1.199721750310156494e+03 9.003507812500000000e+03 9.003475141625029210e+03
1.199742184525821358e+03 9.001537109375000000e+03 9.003467870737429621e+03
1.199762618841137737e+03 9.003985351562500000e+03 9.003460559170118358e+03
1.199783052956219763e+03 9.005485351562500000e+03 9.003453207002352428e+03
1.199803487170953304e+03 9.005816406250000000e+03 9.003445814098202391e+03
1.199823921486269683e+03 9.005862304687500000e+03 9.003438380428389792e+03
1.199844355701003224e+03 9.004522460937500000e+03 9.003430906037758177e+03
1.199864789915736765e+03 9.002680664062500000e+03 9.003423390861478765e+03
1.199885224130470306e+03 9.004263671875000000e+03 9.003415834871211700e+03
1.199905658345203847e+03 8.996880859375000000e+03 9.003408238038617128e+03
1.199926092559471726e+03 9.010009765625000000e+03 9.003400600335531635e+03
1.199946526773739606e+03 9.004527343750000000e+03 9.003392921733448020e+03
1.199966960988007486e+03 9.006176757812500000e+03 9.003385202204019151e+03
1.199987395301926881e+03 9.002056640625000000e+03 9.003377441680968332e+03
1.200007829416077584e+03 9.007637695312500000e+03 9.003369640249966324e+03
1.200028263629879802e+03 8.999153320312500000e+03 9.003361797768662655e+03
1.200048697943333536e+03 9.003322265625000000e+03 9.003353914208120841e+03
1.200069132057018578e+03 8.997203125000000000e+03 9.003345989655819722e+03
1.200089566370472312e+03 9.002630859375000000e+03 9.003338023928474286e+03
1.200110000484157354e+03 9.005371093750000000e+03 9.003330017153492008e+03
1.200130434697493911e+03 8.997875976562500000e+03 9.003321969185515627e+03
1.200150869010481983e+03 9.004041992187500000e+03 9.003313879995605021e+03
1.200171303123701364e+03 9.002696289062500000e+03 9.003305749674253093e+03
1.200191737336572260e+03 9.002520507812500000e+03 9.003297578074290868e+03
1.200212171649560332e+03 8.997083984375000000e+03 9.003289365166587231e+03
1.200232605762314051e+03 9.005897460937500000e+03 9.003281111043823330e+03
1.200253039974719286e+03 9.003620117187500000e+03 9.003272815556831119e+03
1.200314342611934990e+03 9.008047851562500000e+03 9.003247680868007592e+03
1.200334776924457401e+03 9.004647460937500000e+03 9.003239219759761909e+03
1.200355211136396974e+03 9.004918945312500000e+03 9.003230717227295827e+03
1.200375645348336548e+03 9.003704101562500000e+03 9.003222173200723773e+03
1.200396079560276121e+03 9.004065429687500000e+03 9.003213587651702255e+03
1.200416513772215694e+03 9.006323242187500000e+03 9.003204960551898694e+03
1.200436947983689606e+03 9.007919921875000000e+03 9.003196291873166047e+03
1.200457382195163518e+03 9.003501953125000000e+03 9.003187581586975284e+03
1.200477816406637430e+03 9.011293945312500000e+03 9.003178829664982914e+03
1.200498250717762858e+03 9.010663085937500000e+03 9.003170036035866360e+03
1.200518684829119593e+03 9.002537109375000000e+03 9.003161200800446750e+03
1.200539119040127844e+03 9.005238281250000000e+03 9.003152323801225066e+03
1.200559553351253271e+03 9.007842773437500000e+03 9.003143405009053822e+03
1.200579987461678684e+03 8.996874023437500000e+03 9.003134444527191590e+03
1.200600421772804111e+03 9.001707031250000000e+03 9.003125442151285824e+03
1.200620855983346701e+03 9.008694335937500000e+03 9.003116397985424555e+03
1.200641290093772113e+03 9.011805664062500000e+03 9.003107312001675382e+03
1.200661724403966218e+03 8.998904296875000000e+03 9.003098184038050022e+03
1.200682158614508808e+03 9.008107421875000000e+03 9.003089014199653320e+03
1.200702592724468559e+03 9.006517578125000000e+03 9.003079802459178609e+03
1.200723027034662664e+03 9.002755859375000000e+03 9.003070548652372963e+03
1.200743461244739592e+03 8.999275390625000000e+03 9.003061252886604052e+03
1.200763895354699343e+03 9.002119140625000000e+03 9.003051915134154115e+03
1.200784329663962126e+03 9.000717773437500000e+03 9.003042535229546047e+03
1.200804763874039054e+03 8.998807617187500000e+03 9.003033113281153419e+03
1.200825198083184659e+03 8.997142578125000000e+03 9.003023649215636397e+03
1.200845632292795926e+03 9.001428710937500000e+03 9.003014143004014841e+03
1.200866066501941532e+03 9.003446289062500000e+03 9.003004594618381816e+03
1.200886500711087137e+03 9.004366210937500000e+03 9.002995004030184646e+03
1.200906934920232743e+03 9.004975585937500000e+03 9.002985371211079837e+03
1.200927369128912687e+03 9.006171875000000000e+03 9.002975696132954909e+03
1.200947803338058293e+03 9.004534179687500000e+03 9.002965978767026172e+03
1.200968237546738237e+03 8.997358398437500000e+03 9.002956219085397606e+03
1.200988671754952520e+03 8.998066406250000000e+03 9.002946417059734813e+03
1.201009105963632464e+03 9.002428710937500000e+03 9.002936572661252285e+03
1.201029540171846747e+03 9.006952148437500000e+03 9.002926685862061277e+03
1.201049974380061030e+03 9.004112304687500000e+03 9.002916756633598197e+03
1.201070408688392490e+03 9.006065429687500000e+03 9.002906784898561455e+03
1.201090842796489596e+03 9.004513671875000000e+03 9.002896770775496407e+03
1.201111277104355395e+03 9.012939453125000000e+03 9.002886714040032530e+03
1.201131711312104017e+03 9.011130859375000000e+03 9.002876614811113541e+03
1.201152145419735461e+03 9.001598632812500000e+03 9.002866473061023498e+03
1.201172579727135599e+03 8.997037109375000000e+03 9.002856288612274511e+03
1.201193013934884220e+03 8.997126953125000000e+03 9.002846061585445568e+03
1.201213448042050004e+03 9.008678710937500000e+03 9.002835791953290027e+03
1.201233882349450141e+03 9.033981445312500000e+03 9.002825479535975319e+03
1.201254316556267440e+03 8.997346679687500000e+03 9.002815124456663398e+03
1.201274750663433224e+03 9.002059570312500000e+03 9.002804726687167204e+03
1.201295184970367700e+03 9.003042968750000000e+03 9.002794286046475463e+03
1.201315619177184999e+03 8.998614257812500000e+03 9.002783802659163484e+03
1.201336053483653814e+03 8.995465820312500000e+03 9.002773276394404093e+03
1.201356487590353936e+03 9.001379882812500000e+03 9.002762707378413324e+03
1.201376921796705574e+03 9.005312500000000000e+03 9.002752095428299072e+03
1.201397356103174388e+03 8.998971679687500000e+03 9.002741440514852002e+03
1.201417790208943188e+03 9.000029296875000000e+03 9.002730742766903859e+03
1.201438224415294826e+03 8.999489257812500000e+03 9.002720001998701264e+03
1.201458658721297979e+03 9.006661132812500000e+03 9.002709218181762481e+03
1.201479092827066779e+03 8.995352539062500000e+03 9.002698391446328969e+03
1.201519961238373071e+03 8.999193359375000000e+03 9.002676608683343147e+03
1.201540395443793386e+03 9.003399414062500000e+03 9.002665652652052813e+03
1.201560829649213701e+03 9.004894531250000000e+03 9.002654653483035872e+03
1.201581263954285532e+03 9.004027343750000000e+03 9.002643611093990330e+03
1.201601698059588671e+03 9.007462890625000000e+03 9.002632525618702857e+03
1.201622132364660501e+03 9.011459960937500000e+03 9.002621396812086459e+03
1.201642566569615155e+03 9.000498046875000000e+03 9.002610224808800922e+03
1.201663000674452633e+03 9.004049804687500000e+03 9.002599009581150312e+03
1.201683434979058802e+03 9.004568359375000000e+03 9.002587750935883378e+03
1.201703869183547795e+03 9.003955078125000000e+03 9.002576449009577118e+03
1.201724303287919611e+03 8.997781250000000000e+03 9.002565103774524687e+03
1.202214724360033870e+03 9.002930664062500000e+03 9.002279733690023932e+03
1.202235158461146057e+03 9.007255859375000000e+03 9.002267295141155046e+03
1.202255592762958258e+03 9.002913085937500000e+03 9.002254812368671992e+03
1.202276026964187622e+03 8.996257812500000000e+03 9.002242285527949207e+03
1.202296461065299809e+03 8.997293945312500000e+03 9.002229714591019729e+03
1.202316895366180688e+03 8.999036132812500000e+03 9.002217099344732560e+03
1.202357763868290931e+03 9.000595703125000000e+03 9.002191736240823957e+03
1.202378197968937457e+03 9.006632812500000000e+03 9.002178988389818187e+03
1.202398632169235498e+03 9.005118164062500000e+03 9.002166196177151505e+03
1.202419066470116377e+03 9.007469726562500000e+03 9.002153359573256239e+03
1.202439500570297241e+03 8.999008789062500000e+03 9.002140478739378523e+03
1.202459934770595282e+03 9.005699218750000000e+03 9.002127553457885369e+03
1.202480369070544839e+03 8.999878906250000000e+03 9.002114583700080402e+03
1.202500803170260042e+03 9.003588867187500000e+03 9.002101569628293873e+03
1.202521237370558083e+03 9.006044921875000000e+03 9.002088511022926468e+03
1.202541671670041978e+03 8.990101562500000000e+03 9.002075407855882077e+03
1.202562105869874358e+03 8.998723632812500000e+03 9.002062260226319268e+03
1.202582539969123900e+03 9.000081054687500000e+03 9.002049068107156927e+03
1.202602974268607795e+03 9.000036132812500000e+03 9.002035831275527016e+03
1.202623408467974514e+03 8.999127929687500000e+03 9.002022549897321369e+03
1.202643842667341232e+03 8.997624023437500000e+03 9.002009223879453202e+03
1.202664276866242290e+03 9.005292968750000000e+03 9.001995853193895528e+03
1.202684711065143347e+03 9.002679687500000000e+03 9.001982437812002900e+03
1.202705145364161581e+03 8.998724609375000000e+03 9.001968977639375225e+03
1.202725579462479800e+03 8.999382812500000000e+03 9.001955472846162593e+03
1.202746013661380857e+03 9.007713867187500000e+03 9.001941923205233252e+03
1.202766447959933430e+03 9.011947265625000000e+03 9.001928328688209149e+03
1.202786882057785988e+03 9.003021484375000000e+03 9.001914689466899290e+03
1.202807316256221384e+03 9.009533203125000000e+03 9.001901005312200141e+03
1.202827750554308295e+03 9.002618164062500000e+03 9.001887276195735467e+03
1.202848184652160853e+03 9.014925781250000000e+03 9.001873502290980468e+03
1.202868618950247765e+03 9.003602539062500000e+03 9.001859683299655444e+03
1.202889053047634661e+03 8.998380859375000000e+03 9.001845819464559099e+03
1.202909487245604396e+03 9.006275390625000000e+03 9.001831910553275520e+03
1.202929921542759985e+03 9.005509765625000000e+03 9.001817956537754071e+03
1.202950355640146881e+03 9.008734375000000000e+03 9.001803957594142048e+03
1.202970789837650955e+03 8.998543945312500000e+03 9.001789913488979437e+03
1.202991224134806544e+03 9.002769531250000000e+03 9.001775824193586232e+03
1.203011658231727779e+03 9.008706054687500000e+03 9.001761689886730892e+03
1.203032092428766191e+03 8.997496093750000000e+03 9.001747510332646925e+03
1.203052526725456119e+03 9.005226562500000000e+03 9.001733285502661602e+03
1.203072960922028869e+03 9.005395507812500000e+03 9.001719015507496806e+03
1.203093395018484443e+03 9.000784179687500000e+03 9.001704700319482072e+03
1.203113829315174371e+03 9.000949218750000000e+03 9.001690339699531251e+03
1.203134263511281461e+03 9.000180664062500000e+03 9.001675933830380018e+03
1.203154697707388550e+03 9.001614257812500000e+03 9.001661482613119006e+03
1.203175131903495640e+03 8.998976562500000000e+03 9.001646986019402902e+03
1.203195566099602729e+03 8.990243164062500000e+03 9.001632444020895491e+03
1.203216000395361334e+03 8.996335937500000000e+03 9.001617856518010740e+03
1.203236434490885586e+03 9.005251953125000000e+03 9.001603223696822170e+03
1.203256868686527014e+03 8.999331054687500000e+03 9.001588545314247312e+03
1.203277302981819957e+03 8.999000000000000000e+03 9.001573821341611620e+03
1.203297737077344209e+03 8.999889648437500000e+03 9.001559051966662082e+03
1.203318171272519976e+03 9.007771484375000000e+03 9.001544236944979275e+03
1.203338605567812920e+03 9.005576171875000000e+03 9.001529376247213804e+03
1.203359039662405849e+03 8.995204101562500000e+03 9.001514470064139459e+03
1.203379473857581615e+03 9.002975585937500000e+03 9.001499518147966228e+03
1.203399908151943237e+03 9.001185546875000000e+03 9.001484520470710777e+03
1.203420342246536165e+03 8.998486328125000000e+03 9.001469477223787180e+03
1.203440776541363448e+03 8.991708984375000000e+03 9.001454388084383027e+03
1.203461210735607892e+03 8.997561523437500000e+03 9.001439253245951477e+03
1.203481644829735160e+03 9.000676757812500000e+03 9.001424072680483732e+03
1.203502079124096781e+03 9.002447265625000000e+03 9.001408846136175271e+03
1.203542947511654347e+03 9.005502929687500000e+03 9.001378255594285292e+03
1.203563381705433130e+03 8.995908203125000000e+03 9.001362891465192661e+03
1.203604250092525035e+03 8.998455078125000000e+03 9.001332025349372998e+03
1.203624684286303818e+03 9.000888671875000000e+03 9.001316523305618830e+03
1.203645118479151279e+03 8.999476562500000000e+03 9.001300975234338694e+03
1.203665552672464401e+03 8.994455078125000000e+03 9.001285381106135901e+03
1.203685986865311861e+03 9.003741210937500000e+03 9.001269740893380003e+03
1.203706421058624983e+03 9.002599609375000000e+03 9.001254054567023559e+03
1.203726855351123959e+03 8.991220703125000000e+03 9.001238322022605644e+03
1.203747289443854243e+03 9.003090820312500000e+03 9.001222543462292379e+03
1.203767723636236042e+03 9.002626953125000000e+03 9.001206718626890506e+03
1.203788157928735018e+03 9.014847656250000000e+03 9.001190847487014253e+03
1.203808592020999640e+03 8.998640625000000000e+03 9.001174930247949305e+03
1.203829026212915778e+03 8.994301757812500000e+03 9.001158966648101341e+03
1.203849460505414754e+03 8.995382812500000000e+03 9.001142956657718969e+03
1.203869894597213715e+03 8.998190429687500000e+03 9.001126900484861835e+03
1.203890328789129853e+03 9.003491210937500000e+03 9.001110797865161658e+03
1.203910763080697507e+03 8.999811523437500000e+03 9.001094648769965715e+03
1.203931197172030807e+03 9.001615234375000000e+03 9.001078453408275891e+03
1.203951631463598460e+03 9.004750000000000000e+03 9.001062211434356868e+03
1.203972065655048937e+03 8.998653320312500000e+03 9.001045923058260087e+03
1.203992499745916575e+03 9.002272460937500000e+03 9.001029588252700705e+03
1.204012934037018567e+03 9.008931640625000000e+03 9.001013206748533776e+03
1.204033368228003383e+03 8.996845703125000000e+03 9.000996778757853463e+03
1.204053802418988198e+03 8.992570312500000000e+03 9.000980304172180695e+03
1.204074236609507352e+03 8.995352539062500000e+03 9.000963782963553967e+03
1.204094670800026506e+03 9.001596679687500000e+03 9.000947215103253257e+03
1.204115104990545660e+03 8.999470703125000000e+03 9.000930600562944164e+03
1.204135539181064814e+03 9.001091796875000000e+03 9.000913939314290474e+03
1.204155973371118307e+03 8.999989257812500000e+03 9.000897231329330680e+03
1.204176407661288977e+03 8.998526367187500000e+03 9.000880476497142809e+03
1.204196841850876808e+03 9.004186523437500000e+03 9.000863674953954614e+03
1.204217275940813124e+03 8.994525390625000000e+03 9.000846826671344388e+03
1.204237710130400956e+03 9.000290039062500000e+03 9.000829931456648410e+03
1.204258144320454448e+03 9.006408203125000000e+03 9.000812989363188535e+03
1.204278578509576619e+03 9.007468750000000000e+03 9.000796000363789062e+03
1.204299012798815966e+03 8.997416992187500000e+03 9.000778964345758141e+03
1.204319446888286620e+03 8.996144531250000000e+03 9.000761881531110703e+03
1.204339881077408791e+03 8.999982421875000000e+03 9.000744751641543189e+03
1.204360315366182476e+03 9.003517578125000000e+03 9.000727574648026348e+03
1.204380749455187470e+03 8.999469726562500000e+03 9.000710350774259496e+03
1.204401183643843979e+03 8.998916015625000000e+03 9.000693079739870882e+03
1.204421617932152003e+03 8.997998046875000000e+03 9.000675761515829436e+03
1.204442052020691335e+03 8.996055664062500000e+03 9.000658396327908122e+03
1.204482920497190207e+03 9.002751953125000000e+03 9.000623524183654808e+03
1.204503354585263878e+03 8.998556640625000000e+03 9.000606017426534891e+03
1.204523788873571903e+03 9.006159179687500000e+03 9.000588463250864152e+03
1.204544223061297089e+03 8.996182617187500000e+03 9.000570861886371858e+03
1.204564657249022275e+03 9.002581054687500000e+03 9.000553213218438032e+03
1.204585091436747462e+03 8.999074218750000000e+03 9.000535517218711902e+03
1.204605525624006987e+03 8.994599609375000000e+03 9.000517773859268345e+03
1.204625959811266512e+03 8.999456054687500000e+03 9.000499983111361871e+03
1.204646393998526037e+03 8.999018554687500000e+03 9.000482144946658082e+03
1.204666828185785562e+03 8.999971679687500000e+03 9.000464259336813484e+03
1.204687262472696602e+03 8.998133789062500000e+03 9.000446326165922073e+03
1.204707696559373289e+03 8.999179687500000000e+03 9.000428345669173723e+03
1.204728130746167153e+03 8.997678710937500000e+03 9.000410317554293215e+03
1.204748565032612532e+03 9.005677734375000000e+03 9.000392241792656932e+03
1.204768999218940735e+03 9.004433593750000000e+03 9.000374118532638022e+03
1.204789433305617422e+03 8.999972656250000000e+03 9.000355947746182210e+03
1.204809867591597140e+03 9.001406250000000000e+03 9.000337729138760551e+03
1.204830301777925342e+03 9.001652343750000000e+03 9.000319462948224100e+03
1.204850735863670707e+03 9.001751953125000000e+03 9.000301149147770047e+03
1.204871170149650425e+03 8.991282226562500000e+03 9.000282787439104141e+03
1.204891604335512966e+03 9.006189453125000000e+03 9.000264378063424374e+03
1.204912038420792669e+03 8.997166992187500000e+03 9.000245920993518666e+03
1.204932472706306726e+03 8.997140625000000000e+03 9.000227415928984556e+03
1.204952906791586429e+03 9.005348632812500000e+03 9.000208863204143199e+03
1.204973341077100486e+03 8.993865234375000000e+03 9.000190262427055131e+03
1.204993775262031704e+03 8.998618164062500000e+03 9.000171613842860097e+03
1.205014209346845746e+03 9.008823242187500000e+03 9.000152917423503823e+03
1.205034643631894141e+03 8.992508789062500000e+03 9.000134172865477012e+03
1.205055077816359699e+03 8.998026367187500000e+03 9.000115380416038533e+03
1.205075511901173741e+03 9.002048828125000000e+03 9.000096540046697555e+03
1.205095946185290813e+03 9.002022460937500000e+03 9.000077651453124417e+03
1.205116380369756371e+03 8.993319335937500000e+03 9.000058714882970889e+03
1.205136814554221928e+03 8.998252929687500000e+03 9.000039730215899908e+03
1.205157248738221824e+03 8.996730468750000000e+03 9.000020697424009995e+03
1.205177682922221720e+03 9.002105468750000000e+03 9.000001616478530195e+03
1.205198117105755955e+03 9.005232421875000000e+03 8.999982487351555392e+03
1.205218551389407367e+03 9.000751953125000000e+03 8.999963309920238316e+03
1.205238985473290086e+03 9.001573242187500000e+03 8.999944084438033315e+03
1.205259419756475836e+03 9.004698242187500000e+03 8.999924810501132015e+03
1.205279853940010071e+03 8.997930664062500000e+03 8.999905488362826873e+03
1.205300288022961468e+03 8.998726562500000000e+03 8.999886117996362373e+03
1.205320722306147218e+03 8.999667968750000000e+03 8.999866699087895540e+03
1.205341156489215791e+03 9.000396484375000000e+03 8.999847231894153083e+03
1.205361590571701527e+03 8.994091796875000000e+03 8.999827716387959299e+03
1.205382024854421616e+03 9.001795898437500000e+03 8.999808152253322987e+03
1.205402459037024528e+03 8.997680664062500000e+03 8.999788539749113625e+03
1.205422893119510263e+03 9.004016601562500000e+03 8.999768878847702581e+03
1.205443327401764691e+03 8.997817382812500000e+03 8.999749169231856285e+03
1.205463761583901942e+03 9.009445312500000000e+03 8.999729411162135875e+03
1.205484195865690708e+03 9.001309570312500000e+03 8.999709604417043010e+03
1.205504629947710782e+03 9.002338867187500000e+03 8.999689749258821394e+03
1.205525064129382372e+03 8.996713867187500000e+03 8.999669845368551250e+03
1.205545498411171138e+03 9.001161132812500000e+03 8.999649892716730392e+03
1.205565932492725551e+03 8.996428710937500000e+03 8.999629891568645689e+03
1.205586366674397141e+03 9.001106445312500000e+03 8.999609841602332381e+03
1.205606800855603069e+03 9.004144531250000000e+03 8.999589742887783359e+03
1.205627235036808997e+03 8.997221679687500000e+03 8.999569595396207660e+03
1.205647669217549264e+03 9.002070312500000000e+03 8.999549399099725633e+03
1.205668103398755193e+03 9.001175781250000000e+03 8.999529153969077015e+03
1.205688537579029799e+03 8.995858398437500000e+03 8.999508859977308020e+03
1.205708971759770066e+03 9.003108398437500000e+03 8.999488517094698182e+03
1.205729405940510333e+03 9.005866210937500000e+03 8.999468125293366029e+03
1.205749840120784938e+03 9.001138671875000000e+03 8.999447684545441007e+03
1.205770274401176721e+03 9.004456054687500000e+03 8.999427194721614796e+03
1.205790708580985665e+03 8.997310546875000000e+03 8.999406655994791436e+03
1.205811142661143094e+03 8.998896484375000000e+03 8.999386068336418248e+03
1.205831576941069216e+03 8.999868164062500000e+03 8.999365431416124920e+03
1.205852011120878160e+03 8.998922851562500000e+03 8.999344745508074993e+03
1.205872445200104266e+03 9.001596679687500000e+03 8.999324010585120050e+03
1.205892879479564726e+03 9.002620117187500000e+03 8.999303226313324558e+03
1.205913313658908010e+03 9.000276367187500000e+03 8.999282392969473221e+03
1.205933747738134116e+03 9.001855468750000000e+03 8.999261510525961057e+03
1.205954182017128915e+03 8.998613281250000000e+03 8.999240578647615621e+03
1.205974616196472198e+03 8.998869140625000000e+03 8.999219597612453072e+03
1.205995050475001335e+03 9.002743164062500000e+03 8.999198567187977460e+03
1.206015484553761780e+03 8.995773437500000000e+03 8.999177487653883873e+03
1.206035918732639402e+03 8.997153320312500000e+03 8.999156358672842543e+03
1.206056353010702878e+03 9.002059570312500000e+03 8.999135180216751905e+03
