1.229412474051117897e+03 1.201291308593750000e+04 1.201557362476739581e+04
1.229432907946407795e+03 1.201603613281250000e+04 1.201574612347092261e+04
1.229453341942280531e+03 1.201687695312500000e+04 1.201591127015330494e+04
1.229473775837104768e+03 1.202085351562500000e+04 1.201606914657343077e+04
1.229494209731929004e+03 1.202127441406250000e+04 1.201621983695394738e+04
1.229514643626753241e+03 1.201888378906250000e+04 1.201636342468272051e+04
1.229535077521577477e+03 1.201858886718750000e+04 1.201649999314762499e+04
1.229555511415936053e+03 1.201184570312500000e+04 1.201662962573363984e+04
1.229575945310294628e+03 1.201829882812500000e+04 1.201675240583182676e+04
1.229596379204187542e+03 1.201303515625000000e+04 1.201686841682747945e+04
1.229616813198197633e+03 1.201497949218750000e+04 1.201697774263072824e+04
1.229637246991973370e+03 1.200551464843750000e+04 1.201708046507122526e+04
1.229657680885400623e+03 1.201878808593750000e+04 1.201717666909290710e+04
1.229678114878479391e+03 1.202072851562500000e+04 1.201726643798887380e+04
1.229698548671789467e+03 1.201951269531250000e+04 1.201734985387846609e+04
1.229718982564751059e+03 1.202071582031250000e+04 1.201742700141831665e+04
1.229739416557364166e+03 1.201000195312500000e+04 1.201749796390517440e+04
1.229759850350208580e+03 1.202061621093750000e+04 1.201756282373210524e+04
1.229780284342821687e+03 1.202306640625000000e+04 1.201762166555568911e+04
1.229800718234851956e+03 1.202209375000000000e+04 1.201767457185525382e+04
1.229821152026765049e+03 1.201727539062500000e+04 1.201772162610666237e+04
1.229841586018446833e+03 1.202120117187500000e+04 1.201776291234591918e+04
1.229862019910477102e+03 1.201444531250000000e+04 1.201779851331369173e+04
1.229882453802041709e+03 1.201649316406250000e+04 1.201782851261253018e+04
1.229902887693140656e+03 1.200812500000000000e+04 1.201785299363064769e+04
1.229923321584239602e+03 1.201478027343750000e+04 1.201787203975661214e+04
1.229943755475338548e+03 1.201873242187500000e+04 1.201788573437824380e+04
1.229964189365971833e+03 1.201388867187500000e+04 1.201789416088323196e+04
1.229984623256605119e+03 1.202449218750000000e+04 1.201789740265976434e+04
1.230005057146772742e+03 1.202032421875000000e+04 1.201789554309575760e+04
1.230025491036940366e+03 1.201656445312500000e+04 1.201788866557915389e+04
1.230045924927107990e+03 1.201647851562500000e+04 1.201787685349776439e+04
1.230066358816809952e+03 1.201679589843750000e+04 1.201786019023983317e+04
1.230086792706511915e+03 1.201170996093750000e+04 1.201783875919294951e+04
1.230107226595748216e+03 1.203501464843750000e+04 1.201781264374556486e+04
1.230127660585101694e+03 1.200998730468750000e+04 1.201778192712341843e+04
1.230148094374220818e+03 1.202523144531250000e+04 1.201774669319919667e+04
1.230168528262991458e+03 1.201323437500000000e+04 1.201770702487675771e+04
1.230188962251879275e+03 1.201362304687500000e+04 1.201766300547858555e+04
1.230209396040067077e+03 1.202347070312500000e+04 1.201761471907220039e+04
1.230229829928372055e+03 1.202151367187500000e+04 1.201756224836585534e+04
1.230250263916794211e+03 1.202371386718750000e+04 1.201750567668644362e+04
1.230270697704982013e+03 1.201611914062500000e+04 1.201744508828300786e+04
1.230291131692472845e+03 1.200948632812500000e+04 1.201738056535948090e+04
1.230311565580312163e+03 1.201294628906250000e+04 1.201731219221904757e+04
1.230331999367568642e+03 1.200864746093750000e+04 1.201724005230859620e+04
1.230352433354593813e+03 1.201395898437500000e+04 1.201716422792850426e+04
1.230372867241501808e+03 1.201813574218750000e+04 1.201708480355259962e+04
1.230393301028292626e+03 1.202515234375000000e+04 1.201700186262094212e+04
1.230413735014852136e+03 1.202804980468750000e+04 1.201691548727875124e+04
1.230434168901760131e+03 1.201514941406250000e+04 1.201682576215442532e+04
1.230454602787736803e+03 1.201492382812500000e+04 1.201673277022711773e+04
1.230475036674179137e+03 1.202146484375000000e+04 1.201663659487834593e+04
1.230495470559690148e+03 1.201887792968750000e+04 1.201653731950255678e+04
1.230515904445666820e+03 1.201925000000000000e+04 1.201643502748082028e+04
1.230536338331177831e+03 1.201399023437500000e+04 1.201632980220555328e+04
1.230556772216223180e+03 1.201692187500000000e+04 1.201622172706471247e+04
1.230577206201851368e+03 1.201875976562500000e+04 1.201611088489139729e+04
1.230597640086431056e+03 1.201839648437500000e+04 1.201599736016752649e+04
1.230618073871359229e+03 1.201052734375000000e+04 1.201588123631200324e+04
1.230638507856056094e+03 1.201573339843750000e+04 1.201576259499227672e+04
1.230658941740635782e+03 1.202029589843750000e+04 1.201564152131905757e+04
1.230679375524632633e+03 1.202216699218750000e+04 1.201551809871807200e+04
1.230699809508863837e+03 1.200760937500000000e+04 1.201539240874329698e+04
1.230720243292395025e+03 1.202066308593750000e+04 1.201526453724816747e+04
1.230740677176043391e+03 1.201910644531250000e+04 1.201513456575385499e+04
1.230761111159808934e+03 1.200823144531250000e+04 1.201500257761783723e+04
1.230781544942874461e+03 1.201625292968750000e+04 1.201486865818537990e+04
1.230801978926174343e+03 1.201631445312500000e+04 1.201473288821715687e+04
1.230822412808891386e+03 1.201483300781250000e+04 1.201459535308629893e+04
1.230842846591956913e+03 1.200796386718750000e+04 1.201445613607211271e+04
1.230863280574325472e+03 1.201644628906250000e+04 1.201431527524461853e+04
1.230883714456576854e+03 1.200970214843750000e+04 1.201417270705633564e+04
1.230904148238711059e+03 1.201628027343750000e+04 1.201402835003715518e+04
1.230924582220613956e+03 1.201508105468750000e+04 1.201388212055920121e+04
1.230945016102399677e+03 1.201807812500000000e+04 1.201373393925882920e+04
1.230965449984185398e+03 1.201135156250000000e+04 1.201358372392842284e+04
1.230985883865505457e+03 1.201487695312500000e+04 1.201343139307567435e+04
1.231006317746825516e+03 1.202100097656250000e+04 1.201327686520138377e+04
1.231026751628145576e+03 1.201427539062500000e+04 1.201312005880975994e+04
1.231047185508999974e+03 1.200681152343750000e+04 1.201296089240865513e+04
1.231067619389388710e+03 1.202859863281250000e+04 1.201279928450243824e+04
1.231088053369894624e+03 1.201529882812500000e+04 1.201263515278124214e+04
1.231108487250283360e+03 1.201429492187500000e+04 1.201246841735728231e+04
1.231128921030554920e+03 1.201479199218750000e+04 1.201229899677366120e+04
1.231149355010595173e+03 1.201094433593750000e+04 1.201212680702812577e+04
1.231169788890052587e+03 1.201207421875000000e+04 1.201195176913550495e+04
1.231190222669858485e+03 1.201300781250000000e+04 1.201177380163451926e+04
1.231210656648967415e+03 1.201756835937500000e+04 1.201159282040381368e+04
1.231231090528424829e+03 1.201378906250000000e+04 1.201140874657319000e+04
1.231251524307299405e+03 1.200975781250000000e+04 1.201122149870133035e+04
1.231292392164468765e+03 1.200871875000000000e+04 1.201083714929517009e+04
1.231312826143112034e+03 1.201129492187500000e+04 1.201063988564079409e+04
1.231333259921520948e+03 1.200468261718750000e+04 1.201043912298278519e+04
1.231353693799115717e+03 1.200895019531250000e+04 1.201023477690973414e+04
1.231374127677176148e+03 1.201179687500000000e+04 1.201002676688704742e+04
1.231394561554770917e+03 1.200946289062500000e+04 1.200981501142845627e+04
1.231414995332248509e+03 1.200841308593750000e+04 1.200959943009927701e+04
1.231435429309494793e+03 1.201047851562500000e+04 1.200937993821149212e+04
1.231455863186623901e+03 1.201079101562500000e+04 1.200915645746178780e+04
1.231476297063753009e+03 1.200456835937500000e+04 1.200892890528865610e+04
1.231496730940416455e+03 1.200511425781250000e+04 1.200869720020167006e+04
1.231517164817079902e+03 1.200601660156250000e+04 1.200846126069995444e+04
1.231537598693277687e+03 1.201015429687500000e+04 1.200822100529328600e+04
1.231558032569475472e+03 1.200261523437500000e+04 1.200797635248060215e+04
1.231578466445673257e+03 1.200543261718750000e+04 1.200772722076616265e+04
1.231598900421522558e+03 1.199996484375000000e+04 1.200747352740578208e+04
1.231619334197137505e+03 1.200119531250000000e+04 1.200721519466096288e+04
1.231639768072403967e+03 1.200508984375000000e+04 1.200695213727916052e+04
1.231660202047787607e+03 1.200772070312500000e+04 1.200668427368879202e+04
1.231680635923054069e+03 1.200112890625000000e+04 1.200641152501861143e+04
1.231701069697737694e+03 1.200056250000000000e+04 1.200613380985170807e+04
1.231721503672190011e+03 1.200789453125000000e+04 1.200585104257371313e+04
1.231741937546990812e+03 1.199855566406250000e+04 1.200556314579501304e+04
1.231762371321208775e+03 1.200539941406250000e+04 1.200527003810902170e+04
1.231782805295195431e+03 1.199645898437500000e+04 1.200497163367335452e+04
1.231803239169064909e+03 1.199991503906250000e+04 1.200466785533271104e+04
1.231823672942817211e+03 1.200246875000000000e+04 1.200435862167100277e+04
1.231844106916338205e+03 1.198958496093750000e+04 1.200404384661388031e+04
1.231864540789742023e+03 1.200994824218750000e+04 1.200372345324452908e+04
1.231884974763263017e+03 1.200444824218750000e+04 1.200339735692679824e+04
1.231905408536083996e+03 1.201297949218750000e+04 1.200306548100808504e+04
1.231925842409022152e+03 1.199978710937500000e+04 1.200272773914985373e+04
1.231946276381611824e+03 1.200402441406250000e+04 1.200238404977750542e+04
1.231966710153967142e+03 1.199788378906250000e+04 1.200203433648358623e+04
1.231987144025973976e+03 1.199968750000000000e+04 1.200167851268471895e+04
1.232007577897980809e+03 1.200321679687500000e+04 1.200131649857593584e+04
1.232028011769987643e+03 1.200171093750000000e+04 1.200094821266155486e+04
1.232048445641528815e+03 1.200776464843750000e+04 1.200057357345449418e+04
1.232068879513069987e+03 1.200869921875000000e+04 1.200019249945075171e+04
1.232089313384145498e+03 1.200479785156250000e+04 1.199980490916355484e+04
1.232109747355338186e+03 1.199667187500000000e+04 1.199941071914097120e+04
1.232130181226413697e+03 1.200972753906250000e+04 1.199900985174969355e+04
1.232150614996906370e+03 1.200412500000000000e+04 1.199860222560218972e+04
1.232171048967633396e+03 1.198614453125000000e+04 1.199818775315204039e+04
1.232191482837777585e+03 1.199619042968750000e+04 1.199776635895494837e+04
1.232211916608270258e+03 1.200144628906250000e+04 1.199733796159840131e+04
1.232232350578065962e+03 1.199708496093750000e+04 1.199690247326748067e+04
1.232252784447744489e+03 1.199249511718750000e+04 1.199645981879594365e+04
1.232273218217305839e+03 1.199837597656250000e+04 1.199600992006535307e+04
1.232293652186635882e+03 1.198249023437500000e+04 1.199555288821408249e+04
1.232314086055848747e+03 1.198206933593750000e+04 1.199508915136868200e+04
1.232334519824944437e+03 1.200685351562500000e+04 1.199461915719979334e+04
1.232354953793808818e+03 1.200527050781250000e+04 1.199414334634153420e+04
1.232375387662556022e+03 1.199132812500000000e+04 1.199366217331073858e+04
1.232395821630954742e+03 1.199694628906250000e+04 1.199317608098353594e+04
1.232416255399119109e+03 1.199830273437500000e+04 1.199268552410315169e+04
1.232436689267400652e+03 1.199810546875000000e+04 1.199219094306604893e+04
1.232457123235333711e+03 1.198886523437500000e+04 1.199169278540307823e+04
1.232477557003032416e+03 1.198878906250000000e+04 1.199119150602460286e+04
1.232497990870382637e+03 1.199012695312500000e+04 1.199068754517107845e+04
1.232518424837850034e+03 1.199053613281250000e+04 1.199018135037026514e+04
1.232538858604617417e+03 1.199065332031250000e+04 1.198967337666356980e+04
1.232559292471967638e+03 1.198557421875000000e+04 1.198916406414848461e+04
1.232579726438503712e+03 1.198530468750000000e+04 1.198865386041871898e+04
1.232600160304922611e+03 1.199605371093750000e+04 1.198814321802761879e+04
1.232620594171341509e+03 1.199592871093750000e+04 1.198763258205240163e+04
1.232641028037760407e+03 1.197599414062500000e+04 1.198712240006824322e+04
1.232661461903713644e+03 1.198612109375000000e+04 1.198661311966191352e+04
1.232681895769666880e+03 1.198440527343750000e+04 1.198610518839691031e+04
1.232702329635154456e+03 1.198726660156250000e+04 1.198559905385989805e+04
1.232722763500642031e+03 1.198420019531250000e+04 1.198509516361438727e+04
1.232743197365663946e+03 1.198759472656250000e+04 1.198459396524689146e+04
1.232763631230685860e+03 1.198812109375000000e+04 1.198409590632097024e+04
1.232784064995590597e+03 1.198151367187500000e+04 1.198360143682489070e+04
1.232804498960264027e+03 1.197988378906250000e+04 1.198311099710531198e+04
1.232824932824820280e+03 1.198118457031250000e+04 1.198262504196552982e+04
1.232845366588793695e+03 1.197356738281250000e+04 1.198214401892231399e+04
1.232865800553467125e+03 1.197469531250000000e+04 1.198166836849676292e+04
1.232886234417092055e+03 1.197257324218750000e+04 1.198119854532824684e+04
1.232906668380834162e+03 1.198361621093750000e+04 1.198073499237083706e+04
1.232927102144341916e+03 1.198099511718750000e+04 1.198027816396483468e+04
1.232947536007501185e+03 1.198534179687500000e+04 1.197982850093008528e+04
1.232967969970777631e+03 1.198274218750000000e+04 1.197938645093969535e+04
1.232988403733819723e+03 1.197488281250000000e+04 1.197895246800801033e+04
1.233008837596513331e+03 1.198320898437500000e+04 1.197852699328019844e+04
1.233029271559324116e+03 1.197225195312500000e+04 1.197811047444959331e+04
1.233049705321434885e+03 1.197727929687500000e+04 1.197770336515452254e+04
1.233070139183662832e+03 1.198552343750000000e+04 1.197730610690605681e+04
1.233090573145542294e+03 1.199725488281250000e+04 1.197691914743589950e+04
1.233111007007770240e+03 1.197596972656250000e+04 1.197654293809500086e+04
1.233131440768949687e+03 1.198682128906250000e+04 1.197617792632228156e+04
1.233151874730363488e+03 1.197484765625000000e+04 1.197582455439442856e+04
1.233172308591660112e+03 1.197157910156250000e+04 1.197548327516704012e+04
1.233192742452956736e+03 1.197431835937500000e+04 1.197515453445470121e+04
1.233213176313787699e+03 1.198239843750000000e+04 1.197483877983929415e+04
1.233233610174618661e+03 1.197190429687500000e+04 1.197453645888798201e+04
1.233254044034983963e+03 1.197455371093750000e+04 1.197424801918198864e+04
1.233274477895349264e+03 1.198130761718750000e+04 1.197397390828904463e+04
1.233294911755248904e+03 1.196707226562500000e+04 1.197371457378965715e+04
1.233315345715265721e+03 1.197831347656250000e+04 1.197347046209416294e+04
1.233335779475048184e+03 1.197393359375000000e+04 1.197324202425132898e+04
1.233356213334482163e+03 1.197666601562500000e+04 1.197302970436651958e+04
1.233376647193916142e+03 1.197460253906250000e+04 1.197283395116707834e+04
1.233397081052884459e+03 1.197445117187500000e+04 1.197265521223159158e+04
1.233417514911852777e+03 1.198374023437500000e+04 1.197249393513009272e+04
1.233437948770821095e+03 1.199018554687500000e+04 1.197235056743727182e+04
1.233458382629323751e+03 1.197542480468750000e+04 1.197222555673044371e+04
1.233478816587943584e+03 1.197347460937500000e+04 1.197211935010721572e+04
1.233499250345863402e+03 1.197456542968750000e+04 1.197203239656470942e+04
1.233519684203900397e+03 1.197140429687500000e+04 1.197196514225420833e+04
1.233540118161588907e+03 1.197316992187500000e+04 1.197191803504402924e+04
1.233560551919508725e+03 1.198765722656250000e+04 1.197189152304878553e+04
1.233580985777080059e+03 1.197104785156250000e+04 1.197188605330213250e+04
1.233601419734302908e+03 1.197059277343750000e+04 1.197190207368980191e+04
1.233621853491291404e+03 1.196157519531250000e+04 1.197194003139037522e+04
1.233642287347931415e+03 1.198237011718750000e+04 1.197200037437239189e+04
1.233662721304688603e+03 1.197338476562500000e+04 1.197208355054331696e+04
1.233683155161328614e+03 1.196173437500000000e+04 1.197219000666445572e+04
1.233703589017502964e+03 1.196567089843750000e+04 1.197232017345578060e+04
1.233724022873677313e+03 1.196764062500000000e+04 1.197247408602565338e+04
1.233744456729386002e+03 1.197287109375000000e+04 1.197265138442841635e+04
1.233764890585094690e+03 1.197726757812500000e+04 1.197285169156706252e+04
1.233785324440803379e+03 1.197250390625000000e+04 1.197307463034134344e+04
1.233805758296046406e+03 1.197024511718750000e+04 1.197331982364517171e+04
1.233826192251406610e+03 1.197055468750000000e+04 1.197358689574466553e+04
1.233846626006066799e+03 1.197956054687500000e+04 1.197387546544824545e+04
1.233867059860844165e+03 1.198658886718750000e+04 1.197418515974608999e+04
1.233887493815738708e+03 1.197125781250000000e+04 1.197451560184571645e+04
1.233907927569933236e+03 1.197536328125000000e+04 1.197486640963103855e+04
1.233928361424244940e+03 1.197212792968750000e+04 1.197523721101684532e+04
1.233948795378208160e+03 1.197508398437500000e+04 1.197562762918493900e+04
1.233969229131937027e+03 1.197210839843750000e+04 1.197603728116246930e+04
1.233989663085434586e+03 1.198162792968750000e+04 1.197646579786537040e+04
1.234010096938814968e+03 1.197520605468750000e+04 1.197691279604172087e+04
1.234030530692078173e+03 1.197479589843750000e+04 1.197737789832248018e+04
1.234050964645110071e+03 1.197661328125000000e+04 1.197786073456399572e+04
1.234071398498024791e+03 1.198338378906250000e+04 1.197836092070890663e+04
1.234091832250822335e+03 1.198022363281250000e+04 1.197887807940483253e+04
1.234112266203388572e+03 1.198381054687500000e+04 1.197941184126385451e+04
1.234132700055371970e+03 1.197295800781250000e+04 1.197996182146025967e+04
1.234153133807703853e+03 1.197495117187500000e+04 1.198052764268340434e+04
1.234173567759338766e+03 1.197647949218750000e+04 1.198110893622551157e+04
1.234194001611322165e+03 1.197924316406250000e+04 1.198170531659427434e+04
1.234214435362722725e+03 1.198346582031250000e+04 1.198231640644346407e+04
1.234234869314357638e+03 1.199034179687500000e+04 1.198294183777504804e+04
1.234275737015996128e+03 1.198286816406250000e+04 1.198423419220406504e+04
1.234296170867048204e+03 1.198192773437500000e+04 1.198490036415986833e+04
1.234316604717634618e+03 1.198401269531250000e+04 1.198557936312279708e+04
1.234337038667872548e+03 1.198428222656250000e+04 1.198627081540970539e+04
1.234357472417876124e+03 1.198836132812500000e+04 1.198697433368292695e+04
1.234377906267996877e+03 1.198321386718750000e+04 1.198768955109558556e+04
1.234398340217769146e+03 1.199090527343750000e+04 1.198841609070019877e+04
1.234418773967307061e+03 1.199640722656250000e+04 1.198915356465253535e+04
1.234439207816496491e+03 1.199364355468750000e+04 1.198990160659600951e+04
1.234459641765803099e+03 1.199460839843750000e+04 1.199065983959992445e+04
1.234480075514875352e+03 1.199140429687500000e+04 1.199142787534637682e+04
1.234500509363599122e+03 1.198621777343750000e+04 1.199220534793567276e+04
1.234520943312440068e+03 1.199560351562500000e+04 1.199299188042123569e+04
1.234541377061046660e+03 1.198929882812500000e+04 1.199378708407752856e+04
1.234561811008956283e+03 1.199696875000000000e+04 1.199459059735013398e+04
1.234582244857214391e+03 1.199120605468750000e+04 1.199540203144339830e+04
1.234602678604889661e+03 1.199230957031250000e+04 1.199622100910680820e+04
1.234623112552799284e+03 1.198233398437500000e+04 1.199704716535057378e+04
1.234643546400126070e+03 1.198801757812500000e+04 1.199788011096421178e+04
1.234663980247452855e+03 1.199272070312500000e+04 1.199871947289722812e+04
1.234684414094313979e+03 1.199556835937500000e+04 1.199956487403050232e+04
1.234704847941640764e+03 1.200135253906250000e+04 1.200041593730279783e+04
1.234725281788036227e+03 1.200504687500000000e+04 1.200127228555598049e+04
1.234745715634897351e+03 1.199509277343750000e+04 1.200213354174866254e+04
1.234766149480827153e+03 1.199913085937500000e+04 1.200299932872207864e+04
1.234786583327222615e+03 1.200799121093750000e+04 1.200386926943553044e+04
1.234807017173152417e+03 1.200035937500000000e+04 1.200474298674965758e+04
1.234827451019082218e+03 1.200484082031250000e+04 1.200562010358453699e+04
1.234847884964197874e+03 1.200470117187500000e+04 1.200650024711937658e+04
1.234868318709544837e+03 1.200289550781250000e+04 1.200738302735727666e+04
1.234888752555008978e+03 1.199964843750000000e+04 1.200826808013583286e+04
1.234909186500124633e+03 1.200862500000000000e+04 1.200915502836569431e+04
1.234929620244540274e+03 1.201363671875000000e+04 1.201004348189809207e+04
1.234950054089073092e+03 1.200865527343750000e+04 1.201093307670259674e+04
1.234970488033723086e+03 1.200744140625000000e+04 1.201182343569350996e+04
1.234990921777673066e+03 1.200904199218750000e+04 1.201271416866008803e+04
1.235011355621740222e+03 1.201114843750000000e+04 1.201360491161383106e+04
1.235031789565458894e+03 1.200162011718750000e+04 1.201449528743216797e+04
1.235052223309408873e+03 1.200616406250000000e+04 1.201538490597332384e+04
1.235072657252661884e+03 1.200958984375000000e+04 1.201627340750957592e+04
1.235093091096263379e+03 1.200863281250000000e+04 1.201716040193315894e+04
1.235113524839282036e+03 1.201729882812500000e+04 1.201804551212894876e+04
1.235133958782069385e+03 1.201661328125000000e+04 1.201892837456255620e+04
1.235154392624739558e+03 1.202821093750000000e+04 1.201980860635990030e+04
1.235174826466944069e+03 1.201994824218750000e+04 1.202068584620723050e+04
1.235195260309148580e+03 1.202540332031250000e+04 1.202155972857053348e+04
1.235215694151353091e+03 1.201861132812500000e+04 1.202242988789571245e+04
1.235236127993557602e+03 1.203679785156250000e+04 1.202329595862866154e+04
1.235256561835296452e+03 1.202314941406250000e+04 1.202415757519571162e+04
1.235276995676569641e+03 1.202919531250000000e+04 1.202501437204310059e+04
1.235297429517842829e+03 1.203124511718750000e+04 1.202586598363647136e+04
1.235317863458767533e+03 1.203790527343750000e+04 1.202671204853370364e+04
1.235338297199923545e+03 1.202332910156250000e+04 1.202755218882588269e+04
1.235358731140848249e+03 1.203051171875000000e+04 1.202838605538370757e+04
1.235379164981190115e+03 1.203351464843750000e+04 1.202921327034981368e+04
1.235399598721414804e+03 1.203681542968750000e+04 1.203003346828967733e+04
1.235420032661873847e+03 1.203699023437500000e+04 1.203084629565188879e+04
1.235440466401632875e+03 1.203621875000000000e+04 1.203165137093662634e+04
1.235460900241509080e+03 1.203400781250000000e+04 1.203244834049997735e+04
1.235481334181036800e+03 1.204276562500000000e+04 1.203323683864820850e+04
1.235501768020447344e+03 1.203137109375000000e+04 1.203401649211755648e+04
1.235522201759740710e+03 1.203743652343750000e+04 1.203478693548671436e+04
1.235542635698337108e+03 1.204091992187500000e+04 1.203554781442241438e+04
1.235563069437630475e+03 1.204460351562500000e+04 1.203629874853060392e+04
1.235583503276109695e+03 1.203737109375000000e+04 1.203703938330068195e+04
1.235603937214240432e+03 1.203739746093750000e+04 1.203776935304256585e+04
1.235624370952602476e+03 1.203383398437500000e+04 1.203848828158625474e+04
1.235644804890733212e+03 1.204770996093750000e+04 1.203919581743257004e+04
1.235665238728281111e+03 1.204000000000000000e+04 1.203989158454392236e+04
1.235685672566294670e+03 1.204182617187500000e+04 1.204057522089299164e+04
1.235706106403376907e+03 1.204083593750000000e+04 1.204124636087961517e+04
1.235726540240924805e+03 1.204343066406250000e+04 1.204190463899625865e+04
1.235746974078007042e+03 1.204937109375000000e+04 1.204254968965909211e+04
1.235767407914623618e+03 1.204689453125000000e+04 1.204318114731520473e+04
1.235787841751240194e+03 1.204402539062500000e+04 1.204379864642565008e+04
1.235808275587856770e+03 1.204840332031250000e+04 1.204440182143663878e+04
1.235828709524124861e+03 1.203546875000000000e+04 1.204499030962786492e+04
1.235849143260158598e+03 1.205729394531250000e+04 1.204556373691923909e+04
1.235869577196426690e+03 1.204020996093750000e+04 1.204612174899285310e+04
1.235890011031646281e+03 1.204836816406250000e+04 1.204666397195432910e+04
1.235910444767214358e+03 1.206039160156250000e+04 1.204719004052226228e+04
1.235930878702551126e+03 1.205921972656250000e+04 1.204769959673102130e+04
1.235951312537770718e+03 1.205463476562500000e+04 1.204819226742698083e+04
1.235971746272873133e+03 1.205474707031250000e+04 1.204866768730725744e+04
1.235992180207278579e+03 1.205305859375000000e+04 1.204912549765721997e+04
1.236012614042032510e+03 1.205706835937500000e+04 1.204956532609552232e+04
1.236033047776203603e+03 1.205263867187500000e+04 1.204998680731540480e+04
1.236053481710609049e+03 1.205241992187500000e+04 1.205038958183208160e+04
1.236073915544431657e+03 1.205203613281250000e+04 1.205077327802469881e+04
1.236094349278137088e+03 1.205471777343750000e+04 1.205113753063208424e+04
1.236114783212076873e+03 1.204969042968750000e+04 1.205148197930999231e+04
1.236135217044968158e+03 1.205166113281250000e+04 1.205180625328105452e+04
1.236155650978442281e+03 1.205447851562500000e+04 1.205210999018825351e+04
1.236176084711216390e+03 1.204798925781250000e+04 1.205239282015233584e+04
1.236196518544107676e+03 1.204574609375000000e+04 1.205265438193865702e+04
1.236216952376533300e+03 1.205246289062500000e+04 1.205289430855113824e+04
1.236237386208958924e+03 1.204351757812500000e+04 1.205311223444241114e+04
1.236257820041384548e+03 1.203514453125000000e+04 1.205330779405889916e+04
1.236278253873344511e+03 1.204518847656250000e+04 1.205348062184334776e+04
1.236298687704838812e+03 1.204563476562500000e+04 1.205363035224378655e+04
1.236319121536798775e+03 1.204742285156250000e+04 1.205375661971349109e+04
1.236339555368293077e+03 1.204944238281250000e+04 1.205385905869317867e+04
1.236359989199321717e+03 1.205724316406250000e+04 1.205393730363096256e+04
1.236380423030350357e+03 1.204355078125000000e+04 1.205399098897595832e+04
1.236400856961030513e+03 1.204704980468750000e+04 1.205401974925355353e+04
1.236421290691941977e+03 1.204464160156250000e+04 1.205402321867379578e+04
1.236441724622622132e+03 1.207077636718750000e+04 1.205400103174866308e+04
1.236462158452719450e+03 1.206460937500000000e+04 1.205395282306310946e+04
1.236482592182699591e+03 1.205462207031250000e+04 1.205387822744865116e+04
1.236503026112448424e+03 1.205581738281250000e+04 1.205377687806226641e+04
1.236523459942545742e+03 1.205605273437500000e+04 1.205364841063808490e+04
1.236543893671594560e+03 1.204953710937500000e+04 1.205349246003369262e+04
1.236564327600877732e+03 1.205851953125000000e+04 1.205330878658911024e+04
1.236584761430043727e+03 1.205329492187500000e+04 1.205309800888107929e+04
1.236605195159092546e+03 1.205368750000000000e+04 1.205286109133265199e+04
1.236625629087910056e+03 1.205378613281250000e+04 1.205259899533653697e+04
1.236646062916144729e+03 1.204641992187500000e+04 1.205231268962040485e+04
1.236666496744379401e+03 1.203928417968750000e+04 1.205200313801141783e+04
1.236686930572614074e+03 1.205360253906250000e+04 1.205167130556570191e+04
1.236707364400848746e+03 1.205253515625000000e+04 1.205131815733937583e+04
1.236727798328269273e+03 1.205252441406250000e+04 1.205094465652776853e+04
1.236748232055921108e+03 1.205465820312500000e+04 1.205055177379687666e+04
1.236768665883224458e+03 1.204783105468750000e+04 1.205014046858581787e+04
1.236789099810179323e+03 1.204093164062500000e+04 1.204971170568814341e+04
1.236809533537365496e+03 1.204310253906250000e+04 1.204926645656608162e+04
1.236829967364203185e+03 1.204494824218750000e+04 1.204880567987005998e+04
1.236850401190575212e+03 1.205200390625000000e+04 1.204833034279896856e+04
1.236870835117064416e+03 1.203894335937500000e+04 1.204784140797104192e+04
1.236891268843319267e+03 1.204616406250000000e+04 1.204733984772401163e+04
1.236911702768877149e+03 1.204721875000000000e+04 1.204682661731390544e+04
1.236932136495131999e+03 1.204135644531250000e+04 1.204630269180185496e+04
1.236952570420689881e+03 1.204877734375000000e+04 1.204576902602956761e+04
1.236973004246130586e+03 1.204779492187500000e+04 1.204522659280413427e+04
1.236993437970988452e+03 1.204595117187500000e+04 1.204467635731570044e+04
1.237013871896080673e+03 1.203714453125000000e+04 1.204411927646722870e+04
1.237034305721055716e+03 1.204933984375000000e+04 1.204355632345481354e+04
1.237054739445447922e+03 1.203850781250000000e+04 1.204298846342637080e+04
1.237075173369608819e+03 1.203346386718750000e+04 1.204241665305956303e+04
1.237095607194118202e+03 1.204055371093750000e+04 1.204184186576212960e+04
1.237116040918044746e+03 1.203405957031250000e+04 1.204126506665252236e+04
1.237136474842205644e+03 1.204193945312500000e+04 1.204068721228485447e+04
1.237156908665318042e+03 1.203884960937500000e+04 1.204010927622932468e+04
1.237177342389244586e+03 1.204457910156250000e+04 1.203953222348288909e+04
1.237197776312474161e+03 1.204281933593750000e+04 1.203895701068279232e+04
1.237218210135586560e+03 1.204731835937500000e+04 1.203838461132888915e+04
1.237259077780880034e+03 1.204006054687500000e+04 1.203725210473603329e+04
1.237279511603061110e+03 1.203245507812500000e+04 1.203669392760730261e+04
1.237299945525359362e+03 1.203789160156250000e+04 1.203614241863782081e+04
1.237320379247423261e+03 1.203399023437500000e+04 1.203559855093554870e+04
1.237340813069604337e+03 1.203554687500000000e+04 1.203506328150305126e+04
1.237361246990971267e+03 1.203128027343750000e+04 1.203453757555283300e+04
1.237381680812686682e+03 1.203053613281250000e+04 1.203402240325920502e+04
1.237402114533819258e+03 1.203040039062500000e+04 1.203351872953891507e+04
1.237422548454720527e+03 1.203804296875000000e+04 1.203302751213208285e+04
1.237442982275970280e+03 1.203450292968750000e+04 1.203254972338562220e+04
1.237463415996171534e+03 1.203344531250000000e+04 1.203208632818234037e+04
1.237483849917072803e+03 1.203553125000000000e+04 1.203163828484425540e+04
1.237504283737391233e+03 1.203232714843750000e+04 1.203120656514766597e+04
1.237524717657361180e+03 1.202935449218750000e+04 1.203079212992617613e+04
1.237545151377562433e+03 1.203723535156250000e+04 1.203039595017575630e+04
1.237565585096832365e+03 1.203622363281250000e+04 1.203001898681622151e+04
1.237586019016336650e+03 1.203637500000000000e+04 1.202966220147562126e+04
1.237606452835723758e+03 1.202689843750000000e+04 1.202932656460378712e+04
1.237626886554993689e+03 1.202116992187500000e+04 1.202901304093766157e+04
1.237647320474032313e+03 1.203256542968750000e+04 1.202872259109726474e+04
1.237667754292488098e+03 1.202902050781250000e+04 1.202845618457698220e+04
1.237688188011292368e+03 1.203215136718750000e+04 1.202821478605897573e+04
1.237708621929399669e+03 1.203489843750000000e+04 1.202799935725385149e+04
1.237729055747855455e+03 1.203118652343750000e+04 1.202781086656047410e+04
1.237749489565379918e+03 1.203370898437500000e+04 1.202765027792553155e+04
1.237769923383370042e+03 1.202740625000000000e+04 1.202751855639175847e+04
1.237790357200894505e+03 1.203325683593750000e+04 1.202741666701977010e+04
1.237810791118070483e+03 1.202598046875000000e+04 1.202734557459080861e+04
1.237831224835477769e+03 1.202965917968750000e+04 1.202730624497010649e+04
1.237851658652536571e+03 1.202918750000000000e+04 1.202729964240011941e+04
1.237872092569246888e+03 1.201806640625000000e+04 1.202732673242125384e+04
1.237892526385840029e+03 1.203105371093750000e+04 1.202738847982593870e+04
1.237912960101850331e+03 1.203195312500000000e+04 1.202748584914949970e+04
1.237933394018094987e+03 1.202464160156250000e+04 1.202761980714509627e+04
1.237953827834222466e+03 1.201603515625000000e+04 1.202779131716938355e+04
1.237974261549767107e+03 1.201904101562500000e+04 1.202800134371246895e+04
1.237994695465546101e+03 1.200891406250000000e+04 1.202825085520711946e+04
