1.087926481458358467e+03 1.152020605468750000e+04 1.152214617443617317e+04
1.087946915074717253e+03 1.152366406250000000e+04 1.152210637764580315e+04
1.087967348891776055e+03 1.151992187500000000e+04 1.152206751463714318e+04
1.087987782608717680e+03 1.152194335937500000e+04 1.152202957826218153e+04
1.088008216226007789e+03 1.152382421875000000e+04 1.152199256077950486e+04
1.088028650043532252e+03 1.152593164062500000e+04 1.152195645392557344e+04
1.088049083760939538e+03 1.151822949218750000e+04 1.152192125051077528e+04
1.088069517379160970e+03 1.152326757812500000e+04 1.152188694279332594e+04
1.088089951197616756e+03 1.152385839843750000e+04 1.152185352255010002e+04
1.088110384915955365e+03 1.151799609375000000e+04 1.152182098255181700e+04
1.088130818734876812e+03 1.152387304687500000e+04 1.152178931475180070e+04
1.088151252353563905e+03 1.152226562500000000e+04 1.152175851188289380e+04
1.088171686073299497e+03 1.152811718750000000e+04 1.152172856575762125e+04
1.088192119892686605e+03 1.152502148437500000e+04 1.152169946866358623e+04
1.088212553512305021e+03 1.151979980468750000e+04 1.152167121329393376e+04
1.088232987232506275e+03 1.152157031250000000e+04 1.152164379150021341e+04
1.088253421052824706e+03 1.152154394531250000e+04 1.152161719556825483e+04
1.088273854773491621e+03 1.152094824218750000e+04 1.152159141803105194e+04
1.088294288494624197e+03 1.152038867187500000e+04 1.152156645102930997e+04
1.088314722215291113e+03 1.152424218750000000e+04 1.152154228683715701e+04
1.088335155936889350e+03 1.151972851562500000e+04 1.152151891772593808e+04
1.088355589658487588e+03 1.152144042968750000e+04 1.152149633596975400e+04
1.088376023380551487e+03 1.151889941406250000e+04 1.152147453384110304e+04
1.088396457102615386e+03 1.152552929687500000e+04 1.152145350361348392e+04
1.088416890825144947e+03 1.152051757812500000e+04 1.152143323755942038e+04
1.088437324547674507e+03 1.151113769531250000e+04 1.152141372795238021e+04
1.088457758370786905e+03 1.152171191406250000e+04 1.152139496697482900e+04
1.088478192093782127e+03 1.151919335937500000e+04 1.152137694708399431e+04
1.088498625717125833e+03 1.152456347656250000e+04 1.152135966054165328e+04
1.088519059541169554e+03 1.152994921875000000e+04 1.152134309937207945e+04
1.088539493164978921e+03 1.151813964843750000e+04 1.152132725617327378e+04
1.088559926889371127e+03 1.151987988281250000e+04 1.152131212297974525e+04
1.088580360713880509e+03 1.152248730468750000e+04 1.152129769207521895e+04
1.088600794338621199e+03 1.153562890625000000e+04 1.152128395593936511e+04
1.088621228063479066e+03 1.152133789062500000e+04 1.152127090663849049e+04
1.088641661888919771e+03 1.151813476562500000e+04 1.152125853645535244e+04
1.088662095514126122e+03 1.152529101562500000e+04 1.152124683784009176e+04
1.088682529340032488e+03 1.152225878906250000e+04 1.152123580283611591e+04
1.088702963066287339e+03 1.152349316406250000e+04 1.152122542388351212e+04
1.088723396692425013e+03 1.151485742187500000e+04 1.152121569324592019e+04
1.088743830518797040e+03 1.152162207031250000e+04 1.152120660305801721e+04
1.088764264245983213e+03 1.152043457031250000e+04 1.152119814573070471e+04
1.088784697873052210e+03 1.152688281250000000e+04 1.152119031352814272e+04
1.088805131700355560e+03 1.153965917968750000e+04 1.152118309861273883e+04
1.088825565428007394e+03 1.151758886718750000e+04 1.152117649336788236e+04
1.088845999255776405e+03 1.151699609375000000e+04 1.152117049000192128e+04
1.088866432883776724e+03 1.152403027343750000e+04 1.152116508087156035e+04
1.088886866612359881e+03 1.151811425781250000e+04 1.152116025816595356e+04
1.088907300441060215e+03 1.151761328125000000e+04 1.152115601416677237e+04
1.088927734169643372e+03 1.152083886718750000e+04 1.152115234118854278e+04
1.088948167799040675e+03 1.151680175781250000e+04 1.152114923149577226e+04
1.088968601628206670e+03 1.152265039062500000e+04 1.152114667732005546e+04
1.088989035358186811e+03 1.151623144531250000e+04 1.152114467097581291e+04
1.089009468988049775e+03 1.152101367187500000e+04 1.152114320472814870e+04
1.089029902818147093e+03 1.152329394531250000e+04 1.152114227083240985e+04
1.089050336548592895e+03 1.152178515625000000e+04 1.152114186157919175e+04
1.089070770379155874e+03 1.152625976562500000e+04 1.152114196923739655e+04
1.089091204009950161e+03 1.151904296875000000e+04 1.152114258607466400e+04
1.089111637741327286e+03 1.152312011718750000e+04 1.152114370436934769e+04
1.089132071572821587e+03 1.152120117187500000e+04 1.152114531640172027e+04
1.089152505204547197e+03 1.152067773437500000e+04 1.152114741441751539e+04
1.089172938936389983e+03 1.152165039062500000e+04 1.152114999071696002e+04
1.089193372668698430e+03 1.151848437500000000e+04 1.152115303756399771e+04
1.089213806401472539e+03 1.152543554687500000e+04 1.152115654723163061e+04
1.089234240234363824e+03 1.152667285156250000e+04 1.152116051201328810e+04
1.089254673867020756e+03 1.151844238281250000e+04 1.152116492412035223e+04
1.089275107600726187e+03 1.152094824218750000e+04 1.152116977588760710e+04
1.089295541434083134e+03 1.151448144531250000e+04 1.152117505959410846e+04
1.089315975067671388e+03 1.151575878906250000e+04 1.152118076743226266e+04
1.089336408801842481e+03 1.152032910156250000e+04 1.152118689175586223e+04
1.089356842636130750e+03 1.151797753906250000e+04 1.152119342484381377e+04
1.089377276270650327e+03 1.152008203125000000e+04 1.152120035887025006e+04
1.089397710005752742e+03 1.151873437500000000e+04 1.152120768620715899e+04
1.089418143840506673e+03 1.151504003906250000e+04 1.152121539913289598e+04
1.089438577475957572e+03 1.151842187500000000e+04 1.152122348980479728e+04
1.089459011311642826e+03 1.152864355468750000e+04 1.152123195065399705e+04
1.089479445047676563e+03 1.152116113281250000e+04 1.152124077383200529e+04
1.089499878783710301e+03 1.152058984375000000e+04 1.152124995165215296e+04
1.089520312520209700e+03 1.151996582031250000e+04 1.152125947638761863e+04
1.089540746256709099e+03 1.152428613281250000e+04 1.152126934031115889e+04
1.089561179993674159e+03 1.151689160156250000e+04 1.152127953569597958e+04
1.089581613730639219e+03 1.152322851562500000e+04 1.152129005481481727e+04
1.089602047468069941e+03 1.151965625000000000e+04 1.152130088994088874e+04
1.089622481306083500e+03 1.152163769531250000e+04 1.152131203340251159e+04
1.089642915043514222e+03 1.152215039062500000e+04 1.152132347736291558e+04
1.089663348682224751e+03 1.152091992187500000e+04 1.152133521409176319e+04
1.089683782520238310e+03 1.152374218750000000e+04 1.152134723603531893e+04
1.089704216259066015e+03 1.151686035156250000e+04 1.152135953529300605e+04
1.089724649898242205e+03 1.152258300781250000e+04 1.152137210413351931e+04
1.089745083737187088e+03 1.152253710937500000e+04 1.152138493501593075e+04
1.089765517476946115e+03 1.152197363281250000e+04 1.152139802002739816e+04
1.089785951316356659e+03 1.152612597656250000e+04 1.152141135156813471e+04
1.089806384956464171e+03 1.152068652343750000e+04 1.152142492171428603e+04
1.089826818696688861e+03 1.152831250000000000e+04 1.152143872293594177e+04
1.089847252437379211e+03 1.152858203125000000e+04 1.152145274744047310e+04
1.089867686178069562e+03 1.152290820312500000e+04 1.152146698750052383e+04
1.089888119819108397e+03 1.152326855468750000e+04 1.152148143531810092e+04
1.089908553660381585e+03 1.152257812500000000e+04 1.152149608337969403e+04
1.089928987402003258e+03 1.152020410156250000e+04 1.152151092374474320e+04
1.089949421043507755e+03 1.151933203125000000e+04 1.152152594868310734e+04
1.089969854885712266e+03 1.152189160156250000e+04 1.152154115069025829e+04
1.089990288627799600e+03 1.151371777343750000e+04 1.152155652181663936e+04
1.090031156113371253e+03 1.152417578125000000e+04 1.152158774074218309e+04
1.090051589856389910e+03 1.152111718750000000e+04 1.152160357308691528e+04
1.090072023699991405e+03 1.151796679687500000e+04 1.152161954379571398e+04
1.090092457343358546e+03 1.152752539062500000e+04 1.152163564490544559e+04
1.090112891087308526e+03 1.152486230468750000e+04 1.152165186892517522e+04
1.090133324931375682e+03 1.152417187500000000e+04 1.152166820812922742e+04
1.090153758675791323e+03 1.153511230468750000e+04 1.152168465463080065e+04
1.090174192420206964e+03 1.152804101562500000e+04 1.152170120078224863e+04
1.090194626165088266e+03 1.152392480468750000e+04 1.152171783885691548e+04
1.090215059910435230e+03 1.152980761718750000e+04 1.152173456112774875e+04
1.090235493655782193e+03 1.152589062500000000e+04 1.152175135986733221e+04
1.090255927401594818e+03 1.152691699218750000e+04 1.152176822734900088e+04
1.090276361147407442e+03 1.151518457031250000e+04 1.152178515584532215e+04
1.090296794993337244e+03 1.151955273437500000e+04 1.152180213771257331e+04
1.090317228639964014e+03 1.152203222656250000e+04 1.152181916497452039e+04
1.090337662486359477e+03 1.152334667968750000e+04 1.152183623023660402e+04
1.090358096233569086e+03 1.152959765625000000e+04 1.152185332552237014e+04
1.090378529880661517e+03 1.151721972656250000e+04 1.152187044310360216e+04
1.090398963727988303e+03 1.152183691406250000e+04 1.152188757550499031e+04
1.090419397475663573e+03 1.151841113281250000e+04 1.152190471474813967e+04
1.090439831123687327e+03 1.152359765625000000e+04 1.152192185310595232e+04
1.090460264971945435e+03 1.152191503906250000e+04 1.152193898310286204e+04
1.090480698620434850e+03 1.151655566406250000e+04 1.152195609667653844e+04
1.090501132369041443e+03 1.151816992187500000e+04 1.152197318635122429e+04
1.090521566218230873e+03 1.152456933593750000e+04 1.152199024439985624e+04
1.090541999867651612e+03 1.152618652343750000e+04 1.152200726284491247e+04
1.090562433716841042e+03 1.152176562500000000e+04 1.152202423429205737e+04
1.090582867466844618e+03 1.151848730468750000e+04 1.152204115076556991e+04
1.090603301116731018e+03 1.152216015625000000e+04 1.152205800453848315e+04
1.090623734966851771e+03 1.152212988281250000e+04 1.152207478813097987e+04
1.090644168717786670e+03 1.151924511718750000e+04 1.152209149356954003e+04
1.090664602368138731e+03 1.152196582031250000e+04 1.152210811312716032e+04
1.090685036219190806e+03 1.152277343750000000e+04 1.152212463932116952e+04
1.090705469970591366e+03 1.152265625000000000e+04 1.152214106418088704e+04
1.090725903822109103e+03 1.152263964843750000e+04 1.152215738013975351e+04
1.090746337473858148e+03 1.152921582031250000e+04 1.152217357923209238e+04
1.090766771226190031e+03 1.151881054687500000e+04 1.152218965396982458e+04
1.090787205078173429e+03 1.152488281250000000e+04 1.152220559662328014e+04
1.090807638830970973e+03 1.152424804687500000e+04 1.152222139931023412e+04
1.090828072483651340e+03 1.152166210937500000e+04 1.152223705430500922e+04
1.090848506337031722e+03 1.151598144531250000e+04 1.152225255410989666e+04
1.090868940090294927e+03 1.151729687500000000e+04 1.152226789076848581e+04
1.090889373844023794e+03 1.152764355468750000e+04 1.152228305663040010e+04
1.090909807597752661e+03 1.152133593750000000e+04 1.152229804396822328e+04
1.090930241351947188e+03 1.152746289062500000e+04 1.152231284505524309e+04
1.090950675206258893e+03 1.151888378906250000e+04 1.152232745223513302e+04
1.090971108860801905e+03 1.152288867187500000e+04 1.152234185756792067e+04
1.090991542615927756e+03 1.152511230468750000e+04 1.152235605353977735e+04
1.091011976470705122e+03 1.152953320312500000e+04 1.152237003241986531e+04
1.091032410126179457e+03 1.152168261718750000e+04 1.152238378627823113e+04
1.091052843881770968e+03 1.152311035156250000e+04 1.152239730759101803e+04
1.091073277737945318e+03 1.152133007812500000e+04 1.152241058862798309e+04
1.091093711393885314e+03 1.151493066406250000e+04 1.152242362146835512e+04
1.091114145250525326e+03 1.152259375000000000e+04 1.152243639864072975e+04
1.091134578906930983e+03 1.151901660156250000e+04 1.152244891216739052e+04
1.091155012663919479e+03 1.152303710937500000e+04 1.152246115450744219e+04
1.091175446521025151e+03 1.151969921875000000e+04 1.152247311792949040e+04
1.091195880178827792e+03 1.152187500000000000e+04 1.152248479453324398e+04
1.091216313936281949e+03 1.151936425781250000e+04 1.152249617676459457e+04
1.091236747794318944e+03 1.152523632812500000e+04 1.152250725689260798e+04
1.091257181452587247e+03 1.152043945312500000e+04 1.152251802702960413e+04
1.091277615311089903e+03 1.151952929687500000e+04 1.152252847965928777e+04
1.091298049069475383e+03 1.152041015625000000e+04 1.152253860689860448e+04
1.091318482828792185e+03 1.152114746093750000e+04 1.152254840107293057e+04
1.091338916587643325e+03 1.152160937500000000e+04 1.152255785445452238e+04
1.091359350347425789e+03 1.153629980468750000e+04 1.152256695931695140e+04
1.091379784107208252e+03 1.152556347656250000e+04 1.152257570793271407e+04
1.091400217866990715e+03 1.153045410156250000e+04 1.152258409257474705e+04
1.091420651627238840e+03 1.151415234375000000e+04 1.152259210551616343e+04
1.091441085487604141e+03 1.151850878906250000e+04 1.152259973906616506e+04
1.091461519148666412e+03 1.152257812500000000e+04 1.152260698538863289e+04
1.091481952909380198e+03 1.151594238281250000e+04 1.152261383686536647e+04
1.091502386771142483e+03 1.152131445312500000e+04 1.152262028576389639e+04
1.091522820532321930e+03 1.152514550781250000e+04 1.152262632429348014e+04
1.091543254194315523e+03 1.151957031250000000e+04 1.152263194473353724e+04
1.091563688056077808e+03 1.152258984375000000e+04 1.152263713943610492e+04
1.091584121818654239e+03 1.151875585937500000e+04 1.152264190059495559e+04
1.091604555581230670e+03 1.153087109375000000e+04 1.152264622050927755e+04
1.091624989343807101e+03 1.152052246093750000e+04 1.152265009145200020e+04
1.091645423106849194e+03 1.152049511718750000e+04 1.152265350569613656e+04
1.091665856970474124e+03 1.152192480468750000e+04 1.152265645552788192e+04
1.091686290633864701e+03 1.152026855468750000e+04 1.152265893318018243e+04
1.091706724397838116e+03 1.152217871093750000e+04 1.152266093096591794e+04
1.091727158261928707e+03 1.152166015625000000e+04 1.152266244115084919e+04
1.091747591925784945e+03 1.152169238281250000e+04 1.152266345598932821e+04
1.091768025690689683e+03 1.152100585937500000e+04 1.152266396777287446e+04
1.091788459455594420e+03 1.152372753906250000e+04 1.152266396876817089e+04
1.091808893220499158e+03 1.152737402343750000e+04 1.152266345124814688e+04
1.091829327085986733e+03 1.152614453125000000e+04 1.152266240747928896e+04
1.091849760751705617e+03 1.152238769531250000e+04 1.152266082975373502e+04
1.091870194517541677e+03 1.152641796875000000e+04 1.152265871032518953e+04
1.091890628383494914e+03 1.152565722656250000e+04 1.152265604145855832e+04
1.091911062049679458e+03 1.152331054687500000e+04 1.152265281547000086e+04
1.091931495816446841e+03 1.152826464843750000e+04 1.152264902458909819e+04
1.091951929683331400e+03 1.152186328125000000e+04 1.152264466108048873e+04
1.091972363350447267e+03 1.151449902343750000e+04 1.152263971728536308e+04
1.091992797217797488e+03 1.152349804687500000e+04 1.152263418537980397e+04
1.092013230985496193e+03 1.152378613281250000e+04 1.152262805771356579e+04
1.092033664753660560e+03 1.151525781250000000e+04 1.152262132653386834e+04
1.092054098521824926e+03 1.152065527343750000e+04 1.152261398411378104e+04
1.092074532289989293e+03 1.152883300781250000e+04 1.152260602272622782e+04
1.092094966058619320e+03 1.152156542968750000e+04 1.152259743464393068e+04
1.092115399827715009e+03 1.151792382812500000e+04 1.152258821213977717e+04
1.092135833596810699e+03 1.144134667968750000e+04 1.152257834748687492e+04
1.092156267466023564e+03 1.140616894531250000e+04 1.152256783290503336e+04
1.092176701236050576e+03 1.142681054687500000e+04 1.152255666076965463e+04
1.092197134905960411e+03 1.148258789062500000e+04 1.152254482336385263e+04
1.092217568776104599e+03 1.152679589843750000e+04 1.152253231278162639e+04
1.092238002546597272e+03 1.152012597656250000e+04 1.152251912147451549e+04
1.092258436216972768e+03 1.151403613281250000e+04 1.152250524172578298e+04
1.092278870088048279e+03 1.152522167968750000e+04 1.152249066559890343e+04
1.092299303859472275e+03 1.152536230468750000e+04 1.152247538557586813e+04
1.092319737530779094e+03 1.152284765625000000e+04 1.152245939394032393e+04
1.092340171402320266e+03 1.153100488281250000e+04 1.152244268272486624e+04
1.092360605174675584e+03 1.151816796875000000e+04 1.152242524444193623e+04
1.092381039046682417e+03 1.152374902343750000e+04 1.152240707119466242e+04
1.092401472719386220e+03 1.151968554687500000e+04 1.152238815552726010e+04
1.092421906491741538e+03 1.152172460937500000e+04 1.152236848944135454e+04
1.092442340265028179e+03 1.152970117187500000e+04 1.152234806529935304e+04
1.092462774038314819e+03 1.152597070312500000e+04 1.152232687537505626e+04
1.092483207811601460e+03 1.151764550781250000e+04 1.152230491194138449e+04
1.092503641585353762e+03 1.152372656250000000e+04 1.152228216727073232e+04
1.092524075359571725e+03 1.152238281250000000e+04 1.152225863363596363e+04
1.092544509233441204e+03 1.152025683593750000e+04 1.152223430318990359e+04
1.092564942908007652e+03 1.152608593750000000e+04 1.152220916856729673e+04
1.092585376682691276e+03 1.151932421875000000e+04 1.152218322167863516e+04
1.092605810557957739e+03 1.152482324218750000e+04 1.152215645478422448e+04
1.092626244232989848e+03 1.152365429687500000e+04 1.152212886055706804e+04
1.092646678008604795e+03 1.151092187500000000e+04 1.152210043086992300e+04
1.092667111884336919e+03 1.151825585937500000e+04 1.152207115798399718e+04
1.092687545660417527e+03 1.152204003906250000e+04 1.152204103445832516e+04
1.092707979436963797e+03 1.151970019531250000e+04 1.152201005242441533e+04
1.092728413213044405e+03 1.151384960937500000e+04 1.152197820415659771e+04
1.092748846990056336e+03 1.152666992187500000e+04 1.152194548192558432e+04
1.092769280767068267e+03 1.152616796875000000e+04 1.152191187800571788e+04
1.092789714544545859e+03 1.152536425781250000e+04 1.152187738466912560e+04
1.092810148322023451e+03 1.152619531250000000e+04 1.152184199418947537e+04
1.092830582199618220e+03 1.151564453125000000e+04 1.152180569865962570e+04
1.092851015877909958e+03 1.152551855468750000e+04 1.152176849089095776e+04
1.092871449656318873e+03 1.152212109375000000e+04 1.152173036261783636e+04
1.092891883534844965e+03 1.151952246093750000e+04 1.152169130609959211e+04
1.092912317213602364e+03 1.152593457031250000e+04 1.152165131418915735e+04
1.092932751092594117e+03 1.152890234375000000e+04 1.152161037837649565e+04
1.092953184871934354e+03 1.152011914062500000e+04 1.152156849152830364e+04
1.092973618551623076e+03 1.152961132812500000e+04 1.152152564593147326e+04
1.093014486211352050e+03 1.152406054687500000e+04 1.152143704631264336e+04
1.093034919891972095e+03 1.151903320312500000e+04 1.152139127748561077e+04
1.093055353772360831e+03 1.152112890625000000e+04 1.152134451833789717e+04
1.093075787553098053e+03 1.152562890625000000e+04 1.152129676182028925e+04
1.093096221334300935e+03 1.152747753906250000e+04 1.152124799997896298e+04
1.093116655115503818e+03 1.151799609375000000e+04 1.152119822508790458e+04
1.093137088897172362e+03 1.151207128906250000e+04 1.152114742941886288e+04
1.093157522679306567e+03 1.152331835937500000e+04 1.152109560524467270e+04
1.093177956460975111e+03 1.152259179687500000e+04 1.152104274484061170e+04
1.093198390243574977e+03 1.152713183593750000e+04 1.152098884047594038e+04
1.093218824026174843e+03 1.152228320312500000e+04 1.152093388442595642e+04
1.093239257808774710e+03 1.151721875000000000e+04 1.152087786896356920e+04
1.093259691691957414e+03 1.151791601562500000e+04 1.152082078607806579e+04
1.093280125375371426e+03 1.152203222656250000e+04 1.152076262888920974e+04
1.093300559158902615e+03 1.152082128906250000e+04 1.152070338882427313e+04
1.093320993043016642e+03 1.152225878906250000e+04 1.152064305813881037e+04
1.093341426827013493e+03 1.151987597656250000e+04 1.152058162969822115e+04
1.093361860511358827e+03 1.151614746093750000e+04 1.152051909579017592e+04
1.093382294395938516e+03 1.151390136718750000e+04 1.152045544776163297e+04
1.093402728180866688e+03 1.151970117187500000e+04 1.152039067881134906e+04
1.093423161866143346e+03 1.151397460937500000e+04 1.152032478122868997e+04
1.093443595751654357e+03 1.152005468750000000e+04 1.152025774631107925e+04
1.093464029537048191e+03 1.151982324218750000e+04 1.152018956730837090e+04
1.093484463322907686e+03 1.152316796875000000e+04 1.152012023616623628e+04
1.093504897109232843e+03 1.152162500000000000e+04 1.152004974515749382e+04
1.093525330895558000e+03 1.152107031250000000e+04 1.151997808655662084e+04
