8.205760797909460962e+02 1.109246679687500000e+04 1.109706606446722071e+04
8.205965141607448459e+02 1.108644726562500000e+04 1.109706089996195806e+04
8.206169484299607575e+02 1.109941601562500000e+04 1.109705576228751306e+04
8.206373825995251536e+02 1.110623437500000000e+04 1.109705065136061785e+04
8.206578169688582420e+02 1.109494628906250000e+04 1.109704556702392802e+04
8.206782512380741537e+02 1.110990429687500000e+04 1.109704050926961463e+04
8.206986854067072272e+02 1.109313183593750000e+04 1.109703547801475361e+04
8.207191197760403156e+02 1.110275781250000000e+04 1.109703047310272086e+04
8.207395540447905660e+02 1.109394140625000000e+04 1.109702549452484527e+04
8.207599882138893008e+02 1.110189062500000000e+04 1.109702054219788261e+04
8.207804225822910666e+02 1.109691894531250000e+04 1.109701561596692045e+04
8.208008568510413170e+02 1.110424804687500000e+04 1.109701071582157783e+04
8.208212910196743906e+02 1.109319433593750000e+04 1.109700584167893612e+04
8.208417253885418177e+02 1.110000878906250000e+04 1.109700099338490691e+04
8.208621596568264067e+02 1.110539355468750000e+04 1.109699617092839981e+04
8.208825939251109958e+02 1.109608496093750000e+04 1.109699137420284751e+04
8.209030281933955848e+02 1.109579296875000000e+04 1.109698660312560423e+04
8.209234624616801739e+02 1.109113574218750000e+04 1.109698185761402419e+04
8.209438967294991016e+02 1.109616503906250000e+04 1.109697713758557074e+04
8.209643309973180294e+02 1.109160449218750000e+04 1.109697244295749260e+04
8.209847652656026185e+02 1.110436718750000000e+04 1.109696777364703848e+04
8.210051995334215462e+02 1.110159277343750000e+04 1.109696312957177724e+04
8.210256338012404740e+02 1.110099511718750000e+04 1.109695851064895942e+04
8.210460680685937405e+02 1.109350000000000000e+04 1.109695391679603927e+04
8.210665023364126682e+02 1.109815136718750000e+04 1.109694934793016910e+04
8.210869366037659347e+02 1.109910742187500000e+04 1.109694480396891049e+04
8.211073708711192012e+02 1.110047070312500000e+04 1.109694028482951398e+04
8.211278052385896444e+02 1.109260351562500000e+04 1.109693579040737677e+04
8.211482394058257341e+02 1.109684765625000000e+04 1.109693132068573505e+04
8.211686737728305161e+02 1.109376464843750000e+04 1.109692687549444236e+04
8.211891080401837826e+02 1.109801269531250000e+04 1.109692245481617647e+04
8.212095422069542110e+02 1.109394531250000000e+04 1.109691805856812789e+04
8.212504108408465981e+02 1.109685253906250000e+04 1.109690933890293854e+04
8.212708450076170266e+02 1.110028222656250000e+04 1.109690501538458921e+04
8.212912793741561472e+02 1.109381738281250000e+04 1.109690071590215121e+04
8.213117136405780911e+02 1.109322851562500000e+04 1.109689644043625594e+04
8.213321478073485196e+02 1.110061523437500000e+04 1.109689218890381198e+04
8.213525821734219790e+02 1.110290234375000000e+04 1.109688796116014237e+04
8.213730164398439229e+02 1.110342382812500000e+04 1.109688375718463431e+04
8.213934508063830435e+02 1.110194238281250000e+04 1.109687957685353831e+04
8.214138849722221494e+02 1.109315527343750000e+04 1.109687542014558494e+04
8.214343192381784320e+02 1.110027441406250000e+04 1.109687128691675389e+04
8.214547535041347146e+02 1.109630761718750000e+04 1.109686717710483208e+04
8.214751877700909972e+02 1.108937109375000000e+04 1.109686309062717191e+04
8.214956220360472798e+02 1.109863867187500000e+04 1.109685902740112761e+04
8.215160563015379012e+02 1.110205664062500000e+04 1.109685498734414796e+04
8.215364905670285225e+02 1.110231347656250000e+04 1.109685097037349624e+04
8.215569248325191438e+02 1.109126660156250000e+04 1.109684697640653030e+04
8.215773590980097651e+02 1.109732519531250000e+04 1.109684300536059891e+04
8.215977933635003865e+02 1.110060742187500000e+04 1.109683905715306719e+04
8.216182276289910078e+02 1.109780371093750000e+04 1.109683513170128572e+04
8.216386619941331446e+02 1.109926171875000000e+04 1.109683122890363120e+04
8.216590961590409279e+02 1.109345410156250000e+04 1.109682734873456684e+04
8.216795305241830647e+02 1.109217675781250000e+04 1.109682349103541310e+04
8.216999647892080247e+02 1.109208105468750000e+04 1.109681965578038580e+04
8.217203989541158080e+02 1.109211621093750000e+04 1.109681584288650993e+04
8.217408333187922835e+02 1.110086816406250000e+04 1.109681205221535129e+04
8.217612675833515823e+02 1.108981542968750000e+04 1.109680828374005614e+04
8.217817017477937043e+02 1.109787402343750000e+04 1.109680453737765674e+04
8.218021361124701798e+02 1.110729882812500000e+04 1.109680081299060839e+04
8.218225703770294785e+02 1.109868652343750000e+04 1.109679711055116059e+04
8.218430045410059392e+02 1.109579003906250000e+04 1.109679342997644017e+04
8.218634389052167535e+02 1.109159863281250000e+04 1.109678977112977373e+04
8.218838731693103909e+02 1.109050585937500000e+04 1.109678613398245943e+04
8.219043073337525129e+02 1.109212304687500000e+04 1.109678251845145314e+04
8.219451759615913033e+02 1.109624218750000000e+04 1.109677535180230370e+04
8.219656103253364563e+02 1.110154003906250000e+04 1.109677180053676602e+04
8.219860444888472557e+02 1.109676660156250000e+04 1.109676827057407172e+04
8.220064787524752319e+02 1.109489257812500000e+04 1.109676476177953373e+04
8.220269131157547235e+02 1.109679492187500000e+04 1.109676127407089916e+04
8.220473472792655230e+02 1.109954003906250000e+04 1.109675780741647395e+04
8.220677815428934991e+02 1.109100781250000000e+04 1.109675436168258420e+04
8.220882159061729908e+02 1.109309960937500000e+04 1.109675093678697158e+04
8.221086501693353057e+02 1.109834179687500000e+04 1.109674753268046879e+04
8.221290843323804438e+02 1.109131445312500000e+04 1.109674414928013357e+04
8.221495186951942742e+02 1.109403125000000000e+04 1.109674078645381451e+04
8.221699529583565891e+02 1.108773144531250000e+04 1.109673744416829504e+04
8.221903872210532427e+02 1.109655468750000000e+04 1.109673412232455485e+04
8.222108214837498963e+02 1.110839257812500000e+04 1.109673082083987356e+04
8.222312556463293731e+02 1.110456054687500000e+04 1.109672753964763251e+04
8.222516900091432035e+02 1.110412792968750000e+04 1.109672427861711367e+04
8.222721242713741958e+02 1.109560742187500000e+04 1.109672103771382172e+04
8.222925584339536726e+02 1.109420996093750000e+04 1.109671781685466522e+04
8.223129927963018417e+02 1.109151855468750000e+04 1.109671461590995932e+04
8.223334270585328341e+02 1.109980078125000000e+04 1.109671143484417917e+04
8.223538612206466496e+02 1.109031250000000000e+04 1.109670827357438611e+04
8.223742955825291574e+02 1.109835937500000000e+04 1.109670513197168839e+04
8.223947298442944884e+02 1.109208691406250000e+04 1.109670200999969347e+04
8.224151640059426427e+02 1.109857910156250000e+04 1.109669890757546273e+04
8.224355983678251505e+02 1.109575878906250000e+04 1.109669582457089928e+04
8.224560326295904815e+02 1.109605371093750000e+04 1.109669276094881570e+04
8.224764669914729893e+02 1.109180761718750000e+04 1.109668971659654562e+04
8.224969011526554823e+02 1.109167773437500000e+04 1.109668669147611945e+04
8.225173354139551520e+02 1.109934960937500000e+04 1.109668368546021520e+04
8.225377697753719985e+02 1.109460937500000000e+04 1.109668069846647450e+04
8.225582039365544915e+02 1.109995605468750000e+04 1.109667773045601461e+04
8.225786381978541613e+02 1.110404003906250000e+04 1.109667478130242671e+04
8.225990725588053465e+02 1.110035156250000000e+04 1.109667185092341060e+04
8.226195068196393549e+02 1.109531347656250000e+04 1.109666893926496778e+04
8.226399409808218479e+02 1.109660937500000000e+04 1.109666604624411229e+04
8.226603753413073719e+02 1.109940136718750000e+04 1.109666317173601783e+04
8.226808096021413803e+02 1.109457617187500000e+04 1.109666031570021732e+04
8.227012437623925507e+02 1.109545605468750000e+04 1.109665747805393767e+04
8.227216781233437359e+02 1.108946386718750000e+04 1.109665465867282546e+04
8.227421123837120831e+02 1.109592285156250000e+04 1.109665185751594072e+04
8.227625467437319458e+02 1.109493554687500000e+04 1.109664907447318546e+04
8.227829809039831161e+02 1.108741113281250000e+04 1.109664630950256833e+04
8.228034151643514633e+02 1.109325390625000000e+04 1.109664356248072909e+04
8.228238495243713260e+02 1.109839941406250000e+04 1.109664083332535120e+04
8.228442836841568351e+02 1.109747558593750000e+04 1.109663812199371023e+04
8.228647178439423442e+02 1.109500097656250000e+04 1.109663542837633577e+04
8.228851522039622068e+02 1.109479296875000000e+04 1.109663275236444679e+04
8.229055864633992314e+02 1.108965429687500000e+04 1.109663009391492051e+04
8.229260206231847405e+02 1.109631835937500000e+04 1.109662745294473643e+04
8.229464549827389419e+02 1.109124511718750000e+04 1.109662482933267893e+04
8.229668892421759665e+02 1.109083886718750000e+04 1.109662222303473391e+04
8.229873236012645066e+02 1.109805175781250000e+04 1.109661963394278064e+04
8.230077577605843544e+02 1.110004492187500000e+04 1.109661706201197376e+04
8.230281920195557177e+02 1.109547167968750000e+04 1.109661450712187252e+04
8.230486263786442578e+02 1.110073730468750000e+04 1.109661196919001304e+04
8.230690605374984443e+02 1.109175683593750000e+04 1.109660944817093878e+04
8.230894947964698076e+02 1.108767773437500000e+04 1.109660694394481470e+04
8.231099291550926864e+02 1.109055175781250000e+04 1.109660445642931154e+04
8.231303634140640497e+02 1.109752636718750000e+04 1.109660198556603791e+04
8.231507975724525750e+02 1.109784960937500000e+04 1.109659953127221888e+04
8.231712319310754538e+02 1.110004199218750000e+04 1.109659709342920905e+04
8.231916661895811558e+02 1.109363378906250000e+04 1.109659467199030769e+04
8.232121003475040197e+02 1.109393652343750000e+04 1.109659226687268892e+04
8.232325347061268985e+02 1.109883300781250000e+04 1.109658987795836765e+04
8.232529689641669393e+02 1.109862109375000000e+04 1.109658750520003741e+04
8.232734033223241568e+02 1.109898925781250000e+04 1.109658514849175117e+04
8.232938374802470207e+02 1.109537695312500000e+04 1.109658280778538392e+04
8.233142717378214002e+02 1.109715820312500000e+04 1.109658048296382549e+04
8.233347060955129564e+02 1.109686230468750000e+04 1.109657817394461017e+04
8.233551402534358203e+02 1.109648144531250000e+04 1.109657588067886354e+04
8.233755745110101998e+02 1.109495019531250000e+04 1.109657360305022303e+04
8.233960088682360947e+02 1.109777734375000000e+04 1.109657134097627204e+04
8.234164430256932974e+02 1.109655664062500000e+04 1.109656909440739764e+04
8.234368772828020155e+02 1.109062792968750000e+04 1.109656686322793212e+04
8.234573116400279105e+02 1.109246582031250000e+04 1.109656464735538975e+04
8.234777457974851131e+02 1.109098535156250000e+04 1.109656244673954643e+04
8.234981800541281700e+02 1.109569824218750000e+04 1.109656026126544748e+04
8.235186143112368882e+02 1.109801855468750000e+04 1.109655809086111549e+04
8.235390485683456063e+02 1.109855957031250000e+04 1.109655593544395742e+04
8.235594829246401787e+02 1.109121093750000000e+04 1.109655379492097381e+04
8.235799170816317201e+02 1.110560156250000000e+04 1.109655166924068180e+04
8.236003513378091156e+02 1.109732812500000000e+04 1.109654955828927632e+04
8.236207856945693493e+02 1.109598632812500000e+04 1.109654746198418434e+04
8.236412199507467449e+02 1.109472753906250000e+04 1.109654538026339651e+04
8.236616541072726250e+02 1.109832324218750000e+04 1.109654331304396328e+04
8.236820884631015360e+02 1.110082519531250000e+04 1.109654126021310367e+04
8.237025227192789316e+02 1.108955468750000000e+04 1.109653922171830345e+04
8.237229568753391504e+02 1.109301074218750000e+04 1.109653719747676223e+04
8.237433912311680615e+02 1.109474707031250000e+04 1.109653518737623199e+04
8.237638254868797958e+02 1.110003125000000000e+04 1.109653319136367099e+04
8.237842596429400146e+02 1.110429101562500000e+04 1.109653120935618426e+04
8.238046939983032644e+02 1.109378808593750000e+04 1.109652924124222773e+04
8.238251282540149987e+02 1.109665136718750000e+04 1.109652728696805752e+04
8.238455626093782485e+02 1.109958691406250000e+04 1.109652534643196486e+04
8.238659967645071447e+02 1.109817968750000000e+04 1.109652341957968747e+04
8.238864310197532177e+02 1.110437597656250000e+04 1.109652150630015421e+04
8.239068653751164675e+02 1.110167285156250000e+04 1.109651960651092304e+04
8.239272995297797024e+02 1.109931152343750000e+04 1.109651772015721690e+04
8.239477337850257754e+02 1.109557714843750000e+04 1.109651584712847580e+04
8.239681681399233639e+02 1.109786523437500000e+04 1.109651398734234317e+04
8.239886022945865989e+02 1.109777929687500000e+04 1.109651214074336895e+04
8.240090365493670106e+02 1.109634179687500000e+04 1.109651030722166797e+04
8.240294709037989378e+02 1.110082226562500000e+04 1.109650848669482730e+04
8.240499050584621727e+02 1.110147949218750000e+04 1.109650667910679294e+04
8.240703393127769232e+02 1.110080273437500000e+04 1.109650488434833096e+04
8.240907736667431891e+02 1.109863574218750000e+04 1.109650310233698474e+04
8.241112079210579395e+02 1.109268164062500000e+04 1.109650133300749258e+04
8.241316421753726900e+02 1.109636328125000000e+04 1.109649957626849027e+04
8.241520764292217791e+02 1.108979296875000000e+04 1.109649783203737206e+04
8.241725106830708683e+02 1.110442578125000000e+04 1.109649610023145215e+04
8.241929449369199574e+02 1.110308007812500000e+04 1.109649438076808656e+04
8.242133791907690465e+02 1.108992871093750000e+04 1.109649267356463315e+04
8.242338134441524744e+02 1.108957714843750000e+04 1.109649097853848434e+04
8.242542476980015635e+02 1.110425781250000000e+04 1.109648929560691977e+04
8.242746819513849914e+02 1.109365429687500000e+04 1.109648762468737186e+04
8.242951161046512425e+02 1.109833300781250000e+04 1.109648596570525478e+04
8.243155504576861858e+02 1.108405273437500000e+04 1.109648431855367198e+04
8.243359847110696137e+02 1.102232128906250000e+04 1.109648268317419206e+04
8.243564190641045570e+02 1.098667285156250000e+04 1.109648105946822579e+04
8.243768532169051468e+02 1.099375000000000000e+04 1.109647944737686703e+04
8.243972874698229134e+02 1.106293261718750000e+04 1.109647784679369579e+04
8.244177218223921955e+02 1.109971093750000000e+04 1.109647625763627002e+04
8.244381559751927853e+02 1.109558203125000000e+04 1.109647467984514878e+04
8.244585902276448905e+02 1.109810156250000000e+04 1.109647311331448509e+04
8.244790245802141726e+02 1.110185156250000000e+04 1.109647155796176594e+04
8.244994587325491011e+02 1.109573632812500000e+04 1.109647001372712293e+04
8.245198929850012064e+02 1.109530371093750000e+04 1.109646848050513108e+04
8.245403273371048272e+02 1.110088281250000000e+04 1.109646695821335015e+04
8.245607614889740944e+02 1.109733300781250000e+04 1.109646544679138606e+04
8.245811957409605384e+02 1.109966699218750000e+04 1.109646394613431039e+04
8.246016300930641592e+02 1.109875488281250000e+04 1.109646245615962835e+04
8.246220643445849419e+02 1.109375195312500000e+04 1.109646097679932609e+04
8.246424985965713859e+02 1.110096289062500000e+04 1.109645950796338002e+04
8.246629328480921686e+02 1.109893066406250000e+04 1.109645804956919892e+04
8.246833670996129513e+02 1.109364746093750000e+04 1.109645660153411154e+04
8.247038013511337340e+02 1.110180468750000000e+04 1.109645516377547210e+04
8.247242356021888554e+02 1.109449316406250000e+04 1.109645373621067301e+04
8.247446698537096381e+02 1.109938867187500000e+04 1.109645231875699938e+04
8.247651041047647595e+02 1.110111914062500000e+04 1.109645091133187270e+04
8.247855383558198810e+02 1.110229199218750000e+04 1.109644951385261993e+04
8.248059726064093411e+02 1.110019824218750000e+04 1.109644812623662438e+04
8.248264068574644625e+02 1.110380371093750000e+04 1.109644674840118387e+04
8.248468411080539227e+02 1.110080273437500000e+04 1.109644538026370901e+04
8.248672753586433828e+02 1.108679589843750000e+04 1.109644402174152856e+04
8.248877096092328429e+02 1.109725195312500000e+04 1.109644267275200400e+04
8.249285782100632787e+02 1.110025390625000000e+04 1.109644000303385837e+04
8.249490123600699008e+02 1.109883789062500000e+04 1.109643868215294060e+04
8.249694466101936996e+02 1.109124414062500000e+04 1.109643737046760361e+04
8.249898809604346752e+02 1.109970507812500000e+04 1.109643606789533624e+04
8.250103151104412973e+02 1.109466699218750000e+04 1.109643477437257388e+04
8.250307493600994349e+02 1.109680371093750000e+04 1.109643348979762231e+04
8.250511837098747492e+02 1.110644921875000000e+04 1.109643221408794125e+04
8.250716178594157100e+02 1.109715527343750000e+04 1.109643094717956774e+04
8.250920521090738475e+02 1.110261523437500000e+04 1.109642968897117316e+04
8.251124864588491619e+02 1.109672949218750000e+04 1.109642843938024089e+04
8.251329206079244614e+02 1.110475097656250000e+04 1.109642719834246236e+04
8.251533548571169376e+02 1.109543652343750000e+04 1.109642596575685820e+04
8.251737892064265907e+02 1.109232714843750000e+04 1.109642474154090814e+04
8.251942234556190670e+02 1.109241406250000000e+04 1.109642352562396263e+04
8.252146577043458819e+02 1.109311328125000000e+04 1.109642231791738959e+04
8.252350919530726969e+02 1.110190917968750000e+04 1.109642111833851413e+04
8.252555262017995119e+02 1.109765136718750000e+04 1.109641992680469230e+04
8.252759605506435037e+02 1.109462890625000000e+04 1.109641874322750118e+04
8.252963946992531419e+02 1.109321289062500000e+04 1.109641756754163907e+04
8.253168289475142956e+02 1.109203125000000000e+04 1.109641639964714341e+04
8.253372632958926260e+02 1.109864550781250000e+04 1.109641523946146117e+04
8.253576974440366030e+02 1.109260058593750000e+04 1.109641408691894503e+04
8.253781316922977567e+02 1.110082324218750000e+04 1.109641294191995075e+04
8.253985660402104259e+02 1.110150781250000000e+04 1.109641180438197262e+04
8.254190001883544028e+02 1.109615625000000000e+04 1.109641067423898130e+04
8.254394344361498952e+02 1.110137695312500000e+04 1.109640955139171638e+04
8.254598686839453876e+02 1.109189550781250000e+04 1.109640843576306543e+04
8.254803029317408800e+02 1.109592968750000000e+04 1.109640732727038449e+04
8.255007372791878879e+02 1.109584960937500000e+04 1.109640622582567266e+04
8.255211714268662035e+02 1.109499707031250000e+04 1.109640513136237678e+04
8.255416056741960347e+02 1.109650097656250000e+04 1.109640404378176208e+04
8.255620400211773813e+02 1.109238085937500000e+04 1.109640296300128466e+04
8.255824741683900356e+02 1.109164746093750000e+04 1.109640188895408937e+04
8.256029084157198668e+02 1.109295117187500000e+04 1.109640082154171978e+04
8.256233427627012134e+02 1.109451562500000000e+04 1.109639976068165197e+04
8.256437769094482064e+02 1.109273632812500000e+04 1.109639870630675978e+04
8.256642111563123763e+02 1.109808593750000000e+04 1.109639765831886325e+04
8.256846455028280616e+02 1.109428320312500000e+04 1.109639661663542574e+04
8.257050797496922314e+02 1.109715917968750000e+04 1.109639558118396599e+04
8.257255138959735632e+02 1.110048730468750000e+04 1.109639455188180000e+04
8.257459482424892485e+02 1.110101660156250000e+04 1.109639352863117165e+04
8.257663824884220958e+02 1.109808105468750000e+04 1.109639251136454550e+04
8.257868167348206043e+02 1.109426757812500000e+04 1.109639149999419715e+04
8.258072509807534516e+02 1.109554492187500000e+04 1.109639049443754084e+04
8.258276852266862988e+02 1.109954492187500000e+04 1.109638949461189986e+04
8.258481195727363229e+02 1.109320214843750000e+04 1.109638850042977356e+04
8.258685537180863321e+02 1.109604394531250000e+04 1.109638751182311898e+04
8.258889879640191793e+02 1.109370019531250000e+04 1.109638652869466750e+04
8.259094223096035421e+02 1.110245605468750000e+04 1.109638555096190248e+04
8.259298564549535513e+02 1.109493359375000000e+04 1.109638457855649176e+04
8.259502907004207373e+02 1.110101464843750000e+04 1.109638361138145410e+04
8.259707250455394387e+02 1.109948828125000000e+04 1.109638264935424741e+04
8.259911591908894479e+02 1.109762597656250000e+04 1.109638169240628849e+04
8.260115935360081494e+02 1.108901464843750000e+04 1.109638074043621600e+04
8.260320277805440128e+02 1.109963769531250000e+04 1.109637979337542129e+04
8.260524619254283607e+02 1.109596777343750000e+04 1.109637885114114033e+04
8.260728962700814009e+02 1.110090625000000000e+04 1.109637791363696306e+04
8.260933305150829256e+02 1.109729687500000000e+04 1.109637698079400616e+04
8.261137647596187890e+02 1.109635839843750000e+04 1.109637605252507637e+04
8.261341990041546524e+02 1.109276953125000000e+04 1.109637512874750246e+04
8.261546332482248545e+02 1.109564160156250000e+04 1.109637420937866045e+04
8.261750674927607179e+02 1.109864160156250000e+04 1.109637329433586638e+04
8.261955017368309200e+02 1.110060937500000000e+04 1.109637238353651992e+04
8.262159359809011221e+02 1.108965917968750000e+04 1.109637147689794438e+04
8.262363701243884861e+02 1.109370800781250000e+04 1.109637057434194503e+04
8.262568044685758650e+02 1.109672070312500000e+04 1.109636967577259202e+04
8.262772387121804059e+02 1.109421972656250000e+04 1.109636878112051636e+04
8.262976729557849467e+02 1.108534667968750000e+04 1.109636789029864485e+04
8.263181071993894875e+02 1.109958691406250000e+04 1.109636700322433353e+04
8.263385414425283670e+02 1.109368750000000000e+04 1.109636611981495844e+04
8.263589757862500846e+02 1.109615039062500000e+04 1.109636523998352823e+04
8.263794099292717874e+02 1.109292382812500000e+04 1.109636436366035196e+04
8.263998441724106669e+02 1.109727148437500000e+04 1.109636349074985992e+04
8.264202785152010620e+02 1.109660937500000000e+04 1.109636262116947182e+04
8.264407126582227647e+02 1.109929785156250000e+04 1.109636175484926207e+04
8.264611469008959830e+02 1.109214746093750000e+04 1.109636089169387560e+04
8.264815812436863780e+02 1.109094628906250000e+04 1.109636003162068300e+04
8.265020153862424195e+02 1.109503320312500000e+04 1.109635917455967137e+04
8.265224496289156377e+02 1.109298535156250000e+04 1.109635832041556750e+04
8.265428839712403715e+02 1.109670507812500000e+04 1.109635746910579837e+04
8.265633181133307517e+02 1.109636230468750000e+04 1.109635662056018555e+04
8.265837524556554854e+02 1.109585449218750000e+04 1.109635577467945768e+04
8.266041866978630424e+02 1.109941015625000000e+04 1.109635493139342361e+04
8.266246208399534225e+02 1.109819531250000000e+04 1.109635409061940300e+04
8.266450551818124950e+02 1.109416992187500000e+04 1.109635325226242276e+04
8.266654894235543907e+02 1.114847460937500000e+04 1.109635241625216986e+04
8.266859236652962863e+02 1.109435156250000000e+04 1.109635158250188397e+04
8.267063579065725207e+02 1.108874609375000000e+04 1.109635075092893567e+04
8.267267921483144164e+02 1.109886132812500000e+04 1.109634992145065189e+04
8.267472263895906508e+02 1.109504785156250000e+04 1.109634909398441596e+04
8.267676606308668852e+02 1.109727148437500000e+04 1.109634826844757117e+04
8.267880948716774583e+02 1.110415625000000000e+04 1.109634744475749176e+04
8.268085291129536927e+02 1.109394140625000000e+04 1.109634662283149737e+04
8.268289633537642658e+02 1.109927050781250000e+04 1.109634580258697679e+04
8.268493975945748389e+02 1.109978515625000000e+04 1.109634498394127149e+04
8.268698319355025887e+02 1.109426757812500000e+04 1.109634416680773575e+04
8.268902660757303238e+02 1.109045410156250000e+04 1.109634335111574546e+04
8.269107003165408969e+02 1.109120019531250000e+04 1.109634253677061497e+04
8.269311346570029855e+02 1.109238281250000000e+04 1.109634172368976033e+04
8.269515687972307205e+02 1.109720996093750000e+04 1.109634091180246105e+04
8.269720030375756323e+02 1.109650195312500000e+04 1.109634010101413332e+04
8.269924373775720596e+02 1.109717187500000000e+04 1.109633929124216593e+04
8.270128715173341334e+02 1.108817871093750000e+04 1.109633848241578744e+04
8.270333057572133839e+02 1.109012304687500000e+04 1.109633767444046316e+04
8.270537400972098112e+02 1.110060058593750000e+04 1.109633686723355640e+04
8.270741742369718850e+02 1.109260839843750000e+04 1.109633606072429029e+04
8.270946084763854742e+02 1.109592773437500000e+04 1.109633525481817196e+04
8.271150428159162402e+02 1.110096777343750000e+04 1.109633444943255199e+04
8.271354769552126527e+02 1.109996484375000000e+04 1.109633364449661713e+04
8.271559112947434187e+02 1.111140722656250000e+04 1.109633283991195458e+04
8.271763455336913466e+02 1.109624707031250000e+04 1.109633203560776019e+04
8.271967797726392746e+02 1.109349023437500000e+04 1.109633123149743187e+04
8.272172140115872025e+02 1.109220410156250000e+04 1.109633042749832384e+04
8.272376482505351305e+02 1.109259277343750000e+04 1.109632962352779396e+04
8.272580824894830585e+02 1.109750781250000000e+04 1.109632881950319461e+04
8.272785167279653251e+02 1.109089746093750000e+04 1.109632801534190548e+04
8.272989509664475918e+02 1.109516699218750000e+04 1.109632721096126261e+04
8.273193852049298584e+02 1.109874804687500000e+04 1.109632640627862202e+04
8.273398195430636406e+02 1.109653613281250000e+04 1.109632560120741255e+04
8.273602536814287305e+02 1.109891113281250000e+04 1.109632479567678638e+04
8.273806879194453359e+02 1.109485839843750000e+04 1.109632398959230159e+04
8.274011222575791180e+02 1.109146191406250000e+04 1.109632318287129237e+04
8.274215563954785466e+02 1.109973828125000000e+04 1.109632237544297095e+04
8.274419907331466675e+02 1.109140820312500000e+04 1.109632156720889361e+04
8.274624249706976116e+02 1.109869726562500000e+04 1.109632075809826347e+04
8.274828591081313789e+02 1.109869238281250000e+04 1.109631994802845293e+04
8.275032934457994998e+02 1.109618750000000000e+04 1.109631913690490910e+04
8.275237275832332671e+02 1.109397265625000000e+04 1.109631832466087872e+04
8.275441618203185499e+02 1.109646191406250000e+04 1.109631751120181070e+04
8.275645961575210094e+02 1.109788183593750000e+04 1.109631669644501744e+04
8.275850302944891155e+02 1.109333496093750000e+04 1.109631588031984938e+04
8.276054645315743983e+02 1.109459863281250000e+04 1.109631506273166451e+04
8.276258988683111966e+02 1.109462304687500000e+04 1.109631424359782977e+04
8.276463330048136413e+02 1.109985156250000000e+04 1.109631342284772654e+04
8.276667672414332628e+02 1.110030566406250000e+04 1.109631260038666187e+04
8.276872015781700611e+02 1.109557031250000000e+04 1.109631177613196087e+04
8.277076358143240213e+02 1.109052539062500000e+04 1.109631095000908317e+04
8.277280700509436429e+02 1.109481054687500000e+04 1.109631012193130664e+04
8.277485042870976031e+02 1.110286035156250000e+04 1.109630929181602914e+04
8.277689385232515633e+02 1.109812304687500000e+04 1.109630845958058308e+04
8.277893727589398623e+02 1.109791601562500000e+04 1.109630762514234630e+04
8.278098069950938225e+02 1.110271582031250000e+04 1.109630678841863846e+04
8.278302412307821214e+02 1.110480664062500000e+04 1.109630594932685563e+04
8.278506754664704204e+02 1.109204882812500000e+04 1.109630510778432654e+04
8.278711097016930580e+02 1.109305664062500000e+04 1.109630426370843270e+04
8.279119782727211714e+02 1.109509570312500000e+04 1.109630256762172939e+04
8.279324124078266323e+02 1.109967773437500000e+04 1.109630171545398480e+04
8.279528466425836086e+02 1.108815722656250000e+04 1.109630086041813047e+04
8.279732809779234231e+02 1.110271484375000000e+04 1.109630000243144241e+04
8.279937151125632226e+02 1.109765527343750000e+04 1.109629914142394773e+04
8.280141494474373758e+02 1.110032324218750000e+04 1.109629827729610770e+04
8.280345836821943521e+02 1.109401074218750000e+04 1.109629740997795489e+04
8.280550178168341517e+02 1.110181835937500000e+04 1.109629653938689444e+04
8.280754521512426436e+02 1.109943457031250000e+04 1.109629566542748398e+04
8.280958863855339587e+02 1.109690234375000000e+04 1.109629478802987796e+04
8.281163205197080970e+02 1.109744433593750000e+04 1.109629390711148517e+04
8.281367548541165888e+02 1.110947363281250000e+04 1.109629302257668678e+04
8.281571890879422426e+02 1.109800683593750000e+04 1.109629213435583370e+04
8.281776232216507196e+02 1.109417187500000000e+04 1.109629124236631287e+04
8.281980575555935502e+02 1.109538769531250000e+04 1.109629034651234724e+04
8.282184916893020272e+02 1.109259863281250000e+04 1.109628944672884609e+04
8.282389260227791965e+02 1.109918457031250000e+04 1.109628854291555763e+04
8.282593602561391890e+02 1.109497265625000000e+04 1.109628763500306741e+04
8.282797944899648428e+02 1.110608984375000000e+04 1.109628672290428949e+04
8.283002287228591740e+02 1.110123632812500000e+04 1.109628580653664721e+04
8.283206629562191665e+02 1.109578125000000000e+04 1.109628488581743295e+04
8.283410971891134977e+02 1.109515722656250000e+04 1.109628396066404457e+04
8.283615315221250057e+02 1.109664746093750000e+04 1.109628303098925244e+04
8.283819656549021602e+02 1.109715917968750000e+04 1.109628209672411140e+04
8.284023998877964914e+02 1.109817968750000000e+04 1.109628115777227504e+04
8.284228342203423381e+02 1.109990722656250000e+04 1.109628021405105392e+04
8.284432683526538312e+02 1.109662597656250000e+04 1.109627926549168842e+04
8.284637025850825012e+02 1.108638281250000000e+04 1.109627831199763204e+04
8.284841369176283479e+02 1.109763574218750000e+04 1.109627735348616261e+04
8.285045710494741797e+02 1.109272460937500000e+04 1.109627638988878971e+04
8.285250053815543652e+02 1.109192578125000000e+04 1.109627542110395916e+04
8.285454396135173738e+02 1.109855566406250000e+04 1.109627444706322422e+04
8.285658737453632057e+02 1.109042382812500000e+04 1.109627346768402458e+04
8.285863080769777298e+02 1.109571679687500000e+04 1.109627248286930808e+04
8.286067423089407384e+02 1.109265820312500000e+04 1.109627149255080803e+04
8.286271764403209090e+02 1.109492675781250000e+04 1.109627049664601873e+04
8.286476107714697719e+02 1.109937500000000000e+04 1.109626949505761513e+04
8.286680450029671192e+02 1.109255957031250000e+04 1.109626848771758159e+04
8.286884791338816285e+02 1.109232910156250000e+04 1.109626747454340875e+04
8.287089134650304914e+02 1.109635546875000000e+04 1.109626645543749328e+04
8.287293476960621774e+02 1.109138281250000000e+04 1.109626543033212874e+04
8.287497819270938635e+02 1.109961425781250000e+04 1.109626439913969443e+04
8.287702161576598883e+02 1.109299023437500000e+04 1.109626336177756639e+04
8.287906503882259130e+02 1.109399414062500000e+04 1.109626231816307700e+04
8.288110846187919378e+02 1.109722949218750000e+04 1.109626126821358775e+04
8.288315188493579626e+02 1.109599218750000000e+04 1.109626021184644924e+04
8.288519530794583261e+02 1.109681054687500000e+04 1.109625914897904295e+04
8.288723873095586896e+02 1.109706054687500000e+04 1.109625807952870127e+04
8.288928215396590531e+02 1.109351953125000000e+04 1.109625700341278207e+04
8.289132557697594166e+02 1.109908984375000000e+04 1.109625592054864319e+04
8.289336900995112956e+02 1.109513085937500000e+04 1.109625483084830012e+04
8.289541242294944823e+02 1.109088085937500000e+04 1.109625373424513782e+04
8.289745584591291845e+02 1.109591406250000000e+04 1.109625263064049250e+04
8.289949927884154022e+02 1.109323144531250000e+04 1.109625151995161104e+04
8.290154269179329276e+02 1.109656933593750000e+04 1.109625040211218584e+04
8.290358611471019685e+02 1.109339160156250000e+04 1.109624927702323657e+04
8.290562954763881862e+02 1.109748925781250000e+04 1.109624814460199559e+04
8.290767296054400504e+02 1.109463867187500000e+04 1.109624700478251179e+04
8.290971639342606068e+02 1.110078320312500000e+04 1.109624585745983313e+04
8.291175981634296477e+02 1.109253125000000000e+04 1.109624470256807035e+04
8.291380322920158505e+02 1.109431835937500000e+04 1.109624354002474502e+04
8.291584666203707457e+02 1.109697753906250000e+04 1.109624236973006555e+04
8.291789008490741253e+02 1.109697753906250000e+04 1.109624119161848648e+04
8.291993350773118436e+02 1.109821972656250000e+04 1.109624000560169225e+04
8.292197693055495620e+02 1.109741601562500000e+04 1.109623881159702432e+04
8.292402035337872803e+02 1.109703027343750000e+04 1.109623760952183147e+04
8.292606377620249987e+02 1.109403417968750000e+04 1.109623639929346791e+04
8.292810719897970557e+02 1.107287500000000000e+04 1.109623518082932424e+04
8.293015062175691128e+02 1.100769140625000000e+04 1.109623395404672556e+04
8.293219405454583466e+02 1.098384472656250000e+04 1.109623271885695431e+04
8.293423747732304037e+02 1.101764257812500000e+04 1.109623147518947371e+04
8.293628089004196227e+02 1.107858984375000000e+04 1.109623022296179442e+04
8.293832432278431952e+02 1.109340625000000000e+04 1.109622896207276608e+04
8.294036774551495910e+02 1.108742382812500000e+04 1.109622769245822383e+04
8.294241115823388100e+02 1.109642675781250000e+04 1.109622641403564921e+04
8.294445459092967212e+02 1.109126757812500000e+04 1.109622512670357173e+04
8.294649800364859402e+02 1.109283105468750000e+04 1.109622383040451859e+04
8.294854142633266747e+02 1.110211816406250000e+04 1.109622252503691561e+04
8.295058485898189247e+02 1.108931933593750000e+04 1.109622121051798968e+04
8.295262827165424824e+02 1.109803808593750000e+04 1.109621988678441994e+04
8.295467169429175556e+02 1.109807128906250000e+04 1.109621855373424114e+04
8.295671512694098055e+02 1.109988574218750000e+04 1.109621721128464014e+04
8.295875853956677020e+02 1.109416210937500000e+04 1.109621585937277086e+04
8.296080197216942906e+02 1.110195800781250000e+04 1.109621449788952850e+04
8.296284539476037025e+02 1.109305175781250000e+04 1.109621312677217793e+04
8.296488880738615990e+02 1.110026855468750000e+04 1.109621174593818796e+04
8.296693223994225264e+02 1.109823144531250000e+04 1.109621035528463835e+04
8.296897566253319383e+02 1.110043847656250000e+04 1.109620895474915960e+04
8.297101907506585121e+02 1.109327441406250000e+04 1.109620754424931874e+04
8.297306250762194395e+02 1.109742480468750000e+04 1.109620612368163347e+04
8.297510593016631901e+02 1.109933593750000000e+04 1.109620469298427088e+04
8.297714935266412795e+02 1.109532128906250000e+04 1.109620325206767666e+04
8.297919277516193688e+02 1.109607421875000000e+04 1.109620180084917956e+04
8.298123619770631194e+02 1.108668066406250000e+04 1.109620033924609925e+04
8.298327962015755475e+02 1.109814453125000000e+04 1.109619886717589543e+04
8.298532304265536368e+02 1.108989843750000000e+04 1.109619738455582046e+04
8.298736646510660648e+02 1.110353222656250000e+04 1.109619589130330314e+04
8.298940989756956697e+02 1.110547363281250000e+04 1.109619438732826529e+04
8.299145332002080977e+02 1.109922265625000000e+04 1.109619287256280586e+04
8.299349673246033490e+02 1.109413867187500000e+04 1.109619134692443185e+04
8.299554016487672925e+02 1.109332714843750000e+04 1.109618981030804207e+04
8.299758358728140593e+02 1.110674804687500000e+04 1.109618826265345160e+04
8.299962699967436492e+02 1.109992675781250000e+04 1.109618670387818565e+04
8.300167043209075928e+02 1.109689257812500000e+04 1.109618513387660460e+04
8.300371385444886982e+02 1.109563183593750000e+04 1.109618355258909287e+04
8.300575726679526269e+02 1.109714843750000000e+04 1.109618195993314112e+04
8.300780069916509092e+02 1.110129199218750000e+04 1.109618035580261130e+04
8.300984412152320147e+02 1.109621875000000000e+04 1.109617874013835353e+04
8.301188753382302821e+02 1.109171875000000000e+04 1.109617711285792757e+04
8.301393096614629030e+02 1.110129882812500000e+04 1.109617547385465332e+04
8.301597438845783472e+02 1.109265527343750000e+04 1.109617382306988839e+04
8.301801781072281301e+02 1.109451269531250000e+04 1.109617216041302891e+04
8.302006123303435743e+02 1.109353125000000000e+04 1.109617048580135088e+04
8.302210464528761804e+02 1.109760546875000000e+04 1.109616879916058315e+04
8.302414807756431401e+02 1.109895214843750000e+04 1.109616710038316160e+04
8.302619149978272617e+02 1.108854980468750000e+04 1.109616538941136605e+04
8.302823492204770446e+02 1.110281347656250000e+04 1.109616366615417792e+04
8.303027834426611662e+02 1.110113378906250000e+04 1.109616193052902963e+04
8.303232176648452878e+02 1.109602734375000000e+04 1.109616018245324449e+04
8.303436518870294094e+02 1.109695019531250000e+04 1.109615842184417488e+04
8.303640861087478697e+02 1.109450292968750000e+04 1.109615664861921869e+04
8.303845203304663301e+02 1.109184082031250000e+04 1.109615486269569010e+04
8.304049545521847904e+02 1.109079003906250000e+04 1.109615306399094516e+04
8.304253888735547662e+02 1.109097753906250000e+04 1.109615125241347960e+04
8.304458229951560497e+02 1.109505175781250000e+04 1.109614942790728310e+04
8.304662573165260255e+02 1.110049902343750000e+04 1.109614759035403949e+04
8.304866915377788246e+02 1.110041503906250000e+04 1.109614573969797857e+04
8.305071256589144468e+02 1.109541796875000000e+04 1.109614387585664917e+04
8.305275599798187613e+02 1.110698242187500000e+04 1.109614199871995697e+04
8.305479942006058991e+02 1.109036035156250000e+04 1.109614010823270837e+04
8.305684283212758601e+02 1.109068945312500000e+04 1.109613820431245767e+04
8.305888626421801746e+02 1.109509765625000000e+04 1.109613628684847572e+04
8.306092968625016510e+02 1.109954394531250000e+04 1.109613435578624558e+04
8.306297309831716120e+02 1.109913183593750000e+04 1.109613241104324334e+04
8.306501653031446040e+02 1.109245410156250000e+04 1.109613045250826508e+04
8.306705995234660804e+02 1.109297753906250000e+04 1.109612848012722134e+04
8.306910338434390724e+02 1.109511425781250000e+04 1.109612649379823415e+04
8.307114679631777108e+02 1.109971582031250000e+04 1.109612449346790891e+04
8.307319021830335259e+02 1.109991796875000000e+04 1.109612247902430317e+04
8.307523364028893411e+02 1.109774121093750000e+04 1.109612045039454097e+04
8.307727706222794950e+02 1.108821093750000000e+04 1.109611840749602561e+04
8.307932048421353102e+02 1.109572656250000000e+04 1.109611635024602219e+04
8.308136390610598028e+02 1.109308300781250000e+04 1.109611427856202135e+04
8.308340732804499567e+02 1.110407324218750000e+04 1.109611219236124816e+04
8.308545074993744493e+02 1.109591113281250000e+04 1.109611009156114233e+04
8.308953759372234344e+02 1.109787695312500000e+04 1.109610584583224409e+04
8.309158101561479270e+02 1.109509082031250000e+04 1.109610370073815830e+04
8.309362443746067584e+02 1.109200488281250000e+04 1.109610154071417128e+04
8.309566785935312510e+02 1.109590625000000000e+04 1.109609936567754266e+04
8.309771129116415977e+02 1.110257324218750000e+04 1.109609717553501105e+04
8.309975471301004291e+02 1.109352050781250000e+04 1.109609497022524374e+04
8.310179812479764223e+02 1.109718457031250000e+04 1.109609274966592056e+04
8.310384155660867691e+02 1.110034863281250000e+04 1.109609051374159390e+04
8.310588497840799391e+02 1.109456738281250000e+04 1.109608826240237977e+04
8.310792839019559324e+02 1.109837011718750000e+04 1.109608599556585250e+04
8.310997182196006179e+02 1.109665234375000000e+04 1.109608371311599331e+04
8.311201524371281266e+02 1.110148828125000000e+04 1.109608141500353668e+04
8.311405865545384586e+02 1.108727929687500000e+04 1.109607910114606966e+04
8.311610208721831441e+02 1.109519433593750000e+04 1.109607677142682587e+04
8.311814550892449915e+02 1.109339355468750000e+04 1.109607442579733470e+04
8.312018892061896622e+02 1.109008398437500000e+04 1.109607206417514681e+04
8.312223235233686864e+02 1.109523339843750000e+04 1.109606968644277549e+04
8.312427577404305339e+02 1.109509667968750000e+04 1.109606729255241044e+04
8.312631920571438968e+02 1.109274804687500000e+04 1.109606488239800819e+04
8.312836261736229062e+02 1.109827246093750000e+04 1.109606245593241329e+04
8.313040603902190924e+02 1.109946289062500000e+04 1.109606001303743869e+04
8.313244947064667940e+02 1.109611328125000000e+04 1.109605755363025310e+04
8.313449290227144957e+02 1.109354296875000000e+04 1.109605507764008325e+04
8.313653632388450205e+02 1.110273437500000000e+04 1.109605258499654337e+04
8.313857975550927222e+02 1.109601562500000000e+04 1.109605007559255864e+04
8.314062317707575858e+02 1.109535449218750000e+04 1.109604754937013240e+04
8.314266658867709339e+02 1.109678613281250000e+04 1.109604500624675529e+04
8.314471002025529742e+02 1.109008984375000000e+04 1.109604244610239584e+04
8.314675344182178378e+02 1.109149804687500000e+04 1.109603986889185580e+04
8.314879685332998633e+02 1.110131933593750000e+04 1.109603727453280226e+04
8.315084028486162424e+02 1.110422949218750000e+04 1.109603466290427605e+04
8.315288370638154447e+02 1.109326367187500000e+04 1.109603203396188655e+04
8.315492713791318238e+02 1.110678027343750000e+04 1.109602938759723475e+04
8.315697054942138493e+02 1.109005468750000000e+04 1.109602672376669943e+04
8.315901396088302135e+02 1.109848828125000000e+04 1.109602404236185794e+04
8.316105739236809313e+02 1.109330175781250000e+04 1.109602134327346721e+04
8.316310081379488111e+02 1.108972656250000000e+04 1.109601862645848814e+04
8.316514422525651753e+02 1.110099218750000000e+04 1.109601589183441502e+04
8.316718765669502318e+02 1.109672753906250000e+04 1.109601313927840420e+04
8.316923107812181115e+02 1.110070019531250000e+04 1.109601036874807687e+04
8.317127448953688145e+02 1.109437695312500000e+04 1.109600758016105101e+04
8.317331792092882097e+02 1.112091699218750000e+04 1.109600477339362988e+04
8.317536134230904281e+02 1.110085546875000000e+04 1.109600194840422409e+04
8.317740475372411311e+02 1.109580566406250000e+04 1.109599910511039525e+04
8.317944818506948650e+02 1.110287011718750000e+04 1.109599624338776630e+04
8.318149160640314221e+02 1.109400878906250000e+04 1.109599336319549548e+04
8.318353503774851561e+02 1.109219921875000000e+04 1.109599046442270992e+04
8.318557844907045364e+02 1.109194531250000000e+04 1.109598754702951373e+04
8.318762187040410936e+02 1.109777246093750000e+04 1.109598461089051489e+04
8.318966530170291662e+02 1.109221093750000000e+04 1.109598165592287114e+04
8.319170872299000621e+02 1.109779199218750000e+04 1.109597868207281499e+04
8.319375213426537812e+02 1.109666308593750000e+04 1.109597568925798987e+04
8.319579556556418538e+02 1.109997070312500000e+04 1.109597267735161950e+04
8.319783898680470884e+02 1.109275781250000000e+04 1.109596964631525589e+04
8.319988239803351462e+02 1.109154101562500000e+04 1.109596659606647336e+04
8.320192582928575575e+02 1.109229101562500000e+04 1.109596352647764979e+04
8.320396925047971308e+02 1.109585351562500000e+04 1.109596043751119396e+04
8.320601266170851886e+02 1.109337011718750000e+04 1.109595732908459831e+04
8.320805609291419387e+02 1.109409570312500000e+04 1.109595420106953497e+04
8.321009951406158507e+02 1.109768750000000000e+04 1.109595105342918941e+04
8.321214294526726007e+02 1.109928417968750000e+04 1.109594788604993300e+04
8.321418635640293360e+02 1.109752636718750000e+04 1.109594469889596803e+04
8.321622977755032480e+02 1.110198144531250000e+04 1.109594149183787522e+04
8.321827320870943367e+02 1.109529003906250000e+04 1.109593826479271956e+04
8.322031661979854107e+02 1.109751562500000000e+04 1.109593501772551099e+04
8.322236004089936614e+02 1.109506738281250000e+04 1.109593175050595164e+04
8.322440346204675734e+02 1.109762597656250000e+04 1.109592846306718457e+04
8.322644688310101628e+02 1.109809667968750000e+04 1.109592515532679136e+04
8.322849030420184135e+02 1.110501855468750000e+04 1.109592182720190613e+04
8.323053372525610030e+02 1.109398242187500000e+04 1.109591847861002680e+04
8.323257714631035924e+02 1.109430273437500000e+04 1.109591510946844392e+04
8.323462056731805205e+02 1.110067578125000000e+04 1.109591171969458810e+04
8.323666398837231100e+02 1.110369921875000000e+04 1.109590830920566259e+04
8.323870740938000381e+02 1.109980468750000000e+04 1.109590487791917622e+04
8.324075084035284817e+02 1.109873632812500000e+04 1.109590142573552475e+04
8.324279426136054099e+02 1.109332910156250000e+04 1.109589795260573010e+04
8.324483767235651612e+02 1.109217675781250000e+04 1.109589445844753936e+04
8.324688110328279436e+02 1.109301562500000000e+04 1.109589094312695670e+04
8.324892452424392104e+02 1.110090820312500000e+04 1.109588740661261181e+04
8.325096793519333005e+02 1.109213476562500000e+04 1.109588384882225364e+04
8.325301136611960828e+02 1.108941113281250000e+04 1.109588026962086406e+04
8.325505478703416884e+02 1.109484863281250000e+04 1.109587666897817689e+04
8.325709819793701172e+02 1.109344140625000000e+04 1.109587304681185924e+04
8.325914162881672382e+02 1.109454589843750000e+04 1.109586940298595619e+04
8.326118504968471825e+02 1.108450585937500000e+04 1.109586573747113835e+04
8.326322846058756113e+02 1.109222070312500000e+04 1.109586205018499822e+04
8.326527189142070711e+02 1.109505859375000000e+04 1.109585834099078420e+04
8.326731531224213541e+02 1.110569628906250000e+04 1.109585460986004910e+04
8.326935874307528138e+02 1.109857421875000000e+04 1.109585085667358180e+04
8.327140215388499200e+02 1.109210058593750000e+04 1.109584708140407020e+04
8.327344557470642030e+02 1.109825683593750000e+04 1.109584328391354029e+04
8.327548900549300015e+02 1.110161230468750000e+04 1.109583946411910802e+04
8.327753241625614464e+02 1.109985058593750000e+04 1.109583562199435983e+04
8.327957583703100681e+02 1.109676953125000000e+04 1.109583175740033221e+04
8.328161926781758666e+02 1.110361328125000000e+04 1.109582787025405742e+04
8.328366267853416502e+02 1.110292871093750000e+04 1.109582396053027878e+04
8.328570609926246107e+02 1.109540039062500000e+04 1.109582002808896868e+04
8.328774953000247478e+02 1.109929296875000000e+04 1.109581607284714482e+04
8.328979295068420470e+02 1.109112109375000000e+04 1.109581209476101503e+04
8.329183636140078306e+02 1.109633007812500000e+04 1.109580809374808450e+04
8.329387978208251297e+02 1.110188769531250000e+04 1.109580406968669195e+04
8.329592320276424289e+02 1.109753417968750000e+04 1.109580002251364931e+04
8.329796663341112435e+02 1.109572363281250000e+04 1.109579595212640561e+04
8.330001005404628813e+02 1.109599121093750000e+04 1.109579185848210909e+04
8.330205346466973424e+02 1.110133398437500000e+04 1.109578774149846140e+04
8.330409689527004957e+02 1.109073242187500000e+04 1.109578360103222622e+04
8.330614031590521336e+02 1.109601367187500000e+04 1.109577943706125370e+04
8.330818372648209333e+02 1.109002441406250000e+04 1.109577524950344377e+04
8.331022715708240867e+02 1.109347949218750000e+04 1.109577103821432684e+04
8.331227057762444019e+02 1.110576367187500000e+04 1.109576680317308455e+04
8.331431398820132017e+02 1.109403125000000000e+04 1.109576254429723122e+04
8.331635741875506938e+02 1.109510058593750000e+04 1.109575826144153871e+04
8.331840083925053477e+02 1.109966308593750000e+04 1.109575395458614003e+04
8.332044426980428398e+02 1.109582421875000000e+04 1.109574962360599602e+04
8.332248768028803170e+02 1.109006054687500000e+04 1.109574526848249297e+04
8.332453110078349710e+02 1.109232910156250000e+04 1.109574088906905308e+04
8.332657453129068017e+02 1.109809179687500000e+04 1.109573648528267950e+04
8.332861794172786176e+02 1.109454394531250000e+04 1.109573205710573166e+04
8.333066136217676103e+02 1.109078222656250000e+04 1.109572760439056401e+04
8.333270479263737798e+02 1.109361328125000000e+04 1.109572312705416334e+04
8.333474820307455957e+02 1.109629003906250000e+04 1.109571862507988772e+04
8.333679162347689271e+02 1.110013867187500000e+04 1.109571409831920028e+04
8.333883505389094353e+02 1.109681933593750000e+04 1.109570954668898776e+04
8.334087846428155899e+02 1.109194531250000000e+04 1.109570497017369962e+04
8.334292188468389213e+02 1.109253515625000000e+04 1.109570036862360030e+04
8.334700873540714383e+02 1.109621093750000000e+04 1.109569109013284469e+04
8.334905215571634471e+02 1.109664941406250000e+04 1.109568641304963239e+04
8.335109557607211173e+02 1.109315039062500000e+04 1.109568171062329566e+04
8.335313899638131261e+02 1.109227148437500000e+04 1.109567698277140153e+04
8.335518241669051349e+02 1.109641699218750000e+04 1.109567222941120053e+04
8.335722583699971437e+02 1.109890527343750000e+04 1.109566745046005053e+04
8.335926925726234913e+02 1.109465917968750000e+04 1.109566264583541670e+04
8.336131267752498388e+02 1.109892578125000000e+04 1.109565781545454593e+04
8.336335609778761864e+02 1.109325585937500000e+04 1.109565295923479607e+04
8.336539950803853571e+02 1.109912695312500000e+04 1.109564807711750836e+04
8.336744293826632202e+02 1.109414160156250000e+04 1.109564316894819603e+04
8.336948635848239064e+02 1.109736816406250000e+04 1.109563823471605974e+04
8.337152976868674159e+02 1.109354003906250000e+04 1.109563327433883933e+04
8.337357319886796176e+02 1.108694628906250000e+04 1.109562828766090206e+04
8.337561661903746426e+02 1.109522851562500000e+04 1.109562327467259456e+04
8.337766004921868443e+02 1.109627050781250000e+04 1.109561823524214378e+04
8.337970345937646925e+02 1.109719238281250000e+04 1.109561316936118601e+04
8.338174687954597175e+02 1.109494628906250000e+04 1.109560807687279885e+04
8.338379030963405967e+02 1.108957324218750000e+04 1.109560295769418735e+04
8.338787713986821473e+02 1.110184082031250000e+04 1.109559263908566936e+04
8.338992056995630264e+02 1.109667773437500000e+04 1.109558743941487046e+04
8.339196398002095520e+02 1.109497167968750000e+04 1.109558221279927238e+04
8.339400740009732544e+02 1.108964355468750000e+04 1.109557695907960442e+04
8.339605083013884723e+02 1.110082714843750000e+04 1.109557167817294430e+04
8.339809425016865134e+02 1.109140527343750000e+04 1.109556637004828008e+04
8.340013766023330390e+02 1.109819726562500000e+04 1.109556103462324427e+04
8.340218109022825956e+02 1.109385644531250000e+04 1.109555567173693271e+04
8.340422451025806367e+02 1.109051367187500000e+04 1.109555028138496709e+04
8.340626793024130166e+02 1.109101660156250000e+04 1.109554486345873556e+04
8.340831135022453964e+02 1.109093945312500000e+04 1.109553941787547410e+04
8.341035477016121149e+02 1.109197265625000000e+04 1.109553394455266243e+04
8.341239820010960102e+02 1.109424902343750000e+04 1.109552844338051545e+04
8.341444161003455520e+02 1.109287792968750000e+04 1.109552291435745246e+04
8.341648502997122705e+02 1.109499609375000000e+04 1.109551735731976441e+04
8.341852845987305045e+02 1.109233691406250000e+04 1.109551177218452358e+04
8.342057186979800463e+02 1.109149609375000000e+04 1.109550615895113515e+04
8.342261528968811035e+02 1.109692382812500000e+04 1.109550051745490782e+04
8.342465871954336762e+02 1.104033886718750000e+04 1.109549484761278291e+04
8.342670212942175567e+02 1.099502441406250000e+04 1.109548914942541160e+04
8.342874554926529527e+02 1.097941210937500000e+04 1.109548342272685841e+04
8.343078896910883486e+02 1.103125000000000000e+04 1.109547766746220077e+04
8.343283238895237446e+02 1.109170898437500000e+04 1.109547188354879290e+04
8.343487581871449947e+02 1.109922363281250000e+04 1.109546607087571101e+04
8.343691922854632139e+02 1.109354882812500000e+04 1.109546022944543074e+04
8.343896264829672873e+02 1.109966601562500000e+04 1.109545435909018852e+04
8.344100607810541987e+02 1.109124804687500000e+04 1.109544845972651638e+04
8.344304948784410954e+02 1.109240722656250000e+04 1.109544253135896724e+04
8.344509290759451687e+02 1.109697558593750000e+04 1.109543657381783851e+04
8.344713633731007576e+02 1.109451367187500000e+04 1.109543058702018789e+04
8.344917975706048310e+02 1.109684277343750000e+04 1.109542457094177007e+04
8.345122316675260663e+02 1.109267871093750000e+04 1.109541852550064505e+04
8.345326659646816552e+02 1.109244433593750000e+04 1.109541245052495651e+04
8.345531001612544060e+02 1.109457714843750000e+04 1.109540634602127830e+04
8.345735342581756413e+02 1.109289257812500000e+04 1.109540021190711923e+04
8.345939685543999076e+02 1.109178515625000000e+04 1.109539404800988268e+04
8.346144027509726584e+02 1.109242285156250000e+04 1.109538785433687735e+04
8.346348370471969247e+02 1.109865039062500000e+04 1.109538163074505428e+04
8.346552711436524987e+02 1.108931347656250000e+04 1.109537537724318099e+04
8.346757053397595882e+02 1.109003808593750000e+04 1.109536909365720385e+04
8.346961396355181932e+02 1.109695117187500000e+04 1.109536277990404051e+04
8.347165737310424447e+02 1.109620019531250000e+04 1.109535643599392642e+04
8.347370079266838729e+02 1.109657812500000000e+04 1.109535006175119088e+04
8.347574422224424779e+02 1.109835937500000000e+04 1.109534365709275153e+04
8.347778763179667294e+02 1.109424804687500000e+04 1.109533722203032085e+04
8.347983105131424963e+02 1.109649804687500000e+04 1.109533075638704395e+04
8.348187448079697788e+02 1.109526660156250000e+04 1.109532426007983304e+04
8.348391789030283689e+02 1.109528515625000000e+04 1.109531773312145197e+04
8.348596130982041359e+02 1.110267578125000000e+04 1.109531117533370343e+04
8.348800473930314183e+02 1.110085156250000000e+04 1.109530458663362879e+04
8.349004814876243472e+02 1.109316015625000000e+04 1.109529796703551983e+04
8.349209157819859684e+02 1.109611914062500000e+04 1.109529131632714052e+04
8.349413498761132360e+02 1.109501855468750000e+04 1.109528463455604833e+04
8.349617841704748571e+02 1.109542675781250000e+04 1.109527792150864116e+04
8.349822183647193015e+02 1.110150683593750000e+04 1.109527117720072238e+04
8.350026525584980845e+02 1.109249511718750000e+04 1.109526440151698625e+04
8.350230866526253521e+02 1.110310839843750000e+04 1.109525759440791262e+04
8.350435209460556507e+02 1.109493066406250000e+04 1.109525075569103501e+04
8.350639551398344338e+02 1.109248339843750000e+04 1.109524388538353014e+04
8.350843892330303788e+02 1.109450781250000000e+04 1.109523698340353440e+04
8.351048235264606774e+02 1.109368066406250000e+04 1.109523004956656587e+04
8.351252577197737992e+02 1.110012207031250000e+04 1.109522308389166210e+04
8.351456918125040829e+02 1.109596777343750000e+04 1.109521608629681032e+04
8.351661261054687202e+02 1.109430664062500000e+04 1.109520905659611890e+04
8.351865602983161807e+02 1.109945019531250000e+04 1.109520199481003147e+04
8.352069945908151567e+02 1.109425488281250000e+04 1.109519490078686795e+04
8.352274286835454404e+02 1.109904394531250000e+04 1.109518777454817427e+04
8.352478628759272397e+02 1.109200781250000000e+04 1.109518061590712023e+04
8.352682971684262156e+02 1.110056640625000000e+04 1.109517342478042337e+04
8.352887312602251768e+02 1.109697363281250000e+04 1.109516620119154322e+04
8.353091654526069760e+02 1.109896386718750000e+04 1.109515894495157045e+04
8.353295997441746294e+02 1.109481640625000000e+04 1.109515165597787745e+04
8.353500338359735906e+02 1.109013183593750000e+04 1.109514433429470228e+04
8.353704680274240673e+02 1.109283105468750000e+04 1.109513697971235888e+04
8.353909023189917207e+02 1.109460742187500000e+04 1.109512959214755028e+04
8.354113364103250206e+02 1.108835937500000000e+04 1.109512217162646630e+04
8.354317707018926740e+02 1.109437011718750000e+04 1.109511471792103112e+04
8.354522048928774893e+02 1.108428808593750000e+04 1.109510723105808574e+04
8.354726390838623047e+02 1.108934960937500000e+04 1.109509971091838088e+04
8.354930732743814588e+02 1.108662011718750000e+04 1.109509215741944718e+04
8.355135074649006128e+02 1.109782226562500000e+04 1.109508457047846605e+04
8.355339416558854282e+02 1.109209960937500000e+04 1.109507695001262618e+04
8.355543758459389210e+02 1.109929492187500000e+04 1.109506929593980203e+04
8.355748100364580750e+02 1.108955468750000000e+04 1.109506160817682758e+04
8.355952442265115678e+02 1.110211718750000000e+04 1.109505388664141356e+04
8.356156785166822374e+02 1.109608593750000000e+04 1.109504613121265720e+04
8.356361126066185534e+02 1.109716699218750000e+04 1.109503834192215800e+04
8.356565467962063849e+02 1.109768359375000000e+04 1.109503051857321043e+04
8.356769809857942164e+02 1.110255859375000000e+04 1.109502266112107463e+04
8.356974151753820479e+02 1.109600878906250000e+04 1.109501476948310483e+04
8.357178494646213949e+02 1.109787011718750000e+04 1.109500684353792531e+04
8.357382835540920496e+02 1.109697753906250000e+04 1.109499888331928014e+04
8.357587177432142198e+02 1.109498535156250000e+04 1.109499088862813915e+04
8.357791520319879055e+02 1.108871777343750000e+04 1.109498285938135450e+04
8.357995861209928989e+02 1.109923730468750000e+04 1.109497479561418368e+04
8.358200203096494079e+02 1.109251562500000000e+04 1.109496669712608491e+04
8.358404545984230936e+02 1.109681933593750000e+04 1.109495856383371938e+04
8.358608886864967644e+02 1.109430566406250000e+04 1.109495039577443458e+04
8.358813228751532733e+02 1.109278808593750000e+04 1.109494219274540774e+04
8.359017571629956365e+02 1.109674707031250000e+04 1.109493395466405127e+04
8.359221912510693073e+02 1.109077441406250000e+04 1.109492568156849302e+04
8.359426254392601550e+02 1.109413867187500000e+04 1.109491737325494250e+04
8.359630597266368568e+02 1.109526757812500000e+04 1.109490902964061570e+04
8.359834939143620431e+02 1.109844921875000000e+04 1.109490065072405559e+04
8.360039281020872295e+02 1.110544628906250000e+04 1.109489223638202202e+04
8.360243622893467546e+02 1.109364355468750000e+04 1.109488378653206200e+04
8.360447964766062796e+02 1.109435937500000000e+04 1.109487530109133877e+04
8.360652306638658047e+02 1.108708300781250000e+04 1.109486677997720835e+04
8.360856648506596684e+02 1.109557421875000000e+04 1.109485822310722870e+04
8.361060990374535322e+02 1.109532421875000000e+04 1.109484963039855575e+04
8.361265333243645728e+02 1.109679882812500000e+04 1.109484100172618855e+04
8.361469674105755985e+02 1.109391601562500000e+04 1.109483233713476511e+04
8.361674015973694623e+02 1.109612304687500000e+04 1.109482363641416487e+04
8.361878358833491802e+02 1.110117675781250000e+04 1.109481489948180570e+04
8.362082699695602059e+02 1.109758593750000000e+04 1.109480612638312959e+04
8.362287041558884084e+02 1.109497265625000000e+04 1.109479731690701192e+04
8.362491384414024651e+02 1.109558691406250000e+04 1.109478847097067410e+04
8.362695725271478295e+02 1.109841601562500000e+04 1.109477958862116429e+04
8.362900068131275475e+02 1.109127148437500000e+04 1.109477066960195589e+04
8.363104409985244274e+02 1.109711328125000000e+04 1.109476171396144127e+04
8.363308750838041306e+02 1.109133691406250000e+04 1.109475272161731482e+04
8.363513093693181872e+02 1.109493359375000000e+04 1.109474369235448285e+04
8.363717434541322291e+02 1.109799707031250000e+04 1.109473462626746914e+04
8.363921776390634477e+02 1.109480371093750000e+04 1.109472552314043605e+04
8.364126119241118431e+02 1.109507226562500000e+04 1.109471638289019575e+04
8.364330460084602237e+02 1.110094921875000000e+04 1.109470720556893684e+04
8.364534801933914423e+02 1.108901660156250000e+04 1.109469799095897361e+04
8.364739144775085151e+02 1.109572070312500000e+04 1.109468873897774574e+04
8.364943485618568957e+02 1.109180078125000000e+04 1.109467944967824951e+04
8.365147827458567917e+02 1.109509082031250000e+04 1.109467012284199518e+04
8.365352170299738646e+02 1.109180664062500000e+04 1.109466075838557299e+04
8.365556512139737606e+02 1.110129785156250000e+04 1.109465135631811245e+04
8.365760853975079954e+02 1.108730761718750000e+04 1.109464191651138572e+04
8.365965195815078914e+02 1.108534765625000000e+04 1.109463243888232682e+04
8.366169537645764649e+02 1.109450976562500000e+04 1.109462292334893755e+04
8.366373879481106997e+02 1.109343457031250000e+04 1.109461336982792636e+04
8.366578221311792731e+02 1.109103027343750000e+04 1.109460377823708586e+04
8.366782563142478466e+02 1.109293847656250000e+04 1.109459414849355562e+04
8.366986905974335968e+02 1.109366308593750000e+04 1.109458448046723061e+04
8.367191246799193323e+02 1.109351464843750000e+04 1.109457477421807198e+04
8.367395588629879057e+02 1.109384765625000000e+04 1.109456502952061055e+04
8.367599931452423334e+02 1.109364355468750000e+04 1.109455524629231149e+04
8.367804272277280688e+02 1.109550683593750000e+04 1.109454542459393269e+04
8.368008614098653197e+02 1.109251562500000000e+04 1.109453556419920460e+04
8.368212956921197474e+02 1.109039062500000000e+04 1.109452566502469381e+04
8.368621640559285879e+02 1.109192968750000000e+04 1.109450575024856334e+04
8.368825982376001775e+02 1.109629492187500000e+04 1.109449573443325426e+04
8.369030323191545904e+02 1.109549902343750000e+04 1.109448567960554647e+04
8.369234666004776955e+02 1.109107519531250000e+04 1.109447558553494491e+04
8.369439007821492851e+02 1.109570117187500000e+04 1.109446545228642208e+04
8.369643349628895521e+02 1.109295605468750000e+04 1.109445527972867421e+04
8.369847691440954804e+02 1.109706738281250000e+04 1.109444506777836432e+04
8.370052032247185707e+02 1.109490039062500000e+04 1.109443481640363098e+04
8.370256375060416758e+02 1.109980371093750000e+04 1.109442452537040299e+04
8.370460716863162816e+02 1.109258984375000000e+04 1.109441419474770737e+04
8.370665058670565486e+02 1.109416210937500000e+04 1.109440382440187022e+04
8.370869399472139776e+02 1.109841894531250000e+04 1.109439341430182321e+04
8.371073742276057601e+02 1.109603906250000000e+04 1.109438296421138693e+04
8.371278084074147046e+02 1.109354101562500000e+04 1.109437247420146014e+04
8.371482425872236490e+02 1.110488964843750000e+04 1.109436194413806152e+04
8.371686767674982548e+02 1.109505664062500000e+04 1.109435137393830155e+04
8.371891109468415380e+02 1.109729980468750000e+04 1.109434076352026386e+04
8.372095452263019979e+02 1.109488378906250000e+04 1.109433011274854289e+04
8.372299793059937656e+02 1.109763574218750000e+04 1.109431942169709873e+04
8.372504134853370488e+02 1.109502441406250000e+04 1.109430869012692528e+04
8.372708477643318474e+02 1.109461328125000000e+04 1.109429791795479105e+04
8.372912818430922925e+02 1.109840820312500000e+04 1.109428710525643692e+04
8.373117160219699144e+02 1.109485449218750000e+04 1.109427625179059214e+04
8.373321503004990518e+02 1.109706347656250000e+04 1.109426535747425987e+04
8.373525843792594969e+02 1.108930859375000000e+04 1.109425442238472897e+04
8.373730185576714575e+02 1.109435449218750000e+04 1.109424344627942992e+04
8.373934528357349336e+02 1.109642675781250000e+04 1.109423242907511121e+04
8.374138869140297174e+02 1.109795507812500000e+04 1.109422137085087161e+04
8.374343211920931935e+02 1.109401660156250000e+04 1.109421027130785296e+04
8.374547553700394928e+02 1.109662402343750000e+04 1.109419913052599804e+04
8.374751894478686154e+02 1.109392578125000000e+04 1.109418794842327043e+04
8.374956237254664302e+02 1.109682812500000000e+04 1.109417672475262589e+04
8.375160579029470682e+02 1.108997070312500000e+04 1.109416545959582072e+04
8.375364920804277062e+02 1.109388769531250000e+04 1.109415415281533205e+04
8.375569262574426830e+02 1.109573339843750000e+04 1.109414280432877240e+04
8.375773604344576597e+02 1.109675781250000000e+04 1.109413141405324313e+04
8.375977946114726365e+02 1.108800195312500000e+04 1.109411998190609665e+04
8.376182288881391287e+02 1.109490332031250000e+04 1.109410850774863866e+04
8.376386629645712674e+02 1.109765625000000000e+04 1.109409699166692189e+04
8.376590971411205828e+02 1.110111035156250000e+04 1.109408543340933647e+04
8.376795314177870750e+02 1.108844628906250000e+04 1.109407383289263271e+04
8.376999654937535524e+02 1.109445898437500000e+04 1.109406219020524622e+04
8.377203997699543834e+02 1.109666992187500000e+04 1.109405050503609345e+04
8.377408338459208608e+02 1.109319238281250000e+04 1.109403877753153574e+04
8.377612680220045149e+02 1.109442871093750000e+04 1.109402700743687092e+04
8.377817022972740233e+02 1.109058105468750000e+04 1.109401519466936224e+04
8.378021363727748394e+02 1.109788476562500000e+04 1.109400333931950809e+04
8.378225705483928323e+02 1.109355859375000000e+04 1.109399144113099101e+04
8.378430048236623406e+02 1.109968457031250000e+04 1.109397950002080506e+04
8.378634388986974955e+02 1.109562695312500000e+04 1.109396751608187333e+04
8.378838730733841658e+02 1.110177929687500000e+04 1.109395548905599571e+04
8.379043073481880128e+02 1.108875976562500000e+04 1.109394341885962058e+04
8.379247414232231677e+02 1.109481250000000000e+04 1.109393130558755729e+04
8.379451755974441767e+02 1.108773144531250000e+04 1.109391914898026880e+04
8.379656098722480237e+02 1.109157714843750000e+04 1.109390694895364140e+04
8.379860439463518560e+02 1.108866601562500000e+04 1.109389470560522750e+04
8.380064782206900418e+02 1.109610351562500000e+04 1.109388241861216011e+04
8.380269123944453895e+02 1.109459765625000000e+04 1.109387008807235725e+04
8.380473465686663985e+02 1.108777734375000000e+04 1.109385771384252075e+04
8.380677807419560850e+02 1.109622753906250000e+04 1.109384529584085249e+04
8.380882149157114327e+02 1.109397753906250000e+04 1.109383283398386629e+04
8.381086490890011191e+02 1.108833496093750000e+04 1.109382032818948210e+04
8.381290832627564669e+02 1.109829589843750000e+04 1.109380777837449205e+04
8.381495174355804920e+02 1.108568261718750000e+04 1.109379518445710710e+04
8.381699516084045172e+02 1.109540917968750000e+04 1.109378254635411577e+04
8.381903858813457191e+02 1.109127539062500000e+04 1.109376986392063191e+04
8.382108199545182288e+02 1.110245605468750000e+04 1.109375713726045251e+04
8.382312541268765926e+02 1.109346386718750000e+04 1.109374436610507655e+04
8.382516883993521333e+02 1.109408300781250000e+04 1.109373155037061952e+04
8.382721224715933204e+02 1.109221484375000000e+04 1.109371869016314486e+04
8.382925567436031997e+02 1.109500585937500000e+04 1.109370578514826047e+04
8.383129909159615636e+02 1.109383886718750000e+04 1.109369283543209531e+04
8.383334249877370894e+02 1.108995703125000000e+04 1.109367984093325322e+04
8.383538592592813075e+02 1.109067968750000000e+04 1.109366680137776711e+04
8.383742933310568333e+02 1.109423828125000000e+04 1.109365371693794077e+04
8.383947275024838746e+02 1.109264550781250000e+04 1.109364058733974161e+04
8.384151617740280926e+02 1.108898535156250000e+04 1.109362741249956161e+04
8.384355958453379571e+02 1.108858105468750000e+04 1.109361419252874293e+04
8.384560300162993371e+02 1.109853906250000000e+04 1.109360092715096107e+04
8.384764642873778939e+02 1.110963085937500000e+04 1.109358761628260618e+04
8.384968983577564359e+02 1.108988281250000000e+04 1.109357426003732144e+04
8.385173325287178159e+02 1.109624511718750000e+04 1.109356085813587197e+04
8.385377667988650501e+02 1.108970312500000000e+04 1.109354741049586482e+04
8.385582009693607688e+02 1.108780078125000000e+04 1.109353391716551050e+04
8.385786351393908262e+02 1.108897460937500000e+04 1.109352037799700156e+04
8.385990693098865449e+02 1.109522070312500000e+04 1.109350679290708285e+04
8.386195034794509411e+02 1.109693359375000000e+04 1.109349316181404174e+04
8.386399376494809985e+02 1.109387011718750000e+04 1.109347948463430475e+04
8.386603718190453947e+02 1.110003125000000000e+04 1.109346576128584638e+04
8.386808059886097908e+02 1.109273925781250000e+04 1.109345199168571889e+04
8.387012402578257024e+02 1.108982128906250000e+04 1.109343817568378836e+04
8.387216743272729218e+02 1.109112011718750000e+04 1.109342431340019175e+04
8.387421084963716567e+02 1.109754296875000000e+04 1.109341040454951144e+04
8.387625427651219070e+02 1.109100292968750000e+04 1.109339644904841771e+04
8.387829768341034651e+02 1.109427734375000000e+04 1.109338244701909935e+04
8.388034110022708774e+02 1.108894433593750000e+04 1.109336839817440341e+04
8.388238452710211277e+02 1.109527148437500000e+04 1.109335430243004157e+04
8.388442793395370245e+02 1.109336230468750000e+04 1.109334015991122214e+04
8.388647136078216136e+02 1.109545214843750000e+04 1.109332597025845826e+04
8.388851477759890258e+02 1.110072558593750000e+04 1.109331173359700551e+04
8.389055818435736001e+02 1.109026757812500000e+04 1.109329744984523677e+04
8.389260161113925278e+02 1.109493945312500000e+04 1.109328311870988728e+04
