1.932450961675494909e+02 1.171564160156250000e+04 1.171638561227664832e+04
1.932655293107964098e+02 1.171045703125000000e+04 1.171640715352789630e+04
1.932859623534604907e+02 1.171636230468750000e+04 1.171642846754990205e+04
1.933063955958932638e+02 1.171358789062500000e+04 1.171644955527046477e+04
1.933268287386745214e+02 1.170649511718750000e+04 1.171647041699506917e+04
1.933472617808729410e+02 1.171974902343750000e+04 1.171649105334222986e+04
1.933676949227228761e+02 1.170788085937500000e+04 1.171651146513033564e+04
1.933881281646899879e+02 1.171200292968750000e+04 1.171653165297272244e+04
1.934085612059570849e+02 1.171216894531250000e+04 1.171655161718998352e+04
1.934289943478070199e+02 1.171648828125000000e+04 1.171657135869428384e+04
1.934494275888428092e+02 1.171568457031250000e+04 1.171659087809716220e+04
1.934698606301099062e+02 1.171611523437500000e+04 1.171661017573082245e+04
1.934902937705628574e+02 1.171121777343750000e+04 1.171662925249539694e+04
1.935107270115986466e+02 1.170487207031250000e+04 1.171664810900510747e+04
1.935311600519344211e+02 1.172307617187500000e+04 1.171666674559968305e+04
1.935515931919217110e+02 1.171623046875000000e+04 1.171668516317085596e+04
1.935720263319090009e+02 1.171966796875000000e+04 1.171670336224334824e+04
1.935924595720134676e+02 1.171778710937500000e+04 1.171672134352088506e+04
1.936128926114179194e+02 1.171088671875000000e+04 1.171673910735650497e+04
1.936333257509395480e+02 1.171391406250000000e+04 1.171675665462948382e+04
1.936537589901126921e+02 1.171268652343750000e+04 1.171677398595239720e+04
1.936741920290514827e+02 1.171233398437500000e+04 1.171679110168863008e+04
1.936946251676417887e+02 1.171621582031250000e+04 1.171680800270713007e+04
1.937150582061149180e+02 1.171884570312500000e+04 1.171682468945880464e+04
1.937354914448224008e+02 1.171937500000000000e+04 1.171684116280352464e+04
1.937559245829470456e+02 1.172108398437500000e+04 1.171685742311335707e+04
1.937763577210716903e+02 1.171875585937500000e+04 1.171687347108607901e+04
1.937967908587306738e+02 1.171147753906250000e+04 1.171688930733746747e+04
1.938172239959239960e+02 1.171908886718750000e+04 1.171690493248370694e+04
1.938376570334658027e+02 1.171927539062500000e+04 1.171692034706663253e+04
1.938580901706591249e+02 1.171053515625000000e+04 1.171693555185275727e+04
1.938785234075039625e+02 1.172086328125000000e+04 1.171695054745516427e+04
1.938989565442316234e+02 1.171311523437500000e+04 1.171696533434340745e+04
1.939193895808421075e+02 1.172089941406250000e+04 1.171697991313670354e+04
1.939398228176869452e+02 1.172136816406250000e+04 1.171699428466397512e+04
1.939602558538317680e+02 1.171309667968750000e+04 1.171700844925938327e+04
1.939806889896281064e+02 1.172204003906250000e+04 1.171702240774882375e+04
1.940011222255416214e+02 1.172209277343750000e+04 1.171703616074574347e+04
1.940215552607551217e+02 1.171075097656250000e+04 1.171704970866534313e+04
1.940419883960857987e+02 1.170511328125000000e+04 1.171706305232473824e+04
1.940624215314164758e+02 1.171108007812500000e+04 1.171707619227319810e+04
1.940828546662814915e+02 1.171970117187500000e+04 1.171708912912657979e+04
1.941032878011465073e+02 1.171287988281250000e+04 1.171710186350133881e+04
1.941237209355458617e+02 1.172010156250000000e+04 1.171711439601334496e+04
1.941441541700623930e+02 1.172138085937500000e+04 1.171712672733896761e+04
1.941645872038789093e+02 1.171465332031250000e+04 1.171713885791430039e+04
1.941850203378126025e+02 1.171658984375000000e+04 1.171715078853556588e+04
1.942054533716291189e+02 1.171274511718750000e+04 1.171716251970199119e+04
1.942258866052143276e+02 1.171489648437500000e+04 1.171717405220044748e+04
1.942463197386823595e+02 1.172034179687500000e+04 1.171718538647637979e+04
1.942667527715675533e+02 1.172424511718750000e+04 1.171719652314859195e+04
1.942871860046871006e+02 1.171335351562500000e+04 1.171720746299575148e+04
1.943076191372238100e+02 1.171607714843750000e+04 1.171721820647151617e+04
1.943280522697605193e+02 1.171407519531250000e+04 1.171722875424637095e+04
1.943484853021800518e+02 1.171809960937500000e+04 1.171723910688621982e+04
1.943689185343682766e+02 1.171559667968750000e+04 1.171724926515773404e+04
1.943893516664393246e+02 1.172082226562500000e+04 1.171725922952654946e+04
1.944097846983931959e+02 1.171922167968750000e+04 1.171726900061167362e+04
1.944302179296500981e+02 1.172199218750000000e+04 1.171727857917102665e+04
1.944506510612554848e+02 1.171566601562500000e+04 1.171728796567921927e+04
1.944915173230692744e+02 1.166359863281250000e+04 1.171730616514764733e+04
1.945119504537433386e+02 1.160725488281250000e+04 1.171731497934042090e+04
1.945323834843002260e+02 1.160690722656250000e+04 1.171732360395203796e+04
1.945528166145086288e+02 1.163807031250000000e+04 1.171733203968297494e+04
1.945732498448342085e+02 1.171351855468750000e+04 1.171734028714681153e+04
1.945936829745769501e+02 1.171564160156250000e+04 1.171734834687869989e+04
1.946141160046681762e+02 1.171573242187500000e+04 1.171735621949791675e+04
1.946345492340624332e+02 1.171903710937500000e+04 1.171736390573442804e+04
1.946549823633395135e+02 1.172272949218750000e+04 1.171737140609039670e+04
1.946754153924994171e+02 1.172028613281250000e+04 1.171737872118470295e+04
1.946958485213108361e+02 1.171834472656250000e+04 1.171738585170502120e+04
1.947162817502394319e+02 1.171813281250000000e+04 1.171739279826495840e+04
1.947367147784680128e+02 1.171805468750000000e+04 1.171739956137975787e+04
1.947571479068137705e+02 1.171895605468750000e+04 1.171740614176648887e+04
1.947775811348110437e+02 1.171112988281250000e+04 1.171741254003847826e+04
1.947980141630396247e+02 1.171494628906250000e+04 1.171741875671945309e+04
1.948184472904540598e+02 1.171927050781250000e+04 1.171742479251786426e+04
1.948388804183341563e+02 1.172052441406250000e+04 1.171743064801937362e+04
1.948593135457485914e+02 1.172282031250000000e+04 1.171743632383986369e+04
1.948797466726973653e+02 1.171730175781250000e+04 1.171744182059549894e+04
1.949001797996461391e+02 1.171415332031250000e+04 1.171744713890256389e+04
1.949206130262464285e+02 1.172144335937500000e+04 1.171745227940184850e+04
1.949410460530780256e+02 1.171345507812500000e+04 1.171745724263547891e+04
1.949614791795611382e+02 1.171782031250000000e+04 1.171746202929363244e+04
1.949819124052301049e+02 1.171315039062500000e+04 1.171746663998978147e+04
1.950023454311303794e+02 1.171767382812500000e+04 1.171747107527391927e+04
1.950227785571478307e+02 1.172178125000000000e+04 1.171747533582856704e+04
1.950432115825824440e+02 1.171048828125000000e+04 1.171747942222803249e+04
1.950636448077857494e+02 1.171567578125000000e+04 1.171748333514726255e+04
1.950840779328718781e+02 1.171654101562500000e+04 1.171748707514371563e+04
1.951045110579580069e+02 1.171540527343750000e+04 1.171749064285313943e+04
1.951249441830441356e+02 1.171139453125000000e+04 1.171749403889168752e+04
1.951453773071989417e+02 1.171958398437500000e+04 1.171749726387536248e+04
1.951658104318194091e+02 1.171970703125000000e+04 1.171750031842054887e+04
1.951862434558570385e+02 1.171937304687500000e+04 1.171750320312953045e+04
1.952066766796633601e+02 1.172723437500000000e+04 1.171750591865963361e+04
1.952271098033525050e+02 1.171747753906250000e+04 1.171750846558591365e+04
1.952475428269244730e+02 1.171922070312500000e+04 1.171751084452699797e+04
1.952679760502651334e+02 1.172694140625000000e+04 1.171751305613273144e+04
1.952884090733714402e+02 1.171717187500000000e+04 1.171751510097596474e+04
1.953088421965949237e+02 1.172234667968750000e+04 1.171751697970413443e+04
1.953292753188870847e+02 1.171935156250000000e+04 1.171751869292288211e+04
1.953497084416449070e+02 1.171239453125000000e+04 1.171752024124849049e+04
1.953701415639370680e+02 1.172105761718750000e+04 1.171752162529703673e+04
1.953905746862292290e+02 1.171795507812500000e+04 1.171752284568470714e+04
1.954110078080557287e+02 1.172497070312500000e+04 1.171752390302763342e+04
1.954314409298822284e+02 1.172674316406250000e+04 1.171752479794199098e+04
1.954518740517087281e+02 1.172010351562500000e+04 1.171752553104393519e+04
1.954723072727210820e+02 1.171690917968750000e+04 1.171752610295199702e+04
1.954927402939647436e+02 1.172178613281250000e+04 1.171752651427515229e+04
1.955131734148599207e+02 1.172394628906250000e+04 1.171752676563675777e+04
1.955336064356379211e+02 1.171815625000000000e+04 1.171752685765050046e+04
1.955540396561846137e+02 1.171991601562500000e+04 1.171752679093272491e+04
1.955744727766141295e+02 1.171702734375000000e+04 1.171752656609939368e+04
1.955949057969264686e+02 1.171510937500000000e+04 1.171752618376898317e+04
1.956153390170074999e+02 1.172844433593750000e+04 1.171752564455088213e+04
1.956357721365056932e+02 1.172403320312500000e+04 1.171752494906802531e+04
1.956562052560038865e+02 1.171717480468750000e+04 1.171752409793429433e+04
1.956766382753849030e+02 1.171940917968750000e+04 1.171752309177114694e+04
1.956970714950002730e+02 1.171510156250000000e+04 1.171752193117881143e+04
1.957175046140328050e+02 1.171636621093750000e+04 1.171752061678939390e+04
1.957379376324824989e+02 1.171809277343750000e+04 1.171751914922131255e+04
1.957583708511665463e+02 1.172143945312500000e+04 1.171751752906798902e+04
1.957788039697334170e+02 1.172410156250000000e+04 1.171751575696827422e+04
1.957992369877174497e+02 1.172144042968750000e+04 1.171751383354059362e+04
1.958196702054701746e+02 1.172324707031250000e+04 1.171751175937172229e+04
1.958401033235713840e+02 1.171216503906250000e+04 1.171750953510710133e+04
1.958605363410897553e+02 1.171680273437500000e+04 1.171750716136518531e+04
1.958809694587253034e+02 1.172211914062500000e+04 1.171750463873880472e+04
1.959014026755467057e+02 1.172235156250000000e+04 1.171750196784205764e+04
1.959218356925994158e+02 1.171487695312500000e+04 1.171749914933126092e+04
1.959422688097693026e+02 1.171993847656250000e+04 1.171749618378227387e+04
1.959627020261250436e+02 1.171571875000000000e+04 1.171749307180924370e+04
1.959831351423636079e+02 1.171466699218750000e+04 1.171748981405867926e+04
1.960035681589506567e+02 1.171584765625000000e+04 1.171748641114879501e+04
1.960240012747235596e+02 1.171315429687500000e+04 1.171748286366262619e+04
1.960444344906136394e+02 1.173242675781250000e+04 1.171747917221405260e+04
1.960648675062693655e+02 1.172087207031250000e+04 1.171747533747453963e+04
1.960853006215766072e+02 1.172199707031250000e+04 1.171747136000500905e+04
1.961057338370010257e+02 1.172351367187500000e+04 1.171746724041943889e+04
1.961261668521910906e+02 1.171909375000000000e+04 1.171746297939557189e+04
1.961465999670326710e+02 1.171045214843750000e+04 1.171745857748806884e+04
1.961670331815257668e+02 1.171415332031250000e+04 1.171745403531101329e+04
1.961874661957845092e+02 1.172702734375000000e+04 1.171744935354825975e+04
1.962078993101604283e+02 1.170914843750000000e+04 1.171744453274815896e+04
1.962283324240706861e+02 1.171869042968750000e+04 1.171743957354957456e+04
1.962487655379809439e+02 1.172216699218750000e+04 1.171743447656855096e+04
1.962691986518912017e+02 1.171646093750000000e+04 1.171742924242123627e+04
1.962896317653357983e+02 1.171925488281250000e+04 1.171742387172390227e+04
1.963100649784319103e+02 1.171506347656250000e+04 1.171741836506539403e+04
1.963304979917593300e+02 1.171086914062500000e+04 1.171741272314355592e+04
1.963509311047382653e+02 1.172138281250000000e+04 1.171740694649285433e+04
1.963713641171343625e+02 1.170894042968750000e+04 1.171740103578604794e+04
1.963917973297648132e+02 1.171932226562500000e+04 1.171739499155128942e+04
1.964122304418124259e+02 1.172151660156250000e+04 1.171738881449273322e+04
1.964326635543256998e+02 1.171906054687500000e+04 1.171738250519696885e+04
1.964530966663733125e+02 1.171470019531250000e+04 1.171737606428043000e+04
1.964735297774896026e+02 1.172002734375000000e+04 1.171736949235942120e+04
1.964939628890715539e+02 1.171694824218750000e+04 1.171736279004965400e+04
1.965143960006535053e+02 1.171139355468750000e+04 1.171735595796742018e+04
1.965348291117697954e+02 1.171839062500000000e+04 1.171734899672903703e+04
1.965552622224204242e+02 1.171337890625000000e+04 1.171734190695065809e+04
1.965756952334195375e+02 1.172147363281250000e+04 1.171733468928378716e+04
1.965961284441873431e+02 1.170761132812500000e+04 1.171732734423787042e+04
1.966165615543723106e+02 1.171550976562500000e+04 1.171731987253610350e+04
1.966369945644401014e+02 1.171161132812500000e+04 1.171731227479632071e+04
1.966574277742765844e+02 1.171220312500000000e+04 1.171730455152224931e+04
1.966778608839958906e+02 1.170936132812500000e+04 1.171729670344246915e+04
1.966982938935980201e+02 1.172603027343750000e+04 1.171728873117496187e+04
1.967187270033173263e+02 1.171980175781250000e+04 1.171728063525774814e+04
1.967391601121053100e+02 1.171339355468750000e+04 1.171727241634611528e+04
1.967595932213589549e+02 1.171343652343750000e+04 1.171726407505565294e+04
1.967800263301469386e+02 1.170590722656250000e+04 1.171725561200289667e+04
1.968004595385864377e+02 1.172268457031250000e+04 1.171724702776163940e+04
1.968208925467915833e+02 1.171130371093750000e+04 1.171723832307491466e+04
1.968413256551139057e+02 1.172091015625000000e+04 1.171722949843179958e+04
1.968617586628533900e+02 1.171463867187500000e+04 1.171722055453511712e+04
1.968821918708272278e+02 1.172219628906250000e+04 1.171721149186848015e+04
1.969026249786838889e+02 1.171538671875000000e+04 1.171720231118037918e+04
1.969230579859577119e+02 1.172005371093750000e+04 1.171719301308890135e+04
1.969434911934658885e+02 1.172105664062500000e+04 1.171718359807246270e+04
1.969639243003912270e+02 1.171868359375000000e+04 1.171717406688495976e+04
1.969843573071993887e+02 1.171834082031250000e+04 1.171716442014403401e+04
1.970047905137762427e+02 1.172534960937500000e+04 1.171715465832341215e+04
1.970252236202359200e+02 1.172270312500000000e+04 1.171714478218167278e+04
1.970456567266955972e+02 1.171559667968750000e+04 1.171713479228741198e+04
1.970660897325724363e+02 1.171575000000000000e+04 1.171712468930679097e+04
1.970865229382179677e+02 1.172116113281250000e+04 1.171711447370663518e+04
1.971069560442119837e+02 1.171918261718750000e+04 1.171710414625196063e+04
1.971273890496231616e+02 1.171391601562500000e+04 1.171709370756102726e+04
1.971682553598657250e+02 1.171867871093750000e+04 1.171707249862625213e+04
1.971886883648112416e+02 1.170979003906250000e+04 1.171706172977034294e+04
1.972091214694082737e+02 1.171662304687500000e+04 1.171705085203887211e+04
1.972295546741224825e+02 1.171756835937500000e+04 1.171703986604615420e+04
1.972499872781336308e+02 1.171220703125000000e+04 1.171702877278907908e+04
1.972704201824963093e+02 1.172123730468750000e+04 1.171701757239695507e+04
1.972908533862791955e+02 1.172215722656250000e+04 1.171700626548171749e+04
1.973112864899449050e+02 1.171388085937500000e+04 1.171699485287905554e+04
1.973317194934934378e+02 1.171722460937500000e+04 1.171698333520666347e+04
1.973521526968106627e+02 1.171589843750000000e+04 1.171697171291089035e+04
1.973725858000107110e+02 1.172203027343750000e+04 1.171695998677768694e+04
1.973930188030935824e+02 1.171559375000000000e+04 1.171694815742473111e+04
1.974134519058279693e+02 1.171392382812500000e+04 1.171693622535251779e+04
1.974338851086795330e+02 1.172132714843750000e+04 1.171692419117542522e+04
1.974747512130998075e+02 1.171743945312500000e+04 1.171689981932703085e+04
1.974951844150200486e+02 1.171206933593750000e+04 1.171688748270892029e+04
1.975156174167059362e+02 1.171247167968750000e+04 1.171687504663112486e+04
1.975360505185090005e+02 1.170950878906250000e+04 1.171686251152772820e+04
1.975564836198464036e+02 1.172271875000000000e+04 1.171684987807584912e+04
1.975769167207181454e+02 1.172231835937500000e+04 1.171683714689165572e+04
1.975973498220555484e+02 1.171416992187500000e+04 1.171682431859070857e+04
1.976177829229272902e+02 1.171361328125000000e+04 1.171681139378974149e+04
1.976382161234505475e+02 1.171709179687500000e+04 1.171679837304088142e+04
1.976586491237394512e+02 1.171674218750000000e+04 1.171678525715207252e+04
1.976790822241455317e+02 1.171556054687500000e+04 1.171677204654737216e+04
1.976995154242031276e+02 1.171150976562500000e+04 1.171675874184185159e+04
1.977199484240263700e+02 1.172655566406250000e+04 1.171674534384760591e+04
1.977403815235011280e+02 1.171658593750000000e+04 1.171673185298484168e+04
1.977608146234415472e+02 1.171711035156250000e+04 1.171671826993451032e+04
1.977812477224506438e+02 1.171608593750000000e+04 1.171670459531369306e+04
1.978016808214597404e+02 1.171264062500000000e+04 1.171669082973791956e+04
1.978221139204688370e+02 1.171088183593750000e+04 1.171667697382333972e+04
1.978425470194779336e+02 1.171689160156250000e+04 1.171666302818610347e+04
1.978629801180213690e+02 1.171435839843750000e+04 1.171664899344267906e+04
1.978834132160991430e+02 1.171332324218750000e+04 1.171663487020921821e+04
1.979038462145254016e+02 1.171253710937500000e+04 1.171662065917107611e+04
1.979242794122546911e+02 1.172668847656250000e+04 1.171660636073583555e+04
1.979447125098668039e+02 1.171634375000000000e+04 1.171659197572853736e+04
1.979651455073617399e+02 1.171789355468750000e+04 1.171657750476659930e+04
1.979855787050910294e+02 1.171733007812500000e+04 1.171656294825282748e+04
1.980060118022374809e+02 1.171897949218750000e+04 1.171654830701704486e+04
1.980264447992667556e+02 1.172566992187500000e+04 1.171653358167631450e+04
1.980468778959475458e+02 1.171767675781250000e+04 1.171651877270281329e+04
1.980673110922798514e+02 1.171483300781250000e+04 1.171650388071147972e+04
1.980877440888434649e+02 1.171436914062500000e+04 1.171648890653728449e+04
1.981081771850585938e+02 1.171973632812500000e+04 1.171647385057755309e+04
1.981286103809252381e+02 1.171737011718750000e+04 1.171645871344724219e+04
1.981490434771403670e+02 1.171237695312500000e+04 1.171644349591014907e+04
1.981694764727726579e+02 1.172020507812500000e+04 1.171642819858429357e+04
1.981899096681736410e+02 1.172343554687500000e+04 1.171641282186038734e+04
1.982103426633402705e+02 1.171587890625000000e+04 1.171639736665559030e+04
1.982307757586240768e+02 1.172130761718750000e+04 1.171638183335944814e+04
1.982512088534422219e+02 1.171647167968750000e+04 1.171636622266399718e+04
1.982716419477947056e+02 1.172332910156250000e+04 1.171635053518540008e+04
1.982920750426128507e+02 1.172038378906250000e+04 1.171633477153908098e+04
1.983125081364996731e+02 1.171323925781250000e+04 1.171631893234227027e+04
1.983329412308521569e+02 1.171809765625000000e+04 1.171630301821004105e+04
1.983533743247389793e+02 1.171913769531250000e+04 1.171628702975925626e+04
1.983738074186258018e+02 1.171954589843750000e+04 1.171627096760571294e+04
1.983942404123954475e+02 1.171476074218750000e+04 1.171625483244478892e+04
1.984146736054681242e+02 1.171831445312500000e+04 1.171623862465566708e+04
1.984351066988892853e+02 1.171802148437500000e+04 1.171622234509109694e+04
1.984555396917276084e+02 1.171793261718750000e+04 1.171620599436901830e+04
1.984759728843346238e+02 1.171271777343750000e+04 1.171618957286472869e+04
1.984964059768244624e+02 1.171678710937500000e+04 1.171617308143485570e+04
1.985168389691971242e+02 1.171784179687500000e+04 1.171615652069658245e+04
1.985372721618041396e+02 1.171674023437500000e+04 1.171613989102211417e+04
1.985577052533626556e+02 1.170786230468750000e+04 1.171612319327230034e+04
1.985781382457353175e+02 1.171601757812500000e+04 1.171610642806276519e+04
1.985985713372938335e+02 1.172058593750000000e+04 1.171608959584689001e+04
1.986190045285038650e+02 1.171056933593750000e+04 1.171607269723946411e+04
1.986394376195967197e+02 1.171919726562500000e+04 1.171605573302185439e+04
1.986598706110380590e+02 1.172058886718750000e+04 1.171603870381078377e+04
1.986803038017824292e+02 1.172063964843750000e+04 1.171602160997277315e+04
1.987007368924096227e+02 1.172149902343750000e+04 1.171600445237398526e+04
1.987211698829196393e+02 1.172158496093750000e+04 1.171598723163150316e+04
1.987416029730811715e+02 1.172382910156250000e+04 1.171596994819310748e+04
1.987620361633598804e+02 1.171825585937500000e+04 1.171595260267364574e+04
1.987824691534042358e+02 1.174601660156250000e+04 1.171593519594467944e+04
1.988029022431001067e+02 1.172311035156250000e+04 1.171591772836734162e+04
1.988233354324474931e+02 1.171086425781250000e+04 1.171590020055688547e+04
1.988437684220261872e+02 1.172051269531250000e+04 1.171588261338675511e+04
1.988642015112563968e+02 1.171685839843750000e+04 1.171586496721580625e+04
1.988846346004866064e+02 1.171640820312500000e+04 1.171584726274582135e+04
1.989050676887854934e+02 1.171703808593750000e+04 1.171582950059375798e+04
1.989255007775500417e+02 1.171087890625000000e+04 1.171581168137454915e+04
1.989459338658489287e+02 1.171836230468750000e+04 1.171579380570515423e+04
1.989663670542649925e+02 1.171269824218750000e+04 1.171577587411332206e+04
1.989868000419810414e+02 1.171885937500000000e+04 1.171575788747959814e+04
1.990072331302799284e+02 1.172323437500000000e+04 1.171573984615532027e+04
1.990276663177646697e+02 1.171225781250000000e+04 1.171572175075707491e+04
1.990480993054807186e+02 1.171586425781250000e+04 1.171570360216615882e+04
1.990685323923826218e+02 1.171804980468750000e+04 1.171568540073357326e+04
1.990889653796330094e+02 1.171968750000000000e+04 1.171566714725258498e+04
1.991093985666520894e+02 1.170565234375000000e+04 1.171564884207148498e+04
1.991298316535539925e+02 1.171384863281250000e+04 1.171563048607469136e+04
1.991502647395245731e+02 1.171425195312500000e+04 1.171561207978963284e+04
1.991706978259608150e+02 1.171818359375000000e+04 1.171559362383119515e+04
1.991911309123970568e+02 1.171842968750000000e+04 1.171557511881594837e+04
1.992115639979019761e+02 1.170823730468750000e+04 1.171555656536088645e+04
1.992319969842210412e+02 1.171394433593750000e+04 1.171553796417172271e+04
1.992524301693774760e+02 1.172295996093750000e+04 1.171551931559294826e+04
1.992728631547652185e+02 1.171167773437500000e+04 1.171550062060451091e+04
1.992932962402701378e+02 1.171712011718750000e+04 1.171548187954850800e+04
1.993137294249609113e+02 1.170472070312500000e+04 1.171546309304128408e+04
1.993341624098829925e+02 1.171429980468750000e+04 1.171544426197417488e+04
1.993545954944565892e+02 1.172370605468750000e+04 1.171542538668770430e+04
1.993750285790301859e+02 1.171141992187500000e+04 1.171540646788975937e+04
1.993954616636037827e+02 1.172018457031250000e+04 1.171538750619648090e+04
1.994158947472460568e+02 1.171266601562500000e+04 1.171536850222489011e+04
1.994363278313539922e+02 1.171096093750000000e+04 1.171534945658982542e+04
1.994567609149962664e+02 1.163974121093750000e+04 1.171533036990831170e+04
1.994771939986385405e+02 1.159713378906250000e+04 1.171531124279606229e+04
1.994976270818151534e+02 1.160670117187500000e+04 1.171529207586965640e+04
1.995180602651089430e+02 1.165507421875000000e+04 1.171527286965060557e+04
1.995384932481683791e+02 1.171943847656250000e+04 1.171525362503766337e+04
1.995589263308793306e+02 1.171673144531250000e+04 1.171523434236480898e+04
1.995793593134731054e+02 1.171488085937500000e+04 1.171521502243671057e+04
1.995997924958355725e+02 1.171718457031250000e+04 1.171519566558569204e+04
1.996202255780808628e+02 1.171818457031250000e+04 1.171517627271172751e+04
1.996406585597433150e+02 1.170988183593750000e+04 1.171515684443192913e+04
1.996610917416401207e+02 1.171722363281250000e+04 1.171513738107616155e+04
1.996815248234197497e+02 1.171379101562500000e+04 1.171511788354641430e+04
1.997019579047337174e+02 1.171668359375000000e+04 1.171509835236399158e+04
1.997223908859305084e+02 1.170780761718750000e+04 1.171507878824055115e+04
1.997428240668959916e+02 1.172281054687500000e+04 1.171505919150486079e+04
1.997632571482099593e+02 1.171057519531250000e+04 1.171503956305998872e+04
1.997836901284754276e+02 1.172269335937500000e+04 1.171501990352389475e+04
1.998041233089752495e+02 1.171509375000000000e+04 1.171500021322262000e+04
1.998245563893578947e+02 1.171989160156250000e+04 1.171498049306151916e+04
1.998449893696233630e+02 1.171264550781250000e+04 1.171496074365717686e+04
1.998654224495403469e+02 1.170914453125000000e+04 1.171494096543265186e+04
1.998858556295745075e+02 1.171110058593750000e+04 1.171492115900322096e+04
1.999062886089086533e+02 1.171544238281250000e+04 1.171490132527683454e+04
1.999267216883599758e+02 1.171379687500000000e+04 1.171488146457783841e+04
1.999471548679284751e+02 1.171598925781250000e+04 1.171486157752198778e+04
1.999675879464484751e+02 1.172127343750000000e+04 1.171484166492123040e+04
1.999880209257826209e+02 1.171060351562500000e+04 1.171482172739026100e+04
2.000084541039541364e+02 1.171857324218750000e+04 1.171480176525425486e+04
2.000288871824741364e+02 1.171377832031250000e+04 1.171478177942078764e+04
2.000493201608769596e+02 1.171015820312500000e+04 1.171476177050681508e+04
2.000697532389312983e+02 1.171661621093750000e+04 1.171474173893284387e+04
2.000901864171028137e+02 1.171621875000000000e+04 1.171472168531424904e+04
2.001106193945743144e+02 1.171347558593750000e+04 1.171470161056255893e+04
2.001310524721629918e+02 1.171109960937500000e+04 1.171468151499854321e+04
2.001514856494031847e+02 1.171735937500000000e+04 1.171466139923849551e+04
2.001719186264090240e+02 1.171101855468750000e+04 1.171464126419394233e+04
2.001923517035320401e+02 1.171525390625000000e+04 1.171462111018519681e+04
2.002127847806550562e+02 1.171761425781250000e+04 1.171460093792701809e+04
2.002332178568467498e+02 1.171166894531250000e+04 1.171458074803646741e+04
2.002536509335041046e+02 1.171135644531250000e+04 1.171456054112831771e+04
2.002740840096957982e+02 1.171877050781250000e+04 1.171454031781963567e+04
2.002945170858874917e+02 1.171140917968750000e+04 1.171452007872610557e+04
2.003149501616135240e+02 1.171101367187500000e+04 1.171449982446433751e+04
2.003353832373395562e+02 1.171380664062500000e+04 1.171447955565001394e+04
2.003558163125999272e+02 1.171928222656250000e+04 1.171445927289974679e+04
2.003762493878602982e+02 1.171804785156250000e+04 1.171443897682922216e+04
2.003966824631206691e+02 1.171859960937500000e+04 1.171441866805458631e+04
2.005601469576358795e+02 1.171728515625000000e+04 1.171425581455430438e+04
2.005805801306851208e+02 1.171545019531250000e+04 1.171423541907164326e+04
2.006010131039656699e+02 1.171734765625000000e+04 1.171421501724576774e+04
2.006214461773633957e+02 1.171736328125000000e+04 1.171419460939343480e+04
2.006418793499469757e+02 1.170959375000000000e+04 1.171417419613164384e+04
2.006623123227618635e+02 1.171626757812500000e+04 1.171415377837523738e+04
2.006827453952282667e+02 1.171456542968750000e+04 1.171413335644120161e+04
2.007031784676946700e+02 1.170416210937500000e+04 1.171411293104524520e+04
2.007236115396954119e+02 1.171476855468750000e+04 1.171409250280397828e+04
2.007440446116961539e+02 1.171280273437500000e+04 1.171407207233308509e+04
2.007644776836968958e+02 1.171434472656250000e+04 1.171405164024871192e+04
2.007849107552319765e+02 1.171468652343750000e+04 1.171403120716746889e+04
2.008053438267670572e+02 1.171713378906250000e+04 1.171401077370503481e+04
2.008257768978364766e+02 1.171382910156250000e+04 1.171399034047802706e+04
2.008462100690230727e+02 1.170889550781250000e+04 1.171396990800201092e+04
2.008666430399753153e+02 1.171185253906250000e+04 1.171394947719346237e+04
2.008870761105790734e+02 1.171231054687500000e+04 1.171392904836866728e+04
2.009075090810656548e+02 1.171344824218750000e+04 1.171390862234348970e+04
2.009279422513209283e+02 1.170597558593750000e+04 1.171388819943431372e+04
2.009483753214590251e+02 1.171816015625000000e+04 1.171386778055704417e+04
2.009688082914799452e+02 1.171416503906250000e+04 1.171384736632776730e+04
2.009892414612695575e+02 1.170642968750000000e+04 1.171382695706305458e+04
2.010096745304763317e+02 1.172218066406250000e+04 1.171380655367909276e+04
2.010301076001487672e+02 1.170884667968750000e+04 1.171378615669107967e+04
2.010505405692383647e+02 1.170976367187500000e+04 1.171376576681598272e+04
2.010709737380966544e+02 1.171096777343750000e+04 1.171374538437028423e+04
2.010914068073034286e+02 1.171408593750000000e+04 1.171372501026885948e+04
2.011118397759273648e+02 1.171884667968750000e+04 1.171370464512866238e+04
2.011322729443199933e+02 1.171064062500000000e+04 1.171368428926655361e+04
2.011527060125954449e+02 1.171872363281250000e+04 1.171366394359749211e+04
2.011731389807537198e+02 1.171086718750000000e+04 1.171364360873748046e+04
2.011935720485635102e+02 1.171071582031250000e+04 1.171362328510384759e+04
2.012140052164904773e+02 1.172421777343750000e+04 1.171360297331244328e+04
2.012344381841830909e+02 1.170787207031250000e+04 1.171358267427789724e+04
2.012548712510615587e+02 1.171720703125000000e+04 1.171356238831879818e+04
2.012753044185228646e+02 1.171208789062500000e+04 1.171354211605010642e+04
2.012957373857498169e+02 1.172305468750000000e+04 1.171352185838630430e+04
2.013161704526282847e+02 1.171373730468750000e+04 1.171350161564612426e+04
2.013366036191582680e+02 1.171923828125000000e+04 1.171348138844593996e+04
2.013570366855710745e+02 1.171481933593750000e+04 1.171346117759964181e+04
2.013774696518667042e+02 1.170098242187500000e+04 1.171344098372313965e+04
2.013979027178138494e+02 1.171617285156250000e+04 1.171342080723514118e+04
2.014183357837609947e+02 1.171562304687500000e+04 1.171340064885032189e+04
2.014387688497081399e+02 1.171337597656250000e+04 1.171338050918482986e+04
2.014592019151896238e+02 1.171873730468750000e+04 1.171336038885526068e+04
2.014796349806711078e+02 1.171706542968750000e+04 1.171334028847730951e+04
2.015000680456869304e+02 1.171930175781250000e+04 1.171332020866757375e+04
2.015205010110512376e+02 1.171678125000000000e+04 1.171330015013951925e+04
2.015409340756013989e+02 1.170973828125000000e+04 1.171328011331408743e+04
2.015613672402687371e+02 1.171493261718750000e+04 1.171326009880683705e+04
2.015818003048188984e+02 1.171300683593750000e+04 1.171324010743004874e+04
2.016022332692518830e+02 1.171028613281250000e+04 1.171322013979952681e+04
2.016226664329878986e+02 1.170975976562500000e+04 1.171320019623898224e+04
2.016430994970723987e+02 1.170906835937500000e+04 1.171318027765653824e+04
2.016635324605740607e+02 1.171654199218750000e+04 1.171316038466887767e+04
2.016839655241928995e+02 1.171477246093750000e+04 1.171314051769674552e+04
2.017043986879289150e+02 1.171078906250000000e+04 1.171312067735667006e+04
2.017248316509649158e+02 1.171563964843750000e+04 1.171310086455669443e+04
2.017452647141180933e+02 1.170867089843750000e+04 1.171308107962106624e+04
2.017656978764571249e+02 1.171069726562500000e+04 1.171306132316725052e+04
2.017861308394931257e+02 1.171483496093750000e+04 1.171304159609978524e+04
2.018065639017149806e+02 1.171647167968750000e+04 1.171302189874641590e+04
2.018269970640540123e+02 1.172702832031250000e+04 1.171300223172283586e+04
2.018474300261586905e+02 1.171483789062500000e+04 1.171298259593404873e+04
2.018678630879148841e+02 1.171771582031250000e+04 1.171296299170778548e+04
2.018882961496710777e+02 1.171396289062500000e+04 1.171294341975603675e+04
2.019087293115444481e+02 1.171538867187500000e+04 1.171292388059928271e+04
2.019291622727178037e+02 1.171101464843750000e+04 1.171290437514108635e+04
2.019495953340083361e+02 1.170776367187500000e+04 1.171288490371017542e+04
2.019700284949503839e+02 1.171168945312500000e+04 1.171286546692364755e+04
2.019904614561237395e+02 1.171570507812500000e+04 1.171284606568220988e+04
2.020108945164829493e+02 1.171392382812500000e+04 1.171282670031788257e+04
2.020313274771906435e+02 1.172255175781250000e+04 1.171280737163525191e+04
2.020517606372013688e+02 1.170883398437500000e+04 1.171278807996794058e+04
2.020721936975605786e+02 1.172217578125000000e+04 1.171276882621460572e+04
2.020926267574541271e+02 1.171333007812500000e+04 1.171274961089767021e+04
2.021130598168820143e+02 1.171532421875000000e+04 1.171273043463326940e+04
2.021334928767755628e+02 1.171166308593750000e+04 1.171271129803668009e+04
2.021539259357377887e+02 1.171796582031250000e+04 1.171269220172534187e+04
2.021743588950484991e+02 1.170503710937500000e+04 1.171267314640737277e+04
2.021947920541279018e+02 1.170941113281250000e+04 1.171265413241997885e+04
2.022152251130901277e+02 1.171296875000000000e+04 1.171263516065867589e+04
2.022356580719351768e+02 1.171383203125000000e+04 1.171261623173897533e+04
2.022560912300832570e+02 1.170625488281250000e+04 1.171259734599996591e+04
2.022765242885798216e+02 1.171153417968750000e+04 1.171257850433441490e+04
2.022969572464935482e+02 1.171522949218750000e+04 1.171255970735868686e+04
2.023173904046416283e+02 1.170700683593750000e+04 1.171254095541251445e+04
2.023378234622068703e+02 1.171239062500000000e+04 1.171252224938844665e+04
2.023582565202377737e+02 1.171271972656250000e+04 1.171250358980978126e+04
2.023786894772201777e+02 1.171393066406250000e+04 1.171248497738502192e+04
2.023991226344369352e+02 1.171056054687500000e+04 1.171246641245621504e+04
2.024195556915365160e+02 1.171210937500000000e+04 1.171244789591275185e+04
2.024399886485189199e+02 1.171912695312500000e+04 1.171242942837006194e+04
2.024604218052700162e+02 1.170533789062500000e+04 1.171241101017360779e+04
2.024808547617867589e+02 1.171677343750000000e+04 1.171239264230008484e+04
2.025012878184206784e+02 1.171106542968750000e+04 1.171237432509528298e+04
2.025217208741232753e+02 1.170607128906250000e+04 1.171235605926627977e+04
2.025421540304087102e+02 1.170803222656250000e+04 1.171233784533887592e+04
2.025625869859941304e+02 1.171155566406250000e+04 1.171231968419738041e+04
2.025830200416967273e+02 1.170705859375000000e+04 1.171230157619018064e+04
2.026034530969336629e+02 1.170951757812500000e+04 1.171228352202294082e+04
2.026238861521705985e+02 1.171346875000000000e+04 1.171226552231140158e+04
2.026443192074075341e+02 1.171347851562500000e+04 1.171224757767170013e+04
2.026647521625272930e+02 1.171508007812500000e+04 1.171222968880749977e+04
2.026851853169500828e+02 1.172021484375000000e+04 1.171221185607320513e+04
2.027056183717213571e+02 1.171435058593750000e+04 1.171219408034629851e+04
2.027260513259097934e+02 1.170425390625000000e+04 1.171217636224288071e+04
2.027464844798669219e+02 1.171436816406250000e+04 1.171215870211907531e+04
2.027669175341725349e+02 1.171211718750000000e+04 1.171214110085024367e+04
2.027873504878953099e+02 1.171179882812500000e+04 1.171212355905246295e+04
2.028077836418524384e+02 1.171107714843750000e+04 1.171210607708406314e+04
2.028282166947610676e+02 1.170400292968750000e+04 1.171208865581938880e+04
2.028486496484838426e+02 1.171820703125000000e+04 1.171207129587211239e+04
2.028690827013924718e+02 1.170570898437500000e+04 1.171205399768983261e+04
2.028895158544182777e+02 1.171904394531250000e+04 1.171203676188880854e+04
2.029099489068612456e+02 1.171067773437500000e+04 1.171201958925448889e+04
2.029303818596526980e+02 1.170625781250000000e+04 1.171200248040129918e+04
2.029508150122128427e+02 1.171855761718750000e+04 1.171198543569514550e+04
2.029712480646558106e+02 1.171391992187500000e+04 1.171196845600279994e+04
2.029916810165159404e+02 1.170937402343750000e+04 1.171195154193983399e+04
2.030121140684932470e+02 1.171347363281250000e+04 1.171193469395624925e+04
2.030325472201220691e+02 1.170704101562500000e+04 1.171191791266955261e+04
2.030529801715165377e+02 1.170902343750000000e+04 1.171190119894167583e+04
2.030734132230281830e+02 1.171048144531250000e+04 1.171188455314258863e+04
2.030938463741913438e+02 1.170570410156250000e+04 1.171186797588981608e+04
2.031142793251201510e+02 1.171003515625000000e+04 1.171185146804228680e+04
2.031347123757004738e+02 1.171207128906250000e+04 1.171183502997335745e+04
2.031551454262807965e+02 1.171599414062500000e+04 1.171181866237984468e+04
2.031755784768611193e+02 1.170922558593750000e+04 1.171180236587789477e+04
2.031960115269757807e+02 1.170286718750000000e+04 1.171178614108401962e+04
2.032164445770904422e+02 1.171318066406250000e+04 1.171176998861399625e+04
2.032368777268566191e+02 1.170956152343750000e+04 1.171175390900572347e+04
2.032573106768541038e+02 1.170058886718750000e+04 1.171173790311043376e+04
2.032777437265031040e+02 1.171230273437500000e+04 1.171172197130917993e+04
2.032981768758036196e+02 1.171946191406250000e+04 1.171170611421919602e+04
2.033186098248697817e+02 1.170769433593750000e+04 1.171169033268879866e+04
2.033390428740531206e+02 1.171053613281250000e+04 1.171167462710159452e+04
2.033594758231192827e+02 1.170137109375000000e+04 1.171165899822762913e+04
2.033799089714884758e+02 1.171090039062500000e+04 1.171164344645458914e+04
2.034207750684581697e+02 1.170801074218750000e+04 1.171161257728447526e+04
2.034412081167101860e+02 1.170579980468750000e+04 1.171159726104365109e+04
2.034616411644965410e+02 1.171752246093750000e+04 1.171158202452073601e+04
2.034820742122828960e+02 1.170967089843750000e+04 1.171156686833152708e+04
2.035025071599520743e+02 1.171624414062500000e+04 1.171155179316582871e+04
2.035229403073899448e+02 1.170829882812500000e+04 1.171153679941913288e+04
2.035433733547106385e+02 1.170982324218750000e+04 1.171152188792823290e+04
2.035638063019141555e+02 1.171054003906250000e+04 1.171150705930805998e+04
2.035842394484207034e+02 1.170775878906250000e+04 1.171149231395807692e+04
2.036046724952757359e+02 1.171027246093750000e+04 1.171147765271076605e+04
2.036251054420135915e+02 1.171358300781250000e+04 1.171146307618137143e+04
2.036455385880544782e+02 1.171176660156250000e+04 1.171144858477305388e+04
2.036659715343266726e+02 1.171817578125000000e+04 1.171143417938498169e+04
2.036864045802503824e+02 1.171388085937500000e+04 1.171141986042156896e+04
2.037068376261740923e+02 1.170925000000000000e+04 1.171140562856942051e+04
2.037272706720978022e+02 1.170595996093750000e+04 1.171139148444468447e+04
2.037477037175558507e+02 1.171176855468750000e+04 1.171137742866382541e+04
2.037681367625482380e+02 1.170512304687500000e+04 1.171136346184297872e+04
2.037885699081234634e+02 1.171224121093750000e+04 1.171134958452987485e+04
2.038090028529986739e+02 1.171266210937500000e+04 1.171133579754461243e+04
2.038294358979910612e+02 1.171481445312500000e+04 1.171132210129970554e+04
2.038498688424006104e+02 1.171498437500000000e+04 1.171130849654580379e+04
2.038703019870445132e+02 1.170466113281250000e+04 1.171129498369943758e+04
2.038907350311055779e+02 1.171044335937500000e+04 1.171128156357636180e+04
2.039111679750494659e+02 1.171066796875000000e+04 1.171126823679104200e+04
2.039316011192277074e+02 1.171139257812500000e+04 1.171125500376441778e+04
2.039520341628231108e+02 1.170950976562500000e+04 1.171124186530813677e+04
2.039724672064185143e+02 1.170634863281250000e+04 1.171122882197296713e+04
2.039929001498967409e+02 1.171848242187500000e+04 1.171121587443826502e+04
2.040133332931436598e+02 1.170894824218750000e+04 1.171120302313084176e+04
2.040337663362734020e+02 1.171323339843750000e+04 1.171119026885617131e+04
2.040541992788203061e+02 1.170361914062500000e+04 1.171117761222923946e+04
2.040746324220672250e+02 1.171096777343750000e+04 1.171116505368030266e+04
2.040950654642656446e+02 1.172001953125000000e+04 1.171115259401167714e+04
2.041154984068125486e+02 1.170373242187500000e+04 1.171114023383719541e+04
2.041359315486624837e+02 1.170966015625000000e+04 1.171112797359288561e+04
2.041563645908609033e+02 1.170119628906250000e+04 1.171111581407500853e+04
2.041767975324764848e+02 1.171018750000000000e+04 1.171110375589877367e+04
2.041972305742092431e+02 1.170954296875000000e+04 1.171109179956188018e+04
2.042176637160591781e+02 1.171303125000000000e+04 1.171107994568197319e+04
2.042380966572090983e+02 1.171092968750000000e+04 1.171106819504895248e+04
2.042585296984761953e+02 1.170814355468750000e+04 1.171105654810519991e+04
2.042789628393948078e+02 1.170250097656250000e+04 1.171104500546864438e+04
2.042993958801962435e+02 1.170198437500000000e+04 1.171103356786829136e+04
2.043198288204148412e+02 1.171446289062500000e+04 1.171102223591898291e+04
2.043402618612162769e+02 1.170413281250000000e+04 1.171101101012529398e+04
2.043606950012035668e+02 1.170360351562500000e+04 1.171099989110570823e+04
2.043811279414221644e+02 1.170035937500000000e+04 1.171098887963824745e+04
2.044015609812922776e+02 1.170132031250000000e+04 1.171097797617690594e+04
2.044219941208139062e+02 1.162444238281250000e+04 1.171096718133941613e+04
2.044424270605668426e+02 1.160100097656250000e+04 1.171095649589930144e+04
2.044628600999712944e+02 1.160712011718750000e+04 1.171094592031531829e+04
2.044832931393757463e+02 1.167968945312500000e+04 1.171093545525598529e+04
2.045037261783145368e+02 1.170592187500000000e+04 1.171092510133768883e+04
2.045650252941995859e+02 1.170269238281250000e+04 1.171089471258943377e+04
2.045854583326727152e+02 1.170819140625000000e+04 1.171088480939595684e+04
2.046058913706801832e+02 1.170211914062500000e+04 1.171087502042419874e+04
2.046263244086876512e+02 1.170924511718750000e+04 1.171086534629008565e+04
2.046467574466951191e+02 1.171059472656250000e+04 1.171085578760975477e+04
2.046671904842369258e+02 1.170958886718750000e+04 1.171084634499956519e+04
2.046876234216615558e+02 1.170930273437500000e+04 1.171083701912084871e+04
2.047080565593205392e+02 1.170864746093750000e+04 1.171082781045352385e+04
2.047284894962795079e+02 1.170961035156250000e+04 1.171081871979441348e+04
2.047489225333556533e+02 1.170827929687500000e+04 1.171080974762495680e+04
2.047693556700833142e+02 1.171048144531250000e+04 1.171080089456324458e+04
2.047897887066937983e+02 1.170464062500000000e+04 1.171079216131197245e+04
2.048102216431871057e+02 1.172348535156250000e+04 1.171078354848551680e+04
2.048306546793319285e+02 1.171434667968750000e+04 1.171077505661580471e+04
2.048510878155939281e+02 1.170553125000000000e+04 1.171076668632057044e+04
2.048715207511559129e+02 1.170859960937500000e+04 1.171075843833827821e+04
2.048919537873007357e+02 1.171546777343750000e+04 1.171075031316256172e+04
2.049123869226314127e+02 1.170823535156250000e+04 1.171074231141192286e+04
2.049328198581933975e+02 1.170937109375000000e+04 1.171073443381865582e+04
2.049532528934068978e+02 1.170824609375000000e+04 1.171072668088256069e+04
2.049736860287375748e+02 1.170849707031250000e+04 1.171071905322143539e+04
2.049941189633682370e+02 1.171143554687500000e+04 1.171071155156278837e+04
2.050145519981160760e+02 1.170375976562500000e+04 1.171070417641138920e+04
2.050349850323982537e+02 1.171419628906250000e+04 1.171069692842060977e+04
2.050554180671460927e+02 1.171145800781250000e+04 1.171068980820626530e+04
2.050758511014282703e+02 1.171311132812500000e+04 1.171068281638482040e+04
2.050962841352447867e+02 1.171653125000000000e+04 1.171067595357241225e+04
2.051167172691784799e+02 1.170519335937500000e+04 1.171066922035234529e+04
2.051371502028778195e+02 1.172024023437500000e+04 1.171066261743878204e+04
2.051575832362286747e+02 1.171465234375000000e+04 1.171065614534999804e+04
2.051780161699280143e+02 1.170915527343750000e+04 1.171064980476524943e+04
2.051984493029303849e+02 1.171205078125000000e+04 1.171064359620888172e+04
2.052188823358155787e+02 1.171261328125000000e+04 1.171063752038897655e+04
2.052393152685835958e+02 1.171394921875000000e+04 1.171063157791972117e+04
2.052597484015859663e+02 1.170890234375000000e+04 1.171062576933088712e+04
2.052801814340054989e+02 1.171039843750000000e+04 1.171062009532511547e+04
2.053006144664250314e+02 1.171369628906250000e+04 1.171061455648962874e+04
2.053210473982617259e+02 1.172290625000000000e+04 1.171060915346682486e+04
2.053414805303327739e+02 1.170994335937500000e+04 1.171060388679430434e+04
2.053619135622866452e+02 1.171159277343750000e+04 1.171059875716662646e+04
2.053823464936576784e+02 1.170820800781250000e+04 1.171059376519802754e+04
2.054027796252630651e+02 1.171259472656250000e+04 1.171058891143216897e+04
2.054232126567512751e+02 1.170927832031250000e+04 1.171058419655755642e+04
2.054436455881223083e+02 1.171495214843750000e+04 1.171057962118828436e+04
2.054640787187963724e+02 1.171146484375000000e+04 1.171057518587446975e+04
2.054845117498189211e+02 1.171105859375000000e+04 1.171057089129817541e+04
2.055049446802586317e+02 1.171422460937500000e+04 1.171056673807366315e+04
2.055253777108155191e+02 1.170386816406250000e+04 1.171056272677627567e+04
2.055458108410239220e+02 1.170933496093750000e+04 1.171055885802433113e+04
2.055662437709979713e+02 1.171476562500000000e+04 1.171055513248969874e+04
2.055866768010891974e+02 1.170748144531250000e+04 1.171055155073270180e+04
2.056071099308319390e+02 1.172270117187500000e+04 1.171054811337167484e+04
2.056275429604575038e+02 1.170688281250000000e+04 1.171054482105636998e+04
2.056479758899658918e+02 1.172010449218750000e+04 1.171054167440078891e+04
2.056684089191257954e+02 1.170509863281250000e+04 1.171053867399030423e+04
2.056888420479372144e+02 1.170871875000000000e+04 1.171053582044320137e+04
2.057092749769799411e+02 1.170205175781250000e+04 1.171053311441635378e+04
2.057297080056741834e+02 1.171389062500000000e+04 1.171053055648516602e+04
2.057501410343684256e+02 1.171281250000000000e+04 1.171052814727934310e+04
2.057705740625970066e+02 1.170543847656250000e+04 1.171052588741506588e+04
2.057910069911740720e+02 1.170651757812500000e+04 1.171052377751835047e+04
2.058114401190541685e+02 1.171051660156250000e+04 1.171052181817556993e+04
2.058318731472827494e+02 1.171183203125000000e+04 1.171052001003262922e+04
2.058523061745800078e+02 1.171645019531250000e+04 1.171051835369583205e+04
2.058727391022257507e+02 1.171084375000000000e+04 1.171051684978818230e+04
2.058931722296401858e+02 1.170715820312500000e+04 1.171051549890491697e+04
2.059136052569374442e+02 1.171228906250000000e+04 1.171051430168311708e+04
2.059340381841175258e+02 1.170595214843750000e+04 1.171051325873667338e+04
2.059544713106006384e+02 1.170747558593750000e+04 1.171051237066756221e+04
2.059749043374322355e+02 1.170978417968750000e+04 1.171051163810605431e+04
2.059953372641466558e+02 1.170103320312500000e+04 1.171051106166602767e+04
2.060157702905125916e+02 1.170949414062500000e+04 1.171051064195797881e+04
2.060362034165300429e+02 1.171435839843750000e+04 1.171051037960034046e+04
2.060566363427788019e+02 1.171231738281250000e+04 1.171051027521195101e+04
2.060770693686790764e+02 1.171895312500000000e+04 1.171051032940625373e+04
2.060975024942308664e+02 1.171121972656250000e+04 1.171051054280171593e+04
2.061179354200139642e+02 1.171128417968750000e+04 1.171051091601017833e+04
2.061383684449829161e+02 1.171365332031250000e+04 1.171051144965206549e+04
2.061588014704175293e+02 1.171089648437500000e+04 1.171051214434210851e+04
2.061792345955036581e+02 1.171139257812500000e+04 1.171051300070101752e+04
2.061996675203554332e+02 1.171075781250000000e+04 1.171051401933116358e+04
2.062201005448587239e+02 1.170754687500000000e+04 1.171051520086243909e+04
2.062405336694791913e+02 1.170803027343750000e+04 1.171051654591341139e+04
2.062609665938653052e+02 1.171208984375000000e+04 1.171051805507923928e+04
2.062813996179029346e+02 1.170775976562500000e+04 1.171051972899700741e+04
2.063018327420577407e+02 1.170683789062500000e+04 1.171052156828530860e+04
2.063222656659781933e+02 1.171082226562500000e+04 1.171052357353203843e+04
2.063426986895501614e+02 1.171559863281250000e+04 1.171052574538153567e+04
2.063631317131221294e+02 1.170787109375000000e+04 1.171052808444057155e+04
2.064039977598004043e+02 1.171608691406250000e+04 1.171053326665175700e+04
2.064244307829067111e+02 1.170350390625000000e+04 1.171053611103618459e+04
2.064448638055473566e+02 1.170936425781250000e+04 1.171053912509463771e+04
2.064652968281880021e+02 1.170712792968750000e+04 1.171054230944332085e+04
2.064857298508286476e+02 1.171709179687500000e+04 1.171054566469837300e+04
2.065061627733521163e+02 1.171124218750000000e+04 1.171054919145823806e+04
2.065265958951786160e+02 1.170713769531250000e+04 1.171055289039199124e+04
2.065470289173536003e+02 1.170675878906250000e+04 1.171055676206291355e+04
2.065674618389457464e+02 1.170827148437500000e+04 1.171056080708442460e+04
2.065878949612379074e+02 1.170949511718750000e+04 1.171056502613359407e+04
2.066083279824815691e+02 1.171809082031250000e+04 1.171056941976552116e+04
2.066287610037252307e+02 1.170666503906250000e+04 1.171057398861679394e+04
2.066491939248517156e+02 1.171498046875000000e+04 1.171057873327986090e+04
2.066696270457468927e+02 1.170234570312500000e+04 1.171058365444180163e+04
2.066900600669905543e+02 1.170822363281250000e+04 1.171058875264793460e+04
2.067104929871857166e+02 1.171037988281250000e+04 1.171059402851144296e+04
2.067309261080808938e+02 1.170616406250000000e+04 1.171059948272768088e+04
2.067513591283932328e+02 1.170781152343750000e+04 1.171060511583368134e+04
2.067717920485883951e+02 1.171027929687500000e+04 1.171061092844307859e+04
2.067922251685522497e+02 1.170519921875000000e+04 1.171061692125863192e+04
2.068126580882817507e+02 1.170716699218750000e+04 1.171062309477916097e+04
2.068330911081284285e+02 1.171544531250000000e+04 1.171062944971022262e+04
2.068535241275094450e+02 1.171668652343750000e+04 1.171063598663799894e+04
2.068739571468904614e+02 1.170755175781250000e+04 1.171064270617877992e+04
2.068943901662714779e+02 1.170949414062500000e+04 1.171064960894870092e+04
2.069148231851868331e+02 1.170586621093750000e+04 1.171065669556374451e+04
2.069352562041021883e+02 1.171140625000000000e+04 1.171066396664020431e+04
2.069556892225518823e+02 1.170730957031250000e+04 1.171067142279405016e+04
2.069761222410015762e+02 1.171468066406250000e+04 1.171067906464158659e+04
2.069965551593340933e+02 1.170759277343750000e+04 1.171068689276014447e+04
2.070169882779009640e+02 1.171275000000000000e+04 1.171069490788230178e+04
2.070374212958849967e+02 1.171185351562500000e+04 1.171070311050757300e+04
2.070578542137518525e+02 1.171660351562500000e+04 1.171071150124951600e+04
2.070782873313874006e+02 1.173166210937500000e+04 1.171072008084880144e+04
2.070987203489057720e+02 1.170863378906250000e+04 1.171072884979703304e+04
2.071191532663069665e+02 1.170664062500000000e+04 1.171073780870756309e+04
2.071395862833596766e+02 1.170800585937500000e+04 1.171074695828411859e+04
2.071600194005295634e+02 1.172770800781250000e+04 1.171075629914584351e+04
2.071804523174650967e+02 1.171242089843750000e+04 1.171076583177016437e+04
2.072008853340521455e+02 1.171547070312500000e+04 1.171077555691171801e+04
2.072213184507563710e+02 1.170864355468750000e+04 1.171078547518969208e+04
2.072417514668777585e+02 1.171711425781250000e+04 1.171079558712280050e+04
2.072621843833476305e+02 1.170862011718750000e+04 1.171080589332479576e+04
2.072826174991205335e+02 1.171149707031250000e+04 1.171081639456403354e+04
2.073030505152419209e+02 1.171378417968750000e+04 1.171082709130443800e+04
2.073234834307804704e+02 1.170981152343750000e+04 1.171083798415878664e+04
2.073439164464361966e+02 1.171021582031250000e+04 1.171084907385020597e+04
2.073643495617434382e+02 1.171118652343750000e+04 1.171086036099747253e+04
2.073847824768163264e+02 1.170310253906250000e+04 1.171087184604960930e+04
2.074052154920063913e+02 1.171871289062500000e+04 1.171088352979012416e+04
2.074256486068479717e+02 1.170923046875000000e+04 1.171089541283781728e+04
2.074460815214551985e+02 1.171355273437500000e+04 1.171090749563294594e+04
2.074665145361796021e+02 1.170363574218750000e+04 1.171091977896778917e+04
2.074869475504383445e+02 1.171099218750000000e+04 1.171093226339949615e+04
2.075073806648142636e+02 1.171095605468750000e+04 1.171094494960713200e+04
2.075278135789558291e+02 1.171102734375000000e+04 1.171095783801887956e+04
2.075482465927489102e+02 1.170430371093750000e+04 1.171097092943853932e+04
2.075686797061935067e+02 1.170207910156250000e+04 1.171098422448522615e+04
2.075891126203350723e+02 1.170993554687500000e+04 1.171099772357907386e+04
2.076095456331968307e+02 1.171072070312500000e+04 1.171101142753159911e+04
2.076299787466414273e+02 1.171157714843750000e+04 1.171102533696319551e+04
2.076504116598516703e+02 1.171656933593750000e+04 1.171103945228372322e+04
2.076708446727134287e+02 1.170716210937500000e+04 1.171105377431496527e+04
2.076912776855751872e+02 1.171671289062500000e+04 1.171106830360472668e+04
2.077117106979712844e+02 1.170123339843750000e+04 1.171108304076880631e+04
2.077321437103673816e+02 1.170873925781250000e+04 1.171109798642367605e+04
2.077525767227634788e+02 1.170460156250000000e+04 1.171111314118547671e+04
2.077730097346939147e+02 1.171342675781250000e+04 1.171112850566999441e+04
2.077934427466243505e+02 1.171297363281250000e+04 1.171114408049371195e+04
2.078138757585547864e+02 1.171002148437500000e+04 1.171115986627277380e+04
2.078343086703680456e+02 1.171616308593750000e+04 1.171117586354441664e+04
2.078547417814843357e+02 1.171227148437500000e+04 1.171119207316074608e+04
2.078751746928319335e+02 1.170863476562500000e+04 1.171120849542130600e+04
2.078956077038310468e+02 1.170682714843750000e+04 1.171122513118132338e+04
2.079160408149473369e+02 1.170598925781250000e+04 1.171124198106044423e+04
2.079364737258292735e+02 1.170365722656250000e+04 1.171125904542556236e+04
2.079569067368283868e+02 1.170523339843750000e+04 1.171127632514207107e+04
2.079773397468961775e+02 1.170800683593750000e+04 1.171129382074222121e+04
2.079977727574296296e+02 1.170636816406250000e+04 1.171131153284334505e+04
2.080182057674974203e+02 1.171518359375000000e+04 1.171132946206077395e+04
2.080386387775652111e+02 1.171838378906250000e+04 1.171134760901104892e+04
2.080590718872845173e+02 1.172097460937500000e+04 1.171136597440041805e+04
2.080795047967694700e+02 1.171406542968750000e+04 1.171138455857385634e+04
2.080999378063715994e+02 1.171540429687500000e+04 1.171140336241907607e+04
2.081203709156252444e+02 1.170797363281250000e+04 1.171142238655501569e+04
2.081408038251101971e+02 1.171460937500000000e+04 1.171144163131741516e+04
2.081612368337810040e+02 1.170909765625000000e+04 1.171146109760235777e+04
2.081816697428002954e+02 1.171331738281250000e+04 1.171148078583654205e+04
2.082021028515882790e+02 1.170790917968750000e+04 1.171150069692624675e+04
2.082225358597934246e+02 1.171387304687500000e+04 1.171152083119655435e+04
2.082429688684642315e+02 1.171216894531250000e+04 1.171154118936154191e+04
2.082634018766693771e+02 1.171607812500000000e+04 1.171156177203642437e+04
2.082838348844088614e+02 1.171368652343750000e+04 1.171158257983731528e+04
2.083042678926140070e+02 1.170850585937500000e+04 1.171160361338131406e+04
2.083247008002363145e+02 1.171020605468750000e+04 1.171162487317887462e+04
2.083451339080929756e+02 1.171220605468750000e+04 1.171164636016078839e+04
2.083655669153667986e+02 1.171060839843750000e+04 1.171166807462852375e+04
2.083859998225234449e+02 1.172173242187500000e+04 1.171169001719535481e+04
2.084064329294487834e+02 1.171715136718750000e+04 1.171171218880114429e+04
2.084268659367226064e+02 1.172072460937500000e+04 1.171173458973881134e+04
2.084472988434135914e+02 1.171065625000000000e+04 1.171175722062010755e+04
2.084677318497560918e+02 1.171810937500000000e+04 1.171178008228291947e+04
2.084881649562157691e+02 1.170994921875000000e+04 1.171180317534730420e+04
2.085085978624410927e+02 1.170811718750000000e+04 1.171182650008824203e+04
2.085290308687835932e+02 1.171001464843750000e+04 1.171185005746302704e+04
2.085494639747776091e+02 1.171049316406250000e+04 1.171187384809068317e+04
2.085698969806544483e+02 1.171497558593750000e+04 1.171189787235474068e+04
2.085903298859484494e+02 1.170138183593750000e+04 1.171192213086735501e+04
2.086107629914768040e+02 1.171927343750000000e+04 1.171194662460351174e+04
2.086311959968879819e+02 1.171013281250000000e+04 1.171197135382104898e+04
2.086516289017163217e+02 1.171150976562500000e+04 1.171199631913206031e+04
2.086720619071274996e+02 1.171236425781250000e+04 1.171202152139847749e+04
2.086924950117245317e+02 1.171841406250000000e+04 1.171204696123818940e+04
2.087129279165528715e+02 1.171530273437500000e+04 1.171207263889337628e+04
2.087333609210327268e+02 1.171097265625000000e+04 1.171209855535470342e+04
2.087537940251640975e+02 1.171016796875000000e+04 1.171212471124180229e+04
2.087742269295267761e+02 1.171713867187500000e+04 1.171215110678577548e+04
2.087946599335409701e+02 1.171508300781250000e+04 1.171217774298779477e+04
2.088150929375551641e+02 1.171342871093750000e+04 1.171220462033584772e+04
2.088355260412208736e+02 1.171112402343750000e+04 1.171223173957893232e+04
2.088559589446522295e+02 1.171655566406250000e+04 1.171225910093338098e+04
2.088763919477351010e+02 1.171032324218750000e+04 1.171228670541511747e+04
2.088968249512836337e+02 1.172723730468750000e+04 1.171231455350806937e+04
2.089172579543665051e+02 1.171427832031250000e+04 1.171234264582710239e+04
2.089376908573321998e+02 1.171570703125000000e+04 1.171237098284954300e+04
2.089581239600665867e+02 1.170938867187500000e+04 1.171239956560922110e+04
2.089785569626837969e+02 1.171134570312500000e+04 1.171242839430457570e+04
2.089989898647181690e+02 1.170816113281250000e+04 1.171245746954746028e+04
2.090194228673353791e+02 1.171378125000000000e+04 1.171248679224026455e+04
2.090398559691384435e+02 1.171094335937500000e+04 1.171251636300075370e+04
2.090602889712899923e+02 1.170748437500000000e+04 1.171254618215730443e+04
2.090807218733243644e+02 1.171179980468750000e+04 1.171257625032172837e+04
2.091011549746617675e+02 1.171551367187500000e+04 1.171260656855259731e+04
2.091215879763476551e+02 1.171325781250000000e+04 1.171263713702429413e+04
2.091420208774507046e+02 1.170597070312500000e+04 1.171266795634787923e+04
2.091624538786709309e+02 1.171184570312500000e+04 1.171269902744220599e+04
2.091828869795426726e+02 1.171068359375000000e+04 1.171273035092639657e+04
2.092033198806457222e+02 1.171673632812500000e+04 1.171276192695573081e+04
2.092237528814002872e+02 1.171556152343750000e+04 1.171279375660719597e+04
2.092441859818063676e+02 1.171832128906250000e+04 1.171282584050064725e+04
2.092646188824437559e+02 1.171676464843750000e+04 1.171285817878020680e+04
2.092850518822669983e+02 1.171723828125000000e+04 1.171289077253327559e+04
2.093054848825559020e+02 1.171413476562500000e+04 1.171292362222037991e+04
2.093259178823791444e+02 1.171845703125000000e+04 1.171295672845616900e+04
2.093463508822023869e+02 1.171806054687500000e+04 1.171299009185752766e+04
2.093872168809175491e+02 1.161347070312500000e+04 1.171305759261995263e+04
2.094076498802751303e+02 1.160106152343750000e+04 1.171309173121405729e+04
2.094280828796327114e+02 1.163297363281250000e+04 1.171312612943827662e+04
2.094485159781761467e+02 1.170188085937500000e+04 1.171316078807762096e+04
2.094689488769508898e+02 1.171540234375000000e+04 1.171319570723921970e+04
2.094893818758428097e+02 1.171123730468750000e+04 1.171323088804979670e+04
2.095098147741518915e+02 1.171246093750000000e+04 1.171326633077991755e+04
2.095302478726953268e+02 1.170528906250000000e+04 1.171330203656943740e+04
2.095506808706559241e+02 1.171641992187500000e+04 1.171333800551075728e+04
2.095711138686165214e+02 1.171954101562500000e+04 1.171337423839513212e+04
2.095915468665771186e+02 1.171202343750000000e+04 1.171341073583870093e+04
2.096119798640720546e+02 1.171320605468750000e+04 1.171344749845676415e+04
2.096324128615669906e+02 1.171671289062500000e+04 1.171348452686628661e+04
2.096528457589447498e+02 1.171574707031250000e+04 1.171352182150002045e+04
2.096732788565568626e+02 1.171860937500000000e+04 1.171355938352427256e+04
2.096937118535861373e+02 1.170847363281250000e+04 1.171359721300415185e+04
2.097141447504982352e+02 1.171075976562500000e+04 1.171363531055270687e+04
2.097345778471790254e+02 1.172086621093750000e+04 1.171367367734718937e+04
2.097550108437426388e+02 1.171668066406250000e+04 1.171371231344261469e+04
2.097754437401890755e+02 1.171370800781250000e+04 1.171375121945116007e+04
2.097958767367526889e+02 1.171700195312500000e+04 1.171379039637021924e+04
2.098163098325021565e+02 1.171076074218750000e+04 1.171382984481811945e+04
2.098367427284829319e+02 1.172111718750000000e+04 1.171386956483182257e+04
2.098571757245808840e+02 1.171310156250000000e+04 1.171390955760843281e+04
2.098776088198646903e+02 1.171158398437500000e+04 1.171394982376625921e+04
2.098980418154969811e+02 1.171187890625000000e+04 1.171399036352959774e+04
2.099184747110120952e+02 1.171192480468750000e+04 1.171403117750964520e+04
2.099389078058302402e+02 1.171555371093750000e+04 1.171407226692262702e+04
2.099593408009968698e+02 1.170894238281250000e+04 1.171411363178550891e+04
2.099797736955806613e+02 1.172113671875000000e+04 1.171415527270849998e+04
2.100002066907472908e+02 1.172118261718750000e+04 1.171419719071769578e+04
2.100206396849825978e+02 1.171368359375000000e+04 1.171423938622300375e+04
2.100410726796835661e+02 1.171475585937500000e+04 1.171428185984343872e+04
2.100615056739188731e+02 1.171396582031250000e+04 1.171432461219320612e+04
2.100819386676885188e+02 1.171452148437500000e+04 1.171436764388842312e+04
2.101228046556934714e+02 1.171906933593750000e+04 1.171445454778367639e+04
2.101432375493459404e+02 1.171421484375000000e+04 1.171449842099934176e+04
2.101636706427671015e+02 1.171766894531250000e+04 1.171454257645629696e+04
2.101841036360710859e+02 1.172458007812500000e+04 1.171458701412469236e+04
2.102045365292578936e+02 1.171043750000000000e+04 1.171463173461651604e+04
2.102249696222133934e+02 1.171711425781250000e+04 1.171467673920633024e+04
2.102454026150517166e+02 1.171735156250000000e+04 1.171472202785182890e+04
2.102658355077728629e+02 1.170744824218750000e+04 1.171476760116498372e+04
2.102862685001455247e+02 1.171453906250000000e+04 1.171481346020746969e+04
2.103067015926353633e+02 1.171898730468750000e+04 1.171485960560067178e+04
2.103271344848908484e+02 1.171476171875000000e+04 1.171490603728031238e+04
2.103475674767978489e+02 1.170972363281250000e+04 1.171495275654187571e+04
2.103680005688220263e+02 1.171780371093750000e+04 1.171499976400678497e+04
2.103884334606118500e+02 1.171574316406250000e+04 1.171504705959808780e+04
2.104088664520531893e+02 1.171381250000000000e+04 1.171509464462391770e+04
2.104292995436117053e+02 1.171176660156250000e+04 1.171514251970575424e+04
2.104497325350530446e+02 1.171754394531250000e+04 1.171519068499058267e+04
2.104701654263772070e+02 1.171330664062500000e+04 1.171523914109027100e+04
2.104905984168872237e+02 1.171878320312500000e+04 1.171528788909357354e+04
2.105110315079800785e+02 1.172301953125000000e+04 1.171533692962424539e+04
2.105314643988385797e+02 1.171734570312500000e+04 1.171538626257430951e+04
2.105518973888829350e+02 1.171833007812500000e+04 1.171543588928064310e+04
2.105723304795101285e+02 1.171690429687500000e+04 1.171548581036708856e+04
2.105927633699029684e+02 1.171405664062500000e+04 1.171553602571268857e+04
2.106131963599473238e+02 1.172258984375000000e+04 1.171558653666839564e+04
2.106336293495260179e+02 1.170902539062500000e+04 1.171563734360500894e+04
2.106540623395703733e+02 1.171755273437500000e+04 1.171568844714097395e+04
2.106744953291490674e+02 1.172002050781250000e+04 1.171573984789011229e+04
2.106949283187277615e+02 1.173398242187500000e+04 1.171579154646971074e+04
2.107153613078407943e+02 1.171830664062500000e+04 1.171584354349473142e+04
2.107357942969538271e+02 1.172237695312500000e+04 1.171589583958248113e+04
2.107562272860668600e+02 1.172797460937500000e+04 1.171594843534909887e+04
2.107766603748314083e+02 1.170952832031250000e+04 1.171600133166943306e+04
2.107970932633616030e+02 1.171584765625000000e+04 1.171605452838106794e+04
2.108175262520089746e+02 1.172474121093750000e+04 1.171610802687989053e+04
2.108379591405391693e+02 1.171835839843750000e+04 1.171616182725776889e+04
2.108583922288380563e+02 1.172149218750000000e+04 1.171621593092266630e+04
2.108788252165541053e+02 1.171987792968750000e+04 1.171627033769764057e+04
2.108992582047358155e+02 1.171572460937500000e+04 1.171632504846566189e+04
2.109196911924518645e+02 1.171505761718750000e+04 1.171638006384037726e+04
2.109401241801679134e+02 1.171256835937500000e+04 1.171643538443916623e+04
2.109605571674183011e+02 1.172244726562500000e+04 1.171649101087690178e+04
2.109809900550171733e+02 1.171624902343750000e+04 1.171654694349744022e+04
2.110014231419190764e+02 1.172332910156250000e+04 1.171660318373751761e+04
2.110218561291694641e+02 1.171596875000000000e+04 1.171665973139267953e+04
2.110422890158370137e+02 1.171816601562500000e+04 1.171671658707195820e+04
2.110627221027389169e+02 1.173584277343750000e+04 1.171677375223079071e+04
2.110831549889408052e+02 1.172017480468750000e+04 1.171683122636361441e+04
2.111035879757255316e+02 1.172117968750000000e+04 1.171688901093175082e+04
2.111240209620445967e+02 1.171344824218750000e+04 1.171694710626785127e+04
2.111444539478980005e+02 1.172124023437500000e+04 1.171700551298803111e+04
2.111648869337514043e+02 1.171326660156250000e+04 1.171706423170974813e+04
2.111853199196048081e+02 1.171255664062500000e+04 1.171712326304914131e+04
2.112057529054582119e+02 1.171982226562500000e+04 1.171718260762235150e+04
2.112261858908459544e+02 1.172083496093750000e+04 1.171724226604415162e+04
2.112466188762336969e+02 1.172149609375000000e+04 1.171730223893202674e+04
2.112670519612729549e+02 1.172438867187500000e+04 1.171736252719691583e+04
2.112874848465435207e+02 1.171910742187500000e+04 1.171742313056918465e+04
2.113079178309999406e+02 1.171704199218750000e+04 1.171748405054933028e+04
2.113283507158048451e+02 1.172631933593750000e+04 1.171754528716065579e+04
2.113487838003784418e+02 1.172457128906250000e+04 1.171760684191897781e+04
2.113692167848348618e+02 1.172266503906250000e+04 1.171766871453935528e+04
2.113896496691741049e+02 1.171655273437500000e+04 1.171773090563324149e+04
2.114100827532820404e+02 1.171604394531250000e+04 1.171779341673186354e+04
2.114305157372727990e+02 1.171690527343750000e+04 1.171785624753626144e+04
2.114509487212635577e+02 1.171883496093750000e+04 1.171791939896807162e+04
2.114713816046714783e+02 1.171470898437500000e+04 1.171798287133019949e+04
2.114918146883137524e+02 1.172272265625000000e+04 1.171804666617558541e+04
2.115122476718388498e+02 1.172991308593750000e+04 1.171811078318499494e+04
2.115326805547811091e+02 1.172182128906250000e+04 1.171817522296835523e+04
2.115531136379577219e+02 1.171648046875000000e+04 1.171823998709286388e+04
2.115735466210171580e+02 1.172117578125000000e+04 1.171830507522504922e+04
2.115939795034937561e+02 1.171722265625000000e+04 1.171837048797478928e+04
2.116144124860875309e+02 1.172135937500000000e+04 1.171843622660071742e+04
2.116348455687984824e+02 1.171581640625000000e+04 1.171850229172375839e+04
2.116552784508094192e+02 1.171349707031250000e+04 1.171856868298502741e+04
2.116757114329375327e+02 1.171495996093750000e+04 1.171863540197567636e+04
2.116961445151828229e+02 1.172423632812500000e+04 1.171870244931665366e+04
2.117165773971937597e+02 1.171974609375000000e+04 1.171876982463613786e+04
2.117370103788562119e+02 1.171921875000000000e+04 1.171883752953668409e+04
2.117574434606358409e+02 1.172036816406250000e+04 1.171890556464080692e+04
2.117778764418326318e+02 1.171823242187500000e+04 1.171897392989637228e+04
2.117983093233779073e+02 1.171634765625000000e+04 1.171904262591777479e+04
2.118187423041090369e+02 1.172162890625000000e+04 1.171911165398963021e+04
2.118391753854230046e+02 1.172138867187500000e+04 1.171918101473766546e+04
2.118596082660369575e+02 1.171844726562500000e+04 1.171925070775286440e+04
2.118800412467680871e+02 1.171920507812500000e+04 1.171932073467493683e+04
2.119004743271507323e+02 1.171909179687500000e+04 1.171939109612331958e+04
2.119209072072990239e+02 1.172670605468750000e+04 1.171946179167902483e+04
2.119413401875644922e+02 1.171718554687500000e+04 1.171953282299490820e+04
2.119617731678299606e+02 1.172764257812500000e+04 1.171960419034153529e+04
2.119822061476297677e+02 1.171682617187500000e+04 1.171967589433340981e+04
2.120026391274295747e+02 1.172095703125000000e+04 1.171974793558828242e+04
2.120230721072293818e+02 1.172383007812500000e+04 1.171982031472230119e+04
2.120435050865635276e+02 1.171688769531250000e+04 1.171989303234993713e+04
2.120639380658976734e+02 1.171859082031250000e+04 1.171996608908897542e+04
2.120843710452318192e+02 1.171942187500000000e+04 1.172003948555555144e+04
2.121048039239831269e+02 1.172139648437500000e+04 1.172011322200199356e+04
2.121252370029687881e+02 1.172048437500000000e+04 1.172018730013249296e+04
2.121456699818372726e+02 1.172380371093750000e+04 1.172026171947680086e+04
2.121661028601229191e+02 1.171683789062500000e+04 1.172033648064432055e+04
2.121865359386429191e+02 1.171957519531250000e+04 1.172041158535434806e+04
2.122069688169285655e+02 1.172166210937500000e+04 1.172048703275103617e+04
2.122274017953313887e+02 1.172386328125000000e+04 1.172056282455702603e+04
2.122478348729200661e+02 1.171898046875000000e+04 1.172063896139004646e+04
2.122682677512057126e+02 1.171576074218750000e+04 1.172071544275147789e+04
2.122887007286772132e+02 1.171952343750000000e+04 1.172079227037217970e+04
2.123091337061487138e+02 1.172662988281250000e+04 1.172086944449787006e+04
2.123295667837373912e+02 1.172251171875000000e+04 1.172094696612537518e+04
2.123704326380975544e+02 1.172897656250000000e+04 1.172110305206446174e+04
2.123908657152205706e+02 1.171993750000000000e+04 1.172118161875549231e+04
2.124112985916435719e+02 1.172251269531250000e+04 1.172126053425875216e+04
2.124317315686494112e+02 1.172416113281250000e+04 1.172133980035142304e+04
2.124521644450724125e+02 1.171916406250000000e+04 1.172141941686924110e+04
2.124725975212641060e+02 1.171797070312500000e+04 1.172149938560122609e+04
2.124930304973386228e+02 1.171810742187500000e+04 1.172157970599241526e+04
2.125134634738788009e+02 1.173011816406250000e+04 1.172166037905176927e+04
2.125338964494876564e+02 1.171859375000000000e+04 1.172174140538989377e+04
2.125543294250965118e+02 1.172375195312500000e+04 1.172182278562658757e+04
2.125747624007053673e+02 1.171716210937500000e+04 1.172190452037799514e+04
2.125951953763142228e+02 1.171730664062500000e+04 1.172198661026025366e+04
2.126156283519230783e+02 1.171842382812500000e+04 1.172206905588950031e+04
2.126360613270662725e+02 1.171776171875000000e+04 1.172215185787997689e+04
2.126564942020922899e+02 1.171327050781250000e+04 1.172223501644136377e+04
2.126769272768869996e+02 1.172522167968750000e+04 1.172231853341289934e+04
2.126973602515645325e+02 1.172004199218750000e+04 1.172240240818760321e+04
2.127177931261248887e+02 1.171493652343750000e+04 1.172248664137634114e+04
2.127382262004539371e+02 1.172331835937500000e+04 1.172257123483414034e+04
2.127586591751314700e+02 1.172558984375000000e+04 1.172265618794017064e+04
2.127790921493433416e+02 1.172713671875000000e+04 1.172274150172030568e+04
2.127995250229723752e+02 1.171984570312500000e+04 1.172282717636998495e+04
2.128199580968357623e+02 1.172542187500000000e+04 1.172291321376930682e+04
2.128403910705819726e+02 1.172308300781250000e+04 1.172299961327238998e+04
2.128608239442110062e+02 1.171574023437500000e+04 1.172308637549002924e+04
2.128812570176087320e+02 1.172200097656250000e+04 1.172317350231440469e+04
2.129016899908892810e+02 1.172429296875000000e+04 1.172326099308559787e+04
2.129221228640526533e+02 1.171821191406250000e+04 1.172334884841438907e+04
2.129425558373332024e+02 1.172376562500000000e+04 1.172343706977785769e+04
2.129629889097996056e+02 1.171953613281250000e+04 1.172352565779347242e+04
2.129834217829629779e+02 1.172569433593750000e+04 1.172361461178057107e+04
2.130038547553122044e+02 1.172782226562500000e+04 1.172370393365206110e+04
2.130242878277786076e+02 1.171905859375000000e+04 1.172379362403353116e+04
2.130447207000106573e+02 1.172145996093750000e+04 1.172388368222002282e+04
2.130651536718942225e+02 1.171183496093750000e+04 1.172397411014670070e+04
2.130855867438949645e+02 1.171982910156250000e+04 1.172406490843718348e+04
2.131060197157785296e+02 1.172344433593750000e+04 1.172415607681783513e+04
2.131264525875449181e+02 1.172325976562500000e+04 1.172424761589933405e+04
2.131468855589628220e+02 1.172566308593750000e+04 1.172433952719276931e+04
2.131673185303807259e+02 1.172584863281250000e+04 1.172443181086874756e+04
2.131877515017986298e+02 1.171466308593750000e+04 1.172452446754339508e+04
2.132081844727508724e+02 1.172302539062500000e+04 1.172461749783073901e+04
2.132286174437031150e+02 1.172066796875000000e+04 1.172471090234901203e+04
2.132490504146553576e+02 1.172152050781250000e+04 1.172480468171435859e+04
2.132694833851419389e+02 1.172552343750000000e+04 1.172489883654076039e+04
2.132899162559770048e+02 1.172972656250000000e+04 1.172499336698454863e+04
2.133103493261151016e+02 1.171921875000000000e+04 1.172508827504769215e+04
2.133307821964845061e+02 1.171898730468750000e+04 1.172518355949268698e+04
2.133512151665054262e+02 1.172622949218750000e+04 1.172527922232918354e+04
2.133716482366435230e+02 1.171612988281250000e+04 1.172537526418104972e+04
2.133920812061987817e+02 1.173331152343750000e+04 1.172547168472105113e+04
2.134329470456577837e+02 1.172058593750000000e+04 1.172566566527065879e+04
2.134533801148645580e+02 1.172483203125000000e+04 1.172576322746229562e+04
2.134738129843026400e+02 1.172485058593750000e+04 1.172586117032273978e+04
2.134942459529265761e+02 1.172210644531250000e+04 1.172595949589831980e+04
2.135146790221333504e+02 1.172172949218750000e+04 1.172605820481750379e+04
2.135351118911057711e+02 1.171777636718750000e+04 1.172615729624042251e+04
