1.098061920641455799e+03 1.116863964843750000e+04 1.116233679883603691e+04
1.098082354469224811e+03 1.115679101562500000e+04 1.116237742410617648e+04
1.098102788197807968e+03 1.116595019531250000e+04 1.116241773580052904e+04
1.098123222126159817e+03 1.116354980468750000e+04 1.116245773568111690e+04
1.098143655954860151e+03 1.116209765625000000e+04 1.116249742433406027e+04
1.098164089683908969e+03 1.116018359375000000e+04 1.116253680293845173e+04
1.098184523613192141e+03 1.116261132812500000e+04 1.116257587324446467e+04
1.098204957442358136e+03 1.115439941406250000e+04 1.116261463585010642e+04
1.098225391271989793e+03 1.115613769531250000e+04 1.116265309212296415e+04
1.098245825102087110e+03 1.116642773437500000e+04 1.116269124323756841e+04
1.098266258931718767e+03 1.116197265625000000e+04 1.116272909036671808e+04
1.098286692861933261e+03 1.117628808593750000e+04 1.116276663486989492e+04
1.098307126592379063e+03 1.116568847656250000e+04 1.116280387737198907e+04
1.098327560422942042e+03 1.115488183593750000e+04 1.116284081959631658e+04
1.098347994253970683e+03 1.116868261718750000e+04 1.116287746253504156e+04
1.098368428084999323e+03 1.117265722656250000e+04 1.116291380736185965e+04
1.098388861916027963e+03 1.115878515625000000e+04 1.116294985525132142e+04
1.098409295847639441e+03 1.115733203125000000e+04 1.116298560755322069e+04
1.098429729579482228e+03 1.116085058593750000e+04 1.116302106491874292e+04
1.098450163511093706e+03 1.116303906250000000e+04 1.116305622921573013e+04
1.098470597343053669e+03 1.116155175781250000e+04 1.116309110110130678e+04
1.098491031075362116e+03 1.116034570312500000e+04 1.116312568175428169e+04
1.098511465007904917e+03 1.116070117187500000e+04 1.116315997285456251e+04
1.098531898840796202e+03 1.116345410156250000e+04 1.116319397507130270e+04
1.098552332573570311e+03 1.116004101562500000e+04 1.116322768958249799e+04
1.098572766506578773e+03 1.116332226562500000e+04 1.116326111805615255e+04
1.098593200339935720e+03 1.116600390625000000e+04 1.116329426117409821e+04
1.098613634273409843e+03 1.116742382812500000e+04 1.116332712043490210e+04
1.098634068007115275e+03 1.115304785156250000e+04 1.116335969653294524e+04
1.098654501841403544e+03 1.116027343750000000e+04 1.116339199112365168e+04
1.098674935775343329e+03 1.117068652343750000e+04 1.116342400537596950e+04
1.098695369509514421e+03 1.116140917968750000e+04 1.116345573999738554e+04
1.098715803344268352e+03 1.117068066406250000e+04 1.116348719663093834e+04
1.098736237279139459e+03 1.116398437500000000e+04 1.116351837644636180e+04
1.098756671013776213e+03 1.116444726562500000e+04 1.116354928016193662e+04
1.098777104848995805e+03 1.116497265625000000e+04 1.116357990940916170e+04
1.098797538784798235e+03 1.116147558593750000e+04 1.116361026535854398e+04
1.098817972520366311e+03 1.118346093750000000e+04 1.116364034873973651e+04
1.098838406456168741e+03 1.117382128906250000e+04 1.116367016131687342e+04
1.098858840291853994e+03 1.115492773437500000e+04 1.116369970382430984e+04
1.098879274128004909e+03 1.116762011718750000e+04 1.116372897758397994e+04
1.098899707964621484e+03 1.116223437500000000e+04 1.116375798377041610e+04
1.098920141801238060e+03 1.116159960937500000e+04 1.116378672355748495e+04
1.098940575637854636e+03 1.116374316406250000e+04 1.116381519811974067e+04
1.098981443312484771e+03 1.116699804687500000e+04 1.116387135626986856e+04
1.099001877150032669e+03 1.117012207031250000e+04 1.116389904220616518e+04
1.099022310987580568e+03 1.116989160156250000e+04 1.116392646761579817e+04
1.099042744825128466e+03 1.116482324218750000e+04 1.116395363367331447e+04
1.099063178763259202e+03 1.115951660156250000e+04 1.116398054168507224e+04
1.099083612501621246e+03 1.116186816406250000e+04 1.116400719243197273e+04
1.099104046340100467e+03 1.116409960937500000e+04 1.116403358748157007e+04
1.099144914017990232e+03 1.117249316406250000e+04 1.116408561479459240e+04
1.099165347856935114e+03 1.116374414062500000e+04 1.116411124940649825e+04
1.099206215535756201e+03 1.116563769531250000e+04 1.116416176641496713e+04
1.099226649475749582e+03 1.117062792968750000e+04 1.116418665128190696e+04
1.099247083315625787e+03 1.116153027343750000e+04 1.116421128841959580e+04
1.099267517055384815e+03 1.115716113281250000e+04 1.116423567900620037e+04
1.099287950995843858e+03 1.116620214843750000e+04 1.116425982457352075e+04
1.099308384836651385e+03 1.116393554687500000e+04 1.116428372593937638e+04
1.099328818577341735e+03 1.115173437500000000e+04 1.116430738428134646e+04
1.099349252518266439e+03 1.116724316406250000e+04 1.116433080111993331e+04
1.099369686359539628e+03 1.116521875000000000e+04 1.116435397728424869e+04
1.099390120300929993e+03 1.116270312500000000e+04 1.116437691417541646e+04
1.099410554042551666e+03 1.115568945312500000e+04 1.116439961263310579e+04
1.099430987884290516e+03 1.115761230468750000e+04 1.116442207416672863e+04
1.099451421826146543e+03 1.117163085937500000e+04 1.116444429994735037e+04
1.099471855568233877e+03 1.116036914062500000e+04 1.116446629082506115e+04
1.099492289410904050e+03 1.115952636718750000e+04 1.116448804829934124e+04
1.099512723353225738e+03 1.116140722656250000e+04 1.116450957354032835e+04
1.099533157196361572e+03 1.116542871093750000e+04 1.116453086751310911e+04
1.099553591039031744e+03 1.117113476562500000e+04 1.116455193149678962e+04
1.099574024882633239e+03 1.115772265625000000e+04 1.116457276666735197e+04
1.099594458725769073e+03 1.115912890625000000e+04 1.116459337419790972e+04
1.099614892569370568e+03 1.116841210937500000e+04 1.116461375526395022e+04
1.099635326413437724e+03 1.115759570312500000e+04 1.116463391103999675e+04
1.099655760257504880e+03 1.117741796875000000e+04 1.116465384270013601e+04
1.099676194101572037e+03 1.115823828125000000e+04 1.116467355141890584e+04
1.099696627946104854e+03 1.116507421875000000e+04 1.116469303837129883e+04
1.099717061690986156e+03 1.116098437500000000e+04 1.116471230463798565e+04
1.099737495635636151e+03 1.116559667968750000e+04 1.116473135167420878e+04
1.099757929480634630e+03 1.116265039062500000e+04 1.116475018037380869e+04
1.099778363426215947e+03 1.115728808593750000e+04 1.116476879209583058e+04
1.099798797171562910e+03 1.116635644531250000e+04 1.116478718774241497e+04
1.099819231017492712e+03 1.116131640625000000e+04 1.116480536876049155e+04
1.099839664963074028e+03 1.116860156250000000e+04 1.116482333632063455e+04
1.099860098709352314e+03 1.116203906250000000e+04 1.116484109133607490e+04
1.099880532555747777e+03 1.116243554687500000e+04 1.116485863524307206e+04
1.099900966502260417e+03 1.116718457031250000e+04 1.116487596921306977e+04
1.099921400249004364e+03 1.116891113281250000e+04 1.116489309416776450e+04
1.099941834195982665e+03 1.116795605468750000e+04 1.116491001161692475e+04
1.099962268042843789e+03 1.117114843750000000e+04 1.116492672248491363e+04
1.099982701790053397e+03 1.116942285156250000e+04 1.116494322794967957e+04
1.100003135737963021e+03 1.116415625000000000e+04 1.116495952942685471e+04
1.100023569585755467e+03 1.116237695312500000e+04 1.116497562784950424e+04
1.100044003433547914e+03 1.115689257812500000e+04 1.116499152447254710e+04
1.100064437281806022e+03 1.115781347656250000e+04 1.116500722047088129e+04
1.100084871130064130e+03 1.116859277343750000e+04 1.116502271701868449e+04
1.100105305078439415e+03 1.116796972656250000e+04 1.116503801536498031e+04
1.100125738827511668e+03 1.116784472656250000e+04 1.116505311646158407e+04
1.100146172676235437e+03 1.117938574218750000e+04 1.116506802170541778e+04
1.100166606625542045e+03 1.115997753906250000e+04 1.116508273226883466e+04
1.100187040375079960e+03 1.116560839843750000e+04 1.116509724911156263e+04
1.100207474224735051e+03 1.117560644531250000e+04 1.116511157362262020e+04
1.100227908174507320e+03 1.116176660156250000e+04 1.116512570697372939e+04
1.100248342024162412e+03 1.117141796875000000e+04 1.116513965020094474e+04
1.100268775774631649e+03 1.116308398437500000e+04 1.116515340448222923e+04
1.100289209724869579e+03 1.116632714843750000e+04 1.116516697119196215e+04
1.100309643475338817e+03 1.117405957031250000e+04 1.116518035123942354e+04
1.100330077426508069e+03 1.116351464843750000e+04 1.116519354606138040e+04
1.100350511277560145e+03 1.117662500000000000e+04 1.116520655663676735e+04
1.100370945028495044e+03 1.115813769531250000e+04 1.116521938414283431e+04
1.100391378980129957e+03 1.116295605468750000e+04 1.116523202994161693e+04
1.100411812831647694e+03 1.118983203125000000e+04 1.116524449502015705e+04
1.100432246583513916e+03 1.117076855468750000e+04 1.116525678055593380e+04
1.100452680535614491e+03 1.115723828125000000e+04 1.116526888790247540e+04
1.100473114387597889e+03 1.116711816406250000e+04 1.116528081805505280e+04
1.100493548340164125e+03 1.116953222656250000e+04 1.116529257230540316e+04
1.100513982092961669e+03 1.116901367187500000e+04 1.116530415165657723e+04
1.100534415945876390e+03 1.115379101562500000e+04 1.116531555745433434e+04
1.100554849898908287e+03 1.115888378906250000e+04 1.116532679087068027e+04
1.100575283652171493e+03 1.115961328125000000e+04 1.116533785291655477e+04
1.100595717505551875e+03 1.118569628906250000e+04 1.116534874493010648e+04
1.100616151459049433e+03 1.115062109375000000e+04 1.116535946808338304e+04
1.100636585213243961e+03 1.117233984375000000e+04 1.116537002339503670e+04
1.100657019067090005e+03 1.117279492187500000e+04 1.116538041219526713e+04
1.100677453021518886e+03 1.117128906250000000e+04 1.116539063565665128e+04
1.100697886776179075e+03 1.116574511718750000e+04 1.116540069480466627e+04
1.100718320730607957e+03 1.115792773437500000e+04 1.116541059101054998e+04
1.100738754585385323e+03 1.116683300781250000e+04 1.116542032530264987e+04
1.100759188440628350e+03 1.116720605468750000e+04 1.116542989890438184e+04
1.100779622295871377e+03 1.116059179687500000e+04 1.116543931299007454e+04
1.100800056151580065e+03 1.116645019531250000e+04 1.116544856873447861e+04
1.100820490007288754e+03 1.117449804687500000e+04 1.116545766731192998e+04
1.100840923862997442e+03 1.116062011718750000e+04 1.116546660989697739e+04
1.100861357719171792e+03 1.116460058593750000e+04 1.116547539766436603e+04
1.100881791575346142e+03 1.116681347656250000e+04 1.116548403178843182e+04
1.100902225532103330e+03 1.116741113281250000e+04 1.116549251348510734e+04
1.100922659288626164e+03 1.116604199218750000e+04 1.116550084380518456e+04
1.100943093245849013e+03 1.115689257812500000e+04 1.116550902408665934e+04
1.100963527002837509e+03 1.116019726562500000e+04 1.116551705534357097e+04
1.100983960859943181e+03 1.116790722656250000e+04 1.116552493886960292e+04
1.101004394817631692e+03 1.117220800781250000e+04 1.116553267583731213e+04
1.101024828575551510e+03 1.116523828125000000e+04 1.116554026730859187e+04
1.101045262533240020e+03 1.117218066406250000e+04 1.116554771460642951e+04
1.101065696391742676e+03 1.115803125000000000e+04 1.116555501879535041e+04
1.101086130149662495e+03 1.116931640625000000e+04 1.116556218105150037e+04
1.101106564108282328e+03 1.116664941406250000e+04 1.116556920265398730e+04
1.101126997967250645e+03 1.116027539062500000e+04 1.116557608467311547e+04
1.101147431726101786e+03 1.117926074218750000e+04 1.116558282828531082e+04
1.101167865685187280e+03 1.116872265625000000e+04 1.116558943476322929e+04
1.101188299544621259e+03 1.117047851562500000e+04 1.116559590518345794e+04
1.101208733304403722e+03 1.116375683593750000e+04 1.116560224072253186e+04
1.101229167263954878e+03 1.116484179687500000e+04 1.116560844264684420e+04
1.101249601123854518e+03 1.116229882812500000e+04 1.116561451203907927e+04
1.101270035084336996e+03 1.116377734375000000e+04 1.116562045013327952e+04
1.101290468844585121e+03 1.117021093750000000e+04 1.116562625801751710e+04
1.101310902704950422e+03 1.116279199218750000e+04 1.116563193695267182e+04
1.101331336665898561e+03 1.116076074218750000e+04 1.116563748811152436e+04
1.101351770427078009e+03 1.117116308593750000e+04 1.116564291258795492e+04
1.101372204287908971e+03 1.117104882812500000e+04 1.116564821163692977e+04
1.101392638249322772e+03 1.115867480468750000e+04 1.116565338643140058e+04
1.101413072111085057e+03 1.117114257812500000e+04 1.116565843809520084e+04
1.101433505972847342e+03 1.117397460937500000e+04 1.116566336782842700e+04
1.101453939834609628e+03 1.115330273437500000e+04 1.116566817680561508e+04
1.101474373696837574e+03 1.116631640625000000e+04 1.116567286620142841e+04
1.101494807559531182e+03 1.116166894531250000e+04 1.116567743719040664e+04
1.101515241422224790e+03 1.116589257812500000e+04 1.116568189094698391e+04
1.101535675284918398e+03 1.116192773437500000e+04 1.116568622864571989e+04
1.101556109247729182e+03 1.116514941406250000e+04 1.116569045148156147e+04
1.101576543011236936e+03 1.115935253906250000e+04 1.116569456056802301e+04
1.101596976874396205e+03 1.116770214843750000e+04 1.116569855714058940e+04
1.101617410738021135e+03 1.116387597656250000e+04 1.116570244235358768e+04
1.101637844602111727e+03 1.116268261718750000e+04 1.116570621738155751e+04
1.101658278565853834e+03 1.117828808593750000e+04 1.116570988341657358e+04
1.101678712330292910e+03 1.115368457031250000e+04 1.116571344158033753e+04
1.101699146194383502e+03 1.116627636718750000e+04 1.116571689310024885e+04
1.101719580159056932e+03 1.116443066406250000e+04 1.116572023914945021e+04
1.101740013923961669e+03 1.116476367187500000e+04 1.116572348085407066e+04
1.101760447788983583e+03 1.116817578125000000e+04 1.116572661943699859e+04
1.101780881754122674e+03 1.116757910156250000e+04 1.116572965607127117e+04
1.101801315519493073e+03 1.117193554687500000e+04 1.116573259188761585e+04
1.101821749485097826e+03 1.117368457031250000e+04 1.116573542811805055e+04
1.101842183351051062e+03 1.115762500000000000e+04 1.116573816589477610e+04
1.101862617116887122e+03 1.117212890625000000e+04 1.116574080639371095e+04
1.101883051083423197e+03 1.116775195312500000e+04 1.116574335082756261e+04
1.101903484949842095e+03 1.116495117187500000e+04 1.116574580033271923e+04
1.101923918816260993e+03 1.116538671875000000e+04 1.116574815609642974e+04
1.101964786550495774e+03 1.116144433593750000e+04 1.116575259109785475e+04
1.101985220517497510e+03 1.117074609375000000e+04 1.116575467269454748e+04
1.102005654285196215e+03 1.116844238281250000e+04 1.116575666522811298e+04
1.102026088152546436e+03 1.115937109375000000e+04 1.116575856990291140e+04
1.102046522120479494e+03 1.116806835937500000e+04 1.116576038789228551e+04
1.102066955988295376e+03 1.116642089843750000e+04 1.116576212035293611e+04
1.102087389756925404e+03 1.117061425781250000e+04 1.116576376846073617e+04
1.102107823725324124e+03 1.116393164062500000e+04 1.116576533341372851e+04
1.102128257594071329e+03 1.116675585937500000e+04 1.116576681636292233e+04
1.102148691462818533e+03 1.117495019531250000e+04 1.116576821849070620e+04
1.102169125331565738e+03 1.115999023437500000e+04 1.116576954097162525e+04
1.102189559200778604e+03 1.116602929687500000e+04 1.116577078498025730e+04
1.102209993070457131e+03 1.116711718750000000e+04 1.116577195169114566e+04
1.102230426940135658e+03 1.116171289062500000e+04 1.116577304227881905e+04
1.102250860809814185e+03 1.117238378906250000e+04 1.116577405791781348e+04
1.102271294679958373e+03 1.116223535156250000e+04 1.116577499978271408e+04
1.102291728550102562e+03 1.115689453125000000e+04 1.116577586904804048e+04
1.102312162320595235e+03 1.116462500000000000e+04 1.116577666688462523e+04
1.102332596291322261e+03 1.116337792968750000e+04 1.116577739447819840e+04
1.102353030162397772e+03 1.115657714843750000e+04 1.116577805299212923e+04
1.102373464133124799e+03 1.117420605468750000e+04 1.116577864360739841e+04
1.102393897904548794e+03 1.116239843750000000e+04 1.116577916749039832e+04
1.102414331776089966e+03 1.115937109375000000e+04 1.116577962582385226e+04
1.102434765747748315e+03 1.117008105468750000e+04 1.116578001978134853e+04
1.102455199519637972e+03 1.115495214843750000e+04 1.116578035053211715e+04
1.102475633391644806e+03 1.116769824218750000e+04 1.116578061925603106e+04
1.102496067363768816e+03 1.116878808593750000e+04 1.116578082712673495e+04
1.102516501136124134e+03 1.115763476562500000e+04 1.116578097531616004e+04
1.102536935108713806e+03 1.116435937500000000e+04 1.116578106500177455e+04
1.102557368981651962e+03 1.115911230468750000e+04 1.116578109735637554e+04
1.102577802754938602e+03 1.116925585937500000e+04 1.116578107355534667e+04
1.102598236727993935e+03 1.117343261718750000e+04 1.116578099477248907e+04
1.102618670601397753e+03 1.116526367187500000e+04 1.116578086218309545e+04
1.102639104475267231e+03 1.117486328125000000e+04 1.116578067696146718e+04
1.102659538349136710e+03 1.116145214843750000e+04 1.116578044028215481e+04
1.102679972223006189e+03 1.116917187500000000e+04 1.116578015331971073e+04
1.102700406197458506e+03 1.116952734375000000e+04 1.116577981724691563e+04
1.102720840071793646e+03 1.116649707031250000e+04 1.116577943324161606e+04
1.102741273846477270e+03 1.115970214843750000e+04 1.116577900247905563e+04
1.102761707821395248e+03 1.117358593750000000e+04 1.116577852612712013e+04
1.102782141696196049e+03 1.116325292968750000e+04 1.116577800536703216e+04
1.102802575471345335e+03 1.116191015625000000e+04 1.116577744137397531e+04
1.102823009446728975e+03 1.116710156250000000e+04 1.116577683531390539e+04
1.102843443322461098e+03 1.116652734375000000e+04 1.116577618836996044e+04
1.102863877098541707e+03 1.116423437500000000e+04 1.116577550171728581e+04
1.102884311074391007e+03 1.116144726562500000e+04 1.116577477652008201e+04
1.102904744850937277e+03 1.117280078125000000e+04 1.116577401396705318e+04
1.102925178827252239e+03 1.116033593750000000e+04 1.116577321521786507e+04
1.102945612703915685e+03 1.116243164062500000e+04 1.116577238145850970e+04
1.102966046480461955e+03 1.116805859375000000e+04 1.116577151386406331e+04
1.102986480457708240e+03 1.116750585937500000e+04 1.116577061359606159e+04
1.103006914334837347e+03 1.116460742187500000e+04 1.116576968184206635e+04
1.103027348112314939e+03 1.117206250000000000e+04 1.116576871977706469e+04
1.103047782090026885e+03 1.116394628906250000e+04 1.116576772856126991e+04
1.103068215968087316e+03 1.116391992187500000e+04 1.116576670938356983e+04
1.103088649945799261e+03 1.116192773437500000e+04 1.116576566340858335e+04
1.103109083724208176e+03 1.117334765625000000e+04 1.116576459182635881e+04
1.103129517602734268e+03 1.117167089843750000e+04 1.116576349579592534e+04
1.103149951581377536e+03 1.116142773437500000e+04 1.116576237649148788e+04
1.103170385360252112e+03 1.115586621093750000e+04 1.116576123510418984e+04
1.103190819239243865e+03 1.116883203125000000e+04 1.116576007279198893e+04
1.103211253218352795e+03 1.116901171875000000e+04 1.116575889072913560e+04
1.103231686997693032e+03 1.116217871093750000e+04 1.116575769010767181e+04
1.103252120977267623e+03 1.115998242187500000e+04 1.116575647207865040e+04
1.103272554857190698e+03 1.116794628906250000e+04 1.116575523783437529e+04
1.103292988737113774e+03 1.117105468750000000e+04 1.116575398854349987e+04
1.103313422617502511e+03 1.117289550781250000e+04 1.116575272538054378e+04
1.103333856497891247e+03 1.116446191406250000e+04 1.116575144952009214e+04
1.103354290378279984e+03 1.116648144531250000e+04 1.116575016213669005e+04
1.103374724259134382e+03 1.116795019531250000e+04 1.116574886440486989e+04
1.103395158140454441e+03 1.116963964843750000e+04 1.116574755749917495e+04
1.103415592021774501e+03 1.116417871093750000e+04 1.116574624259418852e+04
1.103436026003211737e+03 1.116336816406250000e+04 1.116574492085796919e+04
1.103456459784414619e+03 1.117596289062500000e+04 1.116574359348454891e+04
1.103476893766317517e+03 1.116249902343750000e+04 1.116574226162243394e+04
1.103497327648568898e+03 1.116771484375000000e+04 1.116574092646572899e+04
1.103517761430703104e+03 1.116290722656250000e+04 1.116573958918905373e+04
1.103538195413071662e+03 1.117146972656250000e+04 1.116573825094729546e+04
1.103558629195671529e+03 1.117015917968750000e+04 1.116573691294119271e+04
1.103579063078388572e+03 1.116683691406250000e+04 1.116573557632565826e+04
1.103599497061222792e+03 1.115877441406250000e+04 1.116573424227527357e+04
1.103619930844753981e+03 1.116228613281250000e+04 1.116573291198411607e+04
1.103640364828053862e+03 1.116919140625000000e+04 1.116573158660076479e+04
1.103660798711702228e+03 1.116825390625000000e+04 1.116573026731923164e+04
1.103681232495233417e+03 1.116888378906250000e+04 1.116572895531399990e+04
1.103701666479464620e+03 1.116191113281250000e+04 1.116572765174036613e+04
1.103722100363578647e+03 1.116644042968750000e+04 1.116572635778406038e+04
1.103742534148041159e+03 1.117514453125000000e+04 1.116572507412394407e+04
1.103762968132738024e+03 1.115680957031250000e+04 1.116572380066330334e+04
1.103783402017317712e+03 1.116359277343750000e+04 1.116572253727766656e+04
1.103803836002480239e+03 1.115699902343750000e+04 1.116572128381137372e+04
1.103824269787408412e+03 1.117430078125000000e+04 1.116572004013955666e+04
1.103844703672919422e+03 1.115851464843750000e+04 1.116571880610057997e+04
1.103865137658547610e+03 1.116821386718750000e+04 1.116571758155135467e+04
1.103885571443941444e+03 1.117147070312500000e+04 1.116571636636655967e+04
1.103906005329918116e+03 1.116944433593750000e+04 1.116571516038498703e+04
1.103926439316477627e+03 1.118931152343750000e+04 1.116571396346351685e+04
1.103946873202454299e+03 1.116251855468750000e+04 1.116571277547067984e+04
1.103967306989245117e+03 1.115911230468750000e+04 1.116571159626300869e+04
1.103987740975804627e+03 1.116431933593750000e+04 1.116571042568006669e+04
1.104008174862712622e+03 1.117053222656250000e+04 1.116570926359580517e+04
1.104028608750086278e+03 1.116766796875000000e+04 1.116570810986122888e+04
1.104049042637459934e+03 1.116550488281250000e+04 1.116570696433310331e+04
1.104069476524833590e+03 1.116885351562500000e+04 1.116570582686817579e+04
1.104089910512790084e+03 1.116225292968750000e+04 1.116570469731765479e+04
1.104110344300512224e+03 1.117031445312500000e+04 1.116570357555485316e+04
1.104130778188817203e+03 1.115981640625000000e+04 1.116570246141995449e+04
1.104151212177239358e+03 1.116548046875000000e+04 1.116570135476983523e+04
1.104171645965427160e+03 1.117322656250000000e+04 1.116570025547745536e+04
1.104192079954314977e+03 1.115238964843750000e+04 1.116569916337799441e+04
1.104212513742968440e+03 1.116912500000000000e+04 1.116569807834962558e+04
1.104232947632204741e+03 1.116390234375000000e+04 1.116569700023307087e+04
1.104253381621558219e+03 1.116289257812500000e+04 1.116569592888520492e+04
1.104273815411143005e+03 1.116844726562500000e+04 1.116569486417844382e+04
1.104294249300844967e+03 1.115421679687500000e+04 1.116569380595386610e+04
1.104314683290664107e+03 1.116676074218750000e+04 1.116569275406830639e+04
1.104335117080714554e+03 1.117526464843750000e+04 1.116569170839390790e+04
1.104355551070999354e+03 1.116780664062500000e+04 1.116569066876694342e+04
1.104375984961632639e+03 1.116924316406250000e+04 1.116568963505946522e+04
1.104396418752148747e+03 1.116761718750000000e+04 1.116568860712815149e+04
1.104416852742899209e+03 1.117352734375000000e+04 1.116568758481468649e+04
1.104437286633998156e+03 1.116742089843750000e+04 1.116568656799085875e+04
1.104457720425445586e+03 1.116418750000000000e+04 1.116568555651333918e+04
1.104478154417127371e+03 1.116739062500000000e+04 1.116568455022406306e+04
1.104498588308691978e+03 1.115996386718750000e+04 1.116568354899461156e+04
1.104519022200256586e+03 1.116493945312500000e+04 1.116568255267678251e+04
1.104539456092286855e+03 1.116554296875000000e+04 1.116568156112730503e+04
1.104559889984782785e+03 1.116701660156250000e+04 1.116568057420292098e+04
1.104580323977395892e+03 1.115091601562500000e+04 1.116567959175560100e+04
1.104600757869891822e+03 1.116842187500000000e+04 1.116567861365171848e+04
1.104621191662736237e+03 1.115578515625000000e+04 1.116567763974793161e+04
1.104641625655815005e+03 1.116431933593750000e+04 1.116567666988672499e+04
1.104662059548776597e+03 1.116418847656250000e+04 1.116567570393913229e+04
1.104682493342552334e+03 1.117602636718750000e+04 1.116567474176179530e+04
1.104702927336096764e+03 1.115665136718750000e+04 1.116567378319741692e+04
1.104723361229989678e+03 1.115431640625000000e+04 1.116567282811681071e+04
1.104743795223999768e+03 1.116447851562500000e+04 1.116567187636738709e+04
1.104764229017775506e+03 1.116444238281250000e+04 1.116567092781985775e+04
1.104784662912599742e+03 1.116451171875000000e+04 1.116566998231695834e+04
1.104805096806958318e+03 1.115979296875000000e+04 1.116566903972016189e+04
1.104825530701782554e+03 1.116806542968750000e+04 1.116566809988616296e+04
1.104845964596606791e+03 1.114772363281250000e+04 1.116566716267173615e+04
1.104866398491896689e+03 1.116453906250000000e+04 1.116566622793360330e+04
1.104886832387186587e+03 1.117433691406250000e+04 1.116566529552852990e+04
1.104907266383059323e+03 1.116835156250000000e+04 1.116566436530869760e+04
1.104968568070791662e+03 1.116301269531250000e+04 1.116566158636917680e+04
1.104989001867361367e+03 1.116592480468750000e+04 1.116566066348507957e+04
1.105009435763582587e+03 1.116740625000000000e+04 1.116565974207001818e+04
1.105029869760386646e+03 1.116000097656250000e+04 1.116565882198071813e+04
1.105050303557422012e+03 1.117371386718750000e+04 1.116565790308744545e+04
1.105070737454574555e+03 1.116373046875000000e+04 1.116565698523344690e+04
1.105091171451844275e+03 1.116070703125000000e+04 1.116565606827548618e+04
1.105111605349462479e+03 1.117428222656250000e+04 1.116565515207926728e+04
1.105132039247080684e+03 1.116123046875000000e+04 1.116565423649707373e+04
1.105152473145164549e+03 1.116254785156250000e+04 1.116565332138562189e+04
1.105172907043248415e+03 1.116547851562500000e+04 1.116565240660168274e+04
1.105193340941332281e+03 1.116793750000000000e+04 1.116565149200200358e+04
1.105213774839881808e+03 1.115144433593750000e+04 1.116565057744330807e+04
1.105234208738431334e+03 1.116080078125000000e+04 1.116564966278236352e+04
1.105254642637446523e+03 1.117250292968750000e+04 1.116564874787589724e+04
1.105275076536461711e+03 1.116646875000000000e+04 1.116564783258067291e+04
1.105295510536059737e+03 1.115866699218750000e+04 1.116564691674893402e+04
1.105315944435074925e+03 1.117113574218750000e+04 1.116564600024643005e+04
1.105336378234904259e+03 1.117377148437500000e+04 1.116564508292987011e+04
1.105356812234967947e+03 1.115850488281250000e+04 1.116564416464254464e+04
1.105377246134914458e+03 1.115981542968750000e+04 1.116564324525469419e+04
1.105397679935209453e+03 1.116612207031250000e+04 1.116564232462304972e+04
1.105418113935738802e+03 1.117285839843750000e+04 1.116564140259085070e+04
1.105438547836150974e+03 1.115049707031250000e+04 1.116564047902838138e+04
1.105458981737028807e+03 1.117022753906250000e+04 1.116563955378784885e+04
1.105479415637906641e+03 1.117441406250000000e+04 1.116563862672602045e+04
1.105499849439132959e+03 1.116629785156250000e+04 1.116563769770418730e+04
1.105520283440593630e+03 1.116413964843750000e+04 1.116563676656543248e+04
1.105540717342402786e+03 1.116373730468750000e+04 1.116563583318016390e+04
1.105561151244211942e+03 1.117845605468750000e+04 1.116563489740058867e+04
1.105581585146021098e+03 1.116786523437500000e+04 1.116563395908344683e+04
1.105602019048295915e+03 1.117222949218750000e+04 1.116563301808547112e+04
1.105622452850453556e+03 1.115509863281250000e+04 1.116563207426805820e+04
1.105642886853311211e+03 1.116456738281250000e+04 1.116563112747403648e+04
1.105663320756051689e+03 1.116626562500000000e+04 1.116563017757406851e+04
1.105683754758909345e+03 1.116917871093750000e+04 1.116562922441559203e+04
1.105704188561998308e+03 1.116906835937500000e+04 1.116562826786936785e+04
1.105724622465204448e+03 1.116576367187500000e+04 1.116562730777812430e+04
1.105745056468993425e+03 1.117103710937500000e+04 1.116562634399853596e+04
1.105765490272548050e+03 1.116259472656250000e+04 1.116562537640156734e+04
1.105785924176685512e+03 1.117220019531250000e+04 1.116562440482974489e+04
1.105806358180474490e+03 1.116373730468750000e+04 1.116562342913979955e+04
1.105826792085077614e+03 1.115976074218750000e+04 1.116562244919797013e+04
1.105847225989680737e+03 1.116221972656250000e+04 1.116562146485628182e+04
1.105867659894283861e+03 1.116312890625000000e+04 1.116562047597147830e+04
1.105888093798886985e+03 1.117278613281250000e+04 1.116561948240030324e+04
1.105908527703955770e+03 1.116112011718750000e+04 1.116561848399948394e+04
1.105928961609490216e+03 1.117044921875000000e+04 1.116561748062576589e+04
1.105949395515024662e+03 1.115601464843750000e+04 1.116561647213591641e+04
1.105969829520676285e+03 1.116711718750000000e+04 1.116561545838170059e+04
1.105990263326559216e+03 1.116837988281250000e+04 1.116561443923478510e+04
1.106010697332676500e+03 1.115665527343750000e+04 1.116561341453196110e+04
1.106031131238676608e+03 1.116688476562500000e+04 1.116561238414499530e+04
1.106051565045025200e+03 1.115766894531250000e+04 1.116561134793070232e+04
1.106071999051608145e+03 1.116498730468750000e+04 1.116561030573056632e+04
1.106092432958539575e+03 1.117378515625000000e+04 1.116560925741658866e+04
1.106112866765819490e+03 1.117081933593750000e+04 1.116560820284560941e+04
1.106133300772868097e+03 1.115299804687500000e+04 1.116560714185887264e+04
1.106153734680265188e+03 1.116218066406250000e+04 1.116560607432862344e+04
1.106174168488010764e+03 1.115348730468750000e+04 1.116560500011170370e+04
1.106194602495525032e+03 1.116880468750000000e+04 1.116560391904907010e+04
1.106215036303270608e+03 1.117039746093750000e+04 1.116560283101861205e+04
1.106235470311716199e+03 1.116395605468750000e+04 1.116560173585574194e+04
1.106255904220044613e+03 1.116653417968750000e+04 1.116560063343328147e+04
1.106276338028721511e+03 1.116088867187500000e+04 1.116559952360805983e+04
1.106296772037167102e+03 1.117100585937500000e+04 1.116559840622049887e+04
1.106317205946426839e+03 1.116876074218750000e+04 1.116559728114364407e+04
1.106337639855220914e+03 1.115735546875000000e+04 1.116559614822885851e+04
1.106358073764480650e+03 1.116731933593750000e+04 1.116559500733283312e+04
1.106378507674206048e+03 1.116603808593750000e+04 1.116559385831232248e+04
1.106398941684048623e+03 1.116222460937500000e+04 1.116559270101840048e+04
1.106419375493656844e+03 1.116570996093750000e+04 1.116559153532488926e+04
1.106439809403847903e+03 1.115547265625000000e+04 1.116559036107143038e+04
1.106460243414156139e+03 1.116682031250000000e+04 1.116558917811468018e+04
1.106480677324812859e+03 1.115557031250000000e+04 1.116558798632293838e+04
1.106501111135352403e+03 1.116640332031250000e+04 1.116558678555311599e+04
1.106521545146126300e+03 1.117014550781250000e+04 1.116558557564423791e+04
1.106541979057248682e+03 1.116164062500000000e+04 1.116558435647073929e+04
1.106562412968371063e+03 1.116421093750000000e+04 1.116558312788349394e+04
1.106582846879959106e+03 1.116199316406250000e+04 1.116558188973921096e+04
1.106603280791547149e+03 1.116950195312500000e+04 1.116558064189467041e+04
1.106623714803252369e+03 1.116170507812500000e+04 1.116557938420042956e+04
1.106644148615188897e+03 1.117091992187500000e+04 1.116557811653176395e+04
1.106664582527242601e+03 1.116217871093750000e+04 1.116557683872689449e+04
1.106685016539879143e+03 1.116643457031250000e+04 1.116557555064238113e+04
1.106705450352281332e+03 1.117052929687500000e+04 1.116557425215401236e+04
1.106725884265266359e+03 1.117264453125000000e+04 1.116557294309949430e+04
1.106746318277902901e+03 1.117248144531250000e+04 1.116557162333547240e+04
1.106766752091236413e+03 1.116669726562500000e+04 1.116557029273808803e+04
1.106787186104338616e+03 1.116867285156250000e+04 1.116556895113809151e+04
1.106807620018254966e+03 1.117266699218750000e+04 1.116556759841177700e+04
1.106828053831588477e+03 1.117763476562500000e+04 1.116556623441615375e+04
1.106848487845622003e+03 1.117330761718750000e+04 1.116556485898776737e+04
1.106868921659886837e+03 1.117175000000000000e+04 1.116556347201031713e+04
1.106889355574268848e+03 1.116696582031250000e+04 1.116556207332028862e+04
1.106909789588768035e+03 1.116598242187500000e+04 1.116556066277424179e+04
1.106930223403498530e+03 1.116663476562500000e+04 1.116555924024972410e+04
1.106950657417997718e+03 1.117079394531250000e+04 1.116555780557565777e+04
1.106971091333311051e+03 1.116631347656250000e+04 1.116555635862969211e+04
1.106991525248624384e+03 1.116800292968750000e+04 1.116555489926163500e+04
1.107011959163937718e+03 1.116566015625000000e+04 1.116555342732823920e+04
1.107032393079716712e+03 1.116840917968750000e+04 1.116555194268621017e+04
1.107052826995495707e+03 1.117493847656250000e+04 1.116555044519233161e+04
1.107073260911274701e+03 1.117137695312500000e+04 1.116554893470334719e+04
1.107093694827519357e+03 1.116166601562500000e+04 1.116554741107596783e+04
1.107114128843881190e+03 1.117970019531250000e+04 1.116554587415941205e+04
1.107134562760591507e+03 1.116116894531250000e+04 1.116554432382544837e+04
1.107154996577184647e+03 1.116728808593750000e+04 1.116554275993106057e+04
1.107175430594012141e+03 1.116190625000000000e+04 1.116554118230990207e+04
1.107195864511188120e+03 1.115717480468750000e+04 1.116553959084177222e+04
1.107216298328712583e+03 1.116826562500000000e+04 1.116553798538362025e+04
1.107236732346005738e+03 1.116388964843750000e+04 1.116553636576856297e+04
1.107257166264113039e+03 1.115936230468750000e+04 1.116553473187694181e+04
1.107277600081637502e+03 1.116950195312500000e+04 1.116553308356581692e+04
1.107298034099861979e+03 1.116104980468750000e+04 1.116553142066752844e+04
1.107318468018434942e+03 1.115737011718750000e+04 1.116552974306315809e+04
1.107338902036659420e+03 1.116789843750000000e+04 1.116552805059308594e+04
1.107359335855580866e+03 1.117539648437500000e+04 1.116552634313892486e+04
1.107379769774153829e+03 1.116255859375000000e+04 1.116552462053255658e+04
1.107400203693192452e+03 1.116239941406250000e+04 1.116552288263897208e+04
1.107420637612696737e+03 1.116769042968750000e+04 1.116552112931492229e+04
1.107441071531735361e+03 1.116410351562500000e+04 1.116551936041722729e+04
1.107461505551356822e+03 1.116327929687500000e+04 1.116551757579377227e+04
1.107481939371209592e+03 1.116283593750000000e+04 1.116551577532765077e+04
1.107502373391296715e+03 1.116509179687500000e+04 1.116551395884036174e+04
1.107522807211615145e+03 1.116641210937500000e+04 1.116551212622420644e+04
1.107543241132050753e+03 1.117208593750000000e+04 1.116551027730915666e+04
1.107563675152603537e+03 1.116487011718750000e+04 1.116550841195171961e+04
1.107584108973387629e+03 1.115898632812500000e+04 1.116550653003613479e+04
1.107604542894288898e+03 1.116516601562500000e+04 1.116550463139165186e+04
1.107624976915307343e+03 1.116565820312500000e+04 1.116550271587476891e+04
1.107645410736557096e+03 1.116616015625000000e+04 1.116550078337046943e+04
1.107665844657924026e+03 1.115934375000000000e+04 1.116549883370726093e+04
1.107686278679873794e+03 1.117577539062500000e+04 1.116549686674159602e+04
1.107706712601706386e+03 1.115799511718750000e+04 1.116549488234952878e+04
1.107727146524004638e+03 1.116472265625000000e+04 1.116549288037817678e+04
1.107747580445837229e+03 1.116139648437500000e+04 1.116549086068436736e+04
1.107768014368601143e+03 1.116613476562500000e+04 1.116548882312470960e+04
1.107788448391016573e+03 1.116403613281250000e+04 1.116548676754597727e+04
1.107808882214128971e+03 1.117398730468750000e+04 1.116548469383511838e+04
1.107829316136892885e+03 1.115698730468750000e+04 1.116548260181867408e+04
1.107849750160239637e+03 1.115896289062500000e+04 1.116548049135302608e+04
1.107870183983817697e+03 1.116311718750000000e+04 1.116547836232607006e+04
1.107890618007164448e+03 1.116616601562500000e+04 1.116547621455292756e+04
1.107931485754903406e+03 1.116824511718750000e+04 1.116547186228934515e+04
1.107951919779181480e+03 1.117330078125000000e+04 1.116546965748045477e+04
1.107972353703342378e+03 1.116179394531250000e+04 1.116546743338401757e+04
1.107992787527851760e+03 1.115745898437500000e+04 1.116546518985701914e+04
1.108013221552595496e+03 1.116780957031250000e+04 1.116546292672312848e+04
1.108033655477687716e+03 1.116162500000000000e+04 1.116546064387216575e+04
1.108054089402779937e+03 1.116447070312500000e+04 1.116545834114988247e+04
1.108074523327872157e+03 1.116338769531250000e+04 1.116545601841302778e+04
1.108094957253430039e+03 1.117294726562500000e+04 1.116545367551829622e+04
1.108115391178987920e+03 1.118843457031250000e+04 1.116545131232247877e+04
1.108135825105011463e+03 1.116648925781250000e+04 1.116544892868226816e+04
1.108156259031035006e+03 1.118113281250000000e+04 1.116544652445447355e+04
1.108176692957058549e+03 1.117313671875000000e+04 1.116544409949583314e+04
1.108197126883547753e+03 1.116048925781250000e+04 1.116544165366303423e+04
1.108217560810036957e+03 1.116744921875000000e+04 1.116543918681288051e+04
1.108237994736991823e+03 1.115993066406250000e+04 1.116543669880206289e+04
1.108258428663946688e+03 1.116863769531250000e+04 1.116543418948738326e+04
1.108278862691018730e+03 1.115919042968750000e+04 1.116543165871313249e+04
1.108299296518322080e+03 1.116054882812500000e+04 1.116542910637335444e+04
1.108319730445742607e+03 1.115818261718750000e+04 1.116542653228749805e+04
1.108340164473745972e+03 1.117543652343750000e+04 1.116542393631192681e+04
1.108360598401632160e+03 1.116238574218750000e+04 1.116542131832888117e+04
1.108381032229866832e+03 1.116425390625000000e+04 1.116541867819537583e+04
1.108401466257870197e+03 1.116884472656250000e+04 1.116541601572930449e+04
1.108421900186222047e+03 1.117620898437500000e+04 1.116541333082626079e+04
1.108442334115039557e+03 1.116966406250000000e+04 1.116541062332999718e+04
1.108462768043857068e+03 1.115982421875000000e+04 1.116540789309732645e+04
1.108483201973140240e+03 1.116180273437500000e+04 1.116540513998492315e+04
1.108503636002074927e+03 1.116834863281250000e+04 1.116540236383600859e+04
1.108524069831706583e+03 1.116615332031250000e+04 1.116539956454810817e+04
1.108544503761455417e+03 1.116293945312500000e+04 1.116539674193712017e+04
1.108564937790855765e+03 1.116685546875000000e+04 1.116539389585950812e+04
1.108585371620953083e+03 1.116426269531250000e+04 1.116539102621383608e+04
1.108605805651284754e+03 1.116440917968750000e+04 1.116538813280073009e+04
1.108626239581499249e+03 1.116839062500000000e+04 1.116538521551929080e+04
1.108646673412062228e+03 1.116557617187500000e+04 1.116538227422655473e+04
1.108667107442859560e+03 1.116220996093750000e+04 1.116537930873591904e+04
1.108687541373539716e+03 1.116566503906250000e+04 1.116537631894753940e+04
1.108707975204568356e+03 1.117525097656250000e+04 1.116537330471845416e+04
1.108728409235831350e+03 1.117555371093750000e+04 1.116537026586098727e+04
1.108748843167442828e+03 1.116834667968750000e+04 1.116536720227630394e+04
1.108769277099054307e+03 1.116970898437500000e+04 1.116536411380638856e+04
1.108789711031131446e+03 1.117156542968750000e+04 1.116536100030791204e+04
1.108810144863091409e+03 1.116193945312500000e+04 1.116535786165313766e+04
1.108830578895285726e+03 1.116390527343750000e+04 1.116535469765248126e+04
1.108851012827362865e+03 1.116621875000000000e+04 1.116535150820901799e+04
1.108871446760371327e+03 1.116079882812500000e+04 1.116534829316390460e+04
1.108891880692914128e+03 1.118075585937500000e+04 1.116534505237409758e+04
1.108912314625922590e+03 1.116199609375000000e+04 1.116534178569620417e+04
1.108932748558931053e+03 1.116404199218750000e+04 1.116533849298704081e+04
1.108953182492405176e+03 1.116868261718750000e+04 1.116533517410327659e+04
1.108973616425879300e+03 1.116375683593750000e+04 1.116533182890173339e+04
1.108994050459470600e+03 1.116333691406250000e+04 1.116532845722256388e+04
1.109014484393410385e+03 1.116304296875000000e+04 1.116532505895549002e+04
1.109034918227232993e+03 1.115678808593750000e+04 1.116532163395771204e+04
1.109055352261755615e+03 1.116568164062500000e+04 1.116531818203536386e+04
1.109075786196161062e+03 1.116592871093750000e+04 1.116531470309580618e+04
1.109096220030914992e+03 1.116272460937500000e+04 1.116531119699610827e+04
1.109116654065437615e+03 1.116333789062500000e+04 1.116530766354143088e+04
1.109137088000774384e+03 1.116880175781250000e+04 1.116530410264001875e+04
1.109157522035762668e+03 1.116579687500000000e+04 1.116530051411396198e+04
1.109177955870982260e+03 1.117017089843750000e+04 1.116529689787279858e+04
1.109198389806784689e+03 1.116389843750000000e+04 1.116529325372031235e+04
1.109218823842704296e+03 1.116810937500000000e+04 1.116528958151292682e+04
1.109239257678389549e+03 1.117010449218750000e+04 1.116528588116156971e+04
1.109259691614657640e+03 1.116987011718750000e+04 1.116528215246871878e+04
1.109280125651042908e+03 1.116202929687500000e+04 1.116527839529078483e+04
1.109300559487193823e+03 1.116693652343750000e+04 1.116527460953994705e+04
1.109320993524044752e+03 1.116310937500000000e+04 1.116527079499867068e+04
1.109341427460778505e+03 1.116818164062500000e+04 1.116526695157964423e+04
1.109361861297860742e+03 1.116240722656250000e+04 1.116526307913995151e+04
1.109382295335177332e+03 1.116327343750000000e+04 1.116525917748802385e+04
1.109402729272376746e+03 1.115569042968750000e+04 1.116525524664830300e+04
1.109423163109924644e+03 1.117026269531250000e+04 1.116525128665424018e+04
1.109443597147706896e+03 1.116394726562500000e+04 1.116524729748174286e+04
1.109464030985720456e+03 1.116164160156250000e+04 1.116524327924310637e+04
1.109484464923851192e+03 1.116608398437500000e+04 1.116523923191380891e+04
1.109504898962564766e+03 1.116659082031250000e+04 1.116523515552755271e+04
1.109525332801043987e+03 1.116360937500000000e+04 1.116523105017877970e+04
1.109545766839291900e+03 1.116973828125000000e+04 1.116522691582135485e+04
1.109566200778353959e+03 1.116853027343750000e+04 1.116522275254977285e+04
1.109586634717416018e+03 1.116382714843750000e+04 1.116521856037826728e+04
1.109607068656943738e+03 1.115860058593750000e+04 1.116521433934095694e+04
1.109627502596005797e+03 1.116293750000000000e+04 1.116521008947226073e+04
1.109647936535999179e+03 1.117284765625000000e+04 1.116520581080611919e+04
1.109668370575644076e+03 1.115782226562500000e+04 1.116520150335586732e+04
1.109688804415520281e+03 1.117067382812500000e+04 1.116519716721905206e+04
1.109709238455630839e+03 1.117239843750000000e+04 1.116519280234502367e+04
1.109729672396089882e+03 1.115678125000000000e+04 1.116518840883185476e+04
1.109750106236897409e+03 1.116447363281250000e+04 1.116518398671417890e+04
1.109770540277473629e+03 1.115911621093750000e+04 1.116517953596121879e+04
1.109790974218398333e+03 1.116368652343750000e+04 1.116517505667220576e+04
1.109811408059671521e+03 1.115771972656250000e+04 1.116517054888178245e+04
1.109831842100713402e+03 1.116756738281250000e+04 1.116516601255790374e+04
1.109852276042103767e+03 1.115515625000000000e+04 1.116516144780106515e+04
1.109872710084076971e+03 1.116434863281250000e+04 1.116515685460075474e+04
1.109893143925815821e+03 1.117331250000000000e+04 1.116515223305902327e+04
1.109913577867671847e+03 1.116814257812500000e+04 1.116514758314237224e+04
1.109934011910110712e+03 1.116362402343750000e+04 1.116514290488449842e+04
1.109954445752315223e+03 1.116125976562500000e+04 1.116513819838871314e+04
1.109974879695102572e+03 1.116707128906250000e+04 1.116513346362015545e+04
1.109995313737541437e+03 1.115624902343750000e+04 1.116512870061284775e+04
1.110015747580677271e+03 1.115827832031250000e+04 1.116512390947091080e+04
1.110036181523930281e+03 1.116425292968750000e+04 1.116511909015856509e+04
1.110056615566834807e+03 1.116900000000000000e+04 1.116511424270973293e+04
1.110077049410436302e+03 1.115955468750000000e+04 1.116510936722976476e+04
1.110097483454272151e+03 1.116634765625000000e+04 1.116510446365754979e+04
1.110117917297873646e+03 1.116038183593750000e+04 1.116509953212342043e+04
1.110138351242057979e+03 1.116008691406250000e+04 1.116509457258919792e+04
1.110158785286359489e+03 1.116358105468750000e+04 1.116508958508881915e+04
1.110179219230543822e+03 1.115549902343750000e+04 1.116508456970536827e+04
1.110199653075076640e+03 1.116551464843750000e+04 1.116507952647337515e+04
1.110220087119843811e+03 1.116502636718750000e+04 1.116507445535283841e+04
1.110240521064959466e+03 1.115698925781250000e+04 1.116506935645220256e+04
1.110260955010075122e+03 1.116635449218750000e+04 1.116506422978103001e+04
1.110281388955656439e+03 1.116940820312500000e+04 1.116505907537342500e+04
1.110301822900772095e+03 1.117507324218750000e+04 1.116505389326384466e+04
1.110322256846819073e+03 1.115953613281250000e+04 1.116504868348616583e+04
1.110342690792400390e+03 1.116953027343750000e+04 1.116504344607496023e+04
1.110363124738447368e+03 1.117640136718750000e+04 1.116503818106422113e+04
1.110383558785077184e+03 1.116879882812500000e+04 1.116503288846216310e+04
1.110403992631472647e+03 1.116186523437500000e+04 1.116502756838113783e+04
1.110424426678102463e+03 1.116125585937500000e+04 1.116502222075109239e+04
1.110465294471476227e+03 1.116148144531250000e+04 1.116501144321635002e+04
1.110485728518571705e+03 1.116212011718750000e+04 1.116500601330088830e+04
1.110506162466015667e+03 1.116203515625000000e+04 1.116500055605198941e+04
1.110526596313808113e+03 1.115872558593750000e+04 1.116499507150427962e+04
1.110547030361369252e+03 1.116741113281250000e+04 1.116498955961141291e+04
1.110567464309278876e+03 1.115862500000000000e+04 1.116498402048818389e+04
1.110587898157071322e+03 1.116424804687500000e+04 1.116497845416933706e+04
1.110608332205563784e+03 1.117081738281250000e+04 1.116497286060695842e+04
1.110628766153939068e+03 1.117069531250000000e+04 1.116496723991740873e+04
1.110649200202431530e+03 1.115136035156250000e+04 1.116496159207983874e+04
1.110669634051155299e+03 1.116800683593750000e+04 1.116495591721155870e+04
1.110690068000461906e+03 1.117011230468750000e+04 1.116495021526357777e+04
1.110710501949302852e+03 1.116441113281250000e+04 1.116494448629811632e+04
1.110730935898609459e+03 1.116961035156250000e+04 1.116493873034913850e+04
1.110751369848381728e+03 1.116987207031250000e+04 1.116493294745086496e+04
1.110771803798153996e+03 1.116156738281250000e+04 1.116492713763765278e+04
1.110792237747926265e+03 1.115284570312500000e+04 1.116492130094372988e+04
1.110812671797815710e+03 1.117542578125000000e+04 1.116491543737452230e+04
1.110833105648402125e+03 1.117314453125000000e+04 1.116490954705036711e+04
1.110853539598640054e+03 1.116497460937500000e+04 1.116490362991951042e+04
1.110873973649460822e+03 1.117271582031250000e+04 1.116489768601551259e+04
1.110914841451216489e+03 1.116712207031250000e+04 1.116488571820038669e+04
1.110935275502037257e+03 1.115777246093750000e+04 1.116487969426988639e+04
1.110955709453672171e+03 1.116082519531250000e+04 1.116487364376164260e+04
1.110976143404841423e+03 1.116529492187500000e+04 1.116486756668083399e+04
1.110996577356476337e+03 1.116123437500000000e+04 1.116486146306141745e+04
1.111017011308576912e+03 1.116148242187500000e+04 1.116485533293761182e+04
1.111037445360794663e+03 1.116556933593750000e+04 1.116484917631354801e+04
1.111057879212778062e+03 1.117100683593750000e+04 1.116484299331414513e+04
1.111078313165344298e+03 1.115801367187500000e+04 1.116483678388279077e+04
1.111098747218027711e+03 1.117097265625000000e+04 1.116483054805346364e+04
1.111119181070476770e+03 1.116641699218750000e+04 1.116482428595224337e+04
1.111139615023508668e+03 1.117421386718750000e+04 1.116481799752136067e+04
1.111160049076657742e+03 1.117157324218750000e+04 1.116481168279478879e+04
1.111180482930038124e+03 1.116517285156250000e+04 1.116480534189962236e+04
1.111200916983652860e+03 1.116363867187500000e+04 1.116479897474596146e+04
1.111221350937150419e+03 1.116285449218750000e+04 1.116479258146142274e+04
1.111241784790996462e+03 1.116376562500000000e+04 1.116478616208046878e+04
1.111262218845076859e+03 1.116562597656250000e+04 1.116477971654292014e+04
1.111282652799505740e+03 1.116046582031250000e+04 1.116477324497740483e+04
1.111303086653817445e+03 1.115714648437500000e+04 1.116476674741867828e+04
1.111323520708363503e+03 1.115915136718750000e+04 1.116476022380526047e+04
1.111343954663258046e+03 1.116715625000000000e+04 1.116475367426692719e+04
1.111364388618152589e+03 1.116148535156250000e+04 1.116474709880615592e+04
1.111384822573047131e+03 1.116191601562500000e+04 1.116474049745716547e+04
1.111405256528407335e+03 1.116098339843750000e+04 1.116473387025403281e+04
1.111425690484233201e+03 1.116659375000000000e+04 1.116472721723098221e+04
1.111446124439593405e+03 1.118422363281250000e+04 1.116472053842253626e+04
1.111466558395419270e+03 1.115584179687500000e+04 1.116471383386261732e+04
1.111486992351710796e+03 1.115651757812500000e+04 1.116470710358544966e+04
1.111507426308002323e+03 1.116644531250000000e+04 1.116470034762541036e+04
1.111527860364411026e+03 1.115641796875000000e+04 1.116469356598343074e+04
1.111548294320702553e+03 1.116669726562500000e+04 1.116468675876019552e+04
1.111568728177342564e+03 1.116796093750000000e+04 1.116467992599013996e+04
1.111589162234216928e+03 1.116255175781250000e+04 1.116467306760703286e+04
1.111609596191439778e+03 1.116514062500000000e+04 1.116466618374555583e+04
1.111630030049011111e+03 1.116846191406250000e+04 1.116465927444030604e+04
1.111650464106351137e+03 1.117126660156250000e+04 1.116465233962408456e+04
1.111670898064039648e+03 1.116744921875000000e+04 1.116464537943253526e+04
1.111691331921610981e+03 1.116661523437500000e+04 1.116463839390042267e+04
1.111711765979882330e+03 1.115809765625000000e+04 1.116463138295894169e+04
1.111732199938036501e+03 1.116666210937500000e+04 1.116462434674534234e+04
1.111752633996307850e+03 1.117003515625000000e+04 1.116461728522489830e+04
1.111773067854810506e+03 1.116361914062500000e+04 1.116461019853565449e+04
1.111793501813430339e+03 1.116385253906250000e+04 1.116460308660801456e+04
1.111813935872633010e+03 1.116576855468750000e+04 1.116459594947567530e+04
1.111834369731601328e+03 1.116478906250000000e+04 1.116458878727810588e+04
1.111875237750355154e+03 1.116978125000000000e+04 1.116457438750837900e+04
1.111895671609789133e+03 1.116248339843750000e+04 1.116456715011049891e+04
1.111916105669923127e+03 1.117563769531250000e+04 1.116455988764301947e+04
1.111936539629939944e+03 1.117174609375000000e+04 1.116455260024689414e+04
1.111956973489839584e+03 1.116191308593750000e+04 1.116454528795672013e+04
1.111977407550439239e+03 1.114281054687500000e+04 1.116453795069887929e+04
1.111997841510921717e+03 1.115130468750000000e+04 1.116453058861543468e+04
1.112018275471404195e+03 1.115335742187500000e+04 1.116452320170472376e+04
1.112038709432352334e+03 1.115797070312500000e+04 1.116451579000079073e+04
1.112059143393300474e+03 1.115446484375000000e+04 1.116450835353804177e+04
1.112079577354714274e+03 1.115145312500000000e+04 1.116450089235052292e+04
1.112100011316128075e+03 1.115367285156250000e+04 1.116449340647263307e+04
1.112120445277541876e+03 1.116946582031250000e+04 1.116448589593859288e+04
1.112140879239421338e+03 1.116291113281250000e+04 1.116447836078245746e+04
1.112161313201300800e+03 1.116251269531250000e+04 1.116447080103862027e+04
1.112181747163645923e+03 1.116057617187500000e+04 1.116446321674113278e+04
1.112202181225642562e+03 1.116616601562500000e+04 1.116445560788722651e+04
1.112222615088336170e+03 1.116020996093750000e+04 1.116444797462262432e+04
1.112243049050681293e+03 1.115734863281250000e+04 1.116444031687005190e+04
1.112263483113609254e+03 1.117180371093750000e+04 1.116443263466302596e+04
1.112283916976768523e+03 1.116048730468750000e+04 1.116442492814886646e+04
1.112304351040162146e+03 1.116602929687500000e+04 1.116441719721093614e+04
1.112324785003438592e+03 1.117101660156250000e+04 1.116440944199691876e+04
1.112345218867063522e+03 1.116367089843750000e+04 1.116440166254121505e+04
1.112365652930457145e+03 1.117065527343750000e+04 1.116439385876387678e+04
1.112386086894664913e+03 1.116440722656250000e+04 1.116438603081312431e+04
1.112406520758755505e+03 1.116920507812500000e+04 1.116437817872389132e+04
1.112426954822614789e+03 1.116042773437500000e+04 1.116437030241498724e+04
1.112447388787288219e+03 1.116797656250000000e+04 1.116436240203569287e+04
1.112467822852078825e+03 1.116827539062500000e+04 1.116435447754317647e+04
1.112488256716635078e+03 1.117170312500000000e+04 1.116434652908831049e+04
1.112508690681774169e+03 1.117879882812500000e+04 1.116433855658849279e+04
1.112529124746564776e+03 1.115859960937500000e+04 1.116433056007795312e+04
1.112549558612052351e+03 1.117229101562500000e+04 1.116432253970808051e+04
1.112569992577657104e+03 1.116388378906250000e+04 1.116431449539574896e+04
1.112590426643379033e+03 1.116786425781250000e+04 1.116430642717483715e+04
1.112610860509332269e+03 1.116725097656250000e+04 1.116429833519814929e+04
1.112631294575054199e+03 1.117010742187500000e+04 1.116429021934169032e+04
1.112651728541590273e+03 1.115690722656250000e+04 1.116428207975824262e+04
1.112672162507660687e+03 1.116195605468750000e+04 1.116427391644288582e+04
1.112692596474196762e+03 1.117069628906250000e+04 1.116426572942946950e+04
1.112713030341081321e+03 1.116146289062500000e+04 1.116425751879250311e+04
1.112733464308083057e+03 1.118048925781250000e+04 1.116424928448594073e+04
1.112753898375201970e+03 1.117356054687500000e+04 1.116424102654366288e+04
1.112774332342203707e+03 1.116620507812500000e+04 1.116423274508080794e+04
1.112794766309671104e+03 1.116958398437500000e+04 1.116422444009101309e+04
1.112815200277604163e+03 1.116094531250000000e+04 1.116421611160850262e+04
1.112835634245071560e+03 1.117447070312500000e+04 1.116420775966787369e+04
1.112856068313121796e+03 1.116573925781250000e+04 1.116419938426188855e+04
1.112876502181403339e+03 1.116041308593750000e+04 1.116419098554803713e+04
1.112896936149802059e+03 1.116716992187500000e+04 1.116418256343746361e+04
1.112917370218317956e+03 1.116443457031250000e+04 1.116417411796404667e+04
1.112937804087065160e+03 1.116303906250000000e+04 1.116416564928612752e+04
1.112958238055929542e+03 1.116955566406250000e+04 1.116415715731381351e+04
1.112978672124911100e+03 1.117886816406250000e+04 1.116414864208098334e+04
1.112999105994123966e+03 1.115966113281250000e+04 1.116414010374700592e+04
1.113019540063571185e+03 1.115225683593750000e+04 1.116413154217896408e+04
1.113039974032901227e+03 1.116558691406250000e+04 1.116412295753674698e+04
1.113060407902579755e+03 1.116100488281250000e+04 1.116411434985472806e+04
1.113080841972492635e+03 1.116622851562500000e+04 1.116410571904063727e+04
1.113101275942754000e+03 1.116562988281250000e+04 1.116409706525518777e+04
1.113121709812898189e+03 1.115952050781250000e+04 1.116408838853314228e+04
1.113142143883276731e+03 1.116350585937500000e+04 1.116407968878102110e+04
1.113162577854003757e+03 1.115480957031250000e+04 1.116407096616055242e+04
1.113183011924847960e+03 1.116033007812500000e+04 1.116406222062068628e+04
1.113203445795923471e+03 1.117338183593750000e+04 1.116405345232416039e+04
1.113223879767116159e+03 1.115196484375000000e+04 1.116404466117668926e+04
1.113244313838426024e+03 1.116835839843750000e+04 1.116403584721215520e+04
1.113264747709967196e+03 1.116018847656250000e+04 1.116402701059430547e+04
1.113285181681625545e+03 1.117035839843750000e+04 1.116401815122784319e+04
1.113305615653283894e+03 1.116757031250000000e+04 1.116400926919023550e+04
1.113326049725525081e+03 1.116388574218750000e+04 1.116400036447181810e+04
1.113346483697649091e+03 1.116502246093750000e+04 1.116399143719427411e+04
1.113366917570121586e+03 1.115527734375000000e+04 1.116398248739195697e+04
1.113387351542711258e+03 1.116671386718750000e+04 1.116397351501159756e+04
1.113407785615418106e+03 1.116783105468750000e+04 1.116396452008708366e+04
1.113428219588007778e+03 1.115619433593750000e+04 1.116395550274078414e+04
1.113448653461411595e+03 1.115844921875000000e+04 1.116394646300684326e+04
1.113469087534584105e+03 1.116128222656250000e+04 1.116393740078706105e+04
1.113489521508105099e+03 1.116181250000000000e+04 1.116392831624828796e+04
1.113509955381508917e+03 1.116345898437500000e+04 1.116391920942528668e+04
1.113530389455612749e+03 1.116067675781250000e+04 1.116391008021805101e+04
1.113550823429133743e+03 1.115144140625000000e+04 1.116390092879523581e+04
1.113571257503703237e+03 1.116991699218750000e+04 1.116389175510077439e+04
1.113591691377572715e+03 1.116478808593750000e+04 1.116388255930451487e+04
1.113612125352490693e+03 1.115525000000000000e+04 1.116387334130505042e+04
1.113632559427060187e+03 1.115404296875000000e+04 1.116386410113691454e+04
1.113652993301860988e+03 1.116910058593750000e+04 1.116385483896988080e+04
1.113673427276778966e+03 1.115897265625000000e+04 1.116384555470240957e+04
1.113693861351814121e+03 1.116642480468750000e+04 1.116383624836840681e+04
1.113714295227080584e+03 1.116590917968750000e+04 1.116382692013882479e+04
1.113734729303047061e+03 1.117226171875000000e+04 1.116381756986507571e+04
1.113755163278430700e+03 1.116205273437500000e+04 1.116380819771908682e+04
1.113775597154628485e+03 1.116756542968750000e+04 1.116379880373476044e+04
1.113796031230594963e+03 1.116749414062500000e+04 1.116378938780871977e+04
1.113816465206444263e+03 1.116868359375000000e+04 1.116377995011322128e+04
1.113836899183224887e+03 1.116170898437500000e+04 1.116377049063597588e+04
1.113857333159539849e+03 1.116442871093750000e+04 1.116376100941185359e+04
1.113898201213218272e+03 1.116395507812500000e+04 1.116374198181207612e+04
1.113918635090347379e+03 1.116179687500000000e+04 1.116373243559830371e+04
1.113939069067593664e+03 1.117056640625000000e+04 1.116372286772761981e+04
1.113959503045305610e+03 1.115499902343750000e+04 1.116371327828074755e+04
1.113979937022551894e+03 1.116289648437500000e+04 1.116370366729234411e+04
1.114000371000729501e+03 1.117163281250000000e+04 1.116369403479598077e+04
1.114020804978441447e+03 1.115750585937500000e+04 1.116368438082653665e+04
1.114041238956619054e+03 1.116476562500000000e+04 1.116367470541780312e+04
1.114061672934796661e+03 1.118015332031250000e+04 1.116366500860421547e+04
1.114082107013557106e+03 1.115792382812500000e+04 1.116365529037211672e+04
1.114102540892083198e+03 1.115884472656250000e+04 1.116364555089894566e+04
1.114122974970843643e+03 1.116672460937500000e+04 1.116363579002806000e+04
1.114143408949952573e+03 1.116590136718750000e+04 1.116362600793677120e+04
1.114163842828944325e+03 1.116348437500000000e+04 1.116361620465983287e+04
1.114184276908636093e+03 1.116385058593750000e+04 1.116360638008699971e+04
1.114204710888210684e+03 1.116730664062500000e+04 1.116359653439697286e+04
1.114225144767668098e+03 1.116769921875000000e+04 1.116358666762428402e+04
1.114245578847825527e+03 1.117265722656250000e+04 1.116357677965774928e+04
1.114266012827865779e+03 1.115931933593750000e+04 1.116356687067700477e+04
1.114286446908023208e+03 1.116614746093750000e+04 1.116355694061916984e+04
1.114306880788411945e+03 1.115864550781250000e+04 1.116354698966435899e+04
1.114327314768917859e+03 1.115974121093750000e+04 1.116353701770091175e+04
1.114347748849540949e+03 1.116188281250000000e+04 1.116352702476274317e+04
1.114368182730395347e+03 1.116559863281250000e+04 1.116351701103088271e+04
1.114388616711366922e+03 1.115978906250000000e+04 1.116350697639274949e+04
1.114409050792921335e+03 1.117063183593750000e+04 1.116349692088203301e+04
1.114429484674241394e+03 1.117022167968750000e+04 1.116348684468114152e+04
1.114449918755795807e+03 1.116342578125000000e+04 1.116347674762682072e+04
1.114470352737698704e+03 1.115984082031250000e+04 1.116346662990132609e+04
1.114490786619484425e+03 1.116083203125000000e+04 1.116345649153941486e+04
1.114511220701504499e+03 1.115889941406250000e+04 1.116344633242613781e+04
1.114531654683873057e+03 1.116816308593750000e+04 1.116343615274466720e+04
1.114552088666241616e+03 1.116369433593750000e+04 1.116342595247972713e+04
1.114572522649075836e+03 1.116618066406250000e+04 1.116341573166531271e+04
1.114592956631910056e+03 1.116041699218750000e+04 1.116340549033587740e+04
1.114613390614744276e+03 1.116803515625000000e+04 1.116339522852565278e+04
1.114633824598044157e+03 1.116799218750000000e+04 1.116338494626862303e+04
1.114654258581344038e+03 1.116577929687500000e+04 1.116337464359924888e+04
1.114674692564643919e+03 1.115772558593750000e+04 1.116336432055175101e+04
1.114695126548409462e+03 1.116400683593750000e+04 1.116335397716012449e+04
1.114715560532175004e+03 1.115945214843750000e+04 1.116334361345882644e+04
1.114735994616523385e+03 1.115751562500000000e+04 1.116333322943091480e+04
1.114756428500637412e+03 1.117063183593750000e+04 1.116332282526363269e+04
1.114776862484868616e+03 1.116646484375000000e+04 1.116331240083842567e+04
1.114797296569682658e+03 1.115614941406250000e+04 1.116330195618898506e+04
1.114817730454262346e+03 1.116458496093750000e+04 1.116329149150343437e+04
1.114838164539076388e+03 1.115520214843750000e+04 1.116328100661091776e+04
1.114858598524238914e+03 1.115990917968750000e+04 1.116327050169938229e+04
1.114879032409284264e+03 1.116491601562500000e+04 1.116325997680358705e+04
1.114899466494563967e+03 1.116124902343750000e+04 1.116324943180290211e+04
1.114919900480192155e+03 1.116621777343750000e+04 1.116323886688616767e+04
1.114940334366168827e+03 1.116239355468750000e+04 1.116322828208789724e+04
1.114960768451914191e+03 1.115493750000000000e+04 1.116321767728706982e+04
1.114981202438008040e+03 1.115514453125000000e+04 1.116320705267314952e+04
1.115001636524219066e+03 1.116736035156250000e+04 1.116319640817649997e+04
1.115022070410661399e+03 1.116920800781250000e+04 1.116318574398770215e+04
