1.207160762655548751e+03 7.058517089843750000e+03 7.052815536447535123e+03
1.207181196909863502e+03 7.050383789062500000e+03 7.052601883065213769e+03
1.207201631063595414e+03 7.053533691406250000e+03 7.052441070852409212e+03
1.207222065417096019e+03 7.052690429687500000e+03 7.052331754965446635e+03
1.207242499670013785e+03 7.053999023437500000e+03 7.052272594524718443e+03
1.207262933823280036e+03 7.055530761718750000e+03 7.052262245942155459e+03
1.207283368175849319e+03 7.054294433593750000e+03 7.052299366558880138e+03
1.207303802428767085e+03 7.055524414062500000e+03 7.052382613317808136e+03
1.207324236581102014e+03 7.047958007812500000e+03 7.052510642689107044e+03
1.207344670932739973e+03 7.055553222656250000e+03 7.052682114011869999e+03
1.207365105084609240e+03 7.045883300781250000e+03 7.052895681086856712e+03
1.207385539436247200e+03 7.055920898437500000e+03 7.053150005223318658e+03
1.207405973687767982e+03 7.050285156250000000e+03 7.053443740126016564e+03
1.207426407838705927e+03 7.054965332031250000e+03 7.053775542359841893e+03
1.207446842189412564e+03 7.054577636718750000e+03 7.054144074214811553e+03
1.207467276440467685e+03 7.055682617187500000e+03 7.054547987699940677e+03
1.207487710590474308e+03 7.052800781250000000e+03 7.054985939418701491e+03
1.207508144940715283e+03 7.049107421875000000e+03 7.055456593212105872e+03
1.207528579190839082e+03 7.049143066406250000e+03 7.055958599541891090e+03
1.207549013440497220e+03 7.057379882812500000e+03 7.056490617765117349e+03
1.207569447689689696e+03 7.048977050781250000e+03 7.057051305022436281e+03
1.207589881938882172e+03 7.058781738281250000e+03 7.057639318468391139e+03
1.207610316287726164e+03 7.056110839843750000e+03 7.058253318301174659e+03
1.207630750436335802e+03 7.049462402343750000e+03 7.058891952467558440e+03
1.207651184685062617e+03 7.052770019531250000e+03 7.059553887319554633e+03
1.207671619033440948e+03 7.058793457031250000e+03 7.060237780316752833e+03
1.207692053181119263e+03 7.059416992187500000e+03 7.060942278393757988e+03
1.207712487428914756e+03 7.064555664062500000e+03 7.061666048915813008e+03
1.207732921776827425e+03 7.061119140625000000e+03 7.062407749299304669e+03
1.207753356023691595e+03 7.059351562500000000e+03 7.063166029379002794e+03
1.207773790170904249e+03 7.065993164062500000e+03 7.063939546115436315e+03
1.207794224517419934e+03 7.065764648437500000e+03 7.064726968073416174e+03
1.207814658764284104e+03 7.070239257812500000e+03 7.065526940974550598e+03
1.207855527256615460e+03 7.072407226562500000e+03 7.067159179544306426e+03
1.207875961502548307e+03 7.071784179687500000e+03 7.067988759517264953e+03
1.207896395848132670e+03 7.068568847656250000e+03 7.068825526908893153e+03
1.207916829993017018e+03 7.072232910156250000e+03 7.069668126516906341e+03
1.207937264238484204e+03 7.083198730468750000e+03 7.070515227868550937e+03
1.207957698583137244e+03 7.080996582031250000e+03 7.071365488105602708e+03
1.207978132728021592e+03 7.080300292968750000e+03 7.072217551915635340e+03
1.207998566972091794e+03 7.085373046875000000e+03 7.073070088898081849e+03
1.208019001216161996e+03 7.080359863281250000e+03 7.073921752064155953e+03
1.208039435460232198e+03 7.079823730468750000e+03 7.074771198557622483e+03
1.208059869803953916e+03 7.082333496093750000e+03 7.075617089636510173e+03
1.208080303947441280e+03 7.082477539062500000e+03 7.076458070063582454e+03
1.208100738190580159e+03 7.078358398437500000e+03 7.077292809364234017e+03
1.208121172533370554e+03 7.077769531250000000e+03 7.078119964581213935e+03
1.208141606676392257e+03 7.076452148437500000e+03 7.078938180800709233e+03
1.208162040918599814e+03 7.080338867187500000e+03 7.079746127206642086e+03
1.208182475260924548e+03 7.076236328125000000e+03 7.080542460819771804e+03
1.208202909403014928e+03 7.074229980468750000e+03 7.081325827171371202e+03
1.208223343644291162e+03 7.077371582031250000e+03 7.082094894983718405e+03
1.208243777986150235e+03 7.078234863281250000e+03 7.082848321234025207e+03
1.208264212226960808e+03 7.080624511718750000e+03 7.083584755627422055e+03
1.208284646468237042e+03 7.084346191406250000e+03 7.084302859089966660e+03
1.208305080709047616e+03 7.088120605468750000e+03 7.085001288733308684e+03
1.208325514949858189e+03 7.084126953125000000e+03 7.085678701718434240e+03
1.208345949189737439e+03 7.078610839843750000e+03 7.086333755160418150e+03
1.208366383430082351e+03 7.078571777343750000e+03 7.086965106249321252e+03
1.208386817669495940e+03 7.084597656250000000e+03 7.087571412087416320e+03
1.208407252009026706e+03 7.081529296875000000e+03 7.088151332623158851e+03
1.208427686148323119e+03 7.086362792968750000e+03 7.088703516677858715e+03
1.208448120387736708e+03 7.085363769531250000e+03 7.089226629719571065e+03
1.208468554726336151e+03 7.086275878906250000e+03 7.089719328434025556e+03
1.208488988865166903e+03 7.089324218750000000e+03 7.090180262988979848e+03
1.208509423203300685e+03 7.085170410156250000e+03 7.090608099523537931e+03
1.208529857441782951e+03 7.076073242187500000e+03 7.091001488677892667e+03
1.208550291579216719e+03 7.095139160156250000e+03 7.091359088087472628e+03
1.208570725916884840e+03 7.095525390625000000e+03 7.091679830480437886e+03
1.208591160154435784e+03 7.088540039062500000e+03 7.091964060864205749e+03
1.208611594291403890e+03 7.085310058593750000e+03 7.092212595436862102e+03
1.208632028628140688e+03 7.085083496093750000e+03 7.092426253536035802e+03
1.208652462764643133e+03 7.087380371093750000e+03 7.092605846915634174e+03
1.208672897001262754e+03 7.102030273437500000e+03 7.092752194404156398e+03
1.208693331337533891e+03 7.094599609375000000e+03 7.092866111457096849e+03
1.208713765473570675e+03 7.088694824218750000e+03 7.092948412578458374e+03
1.208734199808910489e+03 7.090787597656250000e+03 7.092999915325205620e+03
1.208754634044598788e+03 7.096710937500000000e+03 7.093021434660837258e+03
1.208775068279355764e+03 7.090198242187500000e+03 7.093013786852248813e+03
1.208795502514578402e+03 7.093457519531250000e+03 7.092977787840136443e+03
1.208815936749335378e+03 7.101945800781250000e+03 7.092914253566346815e+03
1.208836370983626693e+03 7.092945312500000000e+03 7.092823999972910315e+03
1.208856805217918009e+03 7.091944824218750000e+03 7.092707842998815977e+03
1.208877239451743662e+03 7.092500976562500000e+03 7.092566598587689441e+03
1.208897673685569316e+03 7.098083007812500000e+03 7.092401082677244631e+03
1.208918108019046485e+03 7.098161621093750000e+03 7.092212110230129838e+03
1.208938542152289301e+03 7.098725585937500000e+03 7.092000500128835483e+03
1.208958976485300809e+03 7.097833007812500000e+03 7.091767064177122847e+03
1.208979410718195140e+03 7.089782226562500000e+03 7.091512621583125110e+03
1.208999844850506634e+03 7.091026855468750000e+03 7.091237988596070863e+03
1.209020279183052480e+03 7.083447753906250000e+03 7.090943976969205323e+03
1.209040713415015489e+03 7.098130371093750000e+03 7.090631406830848391e+03
1.209061147546861321e+03 7.100139160156250000e+03 7.090301094381176881e+03
1.209102016109507531e+03 7.094083007812500000e+03 7.089590496369628454e+03
1.209122450440656394e+03 7.092267578125000000e+03 7.089211844110355742e+03
1.209142884571105242e+03 7.090586914062500000e+03 7.088818715431660166e+03
1.209163318801671267e+03 7.091926757812500000e+03 7.088411920590768204e+03
1.209183753131888807e+03 7.100469238281250000e+03 7.087992275342219727e+03
1.209204187261871994e+03 7.091845214843750000e+03 7.087560601875047723e+03
1.209224621491972357e+03 7.091059082031250000e+03 7.087117709870348335e+03
1.209245055821258575e+03 7.091016113281250000e+03 7.086664415129759618e+03
1.209265489950776100e+03 7.096606933593750000e+03 7.086201540297342945e+03
1.209285924179945141e+03 7.082013671875000000e+03 7.085729894598588544e+03
1.209306358408648521e+03 7.088895019531250000e+03 7.085250296218624499e+03
1.209326792637351900e+03 7.092699218750000000e+03 7.084763561086255322e+03
1.209347226965706795e+03 7.087546386718750000e+03 7.084270502722368292e+03
1.209367661093827337e+03 7.076614746093750000e+03 7.083771944344965959e+03
1.209388095321599394e+03 7.086189453125000000e+03 7.083268694615351706e+03
1.209408529649022967e+03 7.079881347656250000e+03 7.082761569410233278e+03
1.209428963876795024e+03 7.082416992187500000e+03 7.082251389618448229e+03
1.209449398003518581e+03 7.080105468750000000e+03 7.081738971253178534e+03
1.209469832330476493e+03 7.075333007812500000e+03 7.081225122686207214e+03
1.209490266557317227e+03 7.076450683593750000e+03 7.080710667401032879e+03
1.209510694967582822e+03 7.078214355468750000e+03 7.080196565095502592e+03
1.209531135084107518e+03 7.070865722656250000e+03 7.079683191055347379e+03
1.209551569209899753e+03 7.076340332031250000e+03 7.079171806237686724e+03
1.209572003535460681e+03 7.070271972656250000e+03 7.078663070958802564e+03
1.209592437760904431e+03 7.070831542968750000e+03 7.078157808645179102e+03
1.209612871885765344e+03 7.071840820312500000e+03 7.077656835190235142e+03
1.209633306210860610e+03 7.066429199218750000e+03 7.077160959193352028e+03
1.209653740335721523e+03 7.073067382812500000e+03 7.076671006306310119e+03
1.209674174559768289e+03 7.072194824218750000e+03 7.076187785242896098e+03
1.209694608883932233e+03 7.073288085937500000e+03 7.075712112024521957e+03
1.209715043107979000e+03 7.075363769531250000e+03 7.075244807254497573e+03
1.209735477231442928e+03 7.067172851562500000e+03 7.074786686753087452e+03
1.209755911555141211e+03 7.069519531250000000e+03 7.074338559786169753e+03
1.209776345678139478e+03 7.078412109375000000e+03 7.073901251079413669e+03
1.209796780000906438e+03 7.065546875000000000e+03 7.073475568005781497e+03
1.209817214223556221e+03 7.072121093750000000e+03 7.073062332838231669e+03
1.209837648346088827e+03 7.064503417968750000e+03 7.072662361326565588e+03
1.209858082668390125e+03 7.068648437500000000e+03 7.072276463640613656e+03
1.209878516890108585e+03 7.082634765625000000e+03 7.071905461495587588e+03
1.209898951112292707e+03 7.074921386718750000e+03 7.071550168887401014e+03
1.209919385333545506e+03 7.062421875000000000e+03 7.071211401778403342e+03
1.209939819554798305e+03 7.070444824218750000e+03 7.070889976090601522e+03
1.209960253875702620e+03 7.067548339843750000e+03 7.070586587551707453e+03
1.209980687996372581e+03 7.060963378906250000e+03 7.070301110666586283e+03
1.210001122216694057e+03 7.077540527343750000e+03 7.070033059648647395e+03
1.210021556537132710e+03 7.070576660156250000e+03 7.069781951987940374e+03
1.210041990756988525e+03 7.075306152343750000e+03 7.069547307392375842e+03
1.210062424876727164e+03 7.069939453125000000e+03 7.069328642861803928e+03
1.210082859196234494e+03 7.074613281250000000e+03 7.069125472545872981e+03
1.210103293415624648e+03 7.066694824218750000e+03 7.068937316782610651e+03
1.210123727534431964e+03 7.061894042968750000e+03 7.068763692602888113e+03
1.210144161853007972e+03 7.075428710937500000e+03 7.068604114802374170e+03
1.210164596071466804e+03 7.063904296875000000e+03 7.068458103068815944e+03
1.210185030389577150e+03 7.068196777343750000e+03 7.068325173213483140e+03
1.210205464507918805e+03 7.062901855468750000e+03 7.068204844334673908e+03
1.210225898725446314e+03 7.069298339843750000e+03 7.068096631824423639e+03
1.210246333043090999e+03 7.068112792968750000e+03 7.068000053095858675e+03
1.210266767160501331e+03 7.078855468750000000e+03 7.067914626729734664e+03
1.210287201377563179e+03 7.068650390625000000e+03 7.067839868635558560e+03
1.210307635594159365e+03 7.075062988281250000e+03 7.067775296502466517e+03
1.210328069810289890e+03 7.080445312500000000e+03 7.067720427574180576e+03
1.210348504026886076e+03 7.072711425781250000e+03 7.067674779092614699e+03
1.210368938242550939e+03 7.067520019531250000e+03 7.067637868305021584e+03
1.210389372458215803e+03 7.071601074218750000e+03 7.067609212453590771e+03
1.210409806773997843e+03 7.073591796875000000e+03 7.067588328698720943e+03
1.210430240889079869e+03 7.070722656250000000e+03 7.067574734537319273e+03
1.210450675104279071e+03 7.077781738281250000e+03 7.067567946961125926e+03
1.210471109419129789e+03 7.076660156250000000e+03 7.067567483311081560e+03
1.210491543533280492e+03 7.062692382812500000e+03 7.067572860794018197e+03
1.210511977748014033e+03 7.072675292968750000e+03 7.067583596692018546e+03
1.210532412061933428e+03 7.067979492187500000e+03 7.067599208323961648e+03
1.210552846175618470e+03 7.066152343750000000e+03 7.067619212671887908e+03
1.210573280489072204e+03 7.071274414062500000e+03 7.067643127368710338e+03
1.210593714702408761e+03 7.068965332031250000e+03 7.067670469335511370e+03
1.210614148915279657e+03 7.065848632812500000e+03 7.067700755924200166e+03
1.210634583128150553e+03 7.068454589843750000e+03 7.067733504380027625e+03
1.210655017340555787e+03 7.072832031250000000e+03 7.067768231946853120e+03
1.210675451552961022e+03 7.067903808593750000e+03 7.067804455870102174e+03
1.210695885864552110e+03 7.072486816406250000e+03 7.067841693576897342e+03
1.210716319976840168e+03 7.066881835937500000e+03 7.067879461762940991e+03
1.210736754187848419e+03 7.064321289062500000e+03 7.067917278221097149e+03
1.210757188499439508e+03 7.075113281250000000e+03 7.067954660196741315e+03
1.210777622610330582e+03 7.080147949218750000e+03 7.067991124389062861e+03
1.210798056920990348e+03 7.070889160156250000e+03 7.068026188754419309e+03
1.210818491131532937e+03 7.077083007812500000e+03 7.068059370011624196e+03
1.210838925241958350e+03 7.056910156250000000e+03 7.068090185436734828e+03
1.210859359551686794e+03 7.076083984375000000e+03 7.068118152706577348e+03
1.210879793761763722e+03 7.066014160156250000e+03 7.068142788634837416e+03
1.210900227871257812e+03 7.065586425781250000e+03 7.068163610517800407e+03
1.210920662180520594e+03 7.060311035156250000e+03 7.068180135876296845e+03
1.210941096389666200e+03 7.068431152343750000e+03 7.068191881680124425e+03
1.210961530498228967e+03 7.064578613281250000e+03 7.068198365247932998e+03
1.210981964807026088e+03 7.067131347656250000e+03 7.068199103879271206e+03
1.211002399014774710e+03 7.063930175781250000e+03 7.068193614765243183e+03
1.211022833222988993e+03 7.065461914062500000e+03 7.068181415168781314e+03
1.211043267430737615e+03 7.062517578125000000e+03 7.068162022335462098e+03
1.211063701638486236e+03 7.062946289062500000e+03 7.068134953510119885e+03
1.211084135845303535e+03 7.066304199218750000e+03 7.068099725939584459e+03
1.211104570052586496e+03 7.065852539062500000e+03 7.068055856866799331e+03
1.211125004259403795e+03 7.062525390625000000e+03 7.068002863538850761e+03
1.211145438465755433e+03 7.062543945312500000e+03 7.067940263201478956e+03
1.211165872672107071e+03 7.066949218750000000e+03 7.067867573098713365e+03
1.211186306978110224e+03 7.064024902343750000e+03 7.067784310043071855e+03
1.211206741183996201e+03 7.060306152343750000e+03 7.067689992092102329e+03
1.211227175289299339e+03 7.064232910156250000e+03 7.067584136659553224e+03
1.211247609594836831e+03 7.063157714843750000e+03 7.067466259345524122e+03
1.211268043799325824e+03 7.055796386718750000e+03 7.067335879044525427e+03
1.211288477904628962e+03 7.062057617187500000e+03 7.067192513177222281e+03
1.211308912208769470e+03 7.064664062500000000e+03 7.067035676800581314e+03
1.211329346413258463e+03 7.054170898437500000e+03 7.066864889351571037e+03
1.211349780517164618e+03 7.061592285156250000e+03 7.066679718060629966e+03
1.211370214820839465e+03 7.065068847656250000e+03 7.066480193670568951e+03
1.211390649024397135e+03 7.062287109375000000e+03 7.066266607721508080e+03
1.211411083327606320e+03 7.064910644531250000e+03 7.066039249442296750e+03
1.211431517430581152e+03 7.061391113281250000e+03 7.065798413583137517e+03
1.211451951633207500e+03 7.057784667968750000e+03 7.065544388021708983e+03
1.211492820037994534e+03 7.060197265625000000e+03 7.064997936477358962e+03
1.211513254240155220e+03 7.066201171875000000e+03 7.064706093121603772e+03
1.211533688541967422e+03 7.063743164062500000e+03 7.064402224948487856e+03
1.211554122643079609e+03 7.062419433593750000e+03 7.064086627825398864e+03
1.211574556844774634e+03 7.065647949218750000e+03 7.063759588497905497e+03
1.211594991145655513e+03 7.061842285156250000e+03 7.063421398135972595e+03
1.211615425246302038e+03 7.064415039062500000e+03 7.063072353089554781e+03
1.211635859546717256e+03 7.061586425781250000e+03 7.062712737841484341e+03
1.211656293747015297e+03 7.056189453125000000e+03 7.062342848905966093e+03
1.211676727846730500e+03 7.065002929687500000e+03 7.061962977753864834e+03
1.211697162146680057e+03 7.060956054687500000e+03 7.061573410034550761e+03
1.211717596245929599e+03 7.059700683593750000e+03 7.061174444703206973e+03
1.211738030444830656e+03 7.073943847656250000e+03 7.060766367277795325e+03
1.211799333041533828e+03 7.064101562500000000e+03 7.059490387106394337e+03
1.211819767339620739e+03 7.057017578125000000e+03 7.059048779965702124e+03
1.211860635735094547e+03 7.058952636718750000e+03 7.058142900486964209e+03
1.211881069932598621e+03 7.061163085937500000e+03 7.057679208631031543e+03
1.211901504129637033e+03 7.058685058593750000e+03 7.057208737122249659e+03
1.211921938426792622e+03 7.062674316406250000e+03 7.056731774910922468e+03
1.211942372523248196e+03 7.054062500000000000e+03 7.056248620378034502e+03
1.211962806719820946e+03 7.059796386718750000e+03 7.055759557768996274e+03
1.211983241016045213e+03 7.059388183593750000e+03 7.055264878323522680e+03
1.212003675112035125e+03 7.060364746093750000e+03 7.054764880654401168e+03
1.212024109407328069e+03 7.057636230468750000e+03 7.054259846300699792e+03
1.212044543602969497e+03 7.057944824218750000e+03 7.053750073928002166e+03
1.212085411992855370e+03 7.058007812500000000e+03 7.052717473060647535e+03
1.212105846187565476e+03 7.055683105468750000e+03 7.052195227180571237e+03
1.212126280282158405e+03 7.059071777343750000e+03 7.051669408667503376e+03
1.212167148769833148e+03 7.055130859375000000e+03 7.050608203535653047e+03
1.212187582863494754e+03 7.049301757812500000e+03 7.050073407314304859e+03
1.212208017156925052e+03 7.058752929687500000e+03 7.049536195886970745e+03
1.212228451350238174e+03 7.056744628906250000e+03 7.048996868433562668e+03
1.212248885642737150e+03 7.054143066406250000e+03 7.048455711009911283e+03
1.212269319735467434e+03 7.048327636718750000e+03 7.047913022858128897e+03
1.212289753927849233e+03 7.054217773437500000e+03 7.047369087349663459e+03
1.212310188119765371e+03 7.048405273437500000e+03 7.046824198452846758e+03
1.212330622311681509e+03 7.050385742187500000e+03 7.046278647468143390e+03
1.212351056503597647e+03 7.045482910156250000e+03 7.045732725708401631e+03
1.212371490694582462e+03 7.048099609375000000e+03 7.045186724511349894e+03
1.212412359076552093e+03 7.051319824218750000e+03 7.044095648981937302e+03
1.212432793367188424e+03 7.046052734375000000e+03 7.043551154622272406e+03
1.212453227457590401e+03 7.049243164062500000e+03 7.043007751382225251e+03
1.212473661747761071e+03 7.048741699218750000e+03 7.042465719939167684e+03
1.212494095937348902e+03 7.040164062500000000e+03 7.041925359583595309e+03
1.212514530027285218e+03 7.040220214843750000e+03 7.041386961576982685e+03
1.212534964316524565e+03 7.009683105468750000e+03 7.040850809370964271e+03
1.212555398505646735e+03 6.959404296875000000e+03 7.040317202151531092e+03
1.212575832594186068e+03 6.941674804687500000e+03 7.039786431203961911e+03
1.212596266882494092e+03 6.931193847656250000e+03 7.039258780061449215e+03
1.212616701071150601e+03 6.917597167968750000e+03 7.038734547791959812e+03
1.212637135358992964e+03 6.914515625000000000e+03 7.038214020610043917e+03
1.212657569446600974e+03 6.916097167968750000e+03 7.037697497426644986e+03
1.212678003634326160e+03 6.923319335937500000e+03 7.037185261932187132e+03
1.212698437921702862e+03 6.914973144531250000e+03 7.036677605516051699e+03
1.212718872008845210e+03 6.917482421875000000e+03 7.036174826905810733e+03
1.212739306195173413e+03 6.926707031250000000e+03 7.035677202842492079e+03
1.212759740481618792e+03 6.923641601562500000e+03 7.035184924611290626e+03
1.212780174568295479e+03 6.921539550781250000e+03 7.034698125791042003e+03
1.212800608753692359e+03 6.948632324218750000e+03 7.034216924300701976e+03
1.212821043039672077e+03 6.994557128906250000e+03 7.033741445249987009e+03
1.212841477125417441e+03 7.030450195312500000e+03 7.033271820666757776e+03
1.212861911410465837e+03 7.032491699218750000e+03 7.032808166439824163e+03
1.212882345595397055e+03 7.040864257812500000e+03 7.032350614477565614e+03
1.212902779780328274e+03 7.039882812500000000e+03 7.031899287564299811e+03
1.212923213964328170e+03 7.033953125000000000e+03 7.031454310790873933e+03
1.212943648148793727e+03 7.028674316406250000e+03 7.031015809197362614e+03
1.212964082332793623e+03 7.033996093750000000e+03 7.030583907874450233e+03
1.212984516516327858e+03 7.040291503906250000e+03 7.030158731892381184e+03
1.213004950699396431e+03 7.031746582031250000e+03 7.029740406321385308e+03
1.213025384882930666e+03 7.029225585937500000e+03 7.029329056213086915e+03
1.213045819065999240e+03 7.032461914062500000e+03 7.028924806656916189e+03
1.213066253248602152e+03 7.028637695312500000e+03 7.028527782723068412e+03
1.213086687530856580e+03 7.014984863281250000e+03 7.028138107590728396e+03
1.213107121612876654e+03 7.027656738281250000e+03 7.027755911994406233e+03
1.213127555795013905e+03 7.017710937500000000e+03 7.027381315331791484e+03
1.213147990076337010e+03 7.016864257812500000e+03 7.027014442802736085e+03
1.213168424157891423e+03 7.018411132812500000e+03 7.026655424787602897e+03
1.213188858338631690e+03 7.017510253906250000e+03 7.026304381046258641e+03
1.213209292619489133e+03 7.014708007812500000e+03 7.025961436750960274e+03
1.213229726700112224e+03 7.019319335937500000e+03 7.025626721952934531e+03
1.213250160880386829e+03 7.017250000000000000e+03 7.025300356749572529e+03
1.213270595160778612e+03 7.019975097656250000e+03 7.024982466327455768e+03
1.213291029240470380e+03 7.017867675781250000e+03 7.024673180373745708e+03
1.213311463519930840e+03 7.021884765625000000e+03 7.024372617897877717e+03
1.213331897699274123e+03 7.019853515625000000e+03 7.024080908445549539e+03
1.213352331778500229e+03 7.024073242187500000e+03 7.023798176956353018e+03
1.213372766057029366e+03 7.039891601562500000e+03 7.023524544424006308e+03
1.213393200235906988e+03 7.018230468750000000e+03 7.023260139989255549e+03
1.213413634413853288e+03 7.016094726562500000e+03 7.023005087377402560e+03
1.213434068591799587e+03 7.015983398437500000e+03 7.022759511646773717e+03
1.213454502769745886e+03 7.016833496093750000e+03 7.022523537867958112e+03
1.213474936947226524e+03 7.003816894531250000e+03 7.022297291116590714e+03
1.213495371124707162e+03 7.017767578125000000e+03 7.022080896457762719e+03
1.213515805301256478e+03 7.008207031250000000e+03 7.021874478971235476e+03
1.213536239578388631e+03 7.018571289062500000e+03 7.021678162776230238e+03
1.213556673754472286e+03 7.020850585937500000e+03 7.021492074880585278e+03
1.213577107830904424e+03 7.022362792968750000e+03 7.021316340190549454e+03
1.213597542106639594e+03 7.017944824218750000e+03 7.021151081281978804e+03
1.213617976282723248e+03 7.023826171875000000e+03 7.020996425720126354e+03
1.213638410357758403e+03 7.020845214843750000e+03 7.020852498428984291e+03
1.213658844633027911e+03 7.014143066406250000e+03 7.020719422435727211e+03
1.213679278808180243e+03 7.025634277343750000e+03 7.020597324846963602e+03
1.213699712982401252e+03 7.014168945312500000e+03 7.020486330059348802e+03
1.213720147157087922e+03 7.015153808593750000e+03 7.020386563135438337e+03
1.213740581231191754e+03 7.019975097656250000e+03 7.020298149555474083e+03
1.213761015505064279e+03 7.019198730468750000e+03 7.020221213173686920e+03
1.213781449678353965e+03 7.020041503906250000e+03 7.020155880275306117e+03
1.213801883751992136e+03 7.019404296875000000e+03 7.020102275756401468e+03
1.213822318024933338e+03 7.021772949218750000e+03 7.020060523989628564e+03
1.213842752198223025e+03 7.022326171875000000e+03 7.020030750743333556e+03
1.213863186270464212e+03 7.019068359375000000e+03 7.020013080912658552e+03
1.213883620542939752e+03 7.015811035156250000e+03 7.020007639396295417e+03
1.213904054714832455e+03 7.012515136718750000e+03 7.020014551434589521e+03
1.213924488986842334e+03 7.024510253906250000e+03 7.020033942166815905e+03
1.213944923058152199e+03 7.015706054687500000e+03 7.020065936285242060e+03
1.213965357229579240e+03 7.015769042968750000e+03 7.020110659237974687e+03
1.213985791500657797e+03 7.021167480468750000e+03 7.020168236282032012e+03
1.214006225571502000e+03 7.025321289062500000e+03 7.020238791547380060e+03
1.214026659741997719e+03 7.022999511718750000e+03 7.020322451043792171e+03
1.214047094012144953e+03 7.029616699218750000e+03 7.020419340034350171e+03
1.214067528182175010e+03 7.027983886718750000e+03 7.020529582642349851e+03
1.214087962252087891e+03 7.034824707031250000e+03 7.020653303741033596e+03
1.214108396521303803e+03 7.023294921875000000e+03 7.020790630312472786e+03
1.214149264859501272e+03 7.036132812500000000e+03 7.021106382704113457e+03
1.214169699028134346e+03 7.025255371093750000e+03 7.021284535819679149e+03
1.214190133196767420e+03 7.033838867187500000e+03 7.021475915982886363e+03
1.214210567364469171e+03 7.028118164062500000e+03 7.021680303667744738e+03
1.214231001532636583e+03 7.026337890625000000e+03 7.021897479371416011e+03
1.214251435700338334e+03 7.019281250000000000e+03 7.022127223567644251e+03
1.214271869967691600e+03 7.021741699218750000e+03 7.022369317955251972e+03
1.214292304034810513e+03 7.016842285156250000e+03 7.022623539374909342e+03
1.214312738201580942e+03 7.026619628906250000e+03 7.022889671952165372e+03
1.214333172368351370e+03 7.035373046875000000e+03 7.023167494960322074e+03
1.214353606534656137e+03 7.028707519531250000e+03 7.023456788876338578e+03
1.214374040800612420e+03 7.022076171875000000e+03 7.023757335682849771e+03
1.214394474866334349e+03 7.028265136718750000e+03 7.024068911370852220e+03
1.214414909032173455e+03 7.026414550781250000e+03 7.024391300923228300e+03
1.214435343297198415e+03 7.022403320312500000e+03 7.024724284965584957e+03
1.214455777362454683e+03 7.032922363281250000e+03 7.025067639032928128e+03
1.214476211527362466e+03 7.033658203125000000e+03 7.025421148564460964e+03
1.214496645791456103e+03 7.030914550781250000e+03 7.025784594182472574e+03
1.214517079856246710e+03 7.028665527343750000e+03 7.026157750989822489e+03
1.214537514019757509e+03 7.019384277343750000e+03 7.026540404841440250e+03
1.214557948283851147e+03 7.029150878906250000e+03 7.026932336393278092e+03
1.214578382347244769e+03 7.024319335937500000e+03 7.027333320283378271e+03
1.214598816610407084e+03 7.021150390625000000e+03 7.027743144851998295e+03
1.214619250773452222e+03 7.028729980468750000e+03 7.028161584632600352e+03
1.214639684936031699e+03 7.022704589843750000e+03 7.028588422085611455e+03
1.214660119098611176e+03 7.026794433593750000e+03 7.029023437704288881e+03
1.214680553260724992e+03 7.024943847656250000e+03 7.029466411962256643e+03
1.214700987422838807e+03 7.025821777343750000e+03 7.029917125353162191e+03
1.214721421684138477e+03 7.024146484375000000e+03 7.030375360602956789e+03
1.214741855745669454e+03 7.030813964843750000e+03 7.030840891437027494e+03
1.214762289906851947e+03 7.030608398437500000e+03 7.031313505107534183e+03
1.214782724167685956e+03 7.031381835937500000e+03 7.031792982200320694e+03
1.214803158228285611e+03 7.034417968750000000e+03 7.032279096113038577e+03
1.214823592488653958e+03 7.023265625000000000e+03 7.032771636843738634e+03
1.214844026648439467e+03 7.033369628906250000e+03 7.033270377682958497e+03
1.214864460708573461e+03 7.037098144531250000e+03 7.033775099047768890e+03
1.214884894968010485e+03 7.038477539062500000e+03 7.034285588848941188e+03
1.214905329127330333e+03 7.045034179687500000e+03 7.034801620131685922e+03
1.214925763186533004e+03 7.040778808593750000e+03 7.035322973300042577e+03
1.214946197445038706e+03 7.039520996093750000e+03 7.035849436515027264e+03
1.214966631603427231e+03 7.040183105468750000e+03 7.036380782583020846e+03
1.214987065661698580e+03 7.033333984375000000e+03 7.036916791917778028e+03
1.215007499919738621e+03 7.030936523437500000e+03 7.037457252902668188e+03
1.215027934077661484e+03 7.037238281250000000e+03 7.038001938122029060e+03
1.215068802392110229e+03 7.055597167968750000e+03 7.039103111073893160e+03
1.215089236549101770e+03 7.042728515625000000e+03 7.039659159786559940e+03
1.215109670705627650e+03 7.044839843750000000e+03 7.040218557293742379e+03
1.215130104862153530e+03 7.044513183593750000e+03 7.040781084092075616e+03
1.215150539018213749e+03 7.039456054687500000e+03 7.041346520652648906e+03
1.215170973174273968e+03 7.040362792968750000e+03 7.041914647472275647e+03
1.215191407329868525e+03 7.041264648437500000e+03 7.042485245021940500e+03
1.215211841484997422e+03 7.038541503906250000e+03 7.043058093785521123e+03
1.215232275640126318e+03 7.052045898437500000e+03 7.043632974260046467e+03
1.215252709794789553e+03 7.035715332031250000e+03 7.044209666916405695e+03
1.215273144049569964e+03 7.047565429687500000e+03 7.044787955088598210e+03
1.215293578203767538e+03 7.047260253906250000e+03 7.045367613579948738e+03
1.215314012257847935e+03 7.038825683593750000e+03 7.045948422869133537e+03
1.215334446511697024e+03 7.040119140625000000e+03 7.046530171971440723e+03
1.215354880664963275e+03 7.040370117187500000e+03 7.047112632826434492e+03
1.215395748971495777e+03 7.049635742187500000e+03 7.048278820315151279e+03
1.215416183124296367e+03 7.049979003906250000e+03 7.048862107903806645e+03
1.215436617376748472e+03 7.053611816406250000e+03 7.049445234885988611e+03
1.215457051428500563e+03 7.052741210937500000e+03 7.050027973177082458e+03
1.215477485580835491e+03 7.053373046875000000e+03 7.050610111856569347e+03
1.215497919832356274e+03 7.048255859375000000e+03 7.051191431358363843e+03
1.215518353883642703e+03 7.050425781250000000e+03 7.051771706880123929e+03
1.215538788034580648e+03 7.053875976562500000e+03 7.052350822991216774e+03
1.215559222285635769e+03 7.048476074218750000e+03 7.052928759463015012e+03
1.215579656336456537e+03 7.050288574218750000e+03 7.053505493097425642e+03
1.215600090486463159e+03 7.050512695312500000e+03 7.054081017642156439e+03
1.215620524737052619e+03 7.051091796875000000e+03 7.054655318406588776e+03
1.215640958786476403e+03 7.042373046875000000e+03 7.055228372207169741e+03
1.215661393036134541e+03 7.056211914062500000e+03 7.055800175588692582e+03
1.215681827185209841e+03 7.053830566406250000e+03 7.056370705412199641e+03
1.215702261234167963e+03 7.063282714843750000e+03 7.056939946997435982e+03
1.215722695482894778e+03 7.052293945312500000e+03 7.057507893976910964e+03
1.215743129531387240e+03 7.057406738281250000e+03 7.058074520521044178e+03
1.215763563679996878e+03 7.061439453125000000e+03 7.058639820256057646e+03
1.215783997927792370e+03 7.064961425781250000e+03 7.059203778424541269e+03
1.215804432075470686e+03 7.066433593750000000e+03 7.059766374813942093e+03
1.215824866123031825e+03 7.067969726562500000e+03 7.060327594732260877e+03
1.215845300370361656e+03 7.061243652343750000e+03 7.060887431693645340e+03
1.215865734517108649e+03 7.061154785156250000e+03 7.061445862747132196e+03
1.215886168663389981e+03 7.057596191406250000e+03 7.062002875927067180e+03
1.215906602810136974e+03 7.062471191406250000e+03 7.062558456546748857e+03
1.215927036955952644e+03 7.057473144531250000e+03 7.063112589856165869e+03
1.215947471201885492e+03 7.065007324218750000e+03 7.063665263872805554e+03
1.215967905247583985e+03 7.071764160156250000e+03 7.064216455771957044e+03
1.215988339392933995e+03 7.065362792968750000e+03 7.064766158941658432e+03
1.216008773637935519e+03 7.070136718750000000e+03 7.065314358647907284e+03
1.216029207682702690e+03 7.067133300781250000e+03 7.065861032144628552e+03
1.216049641827121377e+03 7.067851562500000000e+03 7.066406172753879218e+03
1.216070076071191579e+03 7.067661132812500000e+03 7.066949765741008378e+03
1.216090510115027428e+03 7.064150878906250000e+03 7.067491788427880238e+03
1.216110944359097630e+03 7.065198730468750000e+03 7.068032236724942777e+03
1.216131378502584994e+03 7.077213867187500000e+03 7.068571087952466769e+03
1.216151812545955181e+03 7.073905761718750000e+03 7.069108327434255443e+03
1.216172246788628399e+03 7.071057128906250000e+03 7.069643948318620460e+03
1.216192680931184441e+03 7.069956542968750000e+03 7.070177928033252101e+03
1.216213114973623306e+03 7.072897460937500000e+03 7.070710251890269319e+03
1.216233549215830863e+03 7.078997558593750000e+03 7.071240912977708831e+03
1.216253983357455581e+03 7.072020507812500000e+03 7.071769888771432306e+03
1.216274417499545962e+03 7.065875000000000000e+03 7.072297167187537525e+03
1.216294851640705019e+03 7.068841796875000000e+03 7.072822733477965812e+03
1.216315285781398416e+03 7.072303222656250000e+03 7.073346572942797138e+03
1.216335720022208989e+03 7.070420898437500000e+03 7.073868673435693381e+03
1.216356154063250870e+03 7.065540039062500000e+03 7.074389012595232089e+03
1.216397022343240678e+03 7.080141601562500000e+03 7.075424368401263564e+03
1.216417456483002752e+03 7.099325683593750000e+03 7.075939353093730460e+03
1.216437890622299165e+03 7.077082519531250000e+03 7.076452522688681711e+03
1.216458324761595577e+03 7.074694335937500000e+03 7.076963862485808022e+03
1.216478758900426328e+03 7.080455566406250000e+03 7.077473357761452462e+03
1.216499193039257079e+03 7.070621093750000000e+03 7.077980993815228430e+03
1.216519627277739346e+03 7.076889648437500000e+03 7.078486758396933510e+03
1.216540061315521598e+03 7.075035156250000000e+03 7.078990629374527998e+03
1.216560495553538203e+03 7.071877441406250000e+03 7.079492601922316680e+03
1.216580929690971971e+03 7.074538085937500000e+03 7.079992653924630758e+03
1.216601363728754222e+03 7.076971191406250000e+03 7.080490770720494766e+03
1.216621797965373844e+03 7.078997070312500000e+03 7.080986944859916548e+03
1.216642232102341950e+03 7.076712402343750000e+03 7.081481154368856551e+03
1.216662666138727218e+03 7.082424804687500000e+03 7.081973384541680389e+03
1.216683100374881178e+03 7.080935058593750000e+03 7.082463627886954782e+03
1.216703534511383623e+03 7.084677246093750000e+03 7.082951862494473971e+03
1.216723968546837568e+03 7.084481445312500000e+03 7.083438073648465434e+03
1.216744402782060206e+03 7.084839843750000000e+03 7.083922253779860512e+03
1.216764836917631328e+03 7.077669921875000000e+03 7.084404381066968199e+03
1.216785271152388304e+03 7.089279296875000000e+03 7.084884445489064092e+03
1.216805705186910927e+03 7.087683593750000000e+03 7.085362425315153814e+03
1.216826139321550727e+03 7.082678710937500000e+03 7.085838312874139774e+03
1.216846573555376381e+03 7.082053710937500000e+03 7.086312093401524180e+03
1.216867007589433342e+03 7.084723632812500000e+03 7.086783745269449355e+03
1.216887441722676158e+03 7.093894042968750000e+03 7.087253260681956817e+03
1.216907875956501812e+03 7.090706542968750000e+03 7.087720622569756415e+03
1.216928310089278966e+03 7.093761230468750000e+03 7.088185694977277308e+03
1.216948744122404605e+03 7.091977539062500000e+03 7.088648183589336440e+03
1.216969178354833275e+03 7.090317871093750000e+03 7.089107788270177480e+03
1.216989612487144768e+03 7.090280761718750000e+03 7.089564195381809441e+03
1.217010046618990600e+03 7.088290527343750000e+03 7.090017100291438510e+03
1.217030480750370771e+03 7.092723144531250000e+03 7.090466196117668005e+03
1.217050914882216603e+03 7.092498535156250000e+03 7.090911175999315674e+03
1.217071349013131112e+03 7.081621582031250000e+03 7.091351733024489477e+03
1.217091783144045621e+03 7.090852539062500000e+03 7.091787560331953500e+03
1.217112217174377292e+03 7.091669433593750000e+03 7.092218348932520712e+03
1.217132651404943317e+03 7.099943359375000000e+03 7.092643798248062012e+03
1.217153085534926504e+03 7.091647949218750000e+03 7.093063595094019547e+03
1.217173519564792514e+03 7.094209960937500000e+03 7.093477432683897860e+03
1.217193953794427216e+03 7.091793457031250000e+03 7.093885010164462074e+03
1.217214387923944741e+03 7.087070800781250000e+03 7.094286014626117321e+03
1.217234822152648121e+03 7.081940429687500000e+03 7.094680143095715721e+03
1.217255256181582808e+03 7.095279785156250000e+03 7.095067082977884638e+03
1.217275690310169011e+03 7.097761230468750000e+03 7.095446533114511112e+03
1.217296124538406730e+03 7.091935546875000000e+03 7.095818186512244210e+03
1.217316558565944433e+03 7.093975097656250000e+03 7.096181730886230071e+03
1.217336992694064975e+03 7.098505859375000000e+03 7.096536864775477625e+03
1.217357426921371371e+03 7.100115722656250000e+03 7.096883281148640890e+03
1.217377860948443413e+03 7.100852539062500000e+03 7.097220668114453474e+03
1.217398295075166970e+03 7.093097167968750000e+03 7.097548723810314186e+03
1.217418729302007705e+03 7.098609863281250000e+03 7.097867141223159706e+03
1.217439163428265601e+03 7.093336914062500000e+03 7.098175610343247172e+03
1.217459597554523498e+03 7.106383300781250000e+03 7.098473825880488221e+03
1.217480031680315733e+03 7.102160644531250000e+03 7.098761480947055134e+03
1.217500465805642307e+03 7.100797363281250000e+03 7.099038268662303381e+03
1.217520899930968881e+03 7.104465332031250000e+03 7.099303882151554717e+03
1.217541334055829793e+03 7.100255371093750000e+03 7.099558014527796331e+03
1.217561768180690706e+03 7.107070800781250000e+03 7.099800358915873403e+03
1.217582202405203134e+03 7.099704589843750000e+03 7.100030609527326305e+03
1.217602636429015547e+03 7.103164062500000000e+03 7.100248456187739066e+03
1.217623070552945137e+03 7.105337402343750000e+03 7.100453595315144412e+03
1.217643504776526242e+03 7.107567382812500000e+03 7.100645719834968986e+03
1.217663938799872994e+03 7.103307617187500000e+03 7.100824520143984046e+03
1.217684373023454100e+03 7.098953125000000000e+03 7.100989692863067830e+03
1.217725241168867797e+03 7.093009765625000000e+03 7.101277920618475946e+03
1.217745675391051918e+03 7.106354003906250000e+03 7.101400364008773977e+03
1.217766109413001686e+03 7.106427246093750000e+03 7.101507949474304041e+03
1.217786543534602970e+03 7.107942382812500000e+03 7.101600371823215028e+03
1.217806977755855769e+03 7.109195312500000000e+03 7.101677323950230857e+03
1.217827411777339876e+03 7.102253417968750000e+03 7.101738497961801841e+03
1.217847845898009837e+03 7.103870605468750000e+03 7.101783587988998988e+03
1.217868280118796974e+03 7.107765136718750000e+03 7.101812286915155710e+03
1.217888714139349759e+03 7.108282226562500000e+03 7.101824287559265940e+03
1.217909148359671235e+03 7.103779785156250000e+03 7.101819283273676774e+03
1.217929582479409873e+03 7.103279296875000000e+03 7.101796967126270829e+03
1.217950016598682851e+03 7.109168945312500000e+03 7.101757032254521619e+03
1.217970450717955828e+03 7.103308593750000000e+03 7.101699171777045194e+03
1.217990884837228805e+03 7.102512207031250000e+03 7.101623078812748645e+03
1.218011318956036121e+03 7.093556152343750000e+03 7.101528446482926483e+03
1.218052187192719430e+03 7.103010742187500000e+03 7.101282336204366402e+03
1.218072621310595423e+03 7.093088867187500000e+03 7.101130244495293482e+03
1.218093055428005755e+03 7.097462402343750000e+03 7.100958385900894427e+03
1.218113489545881748e+03 7.094853515625000000e+03 7.100766453532323794e+03
1.218133923762943596e+03 7.103996582031250000e+03 7.100554139431738804e+03
1.218154357879888266e+03 7.095186035156250000e+03 7.100321138789079669e+03
1.218174791896250099e+03 7.102271484375000000e+03 7.100067145035732210e+03
1.218195226112846285e+03 7.099896972656250000e+03 7.099791847396515550e+03
1.218215660228859633e+03 7.096023437500000000e+03 7.099494942886637546e+03
1.218236094244755805e+03 7.098684570312500000e+03 7.099176124938995599e+03
1.218256528459955007e+03 7.099118164062500000e+03 7.098835081839970371e+03
1.218276962575502694e+03 7.097677246093750000e+03 7.098471511534832644e+03
1.218297396790236235e+03 7.101426269531250000e+03 7.098085106733902649e+03
1.218317830804735422e+03 7.097094238281250000e+03 7.097675873297162980e+03
1.218338264919351786e+03 7.100052734375000000e+03 7.097244358768046368e+03
1.218358699133619666e+03 7.098553222656250000e+03 7.096791174975294780e+03
1.218379133147187531e+03 7.097818359375000000e+03 7.096316940878810783e+03
1.218399567260872573e+03 7.092841308593750000e+03 7.095822261792227437e+03
1.218420001374557614e+03 7.093388183593750000e+03 7.095307752129048822e+03
1.218440435487311333e+03 7.100023925781250000e+03 7.094774024055088375e+03
1.218460869500413537e+03 7.099268554687500000e+03 7.094221692426272966e+03
1.218481303712818772e+03 7.092706054687500000e+03 7.093651361169712800e+03
1.218501737825106829e+03 7.093937988281250000e+03 7.093063650653833065e+03
1.218522171936929226e+03 7.094048339843750000e+03 7.092459170282780178e+03
1.218542606048751622e+03 7.089026367187500000e+03 7.091838532184245196e+03
1.218563040160108358e+03 7.089848144531250000e+03 7.091202348513790639e+03
1.218583474371116608e+03 7.082158691406250000e+03 7.090551228187565357e+03
1.218603908381890506e+03 7.093275390625000000e+03 7.089885793009276313e+03
1.218624342492781579e+03 7.085683593750000000e+03 7.089206645442509398e+03
1.218644776702858508e+03 7.079314941406250000e+03 7.088514397462904526e+03
1.218665210813283920e+03 7.086692382812500000e+03 7.087809667950166840e+03
1.218685644823126495e+03 7.082153320312500000e+03 7.087093069256156014e+03
1.218706079032737762e+03 7.078044433593750000e+03 7.086365202905128172e+03
1.218726513141766191e+03 7.086206054687500000e+03 7.085626691655774266e+03
1.218746947150677443e+03 7.079877929687500000e+03 7.084878147784289467e+03
1.218767381359357387e+03 7.079370605468750000e+03 7.084120172375378388e+03
1.218787815467920154e+03 7.079293945312500000e+03 7.083353388626003834e+03
1.218808249676134437e+03 7.076508300781250000e+03 7.082578401187281997e+03
1.218828683684114367e+03 7.084067871093750000e+03 7.081795833630776542e+03
1.218849117791745812e+03 7.077142578125000000e+03 7.081006286666726737e+03
1.218869551999028772e+03 7.080334472656250000e+03 7.080210372338067828e+03
1.218889986006077379e+03 7.076352050781250000e+03 7.079408714509845595e+03
1.218910420112777501e+03 7.074765136718750000e+03 7.078601913598482497e+03
1.218930854319129139e+03 7.068553222656250000e+03 7.077790581673700217e+03
1.218951288325712085e+03 7.078997558593750000e+03 7.076975342794547032e+03
1.218971722431480885e+03 7.068672851562500000e+03 7.076156797201658264e+03
1.218992156637366861e+03 7.074644531250000000e+03 7.075335556954260937e+03
1.219012590642552823e+03 7.082642578125000000e+03 7.074512246299234903e+03
1.219033024847973138e+03 7.073326171875000000e+03 7.073687461226827509e+03
1.219053458852693439e+03 7.069291503906250000e+03 7.072861830056270264e+03
1.219073892957530916e+03 7.076595214843750000e+03 7.072035952778190222e+03
1.219094327161554247e+03 7.077850585937500000e+03 7.071210441571397496e+03
1.219114761165808886e+03 7.083263671875000000e+03 7.070385920647691819e+03
1.219135195269715041e+03 7.074271972656250000e+03 7.069562990056806484e+03
1.219155629472807050e+03 7.066445800781250000e+03 7.068742261985400546e+03
1.219176063576247543e+03 7.059305664062500000e+03 7.067924356562217326e+03
1.219196497579105198e+03 7.066451171875000000e+03 7.067109885918711370e+03
1.219216931782197207e+03 7.064655273437500000e+03 7.066299450232930212e+03
1.219237365884240717e+03 7.062399414062500000e+03 7.065493673624956500e+03
1.219257799986749887e+03 7.060957031250000000e+03 7.064693164198461091e+03
1.219278234088327736e+03 7.071109375000000000e+03 7.063898534147992905e+03
1.219298668189905584e+03 7.066229492187500000e+03 7.063110395576912197e+03
1.219319102391600609e+03 7.068532714843750000e+03 7.062329356816895597e+03
1.219339536392595619e+03 7.060303710937500000e+03 7.061556041450317935e+03
1.219359970493242145e+03 7.058796875000000000e+03 7.060791050191685827e+03
1.219380404693540186e+03 7.065305175781250000e+03 7.060034995307201825e+03
1.219400838693603873e+03 7.058417968750000000e+03 7.059288499963331560e+03
1.219421272793784738e+03 7.052150390625000000e+03 7.058552165255772707e+03
1.219441706993617117e+03 7.060823242187500000e+03 7.057826603494670053e+03
1.219462140993215144e+03 7.056737304687500000e+03 7.057112437385383600e+03
1.219482575192116201e+03 7.053908203125000000e+03 7.056410265107097075e+03
1.219503009290900081e+03 7.056198242187500000e+03 7.055720709177267963e+03
1.219523443289566785e+03 7.055044433593750000e+03 7.055044381545729266e+03
1.219543877488002181e+03 7.055385253906250000e+03 7.054381884526246722e+03
1.219564311585854739e+03 7.056602539062500000e+03 7.053733840098417204e+03
1.219584745583590120e+03 7.056527343750000000e+03 7.053100860169735824e+03
1.219605179781094193e+03 7.056250000000000000e+03 7.052483547703484874e+03
1.219625613878481090e+03 7.045658691406250000e+03 7.051882524014896262e+03
1.219646047975402325e+03 7.046582519531250000e+03 7.051298398193266621e+03
1.219666482071857899e+03 7.048019531250000000e+03 7.050731782376968113e+03
1.219686916168313473e+03 7.049524414062500000e+03 7.050183287886922699e+03
1.219707350264303386e+03 7.055723632812500000e+03 7.049653309734378126e+03
1.219727784360293299e+03 7.052862792968750000e+03 7.049141735612591219e+03
1.219748218455351889e+03 7.056437988281250000e+03 7.048648380623979392e+03
1.219768652550876141e+03 7.056882812500000000e+03 7.048173059814553199e+03
1.219789086645934731e+03 7.055493652343750000e+03 7.047715588286334423e+03
1.219809520740993321e+03 7.057122070312500000e+03 7.047275781108661249e+03
1.219829954935237765e+03 7.038834472656250000e+03 7.046853451354068966e+03
1.219850388929247856e+03 7.039700683593750000e+03 7.046448420162552793e+03
1.219870823023375124e+03 7.053123046875000000e+03 7.046060496534459162e+03
1.219891257216688246e+03 7.050787109375000000e+03 7.045689495816835915e+03
1.219911691210232675e+03 7.047272460937500000e+03 7.045335238393812688e+03
1.219932125403545797e+03 7.050726074218750000e+03 7.044997532417952243e+03
1.219952559495810419e+03 7.048674316406250000e+03 7.044676198060664319e+03
1.219972993488423526e+03 7.045457519531250000e+03 7.044371050140594889e+03
1.219993427680805326e+03 7.042250976562500000e+03 7.044081899384883400e+03
1.220013861772604287e+03 7.042089355468750000e+03 7.043808565240098687e+03
1.220034295764286071e+03 7.047572265625000000e+03 7.043550862548824625e+03
1.220054729955736548e+03 7.038100585937500000e+03 7.043308602722954674e+03
1.220075164047069848e+03 7.037167968750000000e+03 7.043081604510818579e+03
1.220095598037820309e+03 7.042290527343750000e+03 7.042869682774598004e+03
1.220116032228339463e+03 7.041245117187500000e+03 7.042672649588679633e+03
1.220136466318741441e+03 7.042302246093750000e+03 7.042490323033631284e+03
1.220156900508794934e+03 7.045059082031250000e+03 7.042322516405018177e+03
1.220177334498614073e+03 7.050172851562500000e+03 7.042169047139715985e+03
1.220197768588084728e+03 7.039230468750000000e+03 7.042029727960556556e+03
1.220218202777206898e+03 7.035682617187500000e+03 7.041904374153738900e+03
1.220238636766094714e+03 7.038184082031250000e+03 7.041792802537235730e+03
1.220259070854634047e+03 7.034497070312500000e+03 7.041694826452881898e+03
1.220279505043290555e+03 7.050929199218750000e+03 7.041610261177007487e+03
1.220299939131364226e+03 7.039771972656250000e+03 7.041538922619534787e+03
1.220320373119320720e+03 7.044027343750000000e+03 7.041480625665892148e+03
1.220340807306580245e+03 7.038344238281250000e+03 7.041435184636475242e+03
1.220361241394188255e+03 7.047566406250000000e+03 7.041402415370253948e+03
1.220381675480864942e+03 7.044824218750000000e+03 7.041382132695644032e+03
1.220402109567541629e+03 7.041883789062500000e+03 7.041374151691458792e+03
1.220422543654218316e+03 7.041722656250000000e+03 7.041378287438294137e+03
1.220442977740429342e+03 7.041316894531250000e+03 7.041394355016243935e+03
1.220463411826174706e+03 7.036007812500000000e+03 7.041422169505107377e+03
1.220483845811337233e+03 7.042887207031250000e+03 7.041461545763764661e+03
1.220504279997199774e+03 7.040054687500000000e+03 7.041512299537474973e+03
1.220524714082013816e+03 7.044785644531250000e+03 7.041574245240177333e+03
1.220545148066710681e+03 7.034869140625000000e+03 7.041647197791420695e+03
1.220565582251176238e+03 7.035974609375000000e+03 7.041730973422112584e+03
1.220586016335524619e+03 7.045983886718750000e+03 7.041825386062160760e+03
1.220606450519524515e+03 7.041026855468750000e+03 7.041930251712905374e+03
1.220626884502824396e+03 7.038887207031250000e+03 7.042045383837032205e+03
1.220647318586241454e+03 7.029296386718750000e+03 7.042170599134774420e+03
1.220667752769310027e+03 7.035856445312500000e+03 7.042305712830466291e+03
1.220688186752144247e+03 7.038517578125000000e+03 7.042450537949746831e+03
1.220708620835095644e+03 7.033103515625000000e+03 7.042604891631108330e+03
1.220729055017232895e+03 7.035187500000000000e+03 7.042768589086270367e+03
1.220749488999135792e+03 7.037683593750000000e+03 7.042941442928903598e+03
1.220769923080690205e+03 7.038432128906250000e+03 7.043123270709357712e+03
1.220790357262361795e+03 7.047966308593750000e+03 7.043313887642731970e+03
1.220810791343450546e+03 7.046179199218750000e+03 7.043513106936516124e+03
1.220831225424539298e+03 7.036445312500000000e+03 7.043720744588248635e+03
1.220851659505162388e+03 7.040371582031250000e+03 7.043936615673669621e+03
1.220872093585319817e+03 7.050055664062500000e+03 7.044160535272980269e+03
1.220892527665477246e+03 7.045716308593750000e+03 7.044392318471780527e+03
1.220912961745169014e+03 7.039947265625000000e+03 7.044631780345301195e+03
1.220933395824860781e+03 7.038331054687500000e+03 7.044878735979518751e+03
1.220953829903621227e+03 7.052987304687500000e+03 7.045133000443466699e+03
1.220974263982847333e+03 7.044152343750000000e+03 7.045394388835078644e+03
1.220994698061142117e+03 7.044844726562500000e+03 7.045662716217058914e+03
1.221035566217731684e+03 7.049026367187500000e+03 7.046219448310665939e+03
1.221056000395677984e+03 7.054069335937500000e+03 7.046507484603876037e+03
1.221076434373389930e+03 7.046971679687500000e+03 7.046801717312999244e+03
1.221096868450753391e+03 7.050275878906250000e+03 7.047101869868962240e+03
1.221117302627302706e+03 7.047151855468750000e+03 7.047407369196293075e+03
1.221137736604083329e+03 7.050271484375000000e+03 7.047717582124721957e+03
1.221158170680515468e+03 7.050260253906250000e+03 7.048031884502323010e+03
1.221178604856599122e+03 7.055518554687500000e+03 7.048349647719947825e+03
1.221199038832448423e+03 7.049201660156250000e+03 7.048670238427418553e+03
1.221219472907949239e+03 7.050735351562500000e+03 7.048993032646025313e+03
1.221239907083567232e+03 7.052131347656250000e+03 7.049317401746518954e+03
1.221260341058485210e+03 7.044989257812500000e+03 7.049642712280994601e+03
1.221280775233171880e+03 7.048232910156250000e+03 7.049968341956561744e+03
1.221301209307741374e+03 7.055522460937500000e+03 7.050293657330963470e+03
1.221321643281728029e+03 7.045523925781250000e+03 7.050618029741850478e+03
1.221342077455949038e+03 7.051421875000000000e+03 7.050940835290337418e+03
1.221362511529587209e+03 7.058684570312500000e+03 7.051261440547170423e+03
1.221382945602759719e+03 7.052422363281250000e+03 7.051579218434364520e+03
1.221403379675932229e+03 7.055350585937500000e+03 7.051893540295199273e+03
1.221423813748639077e+03 7.058989746093750000e+03 7.052203777458600598e+03
1.221444247821345925e+03 7.062329101562500000e+03 7.052509301267760748e+03
1.221464681993238628e+03 7.054684082031250000e+03 7.052809484501745828e+03
1.221485115965362638e+03 7.055351074218750000e+03 7.053103694147399437e+03
1.221505550136789680e+03 7.066358398437500000e+03 7.053391307282767229e+03
1.221525984208099544e+03 7.054011718750000000e+03 7.053671690979994310e+03
1.221546418179292232e+03 7.052696289062500000e+03 7.053944216686057189e+03
1.221566852350253612e+03 7.052320800781250000e+03 7.054208259676091984e+03
1.221587286420632154e+03 7.059307617187500000e+03 7.054463187341922094e+03
1.221607720391359180e+03 7.051494628906250000e+03 7.054708371169921520e+03
1.221628154560923576e+03 7.057261230468750000e+03 7.054943186003834853e+03
1.221648588630836457e+03 7.058437500000000000e+03 7.055166999672835118e+03
1.221669022600166500e+03 7.050873046875000000e+03 7.055379183669306258e+03
1.221689456769265234e+03 7.047553222656250000e+03 7.055579112360621366e+03
1.221709890838246793e+03 7.052964843750000000e+03 7.055766154057806489e+03
1.221730324806645513e+03 7.047781738281250000e+03 7.055939680287426199e+03
1.221750758975278586e+03 7.065885253906250000e+03 7.056099064838460436e+03
1.221771193043328822e+03 7.049861816406250000e+03 7.056243676595964644e+03
1.221791627110913396e+03 7.053319824218750000e+03 7.056372887713452656e+03
1.221812061178497970e+03 7.050802246093750000e+03 7.056486069530849818e+03
1.221832495245616883e+03 7.051191406250000000e+03 7.056582593382607229e+03
1.221852929312270135e+03 7.063230957031250000e+03 7.056661830606394687e+03
1.221873363379389048e+03 7.059474609375000000e+03 7.056723152542333082e+03
1.221893797445576638e+03 7.055900390625000000e+03 7.056765930523404677e+03
1.221914231511298567e+03 7.052110351562500000e+03 7.056789535889089166e+03
1.221934665577486157e+03 7.055108398437500000e+03 7.056793339977062715e+03
1.221955099642742425e+03 7.052024902343750000e+03 7.056776714124391219e+03
1.221975533707998693e+03 7.055230957031250000e+03 7.056739029668375224e+03
1.221995967772789299e+03 7.064964843750000000e+03 7.056679657947296619e+03
1.222016401937697083e+03 7.060308105468750000e+03 7.056597969841326631e+03
1.222036836002022028e+03 7.061692871093750000e+03 7.056493337487731878e+03
1.222057269966229796e+03 7.050019042968750000e+03 7.056365132563540101e+03
1.222077704130206257e+03 7.053910156250000000e+03 7.056212724348499250e+03
1.222098138193134218e+03 7.053697753906250000e+03 7.056035486246182700e+03
1.222118572156876326e+03 7.056841796875000000e+03 7.055832789946852245e+03
1.222139006319921464e+03 7.056397949218750000e+03 7.055604003636302878e+03
1.222159440382383764e+03 7.049500488281250000e+03 7.055348501818456498e+03
1.222179874344728887e+03 7.054246093750000000e+03 7.055065656222637699e+03
1.222200308506842703e+03 7.050787109375000000e+03 7.054754833831698306e+03
1.222220742568839341e+03 7.051424316406250000e+03 7.054415410337973299e+03
1.222241176730487496e+03 7.051765136718750000e+03 7.054046753754473684e+03
1.222261610691435635e+03 7.059027832031250000e+03 7.053648241056851475e+03
1.222282044752500951e+03 7.056177246093750000e+03 7.053219237937490107e+03
1.222302478913217783e+03 7.046645507812500000e+03 7.052759115291539274e+03
1.222322912873700261e+03 7.046821777343750000e+03 7.052267251441556255e+03
1.222343346933834255e+03 7.047070800781250000e+03 7.051743010742088700e+03
1.222363781093619764e+03 7.050719726562500000e+03 7.051185764052033846e+03
1.222384215053636581e+03 7.049832519531250000e+03 7.050594891119478234e+03
1.222404649112373590e+03 7.062883300781250000e+03 7.049969754901487249e+03
1.222425083271693438e+03 7.051220214843750000e+03 7.049309726172457886e+03
1.222445517230313271e+03 7.051599121093750000e+03 7.048614186260659153e+03
1.222465951388701797e+03 7.050001464843750000e+03 7.047882492870383430e+03
