1.059645607637707144e+03 8.206644531250000000e+03 8.203190548704867979e+03
1.059666041150689125e+03 8.206421875000000000e+03 8.203308153150701401e+03
1.059686474764253944e+03 8.215173828125000000e+03 8.203407694742421882e+03
1.059706908178050071e+03 8.210203125000000000e+03 8.203489648049795505e+03
1.059727341692429036e+03 8.198005859375000000e+03 8.203554490308109962e+03
1.059747775207273662e+03 8.199948242187500000e+03 8.203602696975764047e+03
1.059768208722118288e+03 8.201674804687500000e+03 8.203634743954895384e+03
1.059788642237428576e+03 8.202521484375000000e+03 8.203651107149520612e+03
1.059809075753204525e+03 8.211646484375000000e+03 8.203652262462430372e+03
1.059829509268980473e+03 8.204862304687500000e+03 8.203638685796957361e+03
1.059849942885804921e+03 8.200291015625000000e+03 8.203610852884874475e+03
1.059870376302395016e+03 8.205550781250000000e+03 8.203569240141976479e+03
1.059890809819567949e+03 8.197840820312500000e+03 8.203514322959246783e+03
1.059911243437323719e+03 8.201374023437500000e+03 8.203446577047716346e+03
1.059931676954962313e+03 8.208019531250000000e+03 8.203366478978297891e+03
1.059952110373415053e+03 8.203414062500000000e+03 8.203274504828617864e+03
1.059972543992102146e+03 8.198215820312500000e+03 8.203171129069240123e+03
1.059992977511137724e+03 8.199388671875000000e+03 8.203056829038399883e+03
1.060013411030638963e+03 8.194681640625000000e+03 8.202932080160515397e+03
1.060033844550140202e+03 8.194906250000000000e+03 8.202797358342206280e+03
1.060054278070572764e+03 8.191613769531250000e+03 8.202653139480837126e+03
1.060074711691122502e+03 8.194590820312500000e+03 8.202499898714380834e+03
1.060095145111903548e+03 8.203395507812500000e+03 8.202338114259706344e+03
1.060115578633267432e+03 8.203565429687500000e+03 8.202168259704038064e+03
1.060136012254748493e+03 8.195520507812500000e+03 8.201990810840134145e+03
1.060156445676460862e+03 8.201409179687500000e+03 8.201806246229751196e+03
1.060176879198756069e+03 8.201107421875000000e+03 8.201615039114956744e+03
1.060197312821634114e+03 8.207832031250000000e+03 8.201417665305511036e+03
1.060217746244743466e+03 8.194463867187500000e+03 8.201214603649545097e+03
1.060238179868087173e+03 8.200788085937500000e+03 8.201006326079250357e+03
1.060258613392245024e+03 8.191322753906250000e+03 8.200793311513509252e+03
1.060279046816285700e+03 8.197594726562500000e+03 8.200576035932319428e+03
1.060299480440560728e+03 8.198258789062500000e+03 8.200354972017410546e+03
1.060319913965649903e+03 8.206521484375000000e+03 8.200130598885687505e+03
1.060340347391087562e+03 8.203401367187500000e+03 8.199903392491629347e+03
1.060360781016293913e+03 8.200244140625000000e+03 8.199673825391919308e+03
1.060381214542780071e+03 8.197071289062500000e+03 8.199442376828279521e+03
1.060401648068800569e+03 8.200208007812500000e+03 8.199209521606870112e+03
1.060422081595752388e+03 8.205733398437500000e+03 8.198975735616366364e+03
1.060442515122704208e+03 8.199823242187500000e+03 8.198741494772017177e+03
1.060462948650121689e+03 8.206689453125000000e+03 8.198507274973142557e+03
1.060483382178004831e+03 8.195916992187500000e+03 8.198273552124464914e+03
1.060503815706353635e+03 8.195205078125000000e+03 8.198040802130752127e+03
1.060524249234702438e+03 8.205302734375000000e+03 8.197809500902101718e+03
1.060544682763982564e+03 8.199813476562500000e+03 8.197580124332873311e+03
1.060565116293262690e+03 8.196976562500000000e+03 8.197353148338464962e+03
1.060585549823008478e+03 8.200771484375000000e+03 8.197129048818633237e+03
1.060605983352754265e+03 8.198959960937500000e+03 8.196908301683437458e+03
1.060626416983082891e+03 8.194830078125000000e+03 8.196691381780165102e+03
1.060646850514225662e+03 8.202434570312500000e+03 8.196478767136788520e+03
1.060667283945251256e+03 8.207640625000000000e+03 8.196270933601479555e+03
1.060687717576976866e+03 8.202699218750000000e+03 8.196068354057148099e+03
1.060708151108585298e+03 8.192813476562500000e+03 8.195871507431062128e+03
1.060728584541007876e+03 8.199839843750000000e+03 8.195680869531919598e+03
1.060749018173664808e+03 8.194643554687500000e+03 8.195496913519640657e+03
1.060769451706670225e+03 8.195798828125000000e+03 8.195320118049572557e+03
1.060789885339792818e+03 8.193448242187500000e+03 8.195150957303647374e+03
1.060810318773612380e+03 8.200625976562500000e+03 8.194989909607829759e+03
1.060830752308014780e+03 8.200286132812500000e+03 8.194837448443757239e+03
1.060851185942068696e+03 8.200102539062500000e+03 8.194694049853260367e+03
1.060871619376819581e+03 8.200819335937500000e+03 8.194560191770899110e+03
1.060892052912153304e+03 8.199392578125000000e+03 8.194436348067069048e+03
1.060912486547604203e+03 8.190599609375000000e+03 8.194322994800884771e+03
1.060932919983752072e+03 8.188895996093750000e+03 8.194220609459924162e+03
1.060953353520017117e+03 8.190820800781250000e+03 8.194129666368169637e+03
1.060973787156865001e+03 8.181478515625000000e+03 8.194050641600970266e+03
1.060994220593944192e+03 8.196825195312500000e+03 8.193984012136152160e+03
1.061014654231257737e+03 8.188288085937500000e+03 8.193930252457801544e+03
1.061035087768919766e+03 8.193235351562500000e+03 8.193889676011860502e+03
1.061055521206930280e+03 8.190191894531250000e+03 8.193862109099412919e+03
1.061075954845640808e+03 8.198247070312500000e+03 8.193847287828857588e+03
1.061096388384699821e+03 8.197215820312500000e+03 8.193844948930331157e+03
1.061116821823641658e+03 8.204357421875000000e+03 8.193854828641149652e+03
1.061137255463283509e+03 8.208932617187500000e+03 8.193876663614042627e+03
1.061157689003273845e+03 8.195641601562500000e+03 8.193910190034448533e+03
1.061178122543729842e+03 8.196266601562500000e+03 8.193955144399398705e+03
1.061198556084651500e+03 8.196843750000000000e+03 8.194011263127977145e+03
1.061218989625573158e+03 8.194123046875000000e+03 8.194078282637598022e+03
1.061239423166960478e+03 8.195843750000000000e+03 8.194155939348440370e+03
1.061259856708813459e+03 8.190364746093750000e+03 8.194243969679509974e+03
1.061280290251132101e+03 8.196368164062500000e+03 8.194342110049765324e+03
1.061300723893567920e+03 8.196192382812500000e+03 8.194450097428351000e+03
1.061321157336235046e+03 8.194241210937500000e+03 8.194567666577933778e+03
1.061341590879950672e+03 8.194665039062500000e+03 8.194694555578751533e+03
1.061362024523317814e+03 8.198166015625000000e+03 8.194830500975693212e+03
1.061382457967381924e+03 8.198235351562500000e+03 8.194975237133050541e+03
1.061402891611680388e+03 8.193183593750000000e+03 8.195128503297912175e+03
1.061423325156327337e+03 8.198367187500000000e+03 8.195290033701421635e+03
1.061443758601788431e+03 8.187650878906250000e+03 8.195459564646695071e+03
1.061464192247018218e+03 8.196146484375000000e+03 8.195636835090001114e+03
1.061484625793062150e+03 8.196614257812500000e+03 8.195821578912386030e+03
1.061505059239454567e+03 8.201458007812500000e+03 8.196013532420569391e+03
1.061525492885615677e+03 8.191698242187500000e+03 8.196212434897130152e+03
1.061545926433056593e+03 8.190080566406250000e+03 8.196418019905511755e+03
1.061566360080149025e+03 8.201808593750000000e+03 8.196630025857282817e+03
1.061586793527938426e+03 8.189091308593750000e+03 8.196848186023056769e+03
1.061607227075845003e+03 8.188890625000000000e+03 8.197072239973485921e+03
1.061627660724334419e+03 8.201131835937500000e+03 8.197301924216573752e+03
1.061648094173055142e+03 8.195772460937500000e+03 8.197536971754529077e+03
1.061668527722358704e+03 8.207353515625000000e+03 8.197777122421879540e+03
1.061688961271662265e+03 8.191141113281250000e+03 8.198022111492577096e+03
1.061709394821897149e+03 8.196540039062500000e+03 8.198271675396073988e+03
1.061729828372132033e+03 8.200044921875000000e+03 8.198525550539245160e+03
1.061750261922832578e+03 8.198012695312500000e+03 8.198783473345956736e+03
1.061770695473533124e+03 8.191039062500000000e+03 8.199045180228389654e+03
1.061791129124816507e+03 8.195460937500000000e+03 8.199310408918259782e+03
1.061811562676914036e+03 8.204841796875000000e+03 8.199578893239742683e+03
1.061831996128894389e+03 8.190021484375000000e+03 8.199850369552752454e+03
1.061852429781109095e+03 8.194099609375000000e+03 8.200124578286300675e+03
1.061872863334137946e+03 8.192979492187500000e+03 8.200401251859777403e+03
1.061893296787515283e+03 8.201041992187500000e+03 8.200680126650635430e+03
1.061934163995087147e+03 8.191923828125000000e+03 8.201243433771531272e+03
1.061954597649164498e+03 8.202000976562500000e+03 8.201527337588580849e+03
1.061975031103938818e+03 8.194661132812500000e+03 8.201812386884301304e+03
1.061995464659295976e+03 8.196250976562500000e+03 8.202098322252215439e+03
1.062015898314304650e+03 8.202683593750000000e+03 8.202384880108109428e+03
1.062036331770010293e+03 8.199872070312500000e+03 8.202671792673982054e+03
1.062056765326298773e+03 8.198049804687500000e+03 8.202958800576392605e+03
1.062077198982704431e+03 8.201818359375000000e+03 8.203245640225955867e+03
1.062097632439807057e+03 8.208458984375000000e+03 8.203532043839737526e+03
1.062118065997026861e+03 8.200864257812500000e+03 8.203817752036004094e+03
1.062138499654363841e+03 8.206466796875000000e+03 8.204102501220244449e+03
1.062158933112397790e+03 8.201425781250000000e+03 8.204386023645878595e+03
1.062179366771131754e+03 8.205691406250000000e+03 8.204668061278885943e+03
1.062199800329748541e+03 8.204931640625000000e+03 8.204948346373192180e+03
1.062220233788713813e+03 8.208825195312500000e+03 8.205226615380408475e+03
1.062240667448379099e+03 8.207464843750000000e+03 8.205502608792163301e+03
1.062261101008392870e+03 8.204731445312500000e+03 8.205776058951687446e+03
1.062281534568406641e+03 8.202188476562500000e+03 8.206046703628289833e+03
1.062301968128886074e+03 8.201200195312500000e+03 8.206314279245585567e+03
1.062322401689831167e+03 8.202829101562500000e+03 8.206578522220901505e+03
1.062342835251241922e+03 8.209298828125000000e+03 8.206839168971520849e+03
1.062363268812652677e+03 8.206266601562500000e+03 8.207095955908895121e+03
1.062383702374994755e+03 8.210609375000000000e+03 8.207348619796359344e+03
1.062404135937336832e+03 8.217738281250000000e+03 8.207596969579219149e+03
1.062424569500144571e+03 8.206192382812500000e+03 8.207840975967170380e+03
1.062445003062952310e+03 8.212490234375000000e+03 8.208080631644857931e+03
1.062465436626691371e+03 8.205612304687500000e+03 8.208315929313259403e+03
1.062485870190430433e+03 8.203834960937500000e+03 8.208546861651708241e+03
1.062506303854752332e+03 8.207576171875000000e+03 8.208773422455009495e+03
1.062526737419422716e+03 8.207721679687500000e+03 8.208995602193066588e+03
1.062547170884441584e+03 8.205033203125000000e+03 8.209213393620368151e+03
1.062567604549694806e+03 8.212187500000000000e+03 8.209426792591186313e+03
1.062588038115296513e+03 8.207502929687500000e+03 8.209635788631552714e+03
1.062608471581246704e+03 8.209369140625000000e+03 8.209840374496272489e+03
1.062628905247896910e+03 8.218217773437500000e+03 8.210040545850170020e+03
1.062649338814429939e+03 8.209144531250000000e+03 8.210236292404108099e+03
1.062669772281777114e+03 8.209348632812500000e+03 8.210427606922137784e+03
1.062690205949358642e+03 8.216974609375000000e+03 8.210614484865123814e+03
1.062710639517288655e+03 8.207570312500000000e+03 8.210796916147988668e+03
1.062731073185801506e+03 8.214597656250000000e+03 8.210974895248391476e+03
1.062751506654080003e+03 8.211193359375000000e+03 8.211148412269154505e+03
1.062771940223407000e+03 8.223842773437500000e+03 8.211317462491555489e+03
1.062792373892851174e+03 8.203333007812500000e+03 8.211482038532205479e+03
1.062812807362526655e+03 8.217136718750000000e+03 8.211642130698897745e+03
1.062833240932784975e+03 8.211681640625000000e+03 8.211797734067829879e+03
1.062853674603160471e+03 8.216343750000000000e+03 8.211948841259600158e+03
1.062874108073767275e+03 8.216969726562500000e+03 8.212095442779831501e+03
1.062894541745074093e+03 8.211659179687500000e+03 8.212237534191704981e+03
1.062914975316729397e+03 8.216134765625000000e+03 8.212375106063505882e+03
1.062935408888850361e+03 8.221547851562500000e+03 8.212508151792522767e+03
1.062955842460971326e+03 8.228161132812500000e+03 8.212636664065914374e+03
1.062976275933440775e+03 8.217714843750000000e+03 8.212760634980515533e+03
1.062996709606610239e+03 8.220407226562500000e+03 8.212880059015205916e+03
1.063017143180128187e+03 8.215281250000000000e+03 8.212994927071174970e+03
1.063037576754111797e+03 8.212529296875000000e+03 8.213105232434738355e+03
1.063058010227978230e+03 8.208236328125000000e+03 8.213210967286708183e+03
1.063098877477459610e+03 8.208673828125000000e+03 8.213408699264839015e+03
1.063119311052840203e+03 8.215111328125000000e+03 8.213500680757344526e+03
1.063139744628220797e+03 8.208776367187500000e+03 8.213588063005856384e+03
1.063160178204532713e+03 8.216584960937500000e+03 8.213670838704390917e+03
1.063180611880496144e+03 8.209500000000000000e+03 8.213749000909119786e+03
1.063201045357622206e+03 8.212139648437500000e+03 8.213822541202240245e+03
1.063221478934399784e+03 8.218653320312500000e+03 8.213891453382026157e+03
1.063241912612225860e+03 8.212323242187500000e+03 8.213955730075282190e+03
1.063262346089817584e+03 8.216190429687500000e+03 8.214015363058413641e+03
1.063282779768109322e+03 8.211312500000000000e+03 8.214070346191640056e+03
1.063303213346749544e+03 8.224089843750000000e+03 8.214120671322596536e+03
1.063323646825738251e+03 8.211327148437500000e+03 8.214166331209820783e+03
1.063344080504961312e+03 8.212043945312500000e+03 8.214207319179280603e+03
1.063364514084532857e+03 8.213594726562500000e+03 8.214243627285257389e+03
1.063384947564452887e+03 8.224268554687500000e+03 8.214275248286608985e+03
1.063405381245072931e+03 8.214113281250000000e+03 8.214302175303664626e+03
1.063425814826041460e+03 8.215244140625000000e+03 8.214324400596125997e+03
1.063446248507127166e+03 8.208111328125000000e+03 8.214341917071373246e+03
1.063466681988444179e+03 8.215036132812500000e+03 8.214354717197154969e+03
1.063487115570344031e+03 8.221356445312500000e+03 8.214362793886311920e+03
1.063507549252826720e+03 8.217325195312500000e+03 8.214366139759373254e+03
1.063527982735075057e+03 8.214750976562500000e+03 8.214364747492054448e+03
1.063548416318371892e+03 8.225127929687500000e+03 8.214358609788680042e+03
1.063568850001785904e+03 8.210608398437500000e+03 8.214347719269735535e+03
1.063589283585548401e+03 8.209374023437500000e+03 8.214332068731826439e+03
1.063609717069659382e+03 8.223014648437500000e+03 8.214311650934987483e+03
1.063630150653887540e+03 8.214696289062500000e+03 8.214286458369799220e+03
1.063650584338698536e+03 8.221379882812500000e+03 8.214256483655621196e+03
1.063671017923858017e+03 8.225498046875000000e+03 8.214221719776156533e+03
1.063691451509483159e+03 8.220908203125000000e+03 8.214182159286265232e+03
1.063711884995456785e+03 8.222390625000000000e+03 8.214137795105099940e+03
1.063732318681664765e+03 8.215438476562500000e+03 8.214088619236390514e+03
1.063752752268221229e+03 8.209074218750000000e+03 8.214034625399250217e+03
1.063773185755126178e+03 8.215255859375000000e+03 8.213975833645832608e+03
1.063793619442731142e+03 8.211414062500000000e+03 8.213912308989711164e+03
1.063814053030684590e+03 8.209421875000000000e+03 8.213844122723490727e+03
1.063834486718755215e+03 8.206523437500000000e+03 8.213771344574943214e+03
1.063854920207057148e+03 8.207344726562500000e+03 8.213694046039217938e+03
1.063875353795941919e+03 8.213270507812500000e+03 8.213612296406659880e+03
1.063895787484943867e+03 8.211630859375000000e+03 8.213526166007895881e+03
1.063916220974642783e+03 8.211577148437500000e+03 8.213435726530386091e+03
1.063936654564458877e+03 8.203691406250000000e+03 8.213341047073910886e+03
1.063957088254857808e+03 8.217937500000000000e+03 8.213242197968207620e+03
1.063977521745953709e+03 8.201147460937500000e+03 8.213139251087681259e+03
1.063997955336701125e+03 8.209463867187500000e+03 8.213032275349809424e+03
1.064018389028497040e+03 8.210057617187500000e+03 8.212921341082284926e+03
1.064038822520058602e+03 8.212322265625000000e+03 8.212806520343081502e+03
1.064059256212320179e+03 8.204587890625000000e+03 8.212687881273432140e+03
1.064079689804930240e+03 8.215306640625000000e+03 8.212565495982897119e+03
1.064100123297423124e+03 8.212651367187500000e+03 8.212439434922549481e+03
1.064120556990616024e+03 8.211766601562500000e+03 8.212309766603601020e+03
1.064140990584623069e+03 8.209725585937500000e+03 8.212176563296234235e+03
1.064161424178630114e+03 8.210623046875000000e+03 8.212039894773599372e+03
1.064181857773102820e+03 8.214526367187500000e+03 8.211899831426337187e+03
1.064202291367575526e+03 8.211255859375000000e+03 8.211756443651387599e+03
1.064222725062631071e+03 8.214168945312500000e+03 8.211609801112905188e+03
1.064243158558383584e+03 8.202574218750000000e+03 8.211459976380137959e+03
1.064263592154253274e+03 8.203002929687500000e+03 8.211307037674539970e+03
1.064284025750122964e+03 8.206862304687500000e+03 8.211151056116344989e+03
1.064304459346923977e+03 8.209235351562500000e+03 8.210992102092130153e+03
1.064324892943724990e+03 8.202655273437500000e+03 8.210830246002833519e+03
1.064345326641108841e+03 8.207958984375000000e+03 8.210665557424832514e+03
1.064365760138723999e+03 8.216122070312500000e+03 8.210498109193038545e+03
1.064386193837039173e+03 8.218957031250000000e+03 8.210327968419867830e+03
1.064406627435237169e+03 8.209141601562500000e+03 8.210155207984291337e+03
1.064427060933783650e+03 8.205921875000000000e+03 8.209979898314191814e+03
1.064447494633030146e+03 8.204834960937500000e+03 8.209802107208046436e+03
1.064467928232625127e+03 8.208598632812500000e+03 8.209621907654876850e+03
1.064488361732568592e+03 8.205872070312500000e+03 8.209439370083346148e+03
1.064508795432746410e+03 8.209440429687500000e+03 8.209254562191497826e+03
1.064529229033272713e+03 8.208004882812500000e+03 8.209067557068947281e+03
1.064549662534147501e+03 8.207185546875000000e+03 8.208878425141265325e+03
1.064570096235722303e+03 8.206693359375000000e+03 8.208687234006913059e+03
1.064590529837179929e+03 8.207856445312500000e+03 8.208494056859461125e+03
1.064610963539220393e+03 8.206985351562500000e+03 8.208298962196142384e+03
1.064631397041957825e+03 8.202424804687500000e+03 8.208102023287668999e+03
1.064651830644812435e+03 8.206197265625000000e+03 8.207903307655446042e+03
1.064672264347784221e+03 8.204731445312500000e+03 8.207702885667851660e+03
1.064692697851452976e+03 8.210833007812500000e+03 8.207500830667751870e+03
1.064713131455238909e+03 8.209608398437500000e+03 8.207297210100061420e+03
1.064733565159607679e+03 8.209810546875000000e+03 8.207092094331572298e+03
1.064753998664207757e+03 8.207276367187500000e+03 8.206885556781760897e+03
1.064774432369042188e+03 8.207219726562500000e+03 8.206677663801870949e+03
1.064794865974690765e+03 8.204145507812500000e+03 8.206468488822323707e+03
1.064815299580339342e+03 8.205948242187500000e+03 8.206258101231218461e+03
1.064835733186453581e+03 8.203086914062500000e+03 8.206046571417711675e+03
1.064856166793033481e+03 8.207667968750000000e+03 8.205833969775718288e+03
1.064876600400079042e+03 8.206832031250000000e+03 8.205620366699167789e+03
1.064917467614635825e+03 8.204643554687500000e+03 8.205190437827988717e+03
1.064937901222612709e+03 8.207312500000000000e+03 8.204974252816391527e+03
1.064958334831055254e+03 8.199920898437500000e+03 8.204757347946071604e+03
1.064978768439497799e+03 8.203436523437500000e+03 8.204539793615958843e+03
1.064999202148523182e+03 8.203020507812500000e+03 8.204321659145021840e+03
1.065019635658245534e+03 8.206685546875000000e+03 8.204103018132485886e+03
1.065040069268085063e+03 8.200021484375000000e+03 8.203883937772079662e+03
1.065060502978041768e+03 8.211326171875000000e+03 8.203664488451911893e+03
1.065080936488229781e+03 8.201264648437500000e+03 8.203444743789006679e+03
1.065101370099466294e+03 8.204460937500000000e+03 8.203224770944365446e+03
1.065121803810354322e+03 8.207881835937500000e+03 8.203004640360217309e+03
1.065142237321939319e+03 8.211709960937500000e+03 8.202784427107884767e+03
1.065162671034224331e+03 8.198868164062500000e+03 8.202564200583739876e+03
1.065183104646392167e+03 8.219458007812500000e+03 8.202344037862087134e+03
1.065203538159374148e+03 8.204988281250000000e+03 8.202124012763553765e+03
1.065223971872590482e+03 8.208305664062500000e+03 8.201904195897521276e+03
1.065244405485689640e+03 8.206266601562500000e+03 8.201684664328893632e+03
1.065264838999602944e+03 8.197591796875000000e+03 8.201465491875094813e+03
1.065285272713750601e+03 8.207360351562500000e+03 8.201246749159650790e+03
1.065305706328246742e+03 8.211377929687500000e+03 8.201028513228349766e+03
1.065326140043325722e+03 8.205499023437500000e+03 8.200810855775598611e+03
1.065346573558636010e+03 8.198767578125000000e+03 8.200593853828273495e+03
1.065367007174063474e+03 8.199406250000000000e+03 8.200377578028801508e+03
1.065387440890073776e+03 8.202007812500000000e+03 8.200162102215665072e+03
1.065407874406315386e+03 8.206608398437500000e+03 8.199947503382061768e+03
1.065428308023139834e+03 8.205450195312500000e+03 8.199733852199231478e+03
1.065448741740547121e+03 8.199088867187500000e+03 8.199521222513885732e+03
1.065469175357837230e+03 8.199979492187500000e+03 8.199309690246986065e+03
1.065489608976058662e+03 8.203303710937500000e+03 8.199099328176769632e+03
1.065510042594280094e+03 8.197694335937500000e+03 8.198890210145087622e+03
1.065530476112850010e+03 8.196248046875000000e+03 8.198682410994189922e+03
1.065550909831654280e+03 8.203230468750000000e+03 8.198476001516657561e+03
1.065571343450807035e+03 8.193911132812500000e+03 8.198271058584410639e+03
1.065591776970773935e+03 8.198667968750000000e+03 8.198067656003038792e+03
1.065612210690509528e+03 8.199572265625000000e+03 8.197865864640563814e+03
1.065632644311059266e+03 8.190912109375000000e+03 8.197665761293577816e+03
1.065653077831957489e+03 8.201549804687500000e+03 8.197467419773680376e+03
1.065673511553090066e+03 8.191628417968750000e+03 8.197270911015553793e+03
1.065693945174571127e+03 8.194059570312500000e+03 8.197076311749102388e+03
1.065714378896635026e+03 8.197904296875000000e+03 8.196883693900534126e+03
1.065734812418930233e+03 8.197994140625000000e+03 8.196693134118526359e+03
1.065755246041342616e+03 8.196324218750000000e+03 8.196504703423393948e+03
1.065775679764337838e+03 8.191469726562500000e+03 8.196318475674997899e+03
1.065796113287564367e+03 8.194666992187500000e+03 8.196134527426489512e+03
1.065816546911373734e+03 8.205789062500000000e+03 8.195952929789495101e+03
1.065836980635300279e+03 8.189070800781250000e+03 8.195773756635575410e+03
1.065857414159923792e+03 8.200246093750000000e+03 8.195597084404427733e+03
1.065877847884781659e+03 8.200049804687500000e+03 8.195422983474476496e+03
1.065898281509988010e+03 8.196555664062500000e+03 8.195251530252262455e+03
1.065918715035542846e+03 8.201779296875000000e+03 8.195082798530776927e+03
1.065939148761332035e+03 8.194766601562500000e+03 8.194916859686392854e+03
1.065959582387469709e+03 8.203631835937500000e+03 8.194753790007514908e+03
1.065980016014073044e+03 8.195389648437500000e+03 8.194593662506666078e+03
1.066000449641142040e+03 8.200958984375000000e+03 8.194436551016315207e+03
1.066020883268676698e+03 8.191868652343750000e+03 8.194282529368951145e+03
1.066041316996328533e+03 8.190450195312500000e+03 8.194131670669194136e+03
1.066061750524677336e+03 8.187769042968750000e+03 8.193984050936500353e+03
1.066082184153143317e+03 8.186286621093750000e+03 8.193839741816278547e+03
1.066102617881726474e+03 8.192574218750000000e+03 8.193698817190033878e+03
1.066123051411006600e+03 8.188604980468750000e+03 8.193561352930057183e+03
1.066143485040869564e+03 8.194678710937500000e+03 8.193427420825955778e+03
1.066163918770384043e+03 8.196946289062500000e+03 8.193297094768604438e+03
1.066184352301061153e+03 8.196804687500000000e+03 8.193170450467452611e+03
1.066204785931389779e+03 8.188661132812500000e+03 8.193047559877839376e+03
1.066225219662766904e+03 8.191922363281250000e+03 8.192928496879536397e+03
1.066245653193909675e+03 8.186659179687500000e+03 8.192813337032137497e+03
1.066266086925752461e+03 8.193053710937500000e+03 8.192702151908986707e+03
1.066286520557943732e+03 8.188253417968750000e+03 8.192595017006373382e+03
1.066306954090483487e+03 8.175229492187500000e+03 8.192492006096841578e+03
1.066327387823257595e+03 8.187564941406250000e+03 8.192393191531731645e+03
1.066347821456845850e+03 8.179639648437500000e+03 8.192298648622650944e+03
1.066368254990316927e+03 8.187592285156250000e+03 8.192208451143225830e+03
1.066388688724022359e+03 8.191266601562500000e+03 8.192122671632287165e+03
1.066409122358541936e+03 8.194416992187500000e+03 8.192041385212092791e+03
1.066429556093178689e+03 8.194939453125000000e+03 8.191964664923247256e+03
1.066449989628512412e+03 8.192765625000000000e+03 8.191892585688703548e+03
1.066470423263497651e+03 8.184372558593750000e+03 8.191825220252138934e+03
1.066490856999531388e+03 8.182023925781250000e+03 8.191762640427773476e+03
1.066511290535796434e+03 8.199653320312500000e+03 8.191704870256848153e+03
1.066531724172178656e+03 8.191339843750000000e+03 8.191651883039739914e+03
1.066552157909143716e+03 8.187568847656250000e+03 8.191603650869872581e+03
1.066572591446340084e+03 8.186986816406250000e+03 8.191560146446083309e+03
1.066593025184236467e+03 8.189255371093750000e+03 8.191521340940254959e+03
1.066613458822015673e+03 8.182448730468750000e+03 8.191487206982660609e+03
1.066633892360609025e+03 8.180086914062500000e+03 8.191457716527963385e+03
1.066654326099436730e+03 8.196713867187500000e+03 8.191432841202703457e+03
1.066674759738147259e+03 8.184828125000000000e+03 8.191412553430724984e+03
1.066695193377789110e+03 8.197413085937500000e+03 8.191396825102619914e+03
1.066715627017896622e+03 8.202266601562500000e+03 8.191385628243567226e+03
1.066736060658004135e+03 8.191177734375000000e+03 8.191378934878324799e+03
1.066756494298111647e+03 8.186003417968750000e+03 8.191376717031259432e+03
1.066776927939150482e+03 8.197527343750000000e+03 8.191378946726922550e+03
1.066797361580654979e+03 8.196650390625000000e+03 8.191385595990072034e+03
1.066817795222625136e+03 8.184643554687500000e+03 8.191396636845356625e+03
1.066838228864129633e+03 8.191917480468750000e+03 8.191412041316623800e+03
1.066858662506565452e+03 8.192874023437500000e+03 8.191431781429421790e+03
1.066879096249584109e+03 8.179741699218750000e+03 8.191455829336425268e+03
1.066899529792368412e+03 8.189549316406250000e+03 8.191484156676576276e+03
1.066919963436201215e+03 8.197133789062500000e+03 8.191516735860798690e+03
1.066940397179685533e+03 8.192416992187500000e+03 8.191553538973641480e+03
1.066960830724332482e+03 8.189073242187500000e+03 8.191594537471220065e+03
1.066981264468748122e+03 8.186708496093750000e+03 8.191639704177752719e+03
1.067001698113977909e+03 8.195692382812500000e+03 8.191689010487471933e+03
1.067022131659090519e+03 8.192666015625000000e+03 8.191742428362099417e+03
1.067062999050598592e+03 8.196067382812500000e+03 8.191861488536860634e+03
1.067083432597108185e+03 8.196565429687500000e+03 8.191927074012886806e+03
1.067103866343852133e+03 8.195262695312500000e+03 8.191996660085793337e+03
1.067124299990944564e+03 8.193097656250000000e+03 8.192070217788132140e+03
1.067144733738619834e+03 8.193549804687500000e+03 8.192147719865006366e+03
1.067165167286526412e+03 8.194763671875000000e+03 8.192229137172980700e+03
1.067185600934550166e+03 8.192581054687500000e+03 8.192314442902687006e+03
1.067206034683622420e+03 8.196848632812500000e+03 8.192403609139548280e+03
1.067226468232460320e+03 8.196303710937500000e+03 8.192496606565209731e+03
1.067246901881881058e+03 8.196106445312500000e+03 8.192593408545113562e+03
1.067267335631418973e+03 8.190279785156250000e+03 8.192693987157203082e+03
1.067287769181653857e+03 8.197500000000000000e+03 8.192798312924645870e+03
1.067308202832005918e+03 8.195220703125000000e+03 8.192906359373248051e+03
1.067328636582940817e+03 8.195990234375000000e+03 8.193018098584390827e+03
1.067349070234224200e+03 8.204670898437500000e+03 8.193133501487573085e+03
1.067369503885507584e+03 8.197412109375000000e+03 8.193252540643046814e+03
1.067389937537256628e+03 8.193289062500000000e+03 8.193375188077960047e+03
1.067410371189471334e+03 8.200436523437500000e+03 8.193501415816863300e+03
1.067430804842151701e+03 8.193979492187500000e+03 8.193631195884312547e+03
1.067451238495297730e+03 8.196713867187500000e+03 8.193764500304849207e+03
1.067471672048792243e+03 8.197493164062500000e+03 8.193901300424222427e+03
1.067492105802521110e+03 8.196588867187500000e+03 8.194041570300110834e+03
1.067512539456598461e+03 8.194018554687500000e+03 8.194185279923753114e+03
1.067532973110675812e+03 8.191173828125000000e+03 8.194332401995077817e+03
1.067553406765684485e+03 8.201909179687500000e+03 8.194482908545323880e+03
1.067573840421158820e+03 8.191004394531250000e+03 8.194636771595702157e+03
1.067594274176284671e+03 8.193290039062500000e+03 8.194793963941778202e+03
1.067614707732573152e+03 8.192980468750000000e+03 8.194954455287537712e+03
1.067635141388513148e+03 8.186775878906250000e+03 8.195118219977723129e+03
1.067655575145501643e+03 8.197174804687500000e+03 8.195285230095836596e+03
1.067676008702721447e+03 8.199626953125000000e+03 8.195455455184130187e+03
1.067696442459709942e+03 8.193702148437500000e+03 8.195628870595119224e+03
1.067716876117512584e+03 8.192538085937500000e+03 8.195805445839423555e+03
1.067737309675663710e+03 8.196654296875000000e+03 8.195985152891367761e+03
1.067757743434049189e+03 8.202278320312500000e+03 8.196167966435637936e+03
1.067778177093248814e+03 8.201618164062500000e+03 8.196353855840665346e+03
1.067798610652331263e+03 8.201857421875000000e+03 8.196542793077445822e+03
1.067819044411648065e+03 8.200335937500000000e+03 8.196734752969703550e+03
1.067839478071779013e+03 8.196968750000000000e+03 8.196929704751220925e+03
1.067859911731909961e+03 8.194995117187500000e+03 8.197127618745909786e+03
1.067900779053568840e+03 8.188900878906250000e+03 8.197532020886643295e+03
1.067921212815213948e+03 8.199001953125000000e+03 8.197738306628451028e+03
1.067941646377090365e+03 8.159261230468750000e+03 8.197947176617408331e+03
1.067962080039083958e+03 8.099010253906250000e+03 8.198158531783972649e+03
1.067982513801660389e+03 8.082018066406250000e+03 8.198372270052532258e+03
1.068002947464119643e+03 8.068250000000000000e+03 8.198588287207132453e+03
1.068023381027858704e+03 8.067136230468750000e+03 8.198806481113717382e+03
1.068043814791366458e+03 8.057340820312500000e+03 8.199026752858973850e+03
1.068064248455222696e+03 8.059529296875000000e+03 8.199248997113911173e+03
1.068084682119544595e+03 8.056557617187500000e+03 8.199473112836596556e+03
1.068105115784332156e+03 8.055079589843750000e+03 8.199698997910843900e+03
1.068125549349002540e+03 8.065669921875000000e+03 8.199926549096417148e+03
1.068166416780557483e+03 8.074815429687500000e+03 8.200386248070342845e+03
1.068186850346624851e+03 8.091791503906250000e+03 8.200618188243735858e+03
1.068207284113392234e+03 8.090317871093750000e+03 8.200851389466679393e+03
1.068227717780042440e+03 8.141514648437500000e+03 8.201085746198776178e+03
1.068248151547275484e+03 8.191622558593750000e+03 8.201321158624490636e+03
1.068268585114739835e+03 8.194326171875000000e+03 8.201557521160017131e+03
1.068289018782787025e+03 8.200571289062500000e+03 8.201794735156574461e+03
1.068309452550951391e+03 8.201448242187500000e+03 8.202032698504172004e+03
1.068329886119812727e+03 8.210015625000000000e+03 8.202271305594560545e+03
1.068350319788791239e+03 8.199708984375000000e+03 8.202510457803295139e+03
1.068370753558352590e+03 8.204214843750000000e+03 8.202750053026707974e+03
1.068391187128145248e+03 8.200906250000000000e+03 8.202989985623926259e+03
1.068411620798520744e+03 8.209712890625000000e+03 8.203230157003086788e+03
1.068432054568547755e+03 8.204255859375000000e+03 8.203470465039579722e+03
1.068452488139737397e+03 8.196254882812500000e+03 8.203710804106183787e+03
1.068472921911161393e+03 8.205665039062500000e+03 8.203951076779687355e+03
1.068493355582933873e+03 8.204910156250000000e+03 8.204191177416678329e+03
1.068513789154589176e+03 8.201110351562500000e+03 8.204431003898513154e+03
1.068534222926944494e+03 8.198848632812500000e+03 8.204670457636906576e+03
1.068554656599648297e+03 8.208778320312500000e+03 8.204909432992710208e+03
1.068575090272817761e+03 8.193245117187500000e+03 8.205147829023684608e+03
1.068595523945987225e+03 8.203320312500000000e+03 8.205385543607932050e+03
1.068615957620088011e+03 8.209750976562500000e+03 8.205622474639789289e+03
1.068636391394305974e+03 8.194923828125000000e+03 8.205858521146132261e+03
1.068656825068872422e+03 8.198216796875000000e+03 8.206093578702377272e+03
1.068677258643787354e+03 8.212952148437500000e+03 8.206327545207255753e+03
1.068697692418936640e+03 8.202246093750000000e+03 8.206560321969463985e+03
1.068718126094434410e+03 8.202837890625000000e+03 8.206791803447253187e+03
1.068738559670746326e+03 8.200062500000000000e+03 8.207021887549050007e+03
1.068758993446826935e+03 8.214760742187500000e+03 8.207250475513812489e+03
1.068779427023604512e+03 8.210403320312500000e+03 8.207477460761339898e+03
1.068799860800616443e+03 8.205139648437500000e+03 8.207702745612590661e+03
1.068820294477976859e+03 8.210248046875000000e+03 8.207926224631964942e+03
1.068840728055685759e+03 8.196000976562500000e+03 8.208147795730106736e+03
1.068861161834094673e+03 8.206836914062500000e+03 8.208367360032705619e+03
1.068881595512852073e+03 8.207988281250000000e+03 8.208584812180759400e+03
1.068902029091492295e+03 8.211150390625000000e+03 8.208800050084497343e+03
1.068922462870832533e+03 8.212961914062500000e+03 8.209012974779210708e+03
1.068942896550521255e+03 8.216908203125000000e+03 8.209223481001203254e+03
1.068963330130558461e+03 8.204182617187500000e+03 8.209431466670050213e+03
1.068983763910830021e+03 8.201894531250000000e+03 8.209636832702526590e+03
1.069004197591915727e+03 8.205099609375000000e+03 8.209839473953103152e+03
1.069024631372652948e+03 8.210543945312500000e+03 8.210039290275919484e+03
1.069045064954087138e+03 8.207500976562500000e+03 8.210236176652197173e+03
1.069065498636104167e+03 8.214446289062500000e+03 8.210430033876347807e+03
1.069085932418238372e+03 8.207322265625000000e+03 8.210620759781993911e+03
1.069106366000603884e+03 8.206317382812500000e+03 8.210808249476876881e+03
1.069126799683552235e+03 8.213644531250000000e+03 8.210992403624100916e+03
1.069147233467083424e+03 8.212787109375000000e+03 8.211173120057050255e+03
1.069167667050845921e+03 8.208340820312500000e+03 8.211350294028354256e+03
1.069188100834842771e+03 8.208763671875000000e+03 8.211523826888931580e+03
1.069208534519188106e+03 8.209812500000000000e+03 8.211693613948260463e+03
1.069228968203533441e+03 8.210944335937500000e+03 8.211859557255020263e+03
1.069249401888810098e+03 8.211566406250000000e+03 8.212021592612716631e+03
1.069269835574552417e+03 8.209029296875000000e+03 8.212179676425206708e+03
1.069290269259829074e+03 8.205354492187500000e+03 8.212333765367413434e+03
1.069310702946037054e+03 8.209856445312500000e+03 8.212483816131858475e+03
1.069331136632710695e+03 8.212149414062500000e+03 8.212629785396820807e+03
1.069351570319849998e+03 8.214140625000000000e+03 8.212771629844148265e+03
1.069372004006989300e+03 8.215363281250000000e+03 8.212909306152576391e+03
1.069392437694594264e+03 8.215534179687500000e+03 8.213042771007216288e+03
1.069412871482782066e+03 8.214669921875000000e+03 8.213171981712475826e+03
1.069433305071201175e+03 8.216741210937500000e+03 8.213296893082413590e+03
1.069453738759737462e+03 8.219976562500000000e+03 8.213417463663903618e+03
1.069474172548856586e+03 8.219171875000000000e+03 8.213533650077515631e+03
1.069494606138207018e+03 8.218163085937500000e+03 8.213645407329691807e+03
1.069515039828140289e+03 8.217679687500000000e+03 8.213752693777585591e+03
1.069535473618656397e+03 8.206967773437500000e+03 8.213855466036948201e+03
1.069555907208938152e+03 8.219420898437500000e+03 8.213953679310143343e+03
1.069576340999919921e+03 8.211863281250000000e+03 8.214047292205903432e+03
1.069596774691250175e+03 8.220873046875000000e+03 8.214136259996084846e+03
1.069617208282928914e+03 8.216425781250000000e+03 8.214220539431047655e+03
1.069637642074842006e+03 8.216133789062500000e+03 8.214300088394942577e+03
1.069658075767103583e+03 8.210914062500000000e+03 8.214374862367361857e+03
1.069678509360179305e+03 8.218350585937500000e+03 8.214444818102090721e+03
1.069698943153023720e+03 8.220010742187500000e+03 8.214509913268921082e+03
1.069719376846216619e+03 8.214750000000000000e+03 8.214570103560237840e+03
1.069739810640458018e+03 8.211377929687500000e+03 8.214625346248347341e+03
1.069760244234465063e+03 8.215234375000000000e+03 8.214675597237039256e+03
1.069780677929054946e+03 8.215220703125000000e+03 8.214720813984778943e+03
1.069801111724227667e+03 8.211955078125000000e+03 8.214760953098973914e+03
1.069821545319166034e+03 8.217716796875000000e+03 8.214795970708131790e+03
1.069841979015152901e+03 8.216860351562500000e+03 8.214825824048028153e+03
1.069862412810791284e+03 8.214165039062500000e+03 8.214850469722272464e+03
1.069882846507243812e+03 8.215670898437500000e+03 8.214869864172747839e+03
1.069903280204162002e+03 8.222806640625000000e+03 8.214883964214079242e+03
1.069923713901080191e+03 8.213500976562500000e+03 8.214892726527814375e+03
1.069944147598464042e+03 8.225349609375000000e+03 8.214896107796019351e+03
1.069964581296779215e+03 8.218985351562500000e+03 8.214894064700269155e+03
1.069985014994628727e+03 8.217586914062500000e+03 8.214886553922566236e+03
1.070005448693409562e+03 8.217310546875000000e+03 8.214873532144249111e+03
1.070025882392190397e+03 8.220454101562500000e+03 8.214854956047582164e+03
1.070046316091436893e+03 8.214719726562500000e+03 8.214830782313987584e+03
1.070066749691031873e+03 8.214331054687500000e+03 8.214800967785089597e+03
1.070087183490861207e+03 8.219640625000000000e+03 8.214765468663501451e+03
1.070107617191504687e+03 8.216040039062500000e+03 8.214724242109157785e+03
1.070128050992265344e+03 8.220883789062500000e+03 8.214677244401129428e+03
1.070148484593257308e+03 8.215312500000000000e+03 8.214624432953607538e+03
1.070168918294832110e+03 8.211981445312500000e+03 8.214565763714788773e+03
1.070189352096524090e+03 8.211956054687500000e+03 8.214501193281412270e+03
1.070209785698913038e+03 8.215850585937500000e+03 8.214430679324839730e+03
1.070230219401419163e+03 8.213581054687500000e+03 8.214354177537210489e+03
1.070250653204508126e+03 8.219325195312500000e+03 8.214271644510266924e+03
1.070271086807362735e+03 8.213245117187500000e+03 8.214183038185361511e+03
1.070291520610917360e+03 8.208222656250000000e+03 8.214088313505453698e+03
1.070311954315286130e+03 8.210531250000000000e+03 8.213987428497021028e+03
1.070332387919537723e+03 8.221414062500000000e+03 8.213880339937131794e+03
1.070352821724023670e+03 8.225323242187500000e+03 8.213767002887892886e+03
1.070373255429323763e+03 8.218649414062500000e+03 8.213647375645610737e+03
1.070393689034506679e+03 8.212623046875000000e+03 8.213521414990089397e+03
1.070414122840855271e+03 8.213812500000000000e+03 8.213389075698907618e+03
1.070434556546621025e+03 8.216924804687500000e+03 8.213250316361134537e+03
1.070454990353435278e+03 8.220678710937500000e+03 8.213105092288868036e+03
1.070475423960480839e+03 8.207847656250000000e+03 8.212953362349069721e+03
1.070495857667643577e+03 8.210498046875000000e+03 8.212795081044638209e+03
1.070516291475389153e+03 8.209572265625000000e+03 8.212630204957120441e+03
1.070536725183483213e+03 8.216387695312500000e+03 8.212458692383521338e+03
1.070557158791460097e+03 8.202517578125000000e+03 8.212280500107384796e+03
1.070577592600136995e+03 8.208141601562500000e+03 8.212095582137861129e+03
1.070598026309162378e+03 8.213508789062500000e+03 8.211903926982540725e+03
1.070618460018653423e+03 8.212770507812500000e+03 8.211705737722011690e+03
1.070638893728610128e+03 8.217539062500000000e+03 8.211501317135520367e+03
1.070659327438566834e+03 8.204945312500000000e+03 8.211290968496072310e+03
1.070679761149454862e+03 8.211758789062500000e+03 8.211074995062261223e+03
1.070700194859877229e+03 8.216593750000000000e+03 8.210853700117249900e+03
1.070720628471579403e+03 8.209615234375000000e+03 8.210627388029764916e+03
1.070741062283050269e+03 8.210105468750000000e+03 8.210396358726782637e+03
1.070761495994869620e+03 8.205755859375000000e+03 8.210160918828347349e+03
1.070781929607503116e+03 8.210280273437500000e+03 8.209921371659922443e+03
1.070802363419905305e+03 8.205843750000000000e+03 8.209678016956633655e+03
1.070822797133121639e+03 8.203385742187500000e+03 8.209431161520187743e+03
1.070843230946455151e+03 8.198180664062500000e+03 8.209181106214529791e+03
1.070884098274633288e+03 8.205934570312500000e+03 8.208672616442043363e+03
1.070904532088898122e+03 8.209572265625000000e+03 8.208414784790642443e+03
1.070924965703859925e+03 8.205044921875000000e+03 8.208154970102099469e+03
1.070945399418938905e+03 8.201965820312500000e+03 8.207893471851764843e+03
1.070965833235066384e+03 8.205131835937500000e+03 8.207630593273923296e+03
1.070986266850959510e+03 8.197037109375000000e+03 8.207366641521923157e+03
1.071006700667086989e+03 8.202908203125000000e+03 8.207101914693510480e+03
1.071027134383562952e+03 8.207886718750000000e+03 8.206836719937688031e+03
1.071047568100970238e+03 8.209646484375000000e+03 8.206571359221830789e+03
1.071068001817911863e+03 8.199803710937500000e+03 8.206306135832955988e+03
1.071088435535784811e+03 8.200357421875000000e+03 8.206041353021830218e+03
1.071108869254123420e+03 8.201013671875000000e+03 8.205777314063456288e+03
1.071129302972927690e+03 8.203851562500000000e+03 8.205514322226832519e+03
1.071149736691266298e+03 8.200658203125000000e+03 8.205252680792880710e+03
1.071170170510653406e+03 8.205189453125000000e+03 8.204992691743436808e+03
1.071190604130271822e+03 8.196137695312500000e+03 8.204734662161446977e+03
1.071211037850007415e+03 8.196925781250000000e+03 8.204478891513981580e+03
1.071231471670791507e+03 8.200970703125000000e+03 8.204225683094007763e+03
1.071251905390992761e+03 8.207408203125000000e+03 8.203975342670419195e+03
1.071272339012473822e+03 8.199178710937500000e+03 8.203728173445279026e+03
1.071292772833723575e+03 8.204391601562500000e+03 8.203484475102068245e+03
1.071313206455204636e+03 8.202529296875000000e+03 8.203244555672847127e+03
1.071333640177734196e+03 8.201709960937500000e+03 8.203008714866597074e+03
1.071354073999915272e+03 8.209732421875000000e+03 8.202777256030878561e+03
1.071374507622793317e+03 8.197858398437500000e+03 8.202550485787602156e+03
1.071394941446371377e+03 8.198822265625000000e+03 8.202328702969185542e+03
1.071415375169366598e+03 8.201088867187500000e+03 8.202112214152226443e+03
1.071435808793641627e+03 8.199958007812500000e+03 8.201901322506506403e+03
1.071456242617685348e+03 8.205008789062500000e+03 8.201696328263562464e+03
1.071476676342543215e+03 8.211995117187500000e+03 8.201497537736046070e+03
1.071497109967749566e+03 8.202828125000000000e+03 8.201305254104956475e+03
1.071517543792724609e+03 8.207550781250000000e+03 8.201119777871233964e+03
1.071537977518513799e+03 8.204668945312500000e+03 8.200941415068737115e+03
1.071558411344885826e+03 8.208175781250000000e+03 8.200770467226939218e+03
1.071578844971023500e+03 8.199115234375000000e+03 8.200607240076005837e+03
1.071599278697744012e+03 8.197097656250000000e+03 8.200452034425050442e+03
1.071619712525047362e+03 8.197197265625000000e+03 8.200305153664083264e+03
1.071640146152582020e+03 8.204152343750000000e+03 8.200166903159302819e+03
1.071660579880699515e+03 8.204004882812500000e+03 8.200037584084371701e+03
1.071681013708934188e+03 8.194714843750000000e+03 8.199917499845427301e+03
1.071701447337400168e+03 8.202723632812500000e+03 8.199806955405159897e+03
1.071721881166566163e+03 8.205750000000000000e+03 8.199706251869094558e+03
1.071742314896080643e+03 8.205224609375000000e+03 8.199615694060621536e+03
1.071762748625595123e+03 8.203629882812500000e+03 8.199535584733810538e+03
1.071783182355575264e+03 8.203942382812500000e+03 8.199466227156646710e+03
1.071803616086021066e+03 8.193223632812500000e+03 8.199407924599316175e+03
1.071824049816932529e+03 8.190605957031250000e+03 8.199360980332070540e+03
1.071844483547843993e+03 8.195389648437500000e+03 8.199325697625854446e+03
1.071864917279686779e+03 8.198944335937500000e+03 8.199302379749375177e+03
1.071885351011529565e+03 8.200875976562500000e+03 8.199291329974046675e+03
1.071905784743838012e+03 8.212907226562500000e+03 8.199292851569583945e+03
1.071926218476146460e+03 8.209875000000000000e+03 8.199307247805936640e+03
1.071946652309503406e+03 8.207449218750000000e+03 8.199334822122102196e+03
1.071967085942625999e+03 8.192350585937500000e+03 8.199375795802936409e+03
1.071987519676331431e+03 8.203916015625000000e+03 8.199429945126947132e+03
1.072007953510154039e+03 8.192291992187500000e+03 8.199496894223691925e+03
1.072028387144673616e+03 8.193833984375000000e+03 8.199576265833147772e+03
1.072048820879310369e+03 8.204862304687500000e+03 8.199667684841162554e+03
1.072069254714529961e+03 8.203073242187500000e+03 8.199770775236851478e+03
1.072089688349980861e+03 8.203228515625000000e+03 8.199885159234067032e+03
1.072110122185666114e+03 8.201318359375000000e+03 8.200010462882160937e+03
1.072130555922165513e+03 8.203598632812500000e+03 8.200146308237339326e+03
1.072150989558547735e+03 8.199472656250000000e+03 8.200292318954168877e+03
1.072171423395629972e+03 8.201571289062500000e+03 8.200448121067594911e+03
1.072191857132595032e+03 8.197029296875000000e+03 8.200613336167523812e+03
1.072212290770374238e+03 8.193745117187500000e+03 8.200787587938688375e+03
1.072232724608387798e+03 8.198495117187500000e+03 8.200970502811796905e+03
1.072253158347215503e+03 8.200738281250000000e+03 8.201161701982004161e+03
1.072273592185694724e+03 8.205558593750000000e+03 8.201360811118236597e+03
1.072294025824870914e+03 8.203726562500000000e+03 8.201567451063527187e+03
1.072314459564164281e+03 8.194783203125000000e+03 8.201781248603980202e+03
1.072334893404040486e+03 8.203584960937500000e+03 8.202001827659179980e+03
1.072355327044147998e+03 8.210152343750000000e+03 8.202228808751404358e+03
1.072375760784838349e+03 8.201876953125000000e+03 8.202461818983309058e+03
1.072396194625645876e+03 8.210597656250000000e+03 8.202700482247619220e+03
1.072416628366801888e+03 8.208046875000000000e+03 8.202944420021703991e+03
1.072437062108423561e+03 8.198363281250000000e+03 8.203193257273682320e+03
1.072457495850510895e+03 8.197469726562500000e+03 8.203446617815818172e+03
1.072477929592598230e+03 8.210188476562500000e+03 8.203704125454398309e+03
1.072498363335616887e+03 8.206953125000000000e+03 8.203965404013326406e+03
1.072518797078635544e+03 8.203772460937500000e+03 8.204230077292810165e+03
1.072539230821654201e+03 8.198536132812500000e+03 8.204497769104717008e+03
1.072559664565604180e+03 8.199162109375000000e+03 8.204768103273272573e+03
1.072580098310019821e+03 8.208837890625000000e+03 8.205040703604387090e+03
1.072600532054435462e+03 8.206249023437500000e+03 8.205315193903716136e+03
1.072620965799316764e+03 8.205180664062500000e+03 8.205591197989337161e+03
1.072641399544663727e+03 8.209611328125000000e+03 8.205868339673099399e+03
1.072661833390127867e+03 8.196685546875000000e+03 8.206146244123323413e+03
1.072682267036288977e+03 8.197953125000000000e+03 8.206424531075834238e+03
1.072702700782101601e+03 8.205725585937500000e+03 8.206702828411911469e+03
1.072723134628962725e+03 8.200350585937500000e+03 8.206980759959618808e+03
1.072743568276055157e+03 8.204040039062500000e+03 8.207257945443529024e+03
1.072764002023264766e+03 8.207211914062500000e+03 8.207534012749634712e+03
1.072784435871057212e+03 8.203084960937500000e+03 8.207808585676570146e+03
1.072804869519080967e+03 8.203407226562500000e+03 8.208081284012794640e+03
1.072825303367804736e+03 8.208153320312500000e+03 8.208351736911752596e+03
1.072845737116411328e+03 8.204735351562500000e+03 8.208619564186006755e+03
1.072866170765366405e+03 8.208487304687500000e+03 8.208884389694441779e+03
1.072886604615487158e+03 8.203705078125000000e+03 8.209145841123019636e+03
1.072907038365025073e+03 8.205824218750000000e+03 8.209403538396507429e+03
1.072927472115494311e+03 8.211862304687500000e+03 8.209657106633436342e+03
1.072947905865963548e+03 8.207522460937500000e+03 8.209906169633421086e+03
1.072968339616898447e+03 8.211574218750000000e+03 8.210150351213418617e+03
1.072988773468416184e+03 8.209248046875000000e+03 8.210389276341635195e+03
1.073009207120165229e+03 8.212945312500000000e+03 8.210622565357683925e+03
1.073029640872031450e+03 8.215368164062500000e+03 8.210849845538843510e+03
1.073050074724480510e+03 8.217730468750000000e+03 8.211070740610331995e+03
1.073070508477278054e+03 8.216055664062500000e+03 8.211284872216925578e+03
1.073090942130424082e+03 8.217614257812500000e+03 8.211491864271638406e+03
1.073111375983804464e+03 8.210614257812500000e+03 8.211691343569038509e+03
1.073131809737533331e+03 8.208871093750000000e+03 8.211882930936455523e+03
1.073152243492193520e+03 8.209955078125000000e+03 8.212066251184758585e+03
1.073172677246388048e+03 8.212666992187500000e+03 8.212240928112376423e+03
1.073193110901396722e+03 8.215216796875000000e+03 8.212406584753214702e+03
1.073213544756639749e+03 8.211978515625000000e+03 8.212562847277135006e+03
1.073233978512696922e+03 8.212582031250000000e+03 8.212709337134947418e+03
1.073254412268288434e+03 8.221905273437500000e+03 8.212845678916397446e+03
1.073274846024811268e+03 8.213084960937500000e+03 8.212971496441599811e+03
1.073295279781334102e+03 8.219358398437500000e+03 8.213086413515211461e+03
1.073315713438671082e+03 8.213148437500000000e+03 8.213190053473252192e+03
1.073336147295776755e+03 8.208294921875000000e+03 8.213282142965717867e+03
1.073356581053696573e+03 8.215207031250000000e+03 8.213362816214736085e+03
1.073377014911733568e+03 8.214255859375000000e+03 8.213432313488381624e+03
1.073397448570467532e+03 8.217452148437500000e+03 8.213490873327984445e+03
1.073417882729321718e+03 8.220805664062500000e+03 8.213538736983970011e+03
1.073438316588755697e+03 8.212211914062500000e+03 8.213576141911122249e+03
1.073458750248420984e+03 8.218774414062500000e+03 8.213603328154988048e+03
1.073479184008203447e+03 8.210460937500000000e+03 8.213620535668245793e+03
1.073499617868568748e+03 8.221469726562500000e+03 8.213628003785561305e+03
1.073520051529165357e+03 8.220051757812500000e+03 8.213625971946461505e+03
1.073540485389996320e+03 8.215598632812500000e+03 8.213614679591963068e+03
1.073560919051524252e+03 8.223702148437500000e+03 8.213594366420255028e+03
1.073581352813169360e+03 8.220600585937500000e+03 8.213565271678362478e+03
1.073601786675397307e+03 8.215615234375000000e+03 8.213527634717609544e+03
1.073622220337856561e+03 8.220340820312500000e+03 8.213481695631851835e+03
1.073642654100898653e+03 8.211828125000000000e+03 8.213427693285333589e+03
1.073663087964057922e+03 8.212120117187500000e+03 8.213365867041895399e+03
1.073683521727565676e+03 8.219133789062500000e+03 8.213296456986337944e+03
1.073703955491539091e+03 8.204557617187500000e+03 8.213219702313854214e+03
1.073724389255978167e+03 8.211787109375000000e+03 8.213135842503630556e+03
1.073744823020417243e+03 8.209423828125000000e+03 8.213045117037023374e+03
1.073765256785321981e+03 8.215511718750000000e+03 8.212947765391429130e+03
1.073785690550692379e+03 8.208927734375000000e+03 8.212844027046117844e+03
1.073806124316528440e+03 8.216812500000000000e+03 8.212734141480379549e+03
1.073826558182481676e+03 8.219194335937500000e+03 8.212618347594830993e+03
1.073867425715550780e+03 8.212901367187500000e+03 8.212369995628312608e+03
1.073887859482783824e+03 8.214880859375000000e+03 8.212237915953071933e+03
1.073908293150365353e+03 8.210018554687500000e+03 8.212100887138882172e+03
1.073928727018181235e+03 8.210554687500000000e+03 8.211959146619125022e+03
1.073949160786345601e+03 8.212767578125000000e+03 8.211812935919600932e+03
1.073969594454858452e+03 8.209566406250000000e+03 8.211662494583793887e+03
1.073990028323605657e+03 8.210624023437500000e+03 8.211508059853584200e+03
1.074010462093167007e+03 8.207060546875000000e+03 8.211349873442755779e+03
1.074030895762611181e+03 8.210619140625000000e+03 8.211188174891525705e+03
1.074051329632755369e+03 8.201935546875000000e+03 8.211023201274550956e+03
1.074071763403248042e+03 8.206714843750000000e+03 8.210855194472926087e+03
1.074092197273857892e+03 8.211761718750000000e+03 8.210684392326493253e+03
1.074112630944699049e+03 8.199130859375000000e+03 8.210511036841115128e+03
1.074133064716123044e+03 8.196690429687500000e+03 8.210335364966609632e+03
1.074153498588129878e+03 8.197821289062500000e+03 8.210157616150485410e+03
1.074173932260368019e+03 8.204612304687500000e+03 8.209978032499333494e+03
1.074194366032723337e+03 8.204798828125000000e+03 8.209796850870381604e+03
1.074214799805544317e+03 8.201687500000000000e+03 8.209614311615019687e+03
1.074235233578830957e+03 8.196903320312500000e+03 8.209430654213145317e+03
1.074255667452234775e+03 8.197591796875000000e+03 8.209246117242997570e+03
1.074276101126335561e+03 8.199798828125000000e+03 8.209060942893866013e+03
1.074296534900553524e+03 8.196886718750000000e+03 8.208875367936441762e+03
1.074316968775354326e+03 8.199581054687500000e+03 8.208689631842407834e+03
1.074337402550503612e+03 8.203533203125000000e+03 8.208503975912850365e+03
1.074357836225535721e+03 8.203892578125000000e+03 8.208318639629142126e+03
1.074378270101733506e+03 8.217255859375000000e+03 8.208133859742230925e+03
1.074398703877348453e+03 8.204963867187500000e+03 8.207949878465573420e+03
1.074419137653894722e+03 8.204649414062500000e+03 8.207766934359817242e+03
1.074439571430906653e+03 8.216749023437500000e+03 8.207585266909365600e+03
1.074460005207918584e+03 8.226585937500000000e+03 8.207405115598534394e+03
1.074480439085513353e+03 8.204105468750000000e+03 8.207226719034035341e+03
1.074500872763339430e+03 8.210462890625000000e+03 8.207050319304271397e+03
1.074521306541748345e+03 8.214284179687500000e+03 8.206876153281435109e+03
1.074541740420274436e+03 8.212806640625000000e+03 8.206704460484354058e+03
1.074562174099031836e+03 8.205594726562500000e+03 8.206535482893701555e+03
1.074582607878372073e+03 8.211590820312500000e+03 8.206369457485565363e+03
1.074603041757829487e+03 8.215518554687500000e+03 8.206206623789206787e+03
1.074623475437983871e+03 8.203353515625000000e+03 8.206047223646470229e+03
1.074643909318372607e+03 8.216921875000000000e+03 8.205891493422666827e+03
1.074664343099109828e+03 8.211805664062500000e+03 8.205739674911232214e+03
1.074684776780195534e+03 8.201520507812500000e+03 8.205592007479064705e+03
1.074705210661515594e+03 8.205863281250000000e+03 8.205448647966321005e+03
1.074725644443649799e+03 8.213959960937500000e+03 8.205309515705244849e+03
1.074746078125666827e+03 8.203511718750000000e+03 8.205174482608774269e+03
1.074766512007918209e+03 8.204328125000000000e+03 8.205043418689057944e+03
1.074786945790983737e+03 8.217187500000000000e+03 8.204916197863207344e+03
1.074807379674166441e+03 8.213243164062500000e+03 8.204792690856731497e+03
1.074827813357580453e+03 8.207015625000000000e+03 8.204672771423127415e+03
1.074848247141577303e+03 8.208005859375000000e+03 8.204556309741379664e+03
1.074868680926039815e+03 8.210795898437500000e+03 8.204443178375404386e+03
1.074889114710967988e+03 8.207270507812500000e+03 8.204333249292869368e+03
1.074909548495430499e+03 8.210008789062500000e+03 8.204226394466226338e+03
1.074929982280824333e+03 8.209997070312500000e+03 8.204122485855707055e+03
1.074950416066683829e+03 8.214397460937500000e+03 8.204021395431396741e+03
1.074970849952660501e+03 8.202491210937500000e+03 8.203922994687378377e+03
1.074991283639334142e+03 8.198855468750000000e+03 8.203827157013973192e+03
1.075011717426124960e+03 8.201451171875000000e+03 8.203733752955904492e+03
1.075032151313032955e+03 8.192822265625000000e+03 8.203642654515409959e+03
1.075052585100755095e+03 8.206255859375000000e+03 8.203553734548046123e+03
1.075073018788360059e+03 8.200966796875000000e+03 8.203466864994323259e+03
1.075093452676665038e+03 8.199568359375000000e+03 8.203381916557264049e+03
1.075113886465318501e+03 8.199088867187500000e+03 8.203298762466811240e+03
1.075134320354089141e+03 8.202494140625000000e+03 8.203217273876083709e+03
1.075154754043556750e+03 8.206896484375000000e+03 8.203137323934995948e+03
1.075175187833141536e+03 8.205347656250000000e+03 8.203058783428479728e+03
1.075195621723309159e+03 8.202479492187500000e+03 8.202981524341923432e+03
1.075216055413708091e+03 8.198187500000000000e+03 8.202905419769558648e+03
1.075236489204224199e+03 8.203783203125000000e+03 8.202830340553671704e+03
1.075256923095323145e+03 8.198774414062500000e+03 8.202756158674044855e+03
1.075277356786653399e+03 8.204684570312500000e+03 8.202682747182467210e+03
1.075297790578566492e+03 8.206927734375000000e+03 8.202609976961888606e+03
1.075318224470596761e+03 8.206407226562500000e+03 8.202537719989779362e+03
1.075338658163323998e+03 8.205989257812500000e+03 8.202465849289113976e+03
1.075359092056285590e+03 8.198313476562500000e+03 8.202394235421084886e+03
1.075379525849130005e+03 8.202302734375000000e+03 8.202322751407189571e+03
1.075399959542788565e+03 8.202057617187500000e+03 8.202251269210490136e+03
1.075420393436681479e+03 8.200207031250000000e+03 8.202179659750192513e+03
1.075440827230922878e+03 8.203872070312500000e+03 8.202107796043243070e+03
1.075461260925978422e+03 8.208563476562500000e+03 8.202035550059907109e+03
1.075481694820802659e+03 8.206896484375000000e+03 8.201962792706990513e+03
1.075502128615975380e+03 8.203399414062500000e+03 8.201889397013792404e+03
1.075522562411613762e+03 8.194680664062500000e+03 8.201815234592380875e+03
1.075542996207717806e+03 8.211102539062500000e+03 8.201740177409930766e+03
1.075563430004287511e+03 8.198959960937500000e+03 8.201664097433600546e+03
1.075583863800857216e+03 8.200749023437500000e+03 8.201586866632305828e+03
1.075604297597892582e+03 8.207361328125000000e+03 8.201508356971453395e+03
1.075624731395393610e+03 8.198913085937500000e+03 8.201428440418159880e+03
1.075645165193360299e+03 8.193912109375000000e+03 8.201346988939520088e+03
1.075665598991792649e+03 8.196083007812500000e+03 8.201263874502612452e+03
1.075686032890342176e+03 8.200689453125000000e+03 8.201178968655860444e+03
1.075706466689240187e+03 8.196695312500000000e+03 8.201092144195919900e+03
1.075726900388486683e+03 8.200596679687500000e+03 8.201003273118974903e+03
1.075747334287967533e+03 8.207496093750000000e+03 8.200912226072168778e+03
1.075767768087796867e+03 8.199959960937500000e+03 8.200818876342487783e+03
1.075788201787974685e+03 8.203489257812500000e+03 8.200723095931707576e+03
1.075808635688852519e+03 8.202696289062500000e+03 8.200624755380456918e+03
1.075829069490078837e+03 8.200500000000000000e+03 8.200523728082043817e+03
1.075849503390956670e+03 8.204308593750000000e+03 8.200419885016857734e+03
1.075869937092997134e+03 8.205046875000000000e+03 8.200313099690041781e+03
1.075890370895154774e+03 8.198944335937500000e+03 8.200203242528030387e+03
1.075910804797429591e+03 8.197182617187500000e+03 8.200090185451843354e+03
1.075931238500401378e+03 8.196278320312500000e+03 8.199973802109147073e+03
1.075951672303490341e+03 8.197844726562500000e+03 8.199853962786171905e+03
1.075972106207162142e+03 8.199151367187500000e+03 8.199730539395432061e+03
1.075992539911065251e+03 8.197249023437500000e+03 8.199603405744881456e+03
1.076012973715085536e+03 8.193723632812500000e+03 8.199472431963244162e+03
1.076033407619688660e+03 8.203942382812500000e+03 8.199337489957097205e+03
1.076053841324523091e+03 8.199435546875000000e+03 8.199198454083067190e+03
1.076074275229591876e+03 8.195786132812500000e+03 8.199055277770607063e+03
1.076094709035474807e+03 8.198622070312500000e+03 8.198908108213276137e+03
1.076115142841357738e+03 8.200495117187500000e+03 8.198757115732245438e+03
1.076135576648171991e+03 8.189402343750000000e+03 8.198602471326574232e+03
1.076156010454520583e+03 8.203901367187500000e+03 8.198444346012911410e+03
1.076176444261800498e+03 8.200809570312500000e+03 8.198282910786543653e+03
1.076196878069080412e+03 8.192412109375000000e+03 8.198118336660816567e+03
1.076217311876825988e+03 8.203310546875000000e+03 8.197950794638103616e+03
1.076237745685037225e+03 8.195973632812500000e+03 8.197780455724441708e+03
1.076258179493248463e+03 8.201062500000000000e+03 8.197607490929858614e+03
1.076278613302391022e+03 8.195350585937500000e+03 8.197432071252547757e+03
1.076299047111533582e+03 8.197608398437500000e+03 8.197254367706609628e+03
1.076319480921141803e+03 8.195848632812500000e+03 8.197074551294183038e+03
1.076339914730750024e+03 8.192793945312500000e+03 8.196892793025581341e+03
1.076360348640941083e+03 8.212095703125000000e+03 8.196709262999598650e+03
1.076380782351829112e+03 8.196100585937500000e+03 8.196524134928007697e+03
1.076401216262951493e+03 8.204238281250000000e+03 8.196337576198344323e+03
1.076421650073956698e+03 8.195261718750000000e+03 8.196149760549007624e+03
1.076442083785776049e+03 8.187246093750000000e+03 8.195960858994912996e+03
1.076462517697829753e+03 8.193784179687500000e+03 8.195771039767150796e+03
1.076482951510231942e+03 8.197725585937500000e+03 8.195580476651492063e+03
1.076503385222982615e+03 8.188822265625000000e+03 8.195389340663929033e+03
1.076523819135967642e+03 8.192105468750000000e+03 8.195197800002304575e+03
1.076544252949301153e+03 8.193007812500000000e+03 8.195006028481468093e+03
1.076564686863217503e+03 8.195857421875000000e+03 8.194814195230390396e+03
1.076585120577365160e+03 8.197163085937500000e+03 8.194622474074765705e+03
1.076605554392095655e+03 8.193342773437500000e+03 8.194431033201701212e+03
1.076625988306477666e+03 8.203050781250000000e+03 8.194240043631707522e+03
1.076646422022022307e+03 8.187880371093750000e+03 8.194049679156963975e+03
1.076666855837218463e+03 8.196583007812500000e+03 8.193860107998152671e+03
1.076687289753463119e+03 8.194386718750000000e+03 8.193671501161701599e+03
1.076707723469939083e+03 8.191791992187500000e+03 8.193484032422802557e+03
1.076728157286532223e+03 8.190761718750000000e+03 8.193297870027879981e+03
1.076748591203242540e+03 8.185382324218750000e+03 8.193113185003856415e+03
1.076769024920649827e+03 8.200646484375000000e+03 8.192930151051812572e+03
1.076789458838291466e+03 8.187973632812500000e+03 8.192748935600615368e+03
1.076809892556630075e+03 8.199049804687500000e+03 8.192569713199012767e+03
1.076850760293193161e+03 8.181500976562500000e+03 8.192217923684258494e+03
1.076871194112580270e+03 8.189607910156250000e+03 8.192045700318230956e+03
1.076891627832315862e+03 8.191949218750000000e+03 8.191876153090966909e+03
1.076912061751820147e+03 8.189745605468750000e+03 8.191709450545078653e+03
1.076932495572138578e+03 8.195121093750000000e+03 8.191545766147451104e+03
1.076952929392457008e+03 8.191957031250000000e+03 8.191385270088415382e+03
1.076973363213241100e+03 8.203521484375000000e+03 8.191228133370980686e+03
1.076993797034490854e+03 8.189188476562500000e+03 8.191074527001938804e+03
1.077014230956323445e+03 8.194904296875000000e+03 8.190924621262986875e+03
1.077034664677921683e+03 8.181147460937500000e+03 8.190778589339624887e+03
1.077055098500568420e+03 8.186433105468750000e+03 8.190636600056686802e+03
1.077075532422866672e+03 8.191537597656250000e+03 8.190498824491300184e+03
1.077095966145861894e+03 8.196159179687500000e+03 8.190365435634112146e+03
1.077116400069557130e+03 8.188218750000000000e+03 8.190236601882139439e+03
1.077136833893135190e+03 8.197299804687500000e+03 8.190112496172694591e+03
1.077157267617061734e+03 8.184615234375000000e+03 8.189993289439004002e+03
1.077177701541688293e+03 8.188875000000000000e+03 8.189879150972691605e+03
1.077198135366197675e+03 8.194795898437500000e+03 8.189770253498543752e+03
1.077218569091521204e+03 8.184217773437500000e+03 8.189666767940340833e+03
1.077239003016613424e+03 8.190350097656250000e+03 8.189568863831501403e+03
1.077259436842519790e+03 8.198840820312500000e+03 8.189476713652711624e+03
1.077279870768543333e+03 8.189501953125000000e+03 8.189390487514072447e+03
1.077300304495263845e+03 8.188650878906250000e+03 8.189310357641794326e+03
1.077320738322101533e+03 8.195085937500000000e+03 8.189236493823622368e+03
1.077341172249522060e+03 8.189034179687500000e+03 8.189169067158175494e+03
1.077361605976708233e+03 8.181156738281250000e+03 8.189108249596865789e+03
1.077382039804942906e+03 8.198384765625000000e+03 8.189054211201175349e+03
1.077402473732829094e+03 8.185548339843750000e+03 8.189007123082676117e+03
1.077422907461877912e+03 8.190182617187500000e+03 8.188967156053883627e+03
1.077443341290578246e+03 8.182941894531250000e+03 8.188934413483855678e+03
1.077463775120209903e+03 8.191389648437500000e+03 8.188908886334036652e+03
1.077484209049493074e+03 8.184085449218750000e+03 8.188890554175575744e+03
1.077504642879590392e+03 8.189932128906250000e+03 8.188879396828398967e+03
1.077525076710153371e+03 8.194579101562500000e+03 8.188875393827443986e+03
1.077545510441064835e+03 8.191592773437500000e+03 8.188878524781792294e+03
1.077565944371744990e+03 8.183958007812500000e+03 8.188888769431025139e+03
1.077586378203239292e+03 8.193510742187500000e+03 8.188906107319111470e+03
1.077606811935082078e+03 8.185420410156250000e+03 8.188930517983641039e+03
1.077627245867624879e+03 8.196552734375000000e+03 8.188961981477159497e+03
1.077647679699584842e+03 8.187715332031250000e+03 8.189000477028916976e+03
1.077668113532476127e+03 8.188968261718750000e+03 8.189045984420048626e+03
1.077688547365833074e+03 8.193914062500000000e+03 8.189098483291604680e+03
1.077708981199655682e+03 8.191393554687500000e+03 8.189157953285435724e+03
1.077729415133595467e+03 8.191879882812500000e+03 8.189224374384210023e+03
1.077749848867766559e+03 8.191497558593750000e+03 8.189297725203765367e+03
1.077770282702520490e+03 8.185259277343750000e+03 8.189377986413221151e+03
1.077790716637391597e+03 8.186091308593750000e+03 8.189465137753770250e+03
1.077811150372494012e+03 8.182251464843750000e+03 8.189559157537456485e+03
1.077831584308296442e+03 8.181461914062500000e+03 8.189660027248608458e+03
1.077852018143981695e+03 8.194581054687500000e+03 8.189767725094167872e+03
1.077872451880481094e+03 8.187844238281250000e+03 8.189882230620634800e+03
1.077892885817214847e+03 8.189021484375000000e+03 8.190003525197654199e+03
1.077913319654297084e+03 8.190561035156250000e+03 8.190131586736545614e+03
1.077933753391727805e+03 8.188345703125000000e+03 8.190266394779801885e+03
1.077954187329392880e+03 8.192641601562500000e+03 8.190407930996942014e+03
1.077974621167872101e+03 8.192661132812500000e+03 8.190556173005225901e+03
1.077995055106002837e+03 8.194375976562500000e+03 8.190711101888530720e+03
1.078015488844830543e+03 8.195542968750000000e+03 8.190872694972742465e+03
1.078035922684241086e+03 8.194077148437500000e+03 8.191040934222500255e+03
1.078056356523651630e+03 8.194998046875000000e+03 8.191215798500116762e+03
1.078076790363527834e+03 8.194528320312500000e+03 8.191397267451153311e+03
1.078097224203869700e+03 8.187036621093750000e+03 8.191585320717405921e+03
1.078117658144328743e+03 8.192217773437500000e+03 8.191779938905752715e+03
1.078138091885484755e+03 8.191875976562500000e+03 8.191981098758089502e+03
1.078158525726757944e+03 8.186481933593750000e+03 8.192188782815806917e+03
1.078178959568031132e+03 8.191377929687500000e+03 8.192402969750661214e+03
1.078199393410235643e+03 8.190773925781250000e+03 8.192623639214200011e+03
1.078219827352557331e+03 8.196778320312500000e+03 8.192850771966797765e+03
1.078240261195227504e+03 8.190613281250000000e+03 8.193084345429404493e+03
1.078260694938246161e+03 8.177063964843750000e+03 8.193324339149274238e+03
1.078281128881499171e+03 8.120768066406250000e+03 8.193570736337200287e+03
1.078301562725566328e+03 8.081848632812500000e+03 8.193823513071476555e+03
1.078321996469516307e+03 8.064428710937500000e+03 8.194082648888717813e+03
1.078342430413700640e+03 8.065265136718750000e+03 8.194348127285884402e+03
1.078362864258699119e+03 8.049828613281250000e+03 8.194619924061218626e+03
1.078383298203814775e+03 8.051766601562500000e+03 8.194898021507253361e+03
1.078403731949627399e+03 8.065022460937500000e+03 8.195182395144576731e+03
1.078424165795091540e+03 8.054331054687500000e+03 8.195473028729145881e+03
1.078444599741604179e+03 8.047588867187500000e+03 8.195769902014213585e+03
1.078465033487882465e+03 8.070041503906250000e+03 8.196072990218624909e+03
1.078485467334743589e+03 8.074164550781250000e+03 8.196382277400207386e+03
1.078505901282187551e+03 8.066568359375000000e+03 8.196697743291661027e+03
1.078526335029862821e+03 8.068992675781250000e+03 8.197019362852506674e+03
1.078546768977772444e+03 8.112594238281250000e+03 8.197347122020049937e+03
1.078567202826030552e+03 8.168195312500000000e+03 8.197680995670722041e+03
1.078587636574637145e+03 8.202646484375000000e+03 8.198020963356511857e+03
1.078608070523478091e+03 8.203504882812500000e+03 8.198367009753017555e+03
1.078628504372667521e+03 8.196451171875000000e+03 8.198719109467841918e+03
1.078648938122671098e+03 8.197655273437500000e+03 8.199077242062096047e+03
1.078669372072909027e+03 8.204166992187500000e+03 8.199441392469554557e+03
1.078689805923029780e+03 8.197351562500000000e+03 8.199811535023167380e+03
1.078710239773616195e+03 8.189568847656250000e+03 8.200187651142347022e+03
1.078730673625133932e+03 8.194688476562500000e+03 8.200569720477593364e+03
1.078751107476186007e+03 8.202732421875000000e+03 8.200957722644303431e+03
1.078771541328169405e+03 8.201110351562500000e+03 8.201351637310513979e+03
1.078791975180152804e+03 8.197538085937500000e+03 8.201751440375721359e+03
1.078812409032601863e+03 8.200713867187500000e+03 8.202156960173477273e+03
1.078832842885516584e+03 8.197740234375000000e+03 8.202567831657466741e+03
1.078853276738896966e+03 8.197417968750000000e+03 8.202983676691450455e+03
1.078873710592277348e+03 8.202156250000000000e+03 8.203404117129506631e+03
1.078894144546240568e+03 8.200468750000000000e+03 8.203828776935100905e+03
1.078914578300435096e+03 8.205810546875000000e+03 8.204257271700789715e+03
1.078935012254863977e+03 8.202058593750000000e+03 8.204689231675618430e+03
1.078955446110107005e+03 8.199790039062500000e+03 8.205124272418090186e+03
1.078975879865232855e+03 8.197983398437500000e+03 8.205562015729334234e+03
1.078996313821058720e+03 8.202048828125000000e+03 8.206002089935007461e+03
1.079016747676767409e+03 8.211458007812500000e+03 8.206444110436092160e+03
1.079037181433290243e+03 8.205811523437500000e+03 8.206887699090229944e+03
1.079057615390047431e+03 8.202505859375000000e+03 8.207332484270422356e+03
1.079078049247153103e+03 8.210800781250000000e+03 8.207778081320124329e+03
1.079098483204375952e+03 8.207904296875000000e+03 8.208224116454846808e+03
1.079118916962295771e+03 8.214900390625000000e+03 8.208670205000626083e+03
1.079139350819867104e+03 8.205783203125000000e+03 8.209115975347578569e+03
1.079159784778486937e+03 8.210259765625000000e+03 8.209561049381794874e+03
1.079180218537338078e+03 8.210351562500000000e+03 8.210005042421151302e+03
1.079200652396772057e+03 8.213268554687500000e+03 8.210447582863625939e+03
1.079221086355857551e+03 8.210055664062500000e+03 8.210888292527957674e+03
1.079241520115640014e+03 8.204654296875000000e+03 8.211326786844740127e+03
1.079261954076122493e+03 8.212069335937500000e+03 8.211762696258068900e+03
1.079282387936487794e+03 8.215224609375000000e+03 8.212195636193688188e+03
1.079302821697201580e+03 8.224219726562500000e+03 8.212625228570739637e+03
1.079323255658615381e+03 8.215363281250000000e+03 8.213051101539995216e+03
1.079343689519912004e+03 8.210487304687500000e+03 8.213472870666522795e+03
1.079364123382139951e+03 8.214826171875000000e+03 8.213890159928188950e+03
1.079384557244367898e+03 8.217579101562500000e+03 8.214302591168565414e+03
1.079404991107061505e+03 8.207732421875000000e+03 8.214709786259765679e+03
1.079425424969755113e+03 8.217375976562500000e+03 8.215111367055194933e+03
1.079445858833380044e+03 8.216942382812500000e+03 8.215506955435605050e+03
1.079466292697004974e+03 8.216073242187500000e+03 8.215896173245379032e+03
1.079486726560629904e+03 8.214252929687500000e+03 8.216278642347328059e+03
1.079507160425186157e+03 8.213509765625000000e+03 8.216653984621207201e+03
1.079527594289742410e+03 8.229106445312500000e+03 8.217021821912185260e+03
1.079548028254881501e+03 8.219153320312500000e+03 8.217381777834832974e+03
1.079568462020251900e+03 8.220468750000000000e+03 8.217733469020255143e+03
1.079588895886205137e+03 8.226202148437500000e+03 8.218076522561656020e+03
1.079609329852275550e+03 8.215330078125000000e+03 8.218410560183847338e+03
1.079629763618577272e+03 8.215946289062500000e+03 8.218735198915030196e+03
1.079650197585579008e+03 8.228288085937500000e+03 8.219050066977122697e+03
1.079670631452463567e+03 8.226816406250000000e+03 8.219354781524367354e+03
1.079691065220162272e+03 8.220323242187500000e+03 8.219648964584557689e+03
1.079711499188095331e+03 8.225673828125000000e+03 8.219932242251041316e+03
1.079731933055911213e+03 8.224321289062500000e+03 8.220204232141511966e+03
1.079752366824541241e+03 8.227520507812500000e+03 8.220464556298813477e+03
1.079772800793405622e+03 8.227923828125000000e+03 8.220712840311691252e+03
1.079793234662618488e+03 8.220979492187500000e+03 8.220948702309033251e+03
1.079834102401975542e+03 8.226714843750000000e+03 8.221381651437865003e+03
1.079854536272585392e+03 8.225331054687500000e+03 8.221577982297425478e+03
1.079874970242846757e+03 8.217604492187500000e+03 8.221760380684934717e+03
1.079895404014270753e+03 8.228708984375000000e+03 8.221928465901710297e+03
1.079915837885346264e+03 8.214665039062500000e+03 8.222081862370605450e+03
1.079936271857004613e+03 8.223232421875000000e+03 8.222220191742297175e+03
1.079956705628894269e+03 8.222472656250000000e+03 8.222343073957452361e+03
1.079977139601483941e+03 8.227300781250000000e+03 8.222450133283171454e+03
1.079997573473956436e+03 8.218092773437500000e+03 8.222540989887953401e+03
1.080018007347360253e+03 8.228043945312500000e+03 8.222615266200735277e+03
1.080038441220298409e+03 8.222316406250000000e+03 8.222672584078165528e+03
1.080058875094167888e+03 8.218844726562500000e+03 8.222712565385849302e+03
1.080079308868385851e+03 8.225010742187500000e+03 8.222734831918238342e+03
1.080099742842838168e+03 8.220745117187500000e+03 8.222739005731702491e+03
1.080120176717638969e+03 8.222318359375000000e+03 8.222724708492667560e+03
1.080140610492788255e+03 8.230795898437500000e+03 8.222691562336332936e+03
1.080161044468171895e+03 8.219295898437500000e+03 8.222639205008395948e+03
1.080181478343904018e+03 8.220593750000000000e+03 8.222567660484635780e+03
1.080201912320218980e+03 8.221704101562500000e+03 8.222477339318151280e+03
1.080222346096765250e+03 8.220525390625000000e+03 8.222368671318550696e+03
1.080242779973428696e+03 8.214635742187500000e+03 8.222242083371602348e+03
1.080263213950674981e+03 8.215532226562500000e+03 8.222098003560997313e+03
1.080283647728152573e+03 8.221029296875000000e+03 8.221936862477232353e+03
1.080304081606213003e+03 8.214850585937500000e+03 8.221759086222395126e+03
1.080324515584390610e+03 8.222063476562500000e+03 8.221565102906117318e+03
1.080344949362799525e+03 8.224622070312500000e+03 8.221355343839235502e+03
1.080365383341908455e+03 8.215629882812500000e+03 8.221130233260080786e+03
1.080385817220900208e+03 8.223298828125000000e+03 8.220890202717884677e+03
1.080406251000706106e+03 8.209727539062500000e+03 8.220635680764446079e+03
1.080426684980746359e+03 8.213642578125000000e+03 8.220367091912417891e+03
1.080447118861135095e+03 8.223835937500000000e+03 8.220084868348416421e+03
1.080467552641872317e+03 8.213006835937500000e+03 8.219789438616449843e+03
1.080487986622843891e+03 8.220192382812500000e+03 8.219481226633053666e+03
1.080508420504163951e+03 8.206923828125000000e+03 8.219160665175888425e+03
1.080528854486066848e+03 8.221067382812500000e+03 8.218828179455153077e+03
1.080549288267735392e+03 8.216299804687500000e+03 8.218484202798363185e+03
1.080569722150452435e+03 8.215755859375000000e+03 8.218129158564215686e+03
1.080590156132820994e+03 8.217064453125000000e+03 8.217763474964875059e+03
1.080610589916352183e+03 8.214833007812500000e+03 8.217387585765227414e+03
1.080631023799534887e+03 8.213948242187500000e+03 8.217001913895543112e+03
1.080651457783300430e+03 8.208396484375000000e+03 8.216606887545471182e+03
1.080671891667414457e+03 8.213137695312500000e+03 8.216202938934884514e+03
1.080692325551994145e+03 8.220352539062500000e+03 8.215790494498187400e+03
1.080712759436573833e+03 8.212968750000000000e+03 8.215369982592399538e+03
1.080733193221967667e+03 8.216833007812500000e+03 8.214941833661516284e+03
1.080753627207595855e+03 8.214860351562500000e+03 8.214506469725198258e+03
1.080774061093106866e+03 8.213524414062500000e+03 8.214064325478713727e+03
1.080794494879432023e+03 8.204779296875000000e+03 8.213615829346001192e+03
1.080814928865991533e+03 8.219659179687500000e+03 8.213161403058154974e+03
1.080835362752899528e+03 8.211494140625000000e+03 8.212701481589603645e+03
1.080855796540156007e+03 8.212843750000000000e+03 8.212236493365700881e+03
1.080876230527646840e+03 8.214181640625000000e+03 8.211766859875046066e+03
1.080896664415486157e+03 8.213408203125000000e+03 8.211293016324796554e+03
1.080917098403908312e+03 8.215662109375000000e+03 8.210815386424088501e+03
1.080937532192561775e+03 8.211648437500000000e+03 8.210334405567040449e+03
1.080957966081332415e+03 8.214093750000000000e+03 8.209850495066453732e+03
1.080978400070685893e+03 8.213983398437500000e+03 8.209364083219519671e+03
1.080998833860270679e+03 8.206167968750000000e+03 8.208875605540142715e+03
1.081019267750438303e+03 8.212537109375000000e+03 8.208385483210573511e+03
1.081039701740723103e+03 8.213750000000000000e+03 8.207894144569198033e+03
1.081060135531239212e+03 8.198577148437500000e+03 8.207402025181885620e+03
1.081080569522455335e+03 8.210885742187500000e+03 8.206909543754958577e+03
1.081101003413554281e+03 8.214723632812500000e+03 8.206417135885169046e+03
1.081121437205467373e+03 8.202557617187500000e+03 8.205925229894246513e+03
1.081141871197614819e+03 8.200372070312500000e+03 8.205434246928374705e+03
1.081162305090110749e+03 8.201473632812500000e+03 8.204944622549443011e+03
1.081182738982606679e+03 8.200037109375000000e+03 8.204456782708843093e+03
1.081203172875568271e+03 8.200286132812500000e+03 8.203971155743955023e+03
1.081223606769461185e+03 8.201985351562500000e+03 8.203488169992408075e+03
1.081244040763005614e+03 8.197781250000000000e+03 8.203008251492625277e+03
1.081264474557247013e+03 8.206340820312500000e+03 8.202531835589894399e+03
1.081284908451605588e+03 8.211412109375000000e+03 8.202059343625205656e+03
1.081305342446547002e+03 8.198166015625000000e+03 8.201591203997335469e+03
1.081325776241719723e+03 8.211781250000000000e+03 8.201127851902052498e+03
1.081346210137009621e+03 8.201650390625000000e+03 8.200669708851764881e+03
1.081366644132882357e+03 8.198083007812500000e+03 8.200217203264553973e+03
1.081387077928986400e+03 8.202654296875000000e+03 8.199770770097104105e+03
1.081407511825673282e+03 8.203922851562500000e+03 8.199330831090828724e+03
1.081427945822477341e+03 8.201067382812500000e+03 8.198897814703279437e+03
1.081448379619512707e+03 8.203518554687500000e+03 8.198472155585273867e+03
1.081468813617248088e+03 8.194929687500000000e+03 8.198054273746613035e+03
1.081489247515331954e+03 8.201849609375000000e+03 8.197644603737098805e+03
1.081509681313298643e+03 8.189884277343750000e+03 8.197243573791289236e+03
1.081530115311965346e+03 8.195600585937500000e+03 8.196851587556575396e+03
1.081550549210980535e+03 8.201552734375000000e+03 8.196468775297991670e+03
1.081570983010344207e+03 8.205186523437500000e+03 8.196095040446452913e+03
1.081591417009942234e+03 8.193561523437500000e+03 8.195730275382469699e+03
1.081611850909888744e+03 8.189208496093750000e+03 8.195374383324176961e+03
1.081632284910418093e+03 8.203280273437500000e+03 8.195027258582569630e+03
1.081652718710713089e+03 8.200714843750000000e+03 8.194688804003068071e+03
1.081673152611590922e+03 8.199328125000000000e+03 8.194358912338837399e+03
1.081693586613051593e+03 8.197487304687500000e+03 8.194037481514491446e+03
1.081714020414743572e+03 8.185327636718750000e+03 8.193724413992384143e+03
1.081734454317018390e+03 8.188812988281250000e+03 8.193419602909065361e+03
1.081754888319410384e+03 8.188686523437500000e+03 8.193122946191266237e+03
1.081775322122033685e+03 8.200944335937500000e+03 8.192834345932376891e+03
1.081795756124891341e+03 8.192816406250000000e+03 8.192553694281357821e+03
1.081816190028563142e+03 8.188275390625000000e+03 8.192280893208191628e+03
1.081836623832117766e+03 8.197726562500000000e+03 8.192015840410080273e+03
1.081857057836372405e+03 8.188447753906250000e+03 8.191758429840579993e+03
1.081877491740509868e+03 8.195142578125000000e+03 8.191508563144176151e+03
1.081897925645578653e+03 8.202575195312500000e+03 8.191266136828993695e+03
1.081918359550647438e+03 8.186329101562500000e+03 8.191031048705414833e+03
1.081938793456181884e+03 8.189707031250000000e+03 8.190803196567162558e+03
1.081959227461833507e+03 8.189744140625000000e+03 8.190582477154383923e+03
1.081979661268182099e+03 8.186551269531250000e+03 8.190368791448661796e+03
1.082000095174647868e+03 8.185856933593750000e+03 8.190162034066683191e+03
1.082020529081579298e+03 8.186456542968750000e+03 8.189962103866890175e+03
1.082040962988510728e+03 8.185422851562500000e+03 8.189768898652875578e+03
1.082061396895907819e+03 8.183980468750000000e+03 8.189582316219262793e+03
1.082081830903887749e+03 8.189579101562500000e+03 8.189402253498876235e+03
1.082102264712098986e+03 8.194060546875000000e+03 8.189228610890198979e+03
1.082122698620427400e+03 8.188396972656250000e+03 8.189061283596931389e+03
1.082143132629338652e+03 8.179464843750000000e+03 8.188900169506347083e+03
1.082163566438946873e+03 8.186775878906250000e+03 8.188745168737155836e+03
1.082184000448323786e+03 8.182126953125000000e+03 8.188596176060507787e+03
1.082204434358049184e+03 8.190645996093750000e+03 8.188453091502271491e+03
1.082224868168588728e+03 8.192429687500000000e+03 8.188315812772463687e+03
1.082245302178896964e+03 8.192329101562500000e+03 8.188184235703760351e+03
1.082265736090019345e+03 8.183404785156250000e+03 8.188058260061759938e+03
1.082286169901490211e+03 8.188333984375000000e+03 8.187937783567072074e+03
1.082306603912729770e+03 8.187531738281250000e+03 8.187822702292980466e+03
1.082327037824783474e+03 8.184632812500000000e+03 8.187712915761477234e+03
1.082347471836954355e+03 8.184520996093750000e+03 8.187608320699750948e+03
1.082367905649822205e+03 8.188264648437500000e+03 8.187508816401853437e+03
1.082388339562807232e+03 8.192075195312500000e+03 8.187414299171635321e+03
1.082408773575909436e+03 8.184140136718750000e+03 8.187324666880365839e+03
1.082429207389708608e+03 8.187485839843750000e+03 8.187239818605057735e+03
1.082449641303624958e+03 8.184263671875000000e+03 8.187159650866540687e+03
1.082470075318124145e+03 8.198783203125000000e+03 8.187084061529892097e+03
1.082490509132854640e+03 8.185325683593750000e+03 8.187012949472013133e+03
1.082510943147819489e+03 8.191333007812500000e+03 8.186946211099021639e+03
1.082531377063132823e+03 8.189468261718750000e+03 8.186883745221077334e+03
1.082551810978911817e+03 8.184724609375000000e+03 8.186825449299527463e+03
1.082572244895156473e+03 8.179372070312500000e+03 8.186771221133322797e+03
1.082592678811401129e+03 8.190123535156250000e+03 8.186720958522497313e+03
1.082613112728111446e+03 8.185963378906250000e+03 8.186674559264695745e+03
1.082633546645287424e+03 8.177787597656250000e+03 8.186631921158837031e+03
1.082653980562463403e+03 8.188298339843750000e+03 8.186592942004668657e+03
1.082674414480570704e+03 8.184967773437500000e+03 8.186557519599301486e+03
1.082694848398212343e+03 8.183979003906250000e+03 8.186525551743918186e+03
1.082715282316785306e+03 8.189152832031250000e+03 8.186496936235078465e+03
1.082735716235823929e+03 8.182475585937500000e+03 8.186471570872407028e+03
1.082756150154862553e+03 8.185385742187500000e+03 8.186449353455211167e+03
1.082797018093988299e+03 8.186203125000000000e+03 8.186413953578579822e+03
1.082817451914306730e+03 8.185392089843750000e+03 8.186400566861298103e+03
1.082837885834742337e+03 8.183912109375000000e+03 8.186389919211862434e+03
1.082858319855295122e+03 8.196768554687500000e+03 8.186381908468382790e+03
1.082878753676544875e+03 8.189277832031250000e+03 8.186376432528134501e+03
1.082899187698028982e+03 8.185864257812500000e+03 8.186373398113143594e+03
1.082919621619861573e+03 8.191884277343750000e+03 8.186372806001038043e+03
1.082940055442042649e+03 8.181697753906250000e+03 8.186374712556971645e+03
1.082960489464923739e+03 8.188287597656250000e+03 8.186379174960494311e+03
1.082980923387687653e+03 8.182566894531250000e+03 8.186386250297652623e+03
1.083001357210800052e+03 8.178916503906250000e+03 8.186395995662595851e+03
1.083021791234146804e+03 8.185155273437500000e+03 8.186408468351064585e+03
1.083042225158307701e+03 8.185489257812500000e+03 8.186423725333397670e+03
1.083062659182585776e+03 8.185103515625000000e+03 8.186441823891936110e+03
1.083083093007095158e+03 8.196505859375000000e+03 8.186462820872735392e+03
1.083103526932187378e+03 8.190025878906250000e+03 8.186486773695927695e+03
1.083123960956931114e+03 8.187482910156250000e+03 8.186513739537020228e+03
1.083144394782837480e+03 8.182967773437500000e+03 8.186543775112640105e+03
1.083164828708861023e+03 8.186803222656250000e+03 8.186576937972584346e+03
1.083185262735001743e+03 8.189954589843750000e+03 8.186613285295982678e+03
1.083205696661490947e+03 8.195215820312500000e+03 8.186652873860595719e+03
1.083226130588445812e+03 8.183940917968750000e+03 8.186695760969625553e+03
1.083246564515866339e+03 8.183787597656250000e+03 8.186742003756072336e+03
1.083266998443286866e+03 8.183515136718750000e+03 8.186791659351745693e+03
1.083287432371173054e+03 8.193392578125000000e+03 8.186844784890663504e+03
1.083307866299524903e+03 8.183740234375000000e+03 8.186901437505830472e+03
1.083328300128225237e+03 8.192671875000000000e+03 8.186961674026250876e+03
1.083348734157159925e+03 8.186432617187500000e+03 8.187025552495473676e+03
1.083369168086443096e+03 8.191760742187500000e+03 8.187093129135823801e+03
1.083389602016191930e+03 8.190866210937500000e+03 8.187164461384348215e+03
1.083410035946406424e+03 8.185506835937500000e+03 8.187239606374083451e+03
1.083430469876620919e+03 8.187239746093750000e+03 8.187318621236233412e+03
1.083450903907418251e+03 8.188625000000000000e+03 8.187401563521609205e+03
1.083471337738446891e+03 8.187967285156250000e+03 8.187488489114994991e+03
1.083491771669592708e+03 8.194622070312500000e+03 8.187579456395615125e+03
1.083512205701321363e+03 8.190656250000000000e+03 8.187674522558296303e+03
1.083532639533281326e+03 8.187301269531250000e+03 8.187773743308378471e+03
1.083553073465824127e+03 8.187058593750000000e+03 8.187877177206688430e+03
1.083573507498484105e+03 8.192357421875000000e+03 8.187984881446155669e+03
1.083593941331375390e+03 8.187887695312500000e+03 8.188096911547429045e+03
1.083614375364966691e+03 8.178937011718750000e+03 8.188213326839584624e+03
1.083634809298440814e+03 8.181931640625000000e+03 8.188334182774159672e+03
1.083655243132729083e+03 8.191907714843750000e+03 8.188459536424075850e+03
1.083675677167251706e+03 8.191909179687500000e+03 8.188589446792627314e+03
1.083696111101657152e+03 8.191225097656250000e+03 8.188723969136755841e+03
1.083716544936876744e+03 8.187444824218750000e+03 8.188863160527514992e+03
1.083736978972330689e+03 8.181322265625000000e+03 8.189007080172241331e+03
1.083757412908133119e+03 8.185395996093750000e+03 8.189155783126674578e+03
1.083777846944052726e+03 8.185935546875000000e+03 8.189309327978176952e+03
1.083798280780669302e+03 8.189841308593750000e+03 8.189467769574166596e+03
1.083818714717403054e+03 8.187550781250000000e+03 8.189631167333348458e+03
1.083839148754253983e+03 8.191926757812500000e+03 8.189799578461820602e+03
1.083859582691919059e+03 8.186283691406250000e+03 8.189973058450403187e+03
1.083880016529466957e+03 8.189614257812500000e+03 8.190151664349452403e+03
1.083900450567714870e+03 8.189566894531250000e+03 8.190335455959297178e+03
1.083920884506311268e+03 8.196462890625000000e+03 8.190524487749908076e+03
1.083941318444907665e+03 8.193802734375000000e+03 8.190718817737759309e+03
1.083961752383969724e+03 8.186958007812500000e+03 8.190918503060316652e+03
1.083982186323497444e+03 8.185763183593750000e+03 8.191123600850809453e+03
1.084002620263490826e+03 8.195597656250000000e+03 8.191334168242468877e+03
1.084023054203484207e+03 8.190247070312500000e+03 8.191550262363552974e+03
1.084043488043826073e+03 8.196804687500000000e+03 8.191771939252151242e+03
1.084063922084867954e+03 8.189113769531250000e+03 8.191999259341198922e+03
1.084084356025792658e+03 8.187705566406250000e+03 8.192232276458902561e+03
1.084104789867531508e+03 8.184563476562500000e+03 8.192471047664974321e+03
1.084125223909504712e+03 8.193865234375000000e+03 8.192715633634015830e+03
1.084145657851360738e+03 8.195408203125000000e+03 8.192966087946701009e+03
1.084166091893799603e+03 8.190310058593750000e+03 8.193222470196657014e+03
1.084186525736935437e+03 8.196973632812500000e+03 8.193484833710936073e+03
1.084206959680188447e+03 8.184546875000000000e+03 8.193753239423171181e+03
1.084227393723558635e+03 8.190813964843750000e+03 8.194027744555469326e+03
1.084247827567625791e+03 8.194683593750000000e+03 8.194308402173726790e+03
1.084268261511344463e+03 8.192476562500000000e+03 8.194595247822140664e+03
1.084288695556111634e+03 8.198666015625000000e+03 8.194888122651882441e+03
1.084309129401110113e+03 8.199099609375000000e+03 8.195186777651353623e+03
1.084329563446342945e+03 8.194313476562500000e+03 8.195490973596210097e+03
1.084349997391458601e+03 8.200093750000000000e+03 8.195800460986043618e+03
1.084370431237388402e+03 8.195962890625000000e+03 8.196114994690029562e+03
1.084390865283552557e+03 8.209868164062500000e+03 8.196434334284040233e+03
1.084411299230530858e+03 8.193286132812500000e+03 8.196758230054485466e+03
1.084431733177043498e+03 8.197347656250000000e+03 8.197086438463113154e+03
1.084452167124487460e+03 8.197508789062500000e+03 8.197418714463174183e+03
1.084472601071931422e+03 8.197385742187500000e+03 8.197754812970455532e+03
1.084493035119958222e+03 8.191372558593750000e+03 8.198094490596013202e+03
1.084513468968216330e+03 8.191247070312500000e+03 8.198437497252845787e+03
1.084533902916591614e+03 8.206016601562500000e+03 8.198783592881747609e+03
1.084554336965549737e+03 8.193218750000000000e+03 8.199132532464893302e+03
1.084574770814739168e+03 8.194136718750000000e+03 8.199484065784468839e+03
1.084595204764511436e+03 8.194550781250000000e+03 8.199837952919828240e+03
1.084615638813935220e+03 8.194530273437500000e+03 8.200193948818197896e+03
1.084636072764638811e+03 8.202973632812500000e+03 8.200551804953302053e+03
1.084656506714876741e+03 8.197867187500000000e+03 8.200911277962444728e+03
1.084676940666045994e+03 8.202329101562500000e+03 8.201272122800792204e+03
1.084697374517098069e+03 8.203590820312500000e+03 8.201634092606651393e+03
1.084717808568850160e+03 8.191811035156250000e+03 8.201996947646392073e+03
1.084738242520485073e+03 8.200240234375000000e+03 8.202360437514704245e+03
1.084758676372934133e+03 8.200591796875000000e+03 8.202724317151125433e+03
1.084779110425617546e+03 8.211523437500000000e+03 8.203088346819809885e+03
1.084799544378649443e+03 8.207238281250000000e+03 8.203452276109270315e+03
1.084819978431798518e+03 8.223816406250000000e+03 8.203815863505247762e+03
1.084840412285178900e+03 8.213725585937500000e+03 8.204178858605962887e+03
1.084860846239142120e+03 8.211629882812500000e+03 8.204541021682289283e+03
1.084881280293688178e+03 8.210624023437500000e+03 8.204902107650526887e+03
1.084901714147999883e+03 8.212855468750000000e+03 8.205261866134489537e+03
1.084922148102894425e+03 8.208139648437500000e+03 8.205620057371044823e+03
1.084942582158371806e+03 8.208645507812500000e+03 8.205976436265595112e+03
1.084963016014080495e+03 8.216564453125000000e+03 8.206330752524645504e+03
1.084983449969906360e+03 8.211095703125000000e+03 8.206682766294132307e+03
1.085003884025849402e+03 8.207208007812500000e+03 8.207032232468740403e+03
1.085024317882489413e+03 8.210590820312500000e+03 8.207378900877829437e+03
1.085044751939829439e+03 8.206590820312500000e+03 8.207722533236032177e+03
1.085065185897052288e+03 8.211266601562500000e+03 8.208062879391873139e+03
1.085085619854740798e+03 8.205176757812500000e+03 8.208399695974570932e+03
1.085106053812429309e+03 8.207749023437500000e+03 8.208732737906606417e+03
1.085126487770583481e+03 8.216921875000000000e+03 8.209061760125721776e+03
1.085146921729203314e+03 8.207265625000000000e+03 8.209386517561895744e+03
1.085167355688288808e+03 8.212132812500000000e+03 8.209706765145079771e+03
1.085187789647839963e+03 8.207018554687500000e+03 8.210022257805190748e+03
1.085208223707042634e+03 8.209285156250000000e+03 8.210332751966703654e+03
1.085228657567407936e+03 8.213354492187500000e+03 8.210637998061905819e+03
1.085249091527424753e+03 8.208076171875000000e+03 8.210937755518683844e+03
1.085269525588024408e+03 8.204580078125000000e+03 8.211231779198391450e+03
1.085289959448855370e+03 8.204569335937500000e+03 8.211519819752435069e+03
1.085310393410269171e+03 8.206398437500000000e+03 8.211801636388936458e+03
1.085330827471800148e+03 8.210180664062500000e+03 8.212076983938110061e+03
1.085351261334028095e+03 8.208558593750000000e+03 8.212345613343732111e+03
1.085371695396024734e+03 8.217632812500000000e+03 8.212607284780409827e+03
1.085392129358835518e+03 8.211719726562500000e+03 8.212861749297955612e+03
1.085412563221994787e+03 8.209579101562500000e+03 8.213108761927636806e+03
1.085432997284922749e+03 8.218478515625000000e+03 8.213348081163097959e+03
1.085453431248664856e+03 8.215208984375000000e+03 8.213579458375706963e+03
1.085473865112755448e+03 8.212484375000000000e+03 8.213802648607957963e+03
1.085494299177080393e+03 8.214688476562500000e+03 8.214017410003780242e+03
1.085514733141753823e+03 8.210264648437500000e+03 8.214223494278570797e+03
1.085535167006775737e+03 8.214835937500000000e+03 8.214420656491090995e+03
1.085555601072032005e+03 8.208583984375000000e+03 8.214608654397823557e+03
1.085576035037636757e+03 8.216697265625000000e+03 8.214787240101479256e+03
1.085596469103358686e+03 8.208927734375000000e+03 8.214956170275043405e+03
1.085616902969777584e+03 8.219201171875000000e+03 8.215115197444672958e+03
1.085637336936313659e+03 8.209197265625000000e+03 8.215264085389442698e+03
1.085657771003432572e+03 8.215152343750000000e+03 8.215402630279921141e+03
1.085678204870782793e+03 8.221370117187500000e+03 8.215530638258002000e+03
1.085698638838250190e+03 8.211467773437500000e+03 8.215647919390972675e+03
1.085719072906300426e+03 8.214397460937500000e+03 8.215754281633144274e+03
1.085739506874699146e+03 8.218473632812500000e+03 8.215849532051826827e+03
1.085780374811962247e+03 8.212150390625000000e+03 8.216005931501009400e+03
1.085800808781292289e+03 8.217195312500000000e+03 8.216066696754382065e+03
1.085821242751087993e+03 8.215049804687500000e+03 8.216115583173952473e+03
1.085841676720883697e+03 8.218560546875000000e+03 8.216152398869235185e+03
1.085862110691145062e+03 8.208042968750000000e+03 8.216176951951696537e+03
1.085882544661872089e+03 8.218620117187500000e+03 8.216189050531518660e+03
1.085902978632599115e+03 8.212041015625000000e+03 8.216188502719012831e+03
1.085923412604257464e+03 8.221065429687500000e+03 8.216175116624286602e+03
1.085943846575915813e+03 8.220825195312500000e+03 8.216148700358073256e+03
1.085964280547574162e+03 8.213318359375000000e+03 8.216109062031348003e+03
1.085984714619815350e+03 8.216577148437500000e+03 8.216056009460640780e+03
1.086005148492287844e+03 8.218424804687500000e+03 8.215989351635318599e+03
1.086025582465343177e+03 8.208660156250000000e+03 8.215908895786080393e+03
1.086046016538515687e+03 8.220922851562500000e+03 8.215814449821031303e+03
1.086066450412385166e+03 8.213616210937500000e+03 8.215705823337813854e+03
1.086086884486488998e+03 8.220515625000000000e+03 8.215582822321190179e+03
1.086107318460475653e+03 8.213948242187500000e+03 8.215445256583911032e+03
1.086127752335276455e+03 8.217225585937500000e+03 8.215292934445125866e+03
1.086148186409845948e+03 8.213076171875000000e+03 8.215125661677309836e+03
1.086168620385229588e+03 8.217831054687500000e+03 8.214943248727748141e+03
1.086189054260961711e+03 8.213637695312500000e+03 8.214745503933881992e+03
1.086209488336928189e+03 8.211610351562500000e+03 8.214532232390351055e+03
1.086229922313243151e+03 8.220009765625000000e+03 8.214303245222838086e+03
1.086250356289558113e+03 8.211809570312500000e+03 8.214058349540146082e+03
1.086270790266804397e+03 8.214009765625000000e+03 8.213797353440873849e+03
1.086291224244050682e+03 8.221417968750000000e+03 8.213520065046639502e+03
1.086311658321414143e+03 8.206513671875000000e+03 8.213226290988231995e+03
1.086332092199474573e+03 8.209613281250000000e+03 8.212915843802093150e+03
1.086352526177652180e+03 8.213251953125000000e+03 8.212588527171894384e+03
1.086372960256412625e+03 8.215939453125000000e+03 8.212244148951051102e+03
1.086393394134938717e+03 8.212357421875000000e+03 8.211882522445806899e+03
1.086413828114513308e+03 8.213564453125000000e+03 8.211503450561087448e+03
1.086434262193739414e+03 8.214066406250000000e+03 8.211106741175186471e+03
1.086454696173779666e+03 8.206216796875000000e+03 8.210692206257725047e+03
1.086475130153819919e+03 8.211236328125000000e+03 8.210259652036806074e+03
1.086495564134791493e+03 8.212481445312500000e+03 8.209808886602220809e+03
1.086515998115297407e+03 8.209759765625000000e+03 8.209339718094901400e+03
1.086536432096734643e+03 8.216798828125000000e+03 8.208851954592864786e+03
1.086556866078171879e+03 8.205430664062500000e+03 8.208345404227788094e+03
1.086577300060074776e+03 8.203186523437500000e+03 8.207819875098186458e+03
1.086597734042443335e+03 8.203456054687500000e+03 8.207275175313459840e+03
1.086618168024811894e+03 8.209403320312500000e+03 8.206711112996048541e+03
1.086638602107763290e+03 8.204343750000000000e+03 8.206127493335448889e+03
1.086659035990945995e+03 8.205687500000000000e+03 8.205524133164004525e+03
1.086679469974711537e+03 8.206265625000000000e+03 8.204900831868004389e+03
1.086699904058594257e+03 8.211449218750000000e+03 8.204257397277142445e+03
1.086720337942708284e+03 8.202611328125000000e+03 8.203593647093150139e+03
1.086740771926939487e+03 8.197173828125000000e+03 8.202909379834651190e+03
1.086761206012219191e+03 8.195293945312500000e+03 8.202204403276742596e+03
1.086781639897264540e+03 8.200534179687500000e+03 8.201478536075996089e+03
1.086802073882892728e+03 8.201708007812500000e+03 8.200731575810505092e+03
1.086822507968638092e+03 8.193740234375000000e+03 8.199963330295773630e+03
1.086842941854614764e+03 8.199404296875000000e+03 8.199173619073591908e+03
1.086863375941291451e+03 8.202133789062500000e+03 8.198362234774847821e+03
1.086883809927850962e+03 8.196190429687500000e+03 8.197528997294342844e+03
1.086904243815224618e+03 8.200247070312500000e+03 8.196673715025834099e+03
1.086924677902832627e+03 8.204772460937500000e+03 8.195796183382823074e+03
1.086945111890323460e+03 8.191453125000000000e+03 8.194896223210374956e+03
1.086965545878745615e+03 8.196166015625000000e+03 8.193973638331621260e+03
1.086985979867167771e+03 8.188464843750000000e+03 8.193028236897584065e+03
