1.338301889445632696e+03 8.132106933593750000e+03 8.124157778233365207e+03
1.338322322143707424e+03 8.137962890625000000e+03 8.126662603580954965e+03
1.338342754641547799e+03 8.127519531250000000e+03 8.129113961293002831e+03
1.338363187239971012e+03 8.125937988281250000e+03 8.131512376034897898e+03
1.338383619937580079e+03 8.130710937500000000e+03 8.133858335055145290e+03
1.338404052435886115e+03 8.143821289062500000e+03 8.136152292651817334e+03
1.338424485033378005e+03 8.135092773437500000e+03 8.138394770902617893e+03
1.338444917731452733e+03 8.138840820312500000e+03 8.140586257394827953e+03
1.338465350229293108e+03 8.140881347656250000e+03 8.142727208420870738e+03
1.338485782926902175e+03 8.143690429687500000e+03 8.144818154084141497e+03
1.338506215424276888e+03 8.143619140625000000e+03 8.146859541635010828e+03
1.338526648022234440e+03 8.152708007812500000e+03 8.148851889674489939e+03
1.338547080719377846e+03 8.147311035156250000e+03 8.150795685536088058e+03
1.338567513316869736e+03 8.151873046875000000e+03 8.152691398493212546e+03
1.338587945814244449e+03 8.147798339843750000e+03 8.154539517389569482e+03
1.338608378511853516e+03 8.155978027343750000e+03 8.156340557230076229e+03
1.338628811108879745e+03 8.153274902343750000e+03 8.158094979341327416e+03
1.338649243605788797e+03 8.159807617187500000e+03 8.159803272631894288e+03
1.338669676303397864e+03 8.166608398437500000e+03 8.161465950099413021e+03
1.338690108899958432e+03 8.166168457031250000e+03 8.163083475042395548e+03
1.338710541497450322e+03 8.153378906250000000e+03 8.164656344052033091e+03
1.338730974094010890e+03 8.163542968750000000e+03 8.166185045170375815e+03
1.338751406691037118e+03 8.169854492187500000e+03 8.167670066688895531e+03
1.338771839387714863e+03 8.169021484375000000e+03 8.169111903685100515e+03
1.338792271884623915e+03 8.164894042968750000e+03 8.170511023530845705e+03
1.338812704481184483e+03 8.178690429687500000e+03 8.171867935227090129e+03
1.338833137177862227e+03 8.170180175781250000e+03 8.173183126374664425e+03
1.338853569674771279e+03 8.166749023437500000e+03 8.174457066159118767e+03
1.338874002271331847e+03 8.172223144531250000e+03 8.175690261736245702e+03
1.338894434967543930e+03 8.184938964843750000e+03 8.176883200698803194e+03
1.338914867463987321e+03 8.178030761718750000e+03 8.178036354044427753e+03
1.338935300060547888e+03 8.177621582031250000e+03 8.179150227173036001e+03
1.338955732756759971e+03 8.176097656250000000e+03 8.180225307672082636e+03
1.338976165252737701e+03 8.179500488281250000e+03 8.181262068232339516e+03
1.338996597948949784e+03 8.187931640625000000e+03 8.182261017362473467e+03
1.339017030545044690e+03 8.187345703125000000e+03 8.183222628286975123e+03
1.339037463141139597e+03 8.188675781250000000e+03 8.184147394178189643e+03
1.339057895737234503e+03 8.178201171875000000e+03 8.185035803221500828e+03
1.339078328333329409e+03 8.188905273437500000e+03 8.185888343602297027e+03
1.339098760928958654e+03 8.180961425781250000e+03 8.186705503487733949e+03
1.339119193525053561e+03 8.191878417968750000e+03 8.187487771100432838e+03
1.339139626120682806e+03 8.191335449218750000e+03 8.188235634590098016e+03
1.339160058716312051e+03 8.188770019531250000e+03 8.188949582160301361e+03
1.339180491311941296e+03 8.195583984375000000e+03 8.189630101996395751e+03
1.339200923907570541e+03 8.190061035156250000e+03 8.190277682283731338e+03
1.339221356603316963e+03 8.196582031250000000e+03 8.190892814143003307e+03
1.339241789098829031e+03 8.190603027343750000e+03 8.191475976953519421e+03
1.339262221693992615e+03 8.192482421875000000e+03 8.192027667694455886e+03
1.339282654389273375e+03 8.191833984375000000e+03 8.192548374105703260e+03
1.339303086884785444e+03 8.189960449218750000e+03 8.193038576954604650e+03
1.339323519479949027e+03 8.193268554687500000e+03 8.193498771832937564e+03
1.339343952175229788e+03 8.197928710937500000e+03 8.193929446499987534e+03
1.339364384670276195e+03 8.196628906250000000e+03 8.194331083024935651e+03
1.339384817265439779e+03 8.190229492187500000e+03 8.194704175709230185e+03
1.339405249960720539e+03 8.193321289062500000e+03 8.195049212322166568e+03
1.339425682455766946e+03 8.200240234375000000e+03 8.195366676181001822e+03
1.339446115150582045e+03 8.193837890625000000e+03 8.195657061690093542e+03
1.339466547745279968e+03 8.191103515625000000e+03 8.195920852575885874e+03
1.339486980240326375e+03 8.197141601562500000e+03 8.196158537416111358e+03
1.339507412935141474e+03 8.189737792968750000e+03 8.196370607689645112e+03
1.339527845529373735e+03 8.192297851562500000e+03 8.196557548279086404e+03
1.339548278024420142e+03 8.198213867187500000e+03 8.196719847747444874e+03
1.339568710718769580e+03 8.199905273437500000e+03 8.196857996472237573e+03
1.339589143313467503e+03 8.197735351562500000e+03 8.196972480441965672e+03
1.339609575907699764e+03 8.200432617187500000e+03 8.197063788572357225e+03
1.339630008502397686e+03 8.202694335937500000e+03 8.197132409052843286e+03
1.339650441096629947e+03 8.204981445312500000e+03 8.197178830065560760e+03
1.339670873690862209e+03 8.198507812500000000e+03 8.197203539797574194e+03
1.339691306385211647e+03 8.199571289062500000e+03 8.197207026400024915e+03
1.339711738879326731e+03 8.198521484375000000e+03 8.197189778160500282e+03
1.339732171573676169e+03 8.201228515625000000e+03 8.197152282929386274e+03
1.339752604067791253e+03 8.191774902343750000e+03 8.197095029623626033e+03
1.339773036661557853e+03 8.201175781250000000e+03 8.197018505732845369e+03
1.339793469355441630e+03 8.195569335937500000e+03 8.196923199161503362e+03
1.339813901949673891e+03 8.196119140625000000e+03 8.196809588121164779e+03
1.339834334443323314e+03 8.195855468750000000e+03 8.196677986980448622e+03
1.339875199631322175e+03 8.193860351562500000e+03 8.196361561831992731e+03
1.339895632225088775e+03 8.191603027343750000e+03 8.196177108940632024e+03
1.339916064918506891e+03 8.205075195312500000e+03 8.195975408485890512e+03
1.339936497412156314e+03 8.203541015625000000e+03 8.195756648805256191e+03
1.339956930105574429e+03 8.202537109375000000e+03 8.195521010878223024e+03
1.339977362699341029e+03 8.188039062500000000e+03 8.195268683290169065e+03
1.339997795192524791e+03 8.192711914062500000e+03 8.194999851552496693e+03
1.340018227885942906e+03 8.189406250000000000e+03 8.194714696843409911e+03
1.340038660479243845e+03 8.199504882812500000e+03 8.194413408490969232e+03
1.340059093073010445e+03 8.192729492187500000e+03 8.194096170386301310e+03
1.340079525665845722e+03 8.189391601562500000e+03 8.193763167807543141e+03
1.340099958259146661e+03 8.193785156250000000e+03 8.193414585988386534e+03
1.340120390852447599e+03 8.183037109375000000e+03 8.193050610192149179e+03
1.340140823445282876e+03 8.193970703125000000e+03 8.192671425683562120e+03
1.340161256038583815e+03 8.202969726562500000e+03 8.192277217701248446e+03
1.340181688731536269e+03 8.187958007812500000e+03 8.191868169478759228e+03
1.340202121324371547e+03 8.192844726562500000e+03 8.191444470272490435e+03
1.340222553817089647e+03 8.201290039062500000e+03 8.191006305552369668e+03
1.340242986510042101e+03 8.190547851562500000e+03 8.190553854027986745e+03
1.340263419102877378e+03 8.182750976562500000e+03 8.190087307501557007e+03
1.340283851595595479e+03 8.188388671875000000e+03 8.189606851434845339e+03
1.340304284288547933e+03 8.187352050781250000e+03 8.189112663919848274e+03
1.340324716880917549e+03 8.189648437500000000e+03 8.188604937388096005e+03
1.340345149373635650e+03 8.193666992187500000e+03 8.188083857270035878e+03
1.340365582066122442e+03 8.184684082031250000e+03 8.187549601088328927e+03
1.340386014658492059e+03 8.187875488281250000e+03 8.187002361844120969e+03
1.340406447151210159e+03 8.183621093750000000e+03 8.186442324969916626e+03
1.340426879843231291e+03 8.183666503906250000e+03 8.185869667434780240e+03
1.340447312436066568e+03 8.182877929687500000e+03 8.185284582767948450e+03
1.340467745027970523e+03 8.193342773437500000e+03 8.184687253503459942e+03
1.340488177620340139e+03 8.189692871093750000e+03 8.184077864856779343e+03
1.340508610121440142e+03 8.186271484375000000e+03 8.183456604898611658e+03
1.340529042813926935e+03 8.186858398437500000e+03 8.182823650204240948e+03
1.340549475405830890e+03 8.180953613281250000e+03 8.182179194996613660e+03
1.340569907897617668e+03 8.184598632812500000e+03 8.181523424685055943e+03
1.340590340589638799e+03 8.177327636718750000e+03 8.180856514803527716e+03
1.340610773181542754e+03 8.183103027343750000e+03 8.180178660329818740e+03
1.340631205773446709e+03 8.184109863281250000e+03 8.179490043279163729e+03
1.340651638365350664e+03 8.177640136718750000e+03 8.178790848907443433e+03
1.340672070957254618e+03 8.178110839843750000e+03 8.178081262470529509e+03
1.340692503648810089e+03 8.178346191406250000e+03 8.177361465689220495e+03
1.340712936140596867e+03 8.184509765625000000e+03 8.176631654441380306e+03
1.340733368732500821e+03 8.167999511718750000e+03 8.175892003344371915e+03
1.340753801424056292e+03 8.178825195312500000e+03 8.175142697528027384e+03
1.340774234015494585e+03 8.163703125000000000e+03 8.174383929575196817e+03
1.340794666507281363e+03 8.164023925781250000e+03 8.173615884861917948e+03
1.340815099198371172e+03 8.165992187500000000e+03 8.172838737339547151e+03
1.340835531789809465e+03 8.162089355468750000e+03 8.172052683568454086e+03
1.340855964281130582e+03 8.162320312500000000e+03 8.171257908951722129e+03
1.340876396972686052e+03 8.172019531250000000e+03 8.170454586999046114e+03
1.340896829563658684e+03 8.175122558593750000e+03 8.169642914731053679e+03
1.340917262255214155e+03 8.166210937500000000e+03 8.168823069414381280e+03
1.340937694746069610e+03 8.159235351562500000e+03 8.167995248452751184e+03
1.340958127337507904e+03 8.166906250000000000e+03 8.167159624953792445e+03
1.340978560028597713e+03 8.170033203125000000e+03 8.166316384098176059e+03
1.340998992519453168e+03 8.172980957031250000e+03 8.165465723573109244e+03
1.341019425110425800e+03 8.168773437500000000e+03 8.164607816184129661e+03
1.341039857801515609e+03 8.159710937500000000e+03 8.163742847081985019e+03
1.341060290292371064e+03 8.161440429687500000e+03 8.162871014288154583e+03
1.341080722883343697e+03 8.162701660156250000e+03 8.161992490292853290e+03
1.341101155573967844e+03 8.163209472656250000e+03 8.161107460275248741e+03
1.341121588064823300e+03 8.151721679687500000e+03 8.160216122507274122e+03
1.341142020755447447e+03 8.149099609375000000e+03 8.159318644816744381e+03
1.341162453246302903e+03 8.152473144531250000e+03 8.158415230007418359e+03
1.341182885836809874e+03 8.153342285156250000e+03 8.157506050139642866e+03
1.341203318527434021e+03 8.149752929687500000e+03 8.156591290365408895e+03
1.341223751017823815e+03 8.150380859375000000e+03 8.155671149427192177e+03
1.341244183608330786e+03 8.151017578125000000e+03 8.154745799094194808e+03
1.341264616298954934e+03 8.143709960937500000e+03 8.153815424547109615e+03
1.341285048889461905e+03 8.149145996093750000e+03 8.152880220159921919e+03
1.341305481379851699e+03 8.155096679687500000e+03 8.151940371313584365e+03
1.341325914070010185e+03 8.158278808593750000e+03 8.150996061234862282e+03
1.341346346660051495e+03 8.147845214843750000e+03 8.150047527002234347e+03
1.341366779150441289e+03 8.147232421875000000e+03 8.149094995449828275e+03
1.341387211840599775e+03 8.142375976562500000e+03 8.148138679386212971e+03
1.341407644430641085e+03 8.149789550781250000e+03 8.147178819615346583e+03
1.341428077120799571e+03 8.143959960937500000e+03 8.146215633528626313e+03
1.341448509610723704e+03 8.147320800781250000e+03 8.145249362103151725e+03
1.341468942200765014e+03 8.140640136718750000e+03 8.144280217952595194e+03
1.341489374890923500e+03 8.137650878906250000e+03 8.143308427831843801e+03
1.341509807380847633e+03 8.142854492187500000e+03 8.142334232839472861e+03
1.341530239970888942e+03 8.139008300781250000e+03 8.141357845467677180e+03
1.341550672660581768e+03 8.146614257812500000e+03 8.140379492503672736e+03
1.341571105150505900e+03 8.137196777343750000e+03 8.139399415092894742e+03
1.341591537740081549e+03 8.149396972656250000e+03 8.138417825680735405e+03
1.341611970429774374e+03 8.134610351562500000e+03 8.137434951019758046e+03
1.341632402919232845e+03 8.135155761718750000e+03 8.136451032361454054e+03
1.341652835608925670e+03 8.140671386718750000e+03 8.135466277218254618e+03
1.341673268198501319e+03 8.138250488281250000e+03 8.134480926855478174e+03
1.341693700687959790e+03 8.131943359375000000e+03 8.133495208075641131e+03
1.341714133377652615e+03 8.136406250000000000e+03 8.132509333182710179e+03
1.341734565967228264e+03 8.136466796875000000e+03 8.131523543463456008e+03
1.341754998556338251e+03 8.127166503906250000e+03 8.130538060905235398e+03
1.341775431145913899e+03 8.126879882812500000e+03 8.129553112258492547e+03
1.341795863735023886e+03 8.127524414062500000e+03 8.128568924363480619e+03
1.341816296224482358e+03 8.126460937500000000e+03 8.127585728785470565e+03
1.341836728913709521e+03 8.125636230468750000e+03 8.126603737920326239e+03
1.341857161502819508e+03 8.121109863281250000e+03 8.125623192985292008e+03
1.341877594091929495e+03 8.124656738281250000e+03 8.124644315960948006e+03
1.341898026681039482e+03 8.122156738281250000e+03 8.123667333642650192e+03
1.341918459270149469e+03 8.129800292968750000e+03 8.122692472825747245e+03
1.341938891959376633e+03 8.118631835937500000e+03 8.121719955546530400e+03
1.341959324448369443e+03 8.125429199218750000e+03 8.120750022877552510e+03
1.341979757037013769e+03 8.118538085937500000e+03 8.119782887358968765e+03
1.342000189726240933e+03 8.121909179687500000e+03 8.118818775784900936e+03
1.342020622214768082e+03 8.123257324218750000e+03 8.117857929143277943e+03
1.342041054803878069e+03 8.121287597656250000e+03 8.116900560037009200e+03
1.342061487492639571e+03 8.111683593750000000e+03 8.115946895357927133e+03
1.342081919981632382e+03 8.121759765625000000e+03 8.114997175847994185e+03
1.342102352669928223e+03 8.125487304687500000e+03 8.114051609754690617e+03
1.342122785259038210e+03 8.119706054687500000e+03 8.113110437717723471e+03
1.342143217747565359e+03 8.117426269531250000e+03 8.112173886530738855e+03
1.342163650435861200e+03 8.120428222656250000e+03 8.111242169256765919e+03
1.342184083024505526e+03 8.113175781250000000e+03 8.110315526380651136e+03
1.342224948201794177e+03 8.115513671875000000e+03 8.108478357335250621e+03
1.342245380789972842e+03 8.110306640625000000e+03 8.107568284777307781e+03
1.342265813378617167e+03 8.110697265625000000e+03 8.106664189221724882e+03
1.342286245966795832e+03 8.103669433593750000e+03 8.105766297505037073e+03
1.342306678554974496e+03 8.104896972656250000e+03 8.104874836401895664e+03
1.342327111143618822e+03 8.104982910156250000e+03 8.103990032687531311e+03
1.342347543731797487e+03 8.101082031250000000e+03 8.103112113197604231e+03
1.342367976319976151e+03 8.106203125000000000e+03 8.102241304707188647e+03
1.342388409008271992e+03 8.107983398437500000e+03 8.101377829799059327e+03
1.342408841595984995e+03 8.107580078125000000e+03 8.100521923750678070e+03
1.342429274084512144e+03 8.110872070312500000e+03 8.099673813186254847e+03
1.342449706772342324e+03 8.100611816406250000e+03 8.098833712569814452e+03
1.342470139260403812e+03 8.093804199218750000e+03 8.098001865102969532e+03
1.342490571848116815e+03 8.104302734375000000e+03 8.097178485329872274e+03
1.342511004536412656e+03 8.102524902343750000e+03 8.096363800134515259e+03
1.342531437024008483e+03 8.097752441406250000e+03 8.095558048259808857e+03
1.342551869612187147e+03 8.107707519531250000e+03 8.094761444553876572e+03
1.342572302300017327e+03 8.098458984375000000e+03 8.093974215984542752e+03
1.342592734787613153e+03 8.094028320312500000e+03 8.093196600830713578e+03
1.342613167475443333e+03 8.102384765625000000e+03 8.092428810648232684e+03
1.342654032550752163e+03 8.091610839843750000e+03 8.090923646306002411e+03
1.342674465238582343e+03 8.088562988281250000e+03 8.090186714676938209e+03
1.342694897826295346e+03 8.092321777343750000e+03 8.089460526409911836e+03
1.342715330313891172e+03 8.084610839843750000e+03 8.088745308140691122e+03
1.342735763001255691e+03 8.087975585937500000e+03 8.088041276248715803e+03
1.342756195588968694e+03 8.088723144531250000e+03 8.087348667928983559e+03
1.342776628176216036e+03 8.082750976562500000e+03 8.086667706531093245e+03
1.342797060763929039e+03 8.087753417968750000e+03 8.085998618819311559e+03
1.342817493351176381e+03 8.080927246093750000e+03 8.085341595152990521e+03
1.342858358525671065e+03 8.082079101562500000e+03 8.084063302478743935e+03
1.342878791113384068e+03 8.076119140625000000e+03 8.083441633001316404e+03
1.342899223800282925e+03 8.080333007812500000e+03 8.082831344488336981e+03
1.342919656387530267e+03 8.077540039062500000e+03 8.082232242365006641e+03
1.342940088874660432e+03 8.075731933593750000e+03 8.081644125969931338e+03
1.342960521562024951e+03 8.075247558593750000e+03 8.081066786225197575e+03
1.342980954149272293e+03 8.076085937500000000e+03 8.080500031183683859e+03
1.343001386636402458e+03 8.076547851562500000e+03 8.079943660178802020e+03
1.343021819323301315e+03 8.073633300781250000e+03 8.079397464607200163e+03
1.343042251910082996e+03 8.085646972656250000e+03 8.078861252046748632e+03
1.343062684497330338e+03 8.069703125000000000e+03 8.078334819271999550e+03
1.343083117084112018e+03 8.082648437500000000e+03 8.077817965794447446e+03
1.343103549571242183e+03 8.083728027343750000e+03 8.077310493541928736e+03
1.343123982258141041e+03 8.069724609375000000e+03 8.076812194633331274e+03
1.343144414844922721e+03 8.074619628906250000e+03 8.076322875936224591e+03
1.343164847331587225e+03 8.073899902343750000e+03 8.075842336807609172e+03
1.343185280018486083e+03 8.074398925781250000e+03 8.075370369734730048e+03
1.343205712605267763e+03 8.073955566406250000e+03 8.074906781205337211e+03
1.343226145091932267e+03 8.068824707031250000e+03 8.074451370585277800e+03
1.343246577778831124e+03 8.067209960937500000e+03 8.074003930726754334e+03
1.343267010365612805e+03 8.075755859375000000e+03 8.073564267752561136e+03
1.343287442951928824e+03 8.069542968750000000e+03 8.073132178948193541e+03
1.343307875538710505e+03 8.067517578125000000e+03 8.072707463781456681e+03
1.343328308125026524e+03 8.064600097656250000e+03 8.072289921759220306e+03
1.343348740811925381e+03 8.070273437500000000e+03 8.071879350354970484e+03
1.343369173298124224e+03 8.064349609375000000e+03 8.071475555059876569e+03
1.343389605884440243e+03 8.059317871093750000e+03 8.071078329367070182e+03
1.343410038570873439e+03 8.078618164062500000e+03 8.070687472859184709e+03
1.343430471057537943e+03 8.067561523437500000e+03 8.070302790714608818e+03
1.343450903643853962e+03 8.072026855468750000e+03 8.069924076738806434e+03
1.343471336330287158e+03 8.059617675781250000e+03 8.069551130496744918e+03
1.343491768916603178e+03 8.066715820312500000e+03 8.069183755129875863e+03
1.343512201402802020e+03 8.059396484375000000e+03 8.068821750045323824e+03
1.343532634089235216e+03 8.063871093750000000e+03 8.068464909447706304e+03
1.343553066675085574e+03 8.064735351562500000e+03 8.068113038115391646e+03
1.343573499261401594e+03 8.066510742187500000e+03 8.067765933758898427e+03
1.343593931847717613e+03 8.061935058593750000e+03 8.067423395873805930e+03
1.343614364433567971e+03 8.064909179687500000e+03 8.067085223955289621e+03
1.343634797120001167e+03 8.067085937500000000e+03 8.066751215848737047e+03
1.343655229605734348e+03 8.069909179687500000e+03 8.066421175937031876e+03
1.343675662192050368e+03 8.065824707031250000e+03 8.066094898812509200e+03
1.343696094878017902e+03 8.066114746093750000e+03 8.065772184031424331e+03
1.343716527363751084e+03 8.065126953125000000e+03 8.065452835792379119e+03
1.343736959950067103e+03 8.054989746093750000e+03 8.065136648857173896e+03
1.343757392535917461e+03 8.059099609375000000e+03 8.064823424300589977e+03
1.343777825121767819e+03 8.064976562500000000e+03 8.064512961602915311e+03
1.343798257807269692e+03 8.061159179687500000e+03 8.064205058755934260e+03
1.343818690293468535e+03 8.070959472656250000e+03 8.063899519734395653e+03
1.343839122879318893e+03 8.058072265625000000e+03 8.063596139538599346e+03
1.343859555564820766e+03 8.059624023437500000e+03 8.063294717686216245e+03
1.343879988050553948e+03 8.066241699218750000e+03 8.062995058068378057e+03
1.343900420636404306e+03 8.060786621093750000e+03 8.062696955762159632e+03
1.343920853321906179e+03 8.064616699218750000e+03 8.062400210283272827e+03
1.343941285807639360e+03 8.058178710937500000e+03 8.062104625458748160e+03
1.343961718393489718e+03 8.057598144531250000e+03 8.061809996429863531e+03
1.343982151078991592e+03 8.059931152343750000e+03 8.061516122703431392e+03
1.344002583664376289e+03 8.060705566406250000e+03 8.061222806639324517e+03
1.344023016249760985e+03 8.064020019531250000e+03 8.060929846283452207e+03
1.344043448835611343e+03 8.062724121093750000e+03 8.060637041116679939e+03
1.344063881420996040e+03 8.054726562500000000e+03 8.060344190639894805e+03
1.344084314006380737e+03 8.055916992187500000e+03 8.060051094333955916e+03
1.344104746591765434e+03 8.063871582031250000e+03 8.059757551686404440e+03
1.344125179177150130e+03 8.061704589843750000e+03 8.059463362184781545e+03
1.344145611862652004e+03 8.063904296875000000e+03 8.059168323868578227e+03
1.344166044347919524e+03 8.063994628906250000e+03 8.058872240569476162e+03
1.344186476933304220e+03 8.066853027343750000e+03 8.058574907430871463e+03
1.344206909618806094e+03 8.062739257812500000e+03 8.058276123920480131e+03
1.344227342104073614e+03 8.054936035156250000e+03 8.057975693929456611e+03
1.344247774789109826e+03 8.060320312500000000e+03 8.057673411062633022e+03
1.344268207374494523e+03 8.061362304687500000e+03 8.057369079223115477e+03
1.344288639859762043e+03 8.057157714843750000e+03 8.057062497936918589e+03
1.344309072544798255e+03 8.065897949218750000e+03 8.056753461951020654e+03
1.344329505129717290e+03 8.068672363281250000e+03 8.056441766360516340e+03
1.344349937614984810e+03 8.067465820312500000e+03 8.056127190493625676e+03
1.344370370300021023e+03 8.061859863281250000e+03 8.055809508258887945e+03
1.344390802884940058e+03 8.051219726562500000e+03 8.055488502836245971e+03
1.344411235370207578e+03 8.058692382812500000e+03 8.055163952809401962e+03
1.344431668055243790e+03 8.056569335937500000e+03 8.054835631935851779e+03
1.344452100640162826e+03 8.052691406250000000e+03 8.054503323546821775e+03
1.344472533225081861e+03 8.065499023437500000e+03 8.054166804583635894e+03
1.344492965810000896e+03 8.051985839843750000e+03 8.053825853586939047e+03
1.344513398394919932e+03 8.061773925781250000e+03 8.053480249097375236e+03
1.344533830979838967e+03 8.059197265625000000e+03 8.053129769655583914e+03
1.344554263564758003e+03 8.048203613281250000e+03 8.052774193802204536e+03
1.344574696149677038e+03 8.053960449218750000e+03 8.052413300077887470e+03
1.344595128734130412e+03 8.052901367187500000e+03 8.052046867031682268e+03
1.344615561319049448e+03 8.051110839843750000e+03 8.051674673187535518e+03
1.344635993903968483e+03 8.054378906250000000e+03 8.051296497094378537e+03
1.344656426588539034e+03 8.052057617187500000e+03 8.050912115402710697e+03
1.344676859073340893e+03 8.057494628906250000e+03 8.050521312332579328e+03
1.344697291657794267e+03 8.049748535156250000e+03 8.050123860745527963e+03
1.344717724342830479e+03 8.056761718750000000e+03 8.049719539064758465e+03
1.344738156827166677e+03 8.047017578125000000e+03 8.049308131844264608e+03
1.344758589511737227e+03 8.041573242187500000e+03 8.048889409550705750e+03
1.344779022096656263e+03 8.047871582031250000e+03 8.048463156815688308e+03
1.344799454580992460e+03 8.047207519531250000e+03 8.048029152311652069e+03
1.344819887265563011e+03 8.048960937500000000e+03 8.047587168131809449e+03
1.344840319850016385e+03 8.054736328125000000e+03 8.047136989254631771e+03
1.344860752334818244e+03 8.047944824218750000e+03 8.046678394332348034e+03
1.344881185018923134e+03 8.044159667968750000e+03 8.046211155133089051e+03
1.344901617603842169e+03 8.054078125000000000e+03 8.045735056959084432e+03
1.344922050088178366e+03 8.042239257812500000e+03 8.045249878515120145e+03
1.344942482772283256e+03 8.046534667968750000e+03 8.044755391142662120e+03
1.344962915356736630e+03 8.039559570312500000e+03 8.044251380559649988e+03
1.344983348041307181e+03 8.046068847656250000e+03 8.043737620376374252e+03
1.345003780525643378e+03 8.036171875000000000e+03 8.043213896758267765e+03
1.345024213110096753e+03 8.037354980468750000e+03 8.042679980621211143e+03
1.345044645694084466e+03 8.039604492187500000e+03 8.042135653059978722e+03
1.345065078278537840e+03 8.046804687500000000e+03 8.041580692590423496e+03
1.345085510862991214e+03 8.047479980468750000e+03 8.041014877765486744e+03
1.345105943446978927e+03 8.030534667968750000e+03 8.040437987139101097e+03
1.345126376031432301e+03 8.033375976562500000e+03 8.039849799225632523e+03
1.345146808615420014e+03 8.039961914062500000e+03 8.039250092592562396e+03
1.345167241299524903e+03 8.037409667968750000e+03 8.038638642742141201e+03
1.345187673783861101e+03 8.039860351562500000e+03 8.038015237276122207e+03
1.345208106467965990e+03 8.030926269531250000e+03 8.037379642543632144e+03
1.345228539051953703e+03 8.046584472656250000e+03 8.036731646324155918e+03
1.345248971536289901e+03 8.030940917968750000e+03 8.036071027327133379e+03
1.345269404220394790e+03 8.036219726562500000e+03 8.035397554318553375e+03
1.345289836804382503e+03 8.027373046875000000e+03 8.034711015628970017e+03
1.345310269288253039e+03 8.031362792968750000e+03 8.034011189992788786e+03
1.345330701972357929e+03 8.027929199218750000e+03 8.033297845564684394e+03
1.345351134556345642e+03 8.028530273437500000e+03 8.032570771271327430e+03
1.345371567040216178e+03 8.032282714843750000e+03 8.031829745856895897e+03
1.345391999724321067e+03 8.028381347656250000e+03 8.031074536865551636e+03
1.345432864991948009e+03 8.029135742187500000e+03 8.029520707778103315e+03
1.345453297475818545e+03 8.024342773437500000e+03 8.028721648837686189e+03
1.345473730059806257e+03 8.032066894531250000e+03 8.027907523935285099e+03
1.345494162743911147e+03 8.023384765625000000e+03 8.027078111388536854e+03
1.345514595227781683e+03 8.023040527343750000e+03 8.026233202043532401e+03
1.345535027811303735e+03 8.020370117187500000e+03 8.025372562155323976e+03
1.345575892978813499e+03 8.013344726562500000e+03 8.023603217139684602e+03
1.345596325562801212e+03 8.017866699218750000e+03 8.022694069092876816e+03
1.345616758246440440e+03 8.025093750000000000e+03 8.021768304191690731e+03
1.345657623413950205e+03 8.020002441406250000e+03 8.019866060623991871e+03
1.345678055997472256e+03 8.022584960937500000e+03 8.018889134565292807e+03
1.345698488581459969e+03 8.025251464843750000e+03 8.017894710347653017e+03
1.345718921164982021e+03 8.019204589843750000e+03 8.016882566557075734e+03
1.345739353748504072e+03 8.022643066406250000e+03 8.015852481711790460e+03
1.345759786332491785e+03 8.015131835937500000e+03 8.014804234328385064e+03
1.345780218916013837e+03 8.017740234375000000e+03 8.013737602995320231e+03
1.345800651499535888e+03 8.014069824218750000e+03 8.012652366229604922e+03
