1.519832301349379122e+03 8.448204101562500000e+03 8.445642121573619079e+03
1.519852735703811049e+03 8.452587890625000000e+03 8.445804908759824684e+03
1.519873169858474284e+03 8.447780273437500000e+03 8.445966307075199438e+03
1.519893604213371873e+03 8.450217773437500000e+03 8.446126323294829490e+03
1.519914038468152285e+03 8.454066406250000000e+03 8.446284958672287758e+03
1.519934472623281181e+03 8.453143554687500000e+03 8.446442216847102827e+03
1.519954906978178769e+03 8.437760742187500000e+03 8.446598103729178547e+03
1.519975341233424842e+03 8.445222656250000000e+03 8.446752620639963425e+03
1.519995775489136577e+03 8.441198242187500000e+03 8.446905771962188737e+03
1.520016209744382650e+03 8.447583007812500000e+03 8.447057561304583942e+03
1.520036644000094384e+03 8.441640625000000000e+03 8.447207992289764661e+03
1.520057078355923295e+03 8.450348632812500000e+03 8.447357069257059266e+03
1.520077512612100691e+03 8.445574218750000000e+03 8.447504794364736881e+03
1.520097946768160909e+03 8.444487304687500000e+03 8.447651171244931902e+03
1.520118381124455482e+03 8.449520507812500000e+03 8.447796205654982259e+03
1.520138815380632877e+03 8.449593750000000000e+03 8.447939899068958766e+03
1.520159249537158757e+03 8.447582031250000000e+03 8.448082255125475058e+03
1.520179683893918991e+03 8.445410156250000000e+03 8.448223279519559583e+03
1.520200118150562048e+03 8.451275390625000000e+03 8.448362973784303904e+03
1.520220552407205105e+03 8.455714843750000000e+03 8.448501342229621514e+03
1.520240986664313823e+03 8.451500000000000000e+03 8.448638388474324529e+03
1.520261420821305364e+03 8.448317382812500000e+03 8.448774115469186654e+03
1.520281855178996921e+03 8.451978515625000000e+03 8.448908528818270497e+03
1.520302289436105639e+03 8.444725585937500000e+03 8.449041630145844465e+03
1.520322723593562841e+03 8.439381835937500000e+03 8.449173423092932353e+03
1.520343157951254398e+03 8.449589843750000000e+03 8.449303913199761155e+03
1.520363592209294438e+03 8.455028320312500000e+03 8.449433102157399844e+03
1.520384026566985995e+03 8.442786132812500000e+03 8.449560994841627689e+03
1.520404460725374520e+03 8.449181640625000000e+03 8.449687593006543466e+03
1.520424894983414561e+03 8.452500000000000000e+03 8.449812902129455324e+03
1.520445329341571778e+03 8.448801757812500000e+03 8.449936925810048706e+03
1.520465763500425965e+03 8.450871093750000000e+03 8.450059665856080755e+03
1.520506632117554545e+03 8.443982421875000000e+03 8.450301314906562766e+03
1.520527066276408732e+03 8.445117187500000000e+03 8.450420229371968162e+03
1.520547500635497272e+03 8.449885742187500000e+03 8.450537877028011280e+03
1.520567934894468635e+03 8.445251953125000000e+03 8.450654259751863719e+03
1.520588369153905660e+03 8.452484375000000000e+03 8.450769381741358302e+03
1.520608803412877023e+03 8.450698242187500000e+03 8.450883246606950706e+03
1.520629237672779709e+03 8.451213867187500000e+03 8.450995857972098747e+03
1.520649671932216734e+03 8.446072265625000000e+03 8.451107219444762450e+03
1.520670106192119420e+03 8.450868164062500000e+03 8.451217334645729352e+03
1.520690540452022105e+03 8.447848632812500000e+03 8.451326207188154513e+03
1.520710974812041968e+03 8.449058593750000000e+03 8.451433841212065090e+03
1.520731408972293139e+03 8.450319335937500000e+03 8.451540238762623630e+03
1.520751843232661486e+03 8.452851562500000000e+03 8.451645405026032677e+03
1.520772277592681348e+03 8.442963867187500000e+03 8.451749343597561165e+03
1.520792711853515357e+03 8.452905273437500000e+03 8.451852057081514431e+03
1.520813146014232188e+03 8.452197265625000000e+03 8.451953549106812716e+03
1.520833580374717712e+03 8.453988281250000000e+03 8.452053824769714993e+03
1.520854014535900205e+03 8.446689453125000000e+03 8.452152885727533430e+03
1.520874448896851391e+03 8.445269531250000000e+03 8.452250737530595870e+03
1.520894883158151060e+03 8.459409179687500000e+03 8.452347382351914348e+03
1.520915317319333553e+03 8.457075195312500000e+03 8.452442823822668288e+03
1.520935751680750400e+03 8.453692382812500000e+03 8.452537066952587338e+03
1.520956185942515731e+03 8.450123046875000000e+03 8.452630113965464261e+03
1.520976620104163885e+03 8.459378906250000000e+03 8.452721968492398446e+03
1.520997054466046393e+03 8.452250000000000000e+03 8.452812635490474349e+03
1.521017488728277385e+03 8.453733398437500000e+03 8.452902117236051708e+03
1.521037922890391201e+03 8.453750976562500000e+03 8.452990417360148058e+03
1.521058357252273709e+03 8.453571289062500000e+03 8.453077540765714730e+03
1.521078791514970362e+03 8.453169921875000000e+03 8.453163489785161801e+03
1.521099225877318531e+03 8.456295898437500000e+03 8.453248268870534957e+03
1.521119660039898008e+03 8.454804687500000000e+03 8.453331880403875402e+03
1.521140094302594662e+03 8.449594726562500000e+03 8.453414329236482445e+03
1.521160528665408492e+03 8.451496093750000000e+03 8.453495618966991970e+03
1.521180962828453630e+03 8.460614257812500000e+03 8.453575752026601549e+03
1.521201397091615945e+03 8.449826171875000000e+03 8.453654733215484157e+03
1.521221831454895437e+03 8.456384765625000000e+03 8.453732566132441207e+03
1.521242265618406236e+03 8.454236328125000000e+03 8.453809253259321849e+03
1.521262699982151389e+03 8.451455078125000000e+03 8.453884799712986933e+03
1.521283134245779365e+03 8.454363281250000000e+03 8.453959207990363211e+03
1.521303568509407341e+03 8.454173828125000000e+03 8.454032482080086993e+03
1.521324002773500979e+03 8.456020507812500000e+03 8.454104625599502469e+03
1.521344437037594616e+03 8.455476562500000000e+03 8.454175642162634176e+03
1.521364871301688254e+03 8.454387695312500000e+03 8.454245535385198309e+03
1.521385305565781891e+03 8.455656250000000000e+03 8.454314308882898331e+03
1.521405739830341190e+03 8.454366210937500000e+03 8.454381966272982027e+03
1.521426174094900489e+03 8.459031250000000000e+03 8.454448511169575795e+03
1.521446608459576964e+03 8.454012695312500000e+03 8.454513947506284239e+03
1.521467042624484748e+03 8.454107421875000000e+03 8.454578277946595335e+03
1.521487476989161223e+03 8.447905273437500000e+03 8.454641507364060089e+03
1.521507911154534668e+03 8.457141601562500000e+03 8.454703638139495524e+03
1.521528345419559628e+03 8.450270507812500000e+03 8.454764674805615869e+03
1.521548779784701765e+03 8.446773437500000000e+03 8.454824620963499910e+03
1.521569213950540870e+03 8.457481445312500000e+03 8.454883479358410113e+03
1.521589648216031492e+03 8.461080078125000000e+03 8.454941254475103051e+03
1.521610082581639290e+03 8.453926757812500000e+03 8.454997949914746641e+03
1.521630516747478396e+03 8.458649414062500000e+03 8.455053568468896628e+03
1.521650951113551855e+03 8.459976562500000000e+03 8.455108114841998031e+03
1.521671385379508138e+03 8.461619140625000000e+03 8.455161591840143956e+03
1.521691819545812905e+03 8.456118164062500000e+03 8.455214003095916269e+03
1.521712253911886364e+03 8.458057617187500000e+03 8.455265352985190475e+03
1.521732688178773969e+03 8.454056640625000000e+03 8.455315644364603941e+03
1.521753122345078737e+03 8.461767578125000000e+03 8.455364880861916390e+03
1.521773556712083519e+03 8.457872070312500000e+03 8.455413066811057433e+03
1.521793990978505462e+03 8.454604492187500000e+03 8.455460205109571689e+03
1.521814425245858729e+03 8.449451171875000000e+03 8.455506299615019088e+03
1.521834859512746334e+03 8.453334960937500000e+03 8.455551353939919863e+03
1.521855293780099601e+03 8.458190429687500000e+03 8.455595371702038392e+03
1.521875728147570044e+03 8.452708007812500000e+03 8.455638356724135519e+03
1.521896162314806134e+03 8.449057617187500000e+03 8.455680311997683020e+03
1.521916596582625061e+03 8.450389648437500000e+03 8.455721241763551006e+03
1.521937030950095505e+03 8.452677734375000000e+03 8.455761149620535434e+03
1.521957465217914432e+03 8.457240234375000000e+03 8.455800038795128785e+03
1.521977899386081845e+03 8.456846679687500000e+03 8.455837912917921130e+03
1.521998333754017949e+03 8.461012695312500000e+03 8.455874776152148115e+03
1.522018768022302538e+03 8.462901367187500000e+03 8.455910631565953736e+03
1.522039202190935612e+03 8.449615234375000000e+03 8.455945482789766174e+03
1.522059636559337378e+03 8.461401367187500000e+03 8.455979333942606900e+03
1.522080070827621967e+03 8.451981445312500000e+03 8.456012188136095574e+03
1.522100505196489394e+03 8.462761718750000000e+03 8.456044049308635294e+03
1.522120939365588129e+03 8.457104492187500000e+03 8.456074920614846633e+03
1.522141373634338379e+03 8.455434570312500000e+03 8.456104806130064389e+03
1.522161807903554291e+03 8.462423828125000000e+03 8.456133709317684406e+03
1.522182242172770202e+03 8.458272460937500000e+03 8.456161633792729845e+03
1.522202676341868937e+03 8.455798828125000000e+03 8.456188583041259335e+03
1.522223110711667687e+03 8.457577148437500000e+03 8.456214561068532930e+03
1.522243544981349260e+03 8.451540039062500000e+03 8.456239571100672038e+03
1.522263979350682348e+03 8.456219726562500000e+03 8.456263616997966892e+03
1.522284413520712405e+03 8.455292968750000000e+03 8.456286702031371533e+03
1.522304847790859640e+03 8.455594726562500000e+03 8.456308830161851802e+03
1.522325282160658389e+03 8.457123046875000000e+03 8.456330004990611997e+03
1.522345716331154108e+03 8.464461914062500000e+03 8.456350229830530225e+03
1.522366150601301342e+03 8.470647460937500000e+03 8.456369508600155314e+03
1.522386584972031415e+03 8.452800781250000000e+03 8.456387844902197685e+03
1.522407019142527133e+03 8.456265625000000000e+03 8.456405242089316744e+03
1.522427453413140029e+03 8.455821289062500000e+03 8.456421704039832548e+03
1.522447887783870101e+03 8.456732421875000000e+03 8.456437234355737019e+03
1.522468322054948658e+03 8.461248046875000000e+03 8.456451836500904392e+03
1.522488756326027215e+03 8.455299804687500000e+03 8.456465514169049129e+03
1.522509190597571433e+03 8.459808593750000000e+03 8.456478270976169370e+03
1.522529624868649989e+03 8.455734375000000000e+03 8.456490110537399232e+03
1.522550059140194207e+03 8.450372070312500000e+03 8.456501036468989696e+03
1.522570493411738425e+03 8.459534179687500000e+03 8.456511052386376832e+03
1.522590927683282644e+03 8.458889648437500000e+03 8.456520161905275017e+03
1.522611362055409700e+03 8.457266601562500000e+03 8.456528368679579216e+03
1.522631796227302402e+03 8.463597656250000000e+03 8.456535676210778547e+03
1.522652230499312282e+03 8.452883789062500000e+03 8.456542088228598004e+03
1.522672664871439338e+03 8.456825195312500000e+03 8.456547608335611585e+03
1.522693099043797702e+03 8.460212890625000000e+03 8.456552240073033317e+03
1.522713533416390419e+03 8.451030273437500000e+03 8.456555987147237829e+03
1.522733967688865960e+03 8.460894531250000000e+03 8.456558853112375800e+03
1.522754401861689985e+03 8.454796875000000000e+03 8.456560841597118269e+03
1.522774836234282702e+03 8.453465820312500000e+03 8.456561956239882420e+03
1.522795270507223904e+03 8.457516601562500000e+03 8.456562200633645261e+03
1.522815704680513591e+03 8.455102539062500000e+03 8.456561578406826811e+03
1.522856573226861656e+03 8.457336914062500000e+03 8.456557748536906729e+03
1.522877007600385696e+03 8.452666015625000000e+03 8.456554548108353629e+03
1.522897441873792559e+03 8.462269531250000000e+03 8.456550495530485932e+03
1.522917876047547907e+03 8.460031250000000000e+03 8.456545594431398058e+03
1.522938310421537608e+03 8.458966796875000000e+03 8.456539848348627856e+03
1.522958744695410132e+03 8.443075195312500000e+03 8.456533260976151723e+03
1.522979178869165480e+03 8.457199218750000000e+03 8.456525835942025878e+03
1.522999613243620843e+03 8.460937500000000000e+03 8.456517576746487975e+03
1.523020047517959028e+03 8.455456054687500000e+03 8.456508487120698192e+03
1.523040481792297214e+03 8.461057617187500000e+03 8.456498570641939295e+03
1.523060916066635400e+03 8.450619140625000000e+03 8.456487830925929302e+03
1.523081350341439247e+03 8.446063476562500000e+03 8.456476271588115196e+03
1.523101784716360271e+03 8.457435546875000000e+03 8.456463896181821838e+03
1.523122218891046941e+03 8.456850585937500000e+03 8.456450708510641562e+03
1.523142653165850788e+03 8.459259765625000000e+03 8.456436712002414424e+03
1.523163087541237473e+03 8.453216796875000000e+03 8.456421910260647564e+03
1.523183521816506982e+03 8.452011718750000000e+03 8.456406307046427173e+03
1.523203955991659313e+03 8.443906250000000000e+03 8.456389905987220118e+03
1.523224390367511660e+03 8.453515625000000000e+03 8.456372710451429157e+03
1.523244824642781168e+03 8.451558593750000000e+03 8.456354724302467730e+03
1.523265258818864822e+03 8.453851562500000000e+03 8.456335951166394807e+03
1.523285693194717169e+03 8.447752929687500000e+03 8.456316394378482073e+03
1.523306127470452338e+03 8.443542968750000000e+03 8.456296057835728789e+03
1.523326561846770346e+03 8.455224609375000000e+03 8.456274944954122475e+03
1.523346996022854000e+03 8.451482421875000000e+03 8.456253059665847104e+03
1.523367430299054831e+03 8.453664062500000000e+03 8.456230405270609481e+03
1.523387864675838500e+03 8.458044921875000000e+03 8.456206985372311465e+03
1.523408298852387816e+03 8.460705078125000000e+03 8.456182803937008430e+03
1.523428733129054308e+03 8.449755859375000000e+03 8.456157864230586711e+03
1.523449167405720800e+03 8.449278320312500000e+03 8.456132169985376095e+03
1.523469601682852954e+03 8.459172851562500000e+03 8.456105724816481597e+03
1.523490036059636623e+03 8.456723632812500000e+03 8.456078532205769079e+03
1.523510470236651599e+03 8.454883789062500000e+03 8.456050596172881342e+03
1.523530904514249414e+03 8.460653320312500000e+03 8.456021919928323769e+03
1.523551338891498744e+03 8.455858398437500000e+03 8.455992507078271956e+03
1.523571773068979383e+03 8.448807617187500000e+03 8.455962361674815838e+03
1.523592207346577197e+03 8.457578125000000000e+03 8.455931486896621209e+03
1.523612641724757850e+03 8.455766601562500000e+03 8.455899886347984648e+03
1.523633075902238488e+03 8.457207031250000000e+03 8.455867564115855203e+03
1.523653510180301964e+03 8.473121093750000000e+03 8.455834523344687113e+03
1.523673944558482617e+03 8.450913085937500000e+03 8.455800767640397680e+03
1.523694378837011755e+03 8.450174804687500000e+03 8.455766300948689604e+03
1.523714813115075231e+03 8.458383789062500000e+03 8.455731126723219859e+03
1.523735247393604368e+03 8.452984375000000000e+03 8.455695248578105748e+03
1.523755681672133505e+03 8.450762695312500000e+03 8.455658670129852908e+03
1.523776115951128304e+03 8.458905273437500000e+03 8.455621394993326248e+03
1.523796550230123103e+03 8.461000000000000000e+03 8.455583426785069605e+03
1.523816984508652240e+03 8.458952148437500000e+03 8.455544769121690479e+03
1.523837418887764215e+03 8.455108398437500000e+03 8.455505425422708868e+03
1.523857853067107499e+03 8.463793945312500000e+03 8.455465399887107196e+03
1.523878287346567959e+03 8.460775390625000000e+03 8.455424695548183081e+03
1.523898721726145595e+03 8.456431640625000000e+03 8.455383316011706484e+03
1.523919155905488878e+03 8.463751953125000000e+03 8.455341265506553100e+03
1.523939590285066515e+03 8.453463867187500000e+03 8.455298546824356890e+03
1.523960024564992636e+03 8.451728515625000000e+03 8.455255164202837477e+03
1.523980458744801581e+03 8.457334960937500000e+03 8.455211121268415809e+03
1.524000893124844879e+03 8.454960937500000000e+03 8.455166420984607612e+03
