1.492246211871504784e+03 8.456167968750000000e+03 8.454890715807017841e+03
1.492266645878087729e+03 8.450454101562500000e+03 8.454796765215487540e+03
1.492287079984787852e+03 8.458392578125000000e+03 8.454704350967584105e+03
1.492307513891719282e+03 8.451561523437500000e+03 8.454613464240410394e+03
1.492327947899233550e+03 8.455317382812500000e+03 8.454524093518986774e+03
1.492348382006399333e+03 8.444619140625000000e+03 8.454436228661641508e+03
1.492368815914262086e+03 8.452757812500000000e+03 8.454349860774911576e+03
1.492389250022359192e+03 8.460504882812500000e+03 8.454264978002149292e+03
1.492409684030339122e+03 8.463312500000000000e+03 8.454181571433937279e+03
1.492430118038784713e+03 8.452130859375000000e+03 8.454099630480939595e+03
1.492450552047230303e+03 8.457018554687500000e+03 8.454019144977110045e+03
1.492470986056141555e+03 8.454057617187500000e+03 8.453940104752691695e+03
1.492491420065052807e+03 8.446514648437500000e+03 8.453862499641572867e+03
1.492511854074429721e+03 8.445816406250000000e+03 8.453786319474063930e+03
1.492532288084272295e+03 8.446479492187500000e+03 8.453711554082288785e+03
1.492552722094114870e+03 8.447027343750000000e+03 8.453638193300037528e+03
1.492573156103957444e+03 8.453019531250000000e+03 8.453566226959335836e+03
1.492593590114265680e+03 8.450745117187500000e+03 8.453495644890626863e+03
1.492614024124573916e+03 8.448700195312500000e+03 8.453426436927591567e+03
1.492634458135347813e+03 8.450634765625000000e+03 8.453358592900731310e+03
1.492654892146121711e+03 8.454835937500000000e+03 8.453292102643670660e+03
1.492675326257012784e+03 8.454030273437500000e+03 8.453226955672520489e+03
1.492695760168600827e+03 8.454951171875000000e+03 8.453163142764176882e+03
1.492716194179840386e+03 8.449733398437500000e+03 8.453100652807332153e+03
1.492736628291662782e+03 8.442019531250000000e+03 8.453039475650546592e+03
1.492757062203716487e+03 8.465657226562500000e+03 8.452979602015548153e+03
1.492777496316004544e+03 8.451880859375000000e+03 8.452921020562291233e+03
1.492797930328641087e+03 8.455379882812500000e+03 8.452863721992047431e+03
1.492818364241160452e+03 8.460892578125000000e+03 8.452807696119418324e+03
1.492838798354379833e+03 8.457255859375000000e+03 8.452752931960989372e+03
1.492859232367482036e+03 8.455412109375000000e+03 8.452699420164284675e+03
1.492879666280932724e+03 8.448648437500000000e+03 8.452647150541823066e+03
1.492900100394617766e+03 8.450384765625000000e+03 8.452596112167644606e+03
1.492920534408185631e+03 8.454363281250000000e+03 8.452546295632993861e+03
1.492940968522336334e+03 8.457272460937500000e+03 8.452497690280535608e+03
1.492961402436718345e+03 8.454572265625000000e+03 8.452450286647954272e+03
1.492981836451217532e+03 8.459621093750000000e+03 8.452404073862820951e+03
1.493002270565833896e+03 8.456802734375000000e+03 8.452359041774589059e+03
1.493022704480681568e+03 8.456076171875000000e+03 8.452315180867575691e+03
1.493043138496112078e+03 8.448053710937500000e+03 8.452272480320607428e+03
1.493063572611659765e+03 8.450303710937500000e+03 8.452230929983697933e+03
1.493084006526973099e+03 8.457190429687500000e+03 8.452190520291200301e+03
1.493104440642986447e+03 8.449055664062500000e+03 8.452151240282226354e+03
1.493124874658882618e+03 8.452650390625000000e+03 8.452113080375373102e+03
1.493145308575592935e+03 8.458254882812500000e+03 8.452076030384610931e+03
1.493165742692071944e+03 8.451468750000000000e+03 8.452040079608052110e+03
1.493186176708433777e+03 8.460743164062500000e+03 8.452005218413338298e+03
1.493206610625609756e+03 8.461843750000000000e+03 8.451971436615040147e+03
1.493227044743020087e+03 8.452135742187500000e+03 8.451938723558125275e+03
1.493247478760313243e+03 8.452897460937500000e+03 8.451907069563278128e+03
1.493267912677954882e+03 8.452638671875000000e+03 8.451876464446342652e+03
1.493288346795830876e+03 8.451034179687500000e+03 8.451846897597875795e+03
1.493308780814055353e+03 8.453621093750000000e+03 8.451818359291453817e+03
1.493329214832279831e+03 8.451588867187500000e+03 8.451790839212380888e+03
1.493349648850969970e+03 8.459170898437500000e+03 8.451764327192082419e+03
1.493370082869660109e+03 8.454766601562500000e+03 8.451738813063217094e+03
1.493390516988933086e+03 8.449680664062500000e+03 8.451714286539488967e+03
1.493410950907971710e+03 8.456375976562500000e+03 8.451690737806804464e+03
1.493431384927593172e+03 8.446852539062500000e+03 8.451668156343373994e+03
1.493451819047331810e+03 8.444852539062500000e+03 8.451646531995915211e+03
1.493472252967301756e+03 8.452775390625000000e+03 8.451625854906838867e+03
1.493492687087506056e+03 8.448568359375000000e+03 8.451606114503367280e+03
1.493513121107593179e+03 8.448737304687500000e+03 8.451587300914532534e+03
1.493533555028494447e+03 8.451040039062500000e+03 8.451569403958001203e+03
1.493553989149164408e+03 8.444301757812500000e+03 8.451552413210674786e+03
1.493574423170182854e+03 8.446777343750000000e+03 8.451536318760165159e+03
1.493594857091549784e+03 8.459926757812500000e+03 8.451521110425452207e+03
1.493615291213151067e+03 8.447796875000000000e+03 8.451506777821839933e+03
1.493635725234635174e+03 8.450162109375000000e+03 8.451493310998426750e+03
1.493656159256584942e+03 8.460744140625000000e+03 8.451480699714587900e+03
1.493676593279000372e+03 8.457185546875000000e+03 8.451468933802394531e+03
1.493697027301415801e+03 8.447988281250000000e+03 8.451458003094154265e+03
1.493737895346712321e+03 8.458242187500000000e+03 8.451438606617379264e+03
1.493758329370059073e+03 8.453043945312500000e+03 8.451430120512723079e+03
1.493778763493057340e+03 8.462638671875000000e+03 8.451422428904548724e+03
1.493799197416752577e+03 8.450548828125000000e+03 8.451415521731638364e+03
1.493819631440564990e+03 8.454871093750000000e+03 8.451409388719101116e+03
1.493840065564494580e+03 8.442193359375000000e+03 8.451404019710254943e+03
1.493962669712956995e+03 8.449229492187500000e+03 8.451387281008468563e+03
1.493983103638514876e+03 8.455039062500000000e+03 8.451386975520712440e+03
1.494003537764307112e+03 8.458953125000000000e+03 8.451387352717611066e+03
1.494023971789982170e+03 8.451394531250000000e+03 8.451388402430626229e+03
1.494044405916705728e+03 8.444076171875000000e+03 8.451390114502033612e+03
1.494064839842729270e+03 8.455170898437500000e+03 8.451392478733761891e+03
1.494085273869335651e+03 8.450101562500000000e+03 8.451395484987906457e+03
1.494105707996524870e+03 8.456411132812500000e+03 8.451399123105880790e+03
1.494126141923479736e+03 8.476223632812500000e+03 8.451403382861559294e+03
1.494146575951017439e+03 8.451897460937500000e+03 8.451408254145137107e+03
1.494167010078206658e+03 8.440665039062500000e+03 8.451413726797305571e+03
1.494187444006092846e+03 8.450257812500000000e+03 8.451419790565656513e+03
1.494207878034096211e+03 8.445342773437500000e+03 8.451426435366765872e+03
1.494228312162216753e+03 8.452153320312500000e+03 8.451433651041103076e+03
1.494248746090568602e+03 8.450520507812500000e+03 8.451441427310652216e+03
1.494269180219620466e+03 8.457162109375000000e+03 8.451449754159788426e+03
1.494289614248089492e+03 8.469779296875000000e+03 8.451458621301759194e+03
1.494310048277489841e+03 8.453512695312500000e+03 8.451468018608653438e+03
1.494330482306890190e+03 8.461808593750000000e+03 8.451477935912078465e+03
1.494350916336290538e+03 8.451899414062500000e+03 8.451488363044034486e+03
1.494371350366156548e+03 8.452910156250000000e+03 8.451499289836783646e+03
1.494391784396022558e+03 8.445533203125000000e+03 8.451510706122089687e+03
1.494412218426354229e+03 8.463736328125000000e+03 8.451522601732231124e+03
1.494432652556803077e+03 8.453183593750000000e+03 8.451534966560668181e+03
1.494453086487483233e+03 8.446573242187500000e+03 8.451547790254555366e+03
1.494473520518280566e+03 8.450169921875000000e+03 8.451561062830760420e+03
1.494493954549543560e+03 8.446287109375000000e+03 8.451574774059883566e+03
1.494514388580806553e+03 8.449798828125000000e+03 8.451588913773626700e+03
1.494534822612069547e+03 8.442539062500000000e+03 8.451603471803988214e+03
1.494555256743915379e+03 8.443149414062500000e+03 8.451618438057623280e+03
1.494575690675992519e+03 8.448860351562500000e+03 8.451633802143629509e+03
1.494596124708186835e+03 8.443634765625000000e+03 8.451649554116593208e+03
1.494616558840498328e+03 8.466036132812500000e+03 8.451665683814142540e+03
1.494636992773506790e+03 8.446378906250000000e+03 8.451682180829226127e+03
1.494657426906283945e+03 8.455545898437500000e+03 8.451699035315969013e+03
1.494677860939409584e+03 8.471287109375000000e+03 8.451716236862001097e+03
1.494698294872418046e+03 8.443473632812500000e+03 8.451733775293912913e+03
1.494718729006126523e+03 8.444155273437500000e+03 8.451751640704325837e+03
1.494739163040183485e+03 8.449867187500000000e+03 8.451769822665039101e+03
1.494759596973657608e+03 8.447001953125000000e+03 8.451788311002645059e+03
1.494780031108297408e+03 8.446818359375000000e+03 8.451807095824362477e+03
1.494800465142354369e+03 8.454197265625000000e+03 8.451826166686960278e+03
1.494820899277459830e+03 8.439030273437500000e+03 8.451845513610511262e+03
1.494841333211865276e+03 8.439279296875000000e+03 8.451865126139349741e+03
1.494861767247319221e+03 8.471175781250000000e+03 8.451884994393163652e+03
1.494882201382424682e+03 8.445763671875000000e+03 8.451905108206283330e+03
1.494902635318227112e+03 8.447385742187500000e+03 8.451925457114684832e+03
1.494923069353681058e+03 8.451000000000000000e+03 8.451946031246376151e+03
1.494943503489717841e+03 8.452597656250000000e+03 8.451966820437519345e+03
1.494963937425985932e+03 8.451918945312500000e+03 8.451987814213025558e+03
1.494984371462371200e+03 8.463126953125000000e+03 8.452009002711507492e+03
1.495004805598873645e+03 8.449772460937500000e+03 8.452030375767746591e+03
1.495025239635724574e+03 8.461952148437500000e+03 8.452051923004750279e+03
1.495045673673041165e+03 8.448272460937500000e+03 8.452073634358797790e+03
1.495066107710357755e+03 8.451170898437500000e+03 8.452095499661383656e+03
1.495086541647557169e+03 8.451935546875000000e+03 8.452117508636330967e+03
1.495106975785456598e+03 8.456053710937500000e+03 8.452139651440644229e+03
1.495127409823238850e+03 8.447775390625000000e+03 8.452161917581301168e+03
1.495147843761369586e+03 8.449535156250000000e+03 8.452184296889066900e+03
1.495168277900200337e+03 8.453685546875000000e+03 8.452206779525664388e+03
1.495188711938448250e+03 8.451623046875000000e+03 8.452229354992326989e+03
1.495209146077279001e+03 8.444404296875000000e+03 8.452252013343182625e+03
1.495229580016341060e+03 8.447194335937500000e+03 8.452274744076621573e+03
1.495250014055985957e+03 8.447454101562500000e+03 8.452297537358237605e+03
1.495270448195282370e+03 8.452518554687500000e+03 8.452320383019825385e+03
1.495290882135275751e+03 8.449211914062500000e+03 8.452343270558798395e+03
1.495311316174920648e+03 8.455835937500000000e+03 8.452366190141710831e+03
1.495331750315148383e+03 8.450499023437500000e+03 8.452389131601990812e+03
1.495352184255607426e+03 8.451072265625000000e+03 8.452412084434310600e+03
1.495372618396300822e+03 8.455996093750000000e+03 8.452435038919895305e+03
1.495393052436877042e+03 8.449581054687500000e+03 8.452457984553326241e+03
1.495413486377801746e+03 8.452386718750000000e+03 8.452480911167305749e+03
1.495433920518960804e+03 8.453290039062500000e+03 8.452503808930097875e+03
1.495454354560934007e+03 8.453548828125000000e+03 8.452526668267573768e+03
1.495474788502324373e+03 8.459212890625000000e+03 8.452549485690455185e+03
1.495495222644414753e+03 8.456261718750000000e+03 8.452572260242479388e+03
1.495515656686387956e+03 8.453748046875000000e+03 8.452594990300058271e+03
1.495536090728826821e+03 8.452666992187500000e+03 8.452617674687411636e+03
1.495556524771265686e+03 8.462529296875000000e+03 8.452640312116025598e+03
1.495576958814170212e+03 8.450724609375000000e+03 8.452662901298421275e+03
1.495597392957191914e+03 8.460020507812500000e+03 8.452685441056401032e+03
1.495617826900444925e+03 8.449681640625000000e+03 8.452707929771553609e+03
1.495638260943815112e+03 8.453927734375000000e+03 8.452730366486302955e+03
1.495658695087302476e+03 8.452587890625000000e+03 8.452752749911880528e+03
1.495679129131138325e+03 8.451885742187500000e+03 8.452775078541459152e+03
1.495699563075322658e+03 8.461188476562500000e+03 8.452797351087861898e+03
1.495719997219741344e+03 8.455679687500000000e+03 8.452819566589538226e+03
1.495740431164391339e+03 8.455364257812500000e+03 8.452841723323630504e+03
1.495760865308810025e+03 8.447694335937500000e+03 8.452863820435359230e+03
1.495781299354042858e+03 8.448923828125000000e+03 8.452885856313005206e+03
1.495801733299158514e+03 8.456376953125000000e+03 8.452907829668471095e+03
1.495822167444508523e+03 8.455356445312500000e+03 8.452929739536279158e+03
1.495842601490207016e+03 8.455131835937500000e+03 8.452951584306421864e+03
1.495863035436253995e+03 8.445052734375000000e+03 8.452973362691864168e+03
1.495883469582069665e+03 8.444366210937500000e+03 8.452995073723239329e+03
1.495903903628233820e+03 8.458564453125000000e+03 8.453016715793924959e+03
1.495924337574746460e+03 8.450406250000000000e+03 8.453038287616944217e+03
1.495944771721493453e+03 8.444464843750000000e+03 8.453059788220363771e+03
1.495965205768588930e+03 8.462068359375000000e+03 8.453081216000124186e+03
1.495985639915801585e+03 8.443665039062500000e+03 8.453102569877701171e+03
1.496006073863245547e+03 8.453318359375000000e+03 8.453123848252263997e+03
1.496026507910806686e+03 8.451756835937500000e+03 8.453145050148646988e+03
1.496046942058485001e+03 8.455923828125000000e+03 8.453166174277730534e+03
1.496067376006394625e+03 8.453946289062500000e+03 8.453187219042078141e+03
1.496087810054421425e+03 8.454407226562500000e+03 8.453208183463128080e+03
1.496108244203031063e+03 8.457003906250000000e+03 8.453229066252175471e+03
1.496128678151872009e+03 8.458732421875000000e+03 8.453249865814881559e+03
1.496149112300481647e+03 8.454612304687500000e+03 8.453270581269924151e+03
1.496169546349905431e+03 8.451958007812500000e+03 8.453291211025618395e+03
1.496189980399329215e+03 8.453819335937500000e+03 8.453311753894726280e+03
1.496210414448752999e+03 8.452892578125000000e+03 8.453332208589254151e+03
1.496230848498642445e+03 8.453462890625000000e+03 8.453352573821672195e+03
1.496251282548531890e+03 8.446812500000000000e+03 8.453372848303515639e+03
1.496271716598421335e+03 8.456212890625000000e+03 8.453393030746796285e+03
1.496292150648776442e+03 8.456132812500000000e+03 8.453413119863971588e+03
1.496312584699597210e+03 8.453202148437500000e+03 8.453433114367046073e+03
1.496333018850535154e+03 8.460928710937500000e+03 8.453453013064816332e+03
1.496353452801704407e+03 8.452600585937500000e+03 8.453472814377975737e+03
1.496373886852990836e+03 8.452587890625000000e+03 8.453492517309841787e+03
1.496394320904277265e+03 8.456957031250000000e+03 8.453512120475164920e+03
1.496414754956029356e+03 8.445068359375000000e+03 8.453531622586395315e+03
1.496435189107898623e+03 8.448981445312500000e+03 8.453551022449883021e+03
1.496455623059999198e+03 8.452505859375000000e+03 8.453570318493684681e+03
1.496476057112216949e+03 8.463497070312500000e+03 8.453589509713752705e+03
1.496496491265017539e+03 8.453938476562500000e+03 8.453608594820976577e+03
1.496516925217583776e+03 8.453225585937500000e+03 8.453627572247183707e+03
1.496537359370850027e+03 8.465499023437500000e+03 8.453646441076727569e+03
1.496557793423999101e+03 8.454696289062500000e+03 8.453665199743030826e+03
1.496578227377496660e+03 8.456445312500000000e+03 8.453683846960155279e+03
1.496598661530762911e+03 8.453513671875000000e+03 8.453702381712513670e+03
1.496619095584843308e+03 8.456843750000000000e+03 8.453720802440111584e+03
1.496639529538806528e+03 8.455675781250000000e+03 8.453739107855795737e+03
1.496659963693469763e+03 8.452086914062500000e+03 8.453757296940191736e+03
1.496680397747550160e+03 8.466720703125000000e+03 8.453775368136264660e+03
1.496721265857573599e+03 8.456428710937500000e+03 8.453811151982545198e+03
1.496741699912585318e+03 8.459833007812500000e+03 8.453828862055936042e+03
1.496762134068179876e+03 8.454803710937500000e+03 8.453846449265100091e+03
1.496782568023540080e+03 8.450765625000000000e+03 8.453863912064040051e+03
1.496803002079483122e+03 8.461706054687500000e+03 8.453881249422749534e+03
1.496823436235543340e+03 8.455642578125000000e+03 8.453898460050979338e+03
1.496843870291486382e+03 8.452434570312500000e+03 8.453915542492086388e+03
1.496864304248243570e+03 8.456710937500000000e+03 8.453932495460732753e+03
1.496884738404769450e+03 8.448062500000000000e+03 8.453949317915990832e+03
1.496905172461643815e+03 8.456602539062500000e+03 8.453966008322402558e+03
1.496925606518518180e+03 8.463807617187500000e+03 8.453982565474329022e+03
1.496946040575858206e+03 8.457747070312500000e+03 8.453998988084153098e+03
1.496966474633663893e+03 8.460483398437500000e+03 8.454015274863864761e+03
1.496986908691003919e+03 8.458987304687500000e+03 8.454031424524728209e+03
1.497007342749275267e+03 8.458000000000000000e+03 8.454047435779848456e+03
1.497027776807546616e+03 8.456190429687500000e+03 8.454063307340489700e+03
1.497048210865817964e+03 8.452299804687500000e+03 8.454079037918654649e+03
1.497068644924089313e+03 8.458796875000000000e+03 8.454094626226353284e+03
1.497089079083409160e+03 8.453248046875000000e+03 8.454110071051603882e+03
1.497109513042028993e+03 8.453687500000000000e+03 8.454125370879395632e+03
1.497129947101231664e+03 8.453386718750000000e+03 8.454140524648388237e+03
1.497150381261017174e+03 8.450986328125000000e+03 8.454155531068410710e+03
1.497170815220568329e+03 8.455413085937500000e+03 8.454170388631646347e+03
1.497191249280236661e+03 8.462049804687500000e+03 8.454185096269580754e+03
1.497211683440487832e+03 8.449715820312500000e+03 8.454199652692328527e+03
1.497232117400970310e+03 8.458552734375000000e+03 8.454214056399050605e+03
1.497252551461569965e+03 8.459407226562500000e+03 8.454228306314253132e+03
1.497272985621821135e+03 8.444532226562500000e+03 8.454242401147348573e+03
1.497293419583234936e+03 8.462001953125000000e+03 8.454256339405590552e+03
1.497313853743951768e+03 8.459545898437500000e+03 8.454270120072547797e+03
1.497334287805482745e+03 8.450385742187500000e+03 8.454283741657758583e+03
1.497354721766896546e+03 8.453234375000000000e+03 8.454297202874942741e+03
1.497375155929010361e+03 8.453122070312500000e+03 8.454310502633088618e+03
1.497395589991007000e+03 8.452256835937500000e+03 8.454323639447204187e+03
1.497416024053003639e+03 8.448515625000000000e+03 8.454336612094859447e+03
1.497436458115465939e+03 8.455505859375000000e+03 8.454349419288346326e+03
1.497456892178393900e+03 8.450519531250000000e+03 8.454362059739658434e+03
1.497477326340973377e+03 8.453529296875000000e+03 8.454374532220914261e+03
1.497497760404367000e+03 8.452442382812500000e+03 8.454386835322742627e+03
1.497518194367643446e+03 8.451869140625000000e+03 8.454398967759078005e+03
1.497538628531154245e+03 8.446239257812500000e+03 8.454410928418988988e+03
1.497559062594547868e+03 8.446959960937500000e+03 8.454422715837408759e+03
1.497579496558755636e+03 8.442050781250000000e+03 8.454434328729425033e+03
1.497599930722732097e+03 8.452319335937500000e+03 8.454445765975640825e+03
1.497620364787057042e+03 8.452123046875000000e+03 8.454457026119180227e+03
1.497640798751730472e+03 8.450929687500000000e+03 8.454468107874643465e+03
1.497661232916638255e+03 8.457474609375000000e+03 8.454479010115350320e+03
1.497681666881311685e+03 8.452952148437500000e+03 8.454489731339643185e+03
1.497702101046685129e+03 8.450157226562500000e+03 8.454500270469874522e+03
1.497722535111941397e+03 8.449611328125000000e+03 8.454510626061550283e+03
1.497742969077546149e+03 8.457202148437500000e+03 8.454520796829609026e+03
1.497763403243850917e+03 8.458403320312500000e+03 8.454530781634171944e+03
1.497783837309572846e+03 8.453747070312500000e+03 8.454540579038659416e+03
1.497804271276108921e+03 8.451808593750000000e+03 8.454550187758495667e+03
1.497824705442413688e+03 8.454057617187500000e+03 8.454559606644867017e+03
1.497845139509066939e+03 8.452393554687500000e+03 8.454568834270357911e+03
1.497865573675837368e+03 8.452311523437500000e+03 8.454577869437167465e+03
1.497886007643304765e+03 8.450818359375000000e+03 8.454586710726314777e+03
1.497906441710423678e+03 8.449733398437500000e+03 8.454595356980569704e+03
1.497926875878125429e+03 8.453226562500000000e+03 8.454603806909457489e+03
1.497947309845592827e+03 8.449514648437500000e+03 8.454612059102026251e+03
1.497967743913643062e+03 8.459666992187500000e+03 8.454620112393211457e+03
1.497988178081810474e+03 8.452086914062500000e+03 8.454627965491890791e+03
1.498008612050209194e+03 8.455573242187500000e+03 8.454635616996294630e+03
1.498029046118725091e+03 8.456610351562500000e+03 8.454643065732187097e+03
1.498049480287358165e+03 8.463970703125000000e+03 8.454650310408585938e+03
1.498069914356805384e+03 8.454558593750000000e+03 8.454657349666813388e+03
1.498090348425786942e+03 8.448913085937500000e+03 8.454664182254377010e+03
1.498110782495234162e+03 8.452478515625000000e+03 8.454670806883590558e+03
1.498131216565147042e+03 8.450838867187500000e+03 8.454677222266445824e+03
1.498151650635059923e+03 8.452925781250000000e+03 8.454683427114789083e+03
1.498172084704972804e+03 8.451134765625000000e+03 8.454689420140623042e+03
1.498192518775351346e+03 8.460874023437500000e+03 8.454695200056075919e+03
1.498212952945847064e+03 8.457387695312500000e+03 8.454700765599758597e+03
1.498233386916574091e+03 8.452940429687500000e+03 8.454706115403565491e+03
1.498253821087069809e+03 8.450603515625000000e+03 8.454711248284094836e+03
1.498274255158379674e+03 8.452833007812500000e+03 8.454716162876644376e+03
1.498294689129572362e+03 8.453739257812500000e+03 8.454720857896203597e+03
1.498315123301465064e+03 8.452544921875000000e+03 8.454725332122254258e+03
1.498335557273123413e+03 8.464478515625000000e+03 8.454729584179018275e+03
1.498355991344898939e+03 8.458730468750000000e+03 8.454733612842632283e+03
1.498376425517257303e+03 8.462077148437500000e+03 8.454737416821881197e+03
1.498396859489846975e+03 8.459241210937500000e+03 8.454740994774507271e+03
1.498417293562088162e+03 8.454494140625000000e+03 8.454744345466599043e+03
1.498437727734912187e+03 8.449326171875000000e+03 8.454747467606959617e+03
1.498458161707967520e+03 8.452885742187500000e+03 8.454750359863373887e+03
1.498478595881257206e+03 8.455744140625000000e+03 8.454753021004440598e+03
1.498499029954895377e+03 8.456637695312500000e+03 8.454755449701398902e+03
1.498519463928416371e+03 8.453598632812500000e+03 8.454757644669613001e+03
1.498539898102171719e+03 8.453250000000000000e+03 8.454759604651624613e+03
1.498560332176275551e+03 8.451413085937500000e+03 8.454761328328933814e+03
1.498580766250379384e+03 8.457130859375000000e+03 8.454762814423669624e+03
1.498601200324948877e+03 8.455030273437500000e+03 8.454764061647863855e+03
1.498621634399518371e+03 8.451183593750000000e+03 8.454765068713477376e+03
1.498642068574670702e+03 8.455164062500000000e+03 8.454765834504147278e+03
1.498662502549588680e+03 8.463829101562500000e+03 8.454766359552546419e+03
1.498682936625089496e+03 8.456742187500000000e+03 8.454766645356605295e+03
1.498703370800707489e+03 8.458148437500000000e+03 8.454766693412228051e+03
1.498723804876208305e+03 8.452579101562500000e+03 8.454766505218352904e+03
1.498744238852523267e+03 8.455993164062500000e+03 8.454766082277841633e+03
1.498764673028606921e+03 8.451664062500000000e+03 8.454765426082190970e+03
1.498785107105039060e+03 8.447643554687500000e+03 8.454764538138721036e+03
1.498805541181471199e+03 8.455793945312500000e+03 8.454763419944218185e+03
1.498825975258368999e+03 8.459837890625000000e+03 8.454762072998059011e+03
1.498846409335266799e+03 8.451930664062500000e+03 8.454760498799689231e+03
1.498866843512281775e+03 8.455055664062500000e+03 8.454758698839148565e+03
1.498887277489993721e+03 8.464681640625000000e+03 8.454756674643867882e+03
1.498907711567357183e+03 8.450152343750000000e+03 8.454754427685282280e+03
1.498928145745303482e+03 8.459279296875000000e+03 8.454751959459443242e+03
1.498948579723481089e+03 8.451419921875000000e+03 8.454749271503651471e+03
1.498969013801775873e+03 8.458013671875000000e+03 8.454746365279475867e+03
1.498989447880070657e+03 8.449312500000000000e+03 8.454743242298965924e+03
1.499009881958831102e+03 8.448901367187500000e+03 8.454739904061458219e+03
1.499030316137708724e+03 8.453002929687500000e+03 8.454736352048514163e+03
1.499050750116817653e+03 8.452205078125000000e+03 8.454732587813236023e+03
1.499071184196043760e+03 8.459090820312500000e+03 8.454728612801340205e+03
1.499091618375387043e+03 8.451519531250000000e+03 8.454724428509160134e+03
1.499112052354961634e+03 8.463079101562500000e+03 8.454720036499043999e+03
1.499132486435119063e+03 8.449890625000000000e+03 8.454715438207356783e+03
1.499152920614928007e+03 8.452956054687500000e+03 8.454710635130708397e+03
1.499173354595433921e+03 8.463528320312500000e+03 8.454705628840270947e+03
1.499193788776174188e+03 8.455209960937500000e+03 8.454700420737572131e+03
1.499214222856797278e+03 8.461899414062500000e+03 8.454695012397100072e+03
1.499234656837768853e+03 8.452627929687500000e+03 8.454689405321074446e+03
1.499255091018974781e+03 8.452425781250000000e+03 8.454683600925161954e+03
1.499275525100063533e+03 8.448944335937500000e+03 8.454677600792650992e+03
1.499295959181617945e+03 8.456905273437500000e+03 8.454671406394856604e+03
1.499316393263638020e+03 8.454106445312500000e+03 8.454665019231182669e+03
1.499336827345658094e+03 8.454722656250000000e+03 8.454658440801184042e+03
1.499357261427678168e+03 8.455231445312500000e+03 8.454651672604279156e+03
1.499377695610281080e+03 8.456874023437500000e+03 8.454644716105180123e+03
1.499398129592649639e+03 8.452690429687500000e+03 8.454637572907080539e+03
1.499418563775718212e+03 8.464562500000000000e+03 8.454630244369249340e+03
1.499438997858669609e+03 8.452444335937500000e+03 8.454622732097621338e+03
1.499459431841969490e+03 8.452723632812500000e+03 8.454615037594126989e+03
1.499479866025038064e+03 8.459991210937500000e+03 8.454607162244103165e+03
1.499500300108920783e+03 8.452008789062500000e+03 8.454599107660851587e+03
1.499520734092686325e+03 8.449090820312500000e+03 8.454590875346770190e+03
1.499541168276686221e+03 8.460835937500000000e+03 8.454582466678972196e+03
1.499561602361034602e+03 8.457094726562500000e+03 8.454573883278982976e+03
1.499582036445382982e+03 8.454775390625000000e+03 8.454565126605635669e+03
1.499602470530197024e+03 8.449594726562500000e+03 8.454556198158148618e+03
1.499622904514893889e+03 8.449952148437500000e+03 8.454547099481125770e+03
1.499643338700290769e+03 8.462088867187500000e+03 8.454537831938790987e+03
1.499663772785570472e+03 8.450048828125000000e+03 8.454528397165749993e+03
1.499704640956595540e+03 8.449171875000000000e+03 8.454509031790012159e+03
1.499725075042806566e+03 8.448135742187500000e+03 8.454499104185913893e+03
1.499745509128551930e+03 8.451478515625000000e+03 8.454489015304003260e+03
1.499765943215228617e+03 8.453105468750000000e+03 8.454478766643000199e+03
1.499786377301439643e+03 8.458336914062500000e+03 8.454468359703019814e+03
1.499806811488233507e+03 8.457625000000000000e+03 8.454457795930864449e+03
1.499827245475258678e+03 8.463463867187500000e+03 8.454447076982360159e+03
1.499847679562401026e+03 8.454166015625000000e+03 8.454436204200743305e+03
1.499868113749660552e+03 8.451664062500000000e+03 8.454425179083187686e+03
1.499888547837268561e+03 8.450709960937500000e+03 8.454414003236892313e+03
1.499908981825225055e+03 8.451591796875000000e+03 8.454402678163471137e+03
1.499929416012950242e+03 8.460127929687500000e+03 8.454391205195302973e+03
1.499949850101023912e+03 8.453306640625000000e+03 8.454379585998842231e+03
1.499970284189563245e+03 8.455109375000000000e+03 8.454367822017638900e+03
1.499990718278102577e+03 8.455481445312500000e+03 8.454355914751380624e+03
1.500011152367107570e+03 8.449167968750000000e+03 8.454343865699205708e+03
1.500031586456112564e+03 8.457887695312500000e+03 8.454331676360801794e+03
1.500052020545117557e+03 8.452752929687500000e+03 8.454319348235585494e+03
1.500072454634588212e+03 8.452540039062500000e+03 8.454306882822695115e+03
1.500092888824176043e+03 8.455491210937500000e+03 8.454294281559754381e+03
1.500113322813995183e+03 8.450937500000000000e+03 8.454281546132102449e+03
1.500133757004048675e+03 8.454638671875000000e+03 8.454268677789856156e+03
1.500154191094450653e+03 8.456918945312500000e+03 8.454255678220317350e+03
1.500174625084735453e+03 8.456582031250000000e+03 8.454242548925110896e+03
1.500195059275254607e+03 8.449355468750000000e+03 8.454229291209725488e+03
1.500215493366122246e+03 8.445503906250000000e+03 8.454215906767205524e+03
1.500235927357338369e+03 8.456210937500000000e+03 8.454202397098808433e+03
1.500256361548323184e+03 8.443373046875000000e+03 8.454188763505086172e+03
1.500276795540004969e+03 8.443754882812500000e+03 8.454175007751702651e+03
1.500297229631803930e+03 8.454388671875000000e+03 8.454161131137396296e+03
1.500317663823254406e+03 8.452125976562500000e+03 8.454147135160146718e+03
1.500338097815401852e+03 8.453103515625000000e+03 8.454133021524994547e+03
1.500358532007783651e+03 8.452802734375000000e+03 8.454118791455406608e+03
1.500378966100048274e+03 8.466656250000000000e+03 8.454104446659110181e+03
1.500399400092661381e+03 8.458276367187500000e+03 8.454089988636869748e+03
1.500419834285974503e+03 8.456579101562500000e+03 8.454075418674758112e+03
1.500440268378704786e+03 8.452909179687500000e+03 8.454060738486197806e+03
1.500460702471900731e+03 8.455354492187500000e+03 8.454045949498824484e+03
1.500481136565562338e+03 8.454966796875000000e+03 8.454031053212054758e+03
1.500501570659223944e+03 8.454810546875000000e+03 8.454016051125636295e+03
1.500522004853002727e+03 8.457438476562500000e+03 8.454000944664727285e+03
1.500542438847478479e+03 8.455181640625000000e+03 8.453985735550848403e+03
1.500562872941605747e+03 8.453077148437500000e+03 8.453970425061655988e+03
1.500583307136315852e+03 8.456518554687500000e+03 8.453955014694398415e+03
1.500603741230908781e+03 8.454255859375000000e+03 8.453939506099843129e+03
1.500624175225850195e+03 8.463824218750000000e+03 8.453923900778499956e+03
1.500644609421025962e+03 8.454733398437500000e+03 8.453908200000050783e+03
1.500665043516084552e+03 8.450378906250000000e+03 8.453892405494001650e+03
1.500685477511491627e+03 8.453577148437500000e+03 8.453876518760773251e+03
1.500705911707598716e+03 8.454197265625000000e+03 8.453860541065598227e+03
1.500726345803588629e+03 8.458131835937500000e+03 8.453844474142437321e+03
1.500746779999695718e+03 8.455918945312500000e+03 8.453828319333289983e+03
1.500767213996034116e+03 8.451480468750000000e+03 8.453812078375292913e+03
1.500787648092489690e+03 8.451480468750000000e+03 8.453795752530142636e+03
1.500808082289062440e+03 8.451037109375000000e+03 8.453779343296020670e+03
1.500828516285866499e+03 8.451621093750000000e+03 8.453762852413772634e+03
1.500848950383253396e+03 8.449130859375000000e+03 8.453746281141016880e+03
1.500869384580291808e+03 8.458330078125000000e+03 8.453729630976753469e+03
1.500889818578027189e+03 8.459156250000000000e+03 8.453712903664569239e+03
1.500910252775996923e+03 8.457560546875000000e+03 8.453696100376826507e+03
1.500930686773732305e+03 8.450470703125000000e+03 8.453679222942242632e+03
1.500951120872050524e+03 8.451741210937500000e+03 8.453662272612324159e+03
1.500971555070485920e+03 8.450077148437500000e+03 8.453645250885812857e+03
1.500991989068686962e+03 8.438162109375000000e+03 8.453628159512838465e+03
1.501012423167470843e+03 8.449110351562500000e+03 8.453610999741720661e+03
1.501032857366371900e+03 8.452470703125000000e+03 8.453593773071273972e+03
1.501053291365504265e+03 8.454735351562500000e+03 8.453576481254214741e+03
1.501073725465219468e+03 8.458993164062500000e+03 8.453559125536270585e+03
1.501094159664586186e+03 8.450491210937500000e+03 8.453541707416725330e+03
1.501114593764301389e+03 8.452251953125000000e+03 8.453524228564889199e+03
1.501135027864482254e+03 8.452710937500000000e+03 8.453506690394991892e+03
1.501155461964663118e+03 8.448675781250000000e+03 8.453489094406852018e+03
1.501175896064843982e+03 8.440754882812500000e+03 8.453471442099893466e+03
1.501196330165490508e+03 8.455812500000000000e+03 8.453453734973129031e+03
1.501216764266137034e+03 8.452923828125000000e+03 8.453435974526380960e+03
1.501237198367249221e+03 8.452760742187500000e+03 8.453418162258665689e+03
1.501257632568478584e+03 8.452498046875000000e+03 8.453400299582164735e+03
1.501278066569939256e+03 8.457930664062500000e+03 8.453382388258814899e+03
1.501298500771634281e+03 8.451053710937500000e+03 8.453364429437417130e+03
1.501318934873212129e+03 8.452741210937500000e+03 8.453346424881019630e+03
1.501339368875138462e+03 8.450462890625000000e+03 8.453328376089295489e+03
1.501359803077299148e+03 8.448554687500000000e+03 8.453310284296459940e+03
1.501380237179808319e+03 8.450639648437500000e+03 8.453292151267132795e+03
1.501400671182200313e+03 8.456088867187500000e+03 8.453273978501745660e+03
1.501421105384826660e+03 8.457195312500000000e+03 8.453255767232320068e+03
1.501441539487801492e+03 8.444579101562500000e+03 8.453237519225256619e+03
1.501461973491124809e+03 8.453513671875000000e+03 8.453219235980510348e+03
1.501482407694682479e+03 8.454463867187500000e+03 8.453200918728920442e+03
1.501502841798122972e+03 8.446431640625000000e+03 8.453182569238906581e+03
1.501523276002146304e+03 8.453734375000000000e+03 8.453164188829676277e+03
1.501543710005935282e+03 8.446240234375000000e+03 8.453145779271451829e+03
1.501564144010189921e+03 8.450911132812500000e+03 8.453127341883249755e+03
1.501584578214678913e+03 8.461337890625000000e+03 8.453108877983839193e+03
1.501605012319050729e+03 8.446775390625000000e+03 8.453090389343844436e+03
1.501625446423888206e+03 8.457124023437500000e+03 8.453071877371865412e+03
1.501645880528725684e+03 8.450673828125000000e+03 8.453053343567738921e+03
1.501666314634028822e+03 8.459954101562500000e+03 8.453034789430470482e+03
1.501686748839449137e+03 8.454498046875000000e+03 8.453016216368856476e+03
1.501707182845100760e+03 8.454215820312500000e+03 8.452997626155025500e+03
1.501727616950869560e+03 8.460759765625000000e+03 8.452979020015693095e+03
1.501748051156755537e+03 8.457727539062500000e+03 8.452960399450064870e+03
1.501768485262989998e+03 8.450179687500000000e+03 8.452941766139598258e+03
1.501788919269107282e+03 8.448876953125000000e+03 8.452923121584326509e+03
1.501809353475924581e+03 8.464563476562500000e+03 8.452904467009111613e+03
1.501829787582624704e+03 8.453179687500000000e+03 8.452885804255847688e+03
1.501850221689790487e+03 8.448166015625000000e+03 8.452867135947602947e+03
1.501870655796956271e+03 8.450166015625000000e+03 8.452848465755456346e+03
1.501891089904122055e+03 8.450554687500000000e+03 8.452829797379199590e+03
1.501911524111870676e+03 8.449729492187500000e+03 8.452811134426792705e+03
1.501931958119384944e+03 8.456374023437500000e+03 8.452792480872723900e+03
1.501952392227482051e+03 8.454407226562500000e+03 8.452773840142108384e+03
1.501972826435696334e+03 8.452758789062500000e+03 8.452755215935390879e+03
1.501993260444141924e+03 8.456026367187500000e+03 8.452736612225555291e+03
1.502013694552704692e+03 8.452188476562500000e+03 8.452718032439222952e+03
1.502034128761384636e+03 8.452495117187500000e+03 8.452699480276576651e+03
1.502054562770295888e+03 8.446464843750000000e+03 8.452680959709461604e+03
1.502074996979441494e+03 8.457651367187500000e+03 8.452662474075154023e+03
1.502095431088935584e+03 8.456583984375000000e+03 8.452644027345024369e+03
1.502115865098312497e+03 8.457052734375000000e+03 8.452625623218691544e+03
1.502136299308389425e+03 8.453286132812500000e+03 8.452607265125359845e+03
1.502156733418349177e+03 8.455381835937500000e+03 8.452588957035432031e+03
1.502177167428191751e+03 8.452115234375000000e+03 8.452570702647952203e+03
1.502197601638734341e+03 8.455378906250000000e+03 8.452552505394411128e+03
1.502218035649042577e+03 8.460299804687500000e+03 8.452534369331624475e+03
1.502238469860050827e+03 8.453418945312500000e+03 8.452516297803582347e+03
1.502258903970941901e+03 8.452731445312500000e+03 8.452498294776609328e+03
1.502279337982181460e+03 8.458363281250000000e+03 8.452480363949065577e+03
1.502299772193655372e+03 8.459053710937500000e+03 8.452462508758158947e+03
1.502320206305012107e+03 8.454981445312500000e+03 8.452444733166697915e+03
1.502340640416834503e+03 8.447702148437500000e+03 8.452427040786416910e+03
1.502361074528656900e+03 8.450100585937500000e+03 8.452409435317529642e+03
1.502381508640944958e+03 8.454857421875000000e+03 8.452391920459433095e+03
1.502401942753233016e+03 8.455414062500000000e+03 8.452374499912342799e+03
1.502422376865521073e+03 8.449906250000000000e+03 8.452357177376055915e+03
1.502442810978274792e+03 8.453598632812500000e+03 8.452339956549989438e+03
1.502463245191145688e+03 8.448415039062500000e+03 8.452322841050747229e+03
1.502483679304365069e+03 8.456058593750000000e+03 8.452305834745478933e+03
1.502504113317932934e+03 8.462490234375000000e+03 8.452288941332364629e+03
1.502524547531269491e+03 8.459272460937500000e+03 8.452272164264517414e+03
1.502544981644954532e+03 8.448349609375000000e+03 8.452255507488438525e+03
1.502565415658988059e+03 8.454993164062500000e+03 8.452238974702149790e+03
1.502585849872790277e+03 8.452627929687500000e+03 8.452222569364126684e+03
1.502606283987406641e+03 8.449125976562500000e+03 8.452206295415136992e+03
1.502626718201674521e+03 8.452416015625000000e+03 8.452190156396674865e+03
1.502647152216639370e+03 8.444453125000000000e+03 8.452174156243654579e+03
1.502688020546454936e+03 8.458792968750000000e+03 8.452142586629233847e+03
1.502708454561885446e+03 8.452251953125000000e+03 8.452127024798697676e+03
1.502728888676967472e+03 8.452629882812500000e+03 8.452111616399830382e+03
1.502749322892632335e+03 8.450514648437500000e+03 8.452096365134024381e+03
1.502769756908528507e+03 8.456200195312500000e+03 8.452081274924086756e+03
1.502790191024541855e+03 8.452306640625000000e+03 8.452066349247183098e+03
1.502810625241138041e+03 8.448977539062500000e+03 8.452051591805227872e+03
1.502831059257499874e+03 8.444196289062500000e+03 8.452037006514025052e+03
1.502851493474096060e+03 8.456019531250000000e+03 8.452022596787561270e+03
1.502871927490923554e+03 8.445359375000000000e+03 8.452008366607700736e+03
1.502892361607868224e+03 8.455697265625000000e+03 8.451994319464083674e+03
1.502912795825395733e+03 8.447000976562500000e+03 8.451980459058926499e+03
1.502933229842688888e+03 8.448535156250000000e+03 8.451966789294690898e+03
1.502953663960099220e+03 8.445567382812500000e+03 8.451953313668851479e+03
1.502974098178092390e+03 8.439281250000000000e+03 8.451940035883792007e+03
1.502994532295968384e+03 8.450150390625000000e+03 8.451926959769753012e+03
1.503014966414310038e+03 8.447470703125000000e+03 8.451914088960711524e+03
1.503035400532651693e+03 8.454076171875000000e+03 8.451901427156775753e+03
1.503055834651459008e+03 8.442144531250000000e+03 8.451888978057464556e+03
1.503076268770266324e+03 8.453918945312500000e+03 8.451876745362886140e+03
1.503096702889073640e+03 8.447767578125000000e+03 8.451864732772841307e+03
1.503117137008346617e+03 8.454857421875000000e+03 8.451852943986872560e+03
1.503137571227736771e+03 8.463072265625000000e+03 8.451841382648988656e+03
1.503158005247358233e+03 8.451896484375000000e+03 8.451830052626977704e+03
1.503178439467214048e+03 8.453718750000000000e+03 8.451818957398891143e+03
1.503198873586952686e+03 8.448719726562500000e+03 8.451808100829362957e+03
1.503219307607039809e+03 8.448690429687500000e+03 8.451797486614421359e+03
1.503239741827826947e+03 8.446419921875000000e+03 8.451787118299675058e+03
1.503260175948031247e+03 8.444257812500000000e+03 8.451776999739624443e+03
1.503280609969049692e+03 8.455075195312500000e+03 8.451767134629695647e+03
1.503301044189836830e+03 8.463042968750000000e+03 8.451757526527260779e+03
1.503321478310972452e+03 8.449266601562500000e+03 8.451748179274803988e+03
1.503341912332456559e+03 8.454945312500000000e+03 8.451739096568304376e+03
1.503362346553709358e+03 8.455001953125000000e+03 8.451730281976433616e+03
1.503382780675776303e+03 8.453711914062500000e+03 8.451721739329954289e+03
1.503403214797377586e+03 8.450470703125000000e+03 8.451713472285420721e+03
1.503423648919444531e+03 8.445033203125000000e+03 8.451705484542264458e+03
1.503444083041977137e+03 8.452062500000000000e+03 8.451697779800309945e+03
1.503464517164509743e+03 8.445522460937500000e+03 8.451690361759559892e+03
1.503484951287042350e+03 8.451366210937500000e+03 8.451683234119818735e+03
1.503505385410040617e+03 8.452830078125000000e+03 8.451676400580745394e+03
1.503525819533038884e+03 8.455609375000000000e+03 8.451669864842315292e+03
1.503546253656502813e+03 8.453519531250000000e+03 8.451663630604200080e+03
1.503566687879618257e+03 8.458578125000000000e+03 8.451657701538199035e+03
1.503587121903430670e+03 8.449993164062500000e+03 8.451652081428612291e+03
1.503607556027360260e+03 8.449415039062500000e+03 8.451646773890639452e+03
1.503627990251407027e+03 8.449211914062500000e+03 8.451641782628716101e+03
1.503648424375802279e+03 8.445736328125000000e+03 8.451637111391470171e+03
1.503668858400080353e+03 8.451600585937500000e+03 8.451632763874104057e+03
1.503689292624592781e+03 8.462641601562500000e+03 8.451628743714920347e+03
1.503709726749453694e+03 8.453926757812500000e+03 8.451625054675154388e+03
1.503730160774663091e+03 8.448441406250000000e+03 8.451621700449744822e+03
1.503750594999641180e+03 8.457970703125000000e+03 8.451618684691835369e+03
1.503771029124967754e+03 8.453820312500000000e+03 8.451616011147918471e+03
1.503791463350411505e+03 8.449852539062500000e+03 8.451613683491723350e+03
1.503811897376552224e+03 8.457461914062500000e+03 8.451611705454628463e+03
1.503832331502344459e+03 8.459836914062500000e+03 8.451610080704944266e+03
1.503852765728719532e+03 8.447584960937500000e+03 8.451608812947624756e+03
1.503873199754860252e+03 8.450780273437500000e+03 8.451607905898514218e+03
1.503893633881583810e+03 8.453299804687500000e+03 8.451607363241424537e+03
1.503914068107958883e+03 8.453601562500000000e+03 8.451607188681577099e+03
1.503934502135030925e+03 8.450137695312500000e+03 8.451607385918625369e+03
1.503954936362337321e+03 8.457604492187500000e+03 8.451607958656290066e+03
1.503975370489526540e+03 8.446729492187500000e+03 8.451608910588729486e+03
1.503995804517064244e+03 8.451646484375000000e+03 8.451610245410192874e+03
1.504016238744836301e+03 8.450128906250000000e+03 8.451611966842925540e+03
1.504036672872491181e+03 8.450841796875000000e+03 8.451614078564291049e+03
1.504057106900960207e+03 8.451185546875000000e+03 8.451616584268453153e+03
1.504077541129197925e+03 8.446413085937500000e+03 8.451619487694821146e+03
1.504097975257318467e+03 8.450099609375000000e+03 8.451622792503509118e+03
1.504118409286253154e+03 8.464913085937500000e+03 8.451626502388582594e+03
1.504138843514956534e+03 8.458449218750000000e+03 8.451630621107142360e+03
1.504159277644008398e+03 8.448379882812500000e+03 8.451635152301660128e+03
1.504179711773060262e+03 8.456089843750000000e+03 8.451640099691037904e+03
1.504200145902577788e+03 8.453550781250000000e+03 8.451645466975214731e+03
1.504220580032095313e+03 8.445535156250000000e+03 8.451651257853895004e+03
1.504241014162078500e+03 8.447219726562500000e+03 8.451657476027039593e+03
1.504261448292061687e+03 8.453250000000000000e+03 8.451664125194338339e+03
1.504281882422044873e+03 8.447474609375000000e+03 8.451671209055599320e+03
1.504302316552493721e+03 8.443867187500000000e+03 8.451678731310814328e+03
1.504322750683408231e+03 8.454076171875000000e+03 8.451686695659829638e+03
1.504343184913974255e+03 8.458328125000000000e+03 8.451695105844401041e+03
1.504363619044888765e+03 8.446014648437500000e+03 8.451703965482323838e+03
1.504384053076151758e+03 8.453963867187500000e+03 8.451713278266812267e+03
1.504404487307649106e+03 8.448833984375000000e+03 8.451723048037722037e+03
1.504424921439029276e+03 8.450380859375000000e+03 8.451733278354624417e+03
1.504445355470757931e+03 8.454207031250000000e+03 8.451743972910791854e+03
1.504465789702720940e+03 8.452633789062500000e+03 8.451755135566436365e+03
1.504486223834566772e+03 8.450983398437500000e+03 8.451766769860747445e+03
1.504506657866761088e+03 8.456611328125000000e+03 8.451778879486857477e+03
1.504527092099655420e+03 8.451622070312500000e+03 8.451791468326126051e+03
1.504547526231966913e+03 8.451761718750000000e+03 8.451804539896278584e+03
1.504567960464861244e+03 8.441585937500000000e+03 8.451818098025865766e+03
1.504588394497986883e+03 8.459257812500000000e+03 8.451832146211851068e+03
1.504608828631229699e+03 8.459813476562500000e+03 8.451846688356625236e+03
1.504629262864589691e+03 8.454147460937500000e+03 8.451861728167288675e+03
1.504649696898180991e+03 8.451819335937500000e+03 8.451877269119284392e+03
1.504670131031889468e+03 8.451397460937500000e+03 8.451893315136825549e+03
1.504690565266180784e+03 8.453570312500000000e+03 8.451909869927558248e+03
1.504710999300237745e+03 8.455943359375000000e+03 8.451926936943855253e+03
1.504731433534529060e+03 8.440958984375000000e+03 8.451944520220036793e+03
1.504751867669168860e+03 8.452704101562500000e+03 8.451962623201692622e+03
1.504772301704157144e+03 8.459758789062500000e+03 8.451981249581011070e+03
1.504792735938914120e+03 8.448501953125000000e+03 8.452000403334599469e+03
1.504813170074019581e+03 8.453613281250000000e+03 8.452020087885501198e+03
1.504833604109473526e+03 8.447751953125000000e+03 8.452040306925744517e+03
1.504854038344696164e+03 8.463949218750000000e+03 8.452061064455358064e+03
1.504874472480732948e+03 8.453389648437500000e+03 8.452082363874458679e+03
1.504894906516652554e+03 8.447295898437500000e+03 8.452104208873934112e+03
1.504915340752340853e+03 8.450833007812500000e+03 8.452126603478207471e+03
1.504935774888843298e+03 8.444837890625000000e+03 8.452149551063524996e+03
1.504956209125462919e+03 8.450340820312500000e+03 8.452173055553597806e+03
1.504976643161848187e+03 8.452845703125000000e+03 8.452197120298653317e+03
1.504997077298816293e+03 8.452745117187500000e+03 8.452221749348667799e+03
1.505017511535901576e+03 8.451469726562500000e+03 8.452246946264338476e+03
1.505037945572752506e+03 8.451757812500000000e+03 8.452272709333723469e+03
1.505058379710186273e+03 8.458259765625000000e+03 8.452299031679289328e+03
1.505078813947737217e+03 8.448693359375000000e+03 8.452325905701745796e+03
1.505099247985519469e+03 8.445904296875000000e+03 8.452353323395827829e+03
1.505119682223536074e+03 8.452166015625000000e+03 8.452381277691336436e+03
1.505140116361901164e+03 8.449490234375000000e+03 8.452409760575088512e+03
1.505160550400149077e+03 8.447023437500000000e+03 8.452438764431863092e+03
1.505180984638631344e+03 8.445690429687500000e+03 8.452468282084892053e+03
1.505201418777462095e+03 8.443026367187500000e+03 8.452498305497883848e+03
1.505221852816175669e+03 8.456945312500000000e+03 8.452528827055906731e+03
1.505242287055123597e+03 8.447311523437500000e+03 8.452559839604340596e+03
1.505262721194420010e+03 8.453941406250000000e+03 8.452591335084780440e+03
1.505283155334182084e+03 8.449516601562500000e+03 8.452623306041128671e+03
1.505303589473944157e+03 8.459883789062500000e+03 8.452655744865802262e+03
1.505324023613706231e+03 8.447986328125000000e+03 8.452688643951914855e+03
1.505344457753468305e+03 8.454199218750000000e+03 8.452721995692594646e+03
1.505364891893696040e+03 8.461133789062500000e+03 8.452755792481735625e+03
1.505385326034389436e+03 8.457234375000000000e+03 8.452790026712493272e+03
1.505405760174617171e+03 8.446315429687500000e+03 8.452824690776424177e+03
1.505426194315776229e+03 8.456577148437500000e+03 8.452859777069039410e+03
1.505446628456469625e+03 8.452391601562500000e+03 8.452895277981071558e+03
1.505467062597628683e+03 8.456112304687500000e+03 8.452931185907260442e+03
1.505487496739253402e+03 8.456758789062500000e+03 8.452967493240756085e+03
1.505507930980529636e+03 8.454497070312500000e+03 8.453004192553777102e+03
1.505528365122154355e+03 8.452011718750000000e+03 8.453041275881470938e+03
1.505548799164127558e+03 8.446544921875000000e+03 8.453078735611390584e+03
1.505569233406335115e+03 8.445260742187500000e+03 8.453116564689153165e+03
1.505589667548425496e+03 8.449469726562500000e+03 8.453154754954543023e+03
1.505610101590864360e+03 8.445974609375000000e+03 8.453193298796306408e+03
1.505630535833537579e+03 8.447982421875000000e+03 8.453232189175798339e+03
1.505671404019463807e+03 8.446205078125000000e+03 8.453310977410023042e+03
1.505691838262602687e+03 8.450016601562500000e+03 8.453350860629054296e+03
1.505712272406090051e+03 8.450745117187500000e+03 8.453391059385199696e+03
1.505732706649694592e+03 8.446414062500000000e+03 8.453431566464503703e+03
1.505753140693530440e+03 8.457437500000000000e+03 8.453472373663393228e+03
1.505773574837483466e+03 8.451716796875000000e+03 8.453513473971688654e+03
1.505794009081553668e+03 8.448844726562500000e+03 8.453554859786754605e+03
1.505814443125855178e+03 8.447558593750000000e+03 8.453596522892297799e+03
1.505834877270273864e+03 8.449222656250000000e+03 8.453638456290856993e+03
1.505855311514809728e+03 8.451892578125000000e+03 8.453680652379469393e+03
1.505875745560042560e+03 8.442338867187500000e+03 8.453723102931078756e+03
1.505896179805044085e+03 8.454648437500000000e+03 8.453765801167810423e+03
1.505916613949928433e+03 8.456158203125000000e+03 8.453808738857946082e+03
1.505937047995626926e+03 8.448358398437500000e+03 8.453851908393109625e+03
1.505957482241094112e+03 8.451008789062500000e+03 8.453895302799675846e+03
1.505977916386909783e+03 8.443473632812500000e+03 8.453938913836531356e+03
1.505998350533191115e+03 8.451966796875000000e+03 8.453982734108878503e+03
1.506018784679006785e+03 8.461986328125000000e+03 8.454026756007835502e+03
1.506039218825288117e+03 8.454577148437500000e+03 8.454070971928516883e+03
1.506059652871917933e+03 8.459522460937500000e+03 8.454115374046066790e+03
1.506080087118782103e+03 8.459992187500000000e+03 8.454159955406565132e+03
1.506100521265529096e+03 8.464941406250000000e+03 8.454204707749155205e+03
1.506120955412741750e+03 8.459596679687500000e+03 8.454249623685966071e+03
1.506141389559954405e+03 8.447673828125000000e+03 8.454294695609092742e+03
1.506161823707632720e+03 8.445026367187500000e+03 8.454339915912678407e+03
1.506182257954962552e+03 8.456809570312500000e+03 8.454385277210360073e+03
1.506202692002989352e+03 8.458581054687500000e+03 8.454430771230621758e+03
1.506223126151133329e+03 8.456225585937500000e+03 8.454476391032243555e+03
1.506243560398928821e+03 8.451645507812500000e+03 8.454522129009086711e+03
1.506263994447421283e+03 8.458449218750000000e+03 8.454567976884287418e+03
1.506284428696148098e+03 8.455611328125000000e+03 8.454613927947359116e+03
1.506304862844757736e+03 8.464263671875000000e+03 8.454659973916743184e+03
1.506325296893715858e+03 8.458180664062500000e+03 8.454706107185258588e+03
1.506345731142908335e+03 8.458017578125000000e+03 8.454752320823670743e+03
1.506366165292449296e+03 8.457760742187500000e+03 8.454798606547446980e+03
1.506386599341873080e+03 8.453280273437500000e+03 8.454844956747638207e+03
1.506407033591531217e+03 8.467873046875000000e+03 8.454891364499078918e+03
1.506427467741072178e+03 8.456292968750000000e+03 8.454937821513156450e+03
1.506447901791427284e+03 8.458438476562500000e+03 8.454984320184434182e+03
1.506468336041551083e+03 8.455341796875000000e+03 8.455030853586578814e+03
1.506488770192023367e+03 8.448690429687500000e+03 8.455077413431083187e+03
1.506509204442612827e+03 8.452111328125000000e+03 8.455123992566164816e+03
1.506529638493433595e+03 8.457508789062500000e+03 8.455170582701244712e+03
1.506550072644371539e+03 8.460078125000000000e+03 8.455217176913120056e+03
1.506570506895426661e+03 8.451663085937500000e+03 8.455263767594897217e+03
1.506590940946713090e+03 8.462181640625000000e+03 8.455310346456004481e+03
1.506611375098116696e+03 8.460765625000000000e+03 8.455356906573237211e+03
1.506631809350103140e+03 8.456045898437500000e+03 8.455403440340422094e+03
1.506652243501972407e+03 8.452302734375000000e+03 8.455449939693600754e+03
1.506672677653841674e+03 8.458250976562500000e+03 8.455496397253938994e+03
1.506693111806176603e+03 8.462986328125000000e+03 8.455542805415607290e+03
1.506713545858394355e+03 8.453837890625000000e+03 8.455589156343707145e+03
1.506733980110846460e+03 8.460198242187500000e+03 8.455635443112179928e+03
1.506754414263647050e+03 8.456983398437500000e+03 8.455681657434352019e+03
1.506774848316796124e+03 8.452718750000000000e+03 8.455727791704443007e+03
1.506795282570179552e+03 8.452748046875000000e+03 8.455773838991994126e+03
1.506815716723445803e+03 8.454360351562500000e+03 8.455819791012623682e+03
1.506836150776594877e+03 8.469223632812500000e+03 8.455865640160895055e+03
1.506856585030443966e+03 8.453270507812500000e+03 8.455911379504077559e+03
1.506877019184175879e+03 8.458306640625000000e+03 8.455957000761110976e+03
1.506897453438490629e+03 8.459094726562500000e+03 8.456002496773096937e+03
1.506917887492571026e+03 8.456861328125000000e+03 8.456047859264337603e+03
1.506938321647234261e+03 8.457310546875000000e+03 8.456093081296732635e+03
1.506958755901549011e+03 8.457700195312500000e+03 8.456138155259202904e+03
1.506979189956560731e+03 8.451144531250000000e+03 8.456183072886538866e+03
1.506999624111689627e+03 8.459390625000000000e+03 8.456227827231179617e+03
1.507020058366470039e+03 8.457626953125000000e+03 8.456272410682751797e+03
1.507040492421947420e+03 8.457705078125000000e+03 8.456316814983396398e+03
1.507060926677659154e+03 8.460553710937500000e+03 8.456361033394367041e+03
1.507081360833253711e+03 8.458791992187500000e+03 8.456405057657446378e+03
1.507101794889196754e+03 8.452351562500000000e+03 8.456448880169635231e+03
1.507122229144908488e+03 8.463328125000000000e+03 8.456492493964651658e+03
1.507142663301434368e+03 8.462957031250000000e+03 8.456535890795967134e+03
1.507163097457960248e+03 8.456380859375000000e+03 8.456579063268893151e+03
1.507183531614486128e+03 8.463010742187500000e+03 8.456622003776534257e+03
1.507203965771012008e+03 8.448170898437500000e+03 8.456664704711993181e+03
1.507224399928003550e+03 8.457688476562500000e+03 8.456707158469338538e+03
1.507244834085460752e+03 8.459718750000000000e+03 8.456749357441656684e+03
1.507265268242452294e+03 8.457083007812500000e+03 8.456791294020124042e+03
1.507285702399909496e+03 8.456698242187500000e+03 8.456832960599760554e+03
1.507306136657949537e+03 8.461220703125000000e+03 8.456874349775736846e+03
1.507326570715755224e+03 8.454430664062500000e+03 8.456915453333927871e+03
1.507347004873678088e+03 8.457783203125000000e+03 8.456956264273710985e+03
1.507367439032066613e+03 8.458274414062500000e+03 8.456996774787017785e+03
1.507387873190455139e+03 8.458528320312500000e+03 8.457036977266016038e+03
1.507408307448960841e+03 8.466932617187500000e+03 8.457076864298443979e+03
1.507428741507697850e+03 8.454190429687500000e+03 8.457116427694383674e+03
1.507449175766669214e+03 8.460949218750000000e+03 8.457155660621343486e+03
1.507469609925989062e+03 8.452065429687500000e+03 8.457194554894189423e+03
1.507490043985191733e+03 8.458022460937500000e+03 8.457233102910153320e+03
1.507510478244628757e+03 8.455149414062500000e+03 8.457271297626364685e+03
1.507530912403948605e+03 8.456911132812500000e+03 8.457309130871897651e+03
1.507551346464082599e+03 8.453500000000000000e+03 8.457346595046914445e+03
1.507571780723985285e+03 8.456875000000000000e+03 8.457383683089869010e+03
1.507592214884236455e+03 8.457760742187500000e+03 8.457420386847627015e+03
1.507612649144604802e+03 8.459254882812500000e+03 8.457456699072017727e+03
1.507633083205204457e+03 8.459094726562500000e+03 8.457492611626137659e+03
1.507653517365921289e+03 8.457728515625000000e+03 8.457528117433072111e+03
1.507673951626755297e+03 8.457634765625000000e+03 8.457563208879877493e+03
1.507694385687820613e+03 8.453563476562500000e+03 8.457597877847740165e+03
1.507714819849468768e+03 8.460845703125000000e+03 8.457632117242426830e+03
1.507735254110768437e+03 8.462754882812500000e+03 8.457665919449107605e+03
1.507755688172299415e+03 8.457140625000000000e+03 8.457699276368832216e+03
1.507776122334413230e+03 8.451269531250000000e+03 8.457732180888255243e+03
1.507796556596178561e+03 8.459866210937500000e+03 8.457764625392268499e+03
1.507816990758292377e+03 8.456028320312500000e+03 8.457796601957492385e+03
1.507837424920871854e+03 8.454860351562500000e+03 8.457828103137086146e+03
1.507857859083451331e+03 8.456304687500000000e+03 8.457859121323414001e+03
1.507878293246030807e+03 8.462810546875000000e+03 8.457889648909575044e+03
1.507898727409075946e+03 8.452409179687500000e+03 8.457919678289337753e+03
1.507919161572121084e+03 8.464405273437500000e+03 8.457949201855104548e+03
1.507939595735166222e+03 8.458147460937500000e+03 8.457978211999967243e+03
1.507960029898677021e+03 8.462932617187500000e+03 8.458006701117665216e+03
1.507980464062187821e+03 8.455311523437500000e+03 8.458034661600629988e+03
1.508000898226164281e+03 8.461915039062500000e+03 8.458062085842575470e+03
1.508021332390140742e+03 8.452634765625000000e+03 8.458088966235951375e+03
1.508041766554117203e+03 8.453685546875000000e+03 8.458115295173854975e+03
1.508062200818210840e+03 8.457844726562500000e+03 8.458141065174257164e+03
1.508082634883001447e+03 8.459208007812500000e+03 8.458166268256758485e+03
1.508103069047443569e+03 8.464259765625000000e+03 8.458190897187341761e+03
1.508123503312468529e+03 8.465408203125000000e+03 8.458214944351726444e+03
1.508143937377259135e+03 8.459445312500000000e+03 8.458238401793301819e+03
1.508164371542632580e+03 8.456401367187500000e+03 8.458261262254811299e+03
1.508184805808123201e+03 8.451618164062500000e+03 8.458283518119978908e+03
1.508205239873379469e+03 8.460226562500000000e+03 8.458305161510776088e+03
1.508225674139335752e+03 8.448615234375000000e+03 8.458326189829527721e+03
1.508246108305174857e+03 8.453889648437500000e+03 8.458346607751092961e+03
1.508266542371362448e+03 8.454451171875000000e+03 8.458366421092476230e+03
1.508286976637784392e+03 8.469857421875000000e+03 8.458385635947644914e+03
1.508307410804089159e+03 8.457533203125000000e+03 8.458404257837415571e+03
1.508327844870742410e+03 8.443074218750000000e+03 8.458422292578497945e+03
1.508348279137630016e+03 8.453989257812500000e+03 8.458439746238887892e+03
1.508368713304400444e+03 8.455987304687500000e+03 8.458456624365417156e+03
1.508389147571753711e+03 8.448455078125000000e+03 8.458472932931535979e+03
1.508409581638872623e+03 8.460343750000000000e+03 8.458488677508925321e+03
1.508430015806574374e+03 8.455014648437500000e+03 8.458503864141111990e+03
1.508450450073927641e+03 8.458192382812500000e+03 8.458518498626872315e+03
1.508470884242095053e+03 8.463168945312500000e+03 8.458532586631445156e+03
1.508491318310145289e+03 8.461103515625000000e+03 8.458546133969768562e+03
1.508511752578429878e+03 8.457667968750000000e+03 8.458559146644656721e+03
1.508532186746597290e+03 8.456451171875000000e+03 8.458571630268555964e+03
1.508552620815113187e+03 8.457822265625000000e+03 8.458583590657104651e+03
1.508573055083863437e+03 8.459083984375000000e+03 8.458595033789624722e+03
1.508593489252962172e+03 8.460235351562500000e+03 8.458605965302005643e+03
1.508613923422060907e+03 8.462248046875000000e+03 8.458616391058942099e+03
1.508654791660606861e+03 8.464449218750000000e+03 8.458635748492217317e+03
1.508675225930288434e+03 8.462339843750000000e+03 8.458644691873816555e+03
1.508695660099852830e+03 8.455779296875000000e+03 8.458653152685470559e+03
1.508716094169765711e+03 8.451187500000000000e+03 8.458661136742040981e+03
1.508736528440378606e+03 8.453025390625000000e+03 8.458668649965002260e+03
1.508756962610408664e+03 8.456525390625000000e+03 8.458675698047773039e+03
1.508777396881021559e+03 8.461235351562500000e+03 8.458682286867429866e+03
1.508797830951865762e+03 8.456746093750000000e+03 8.458688422138078749e+03
1.508818265122361481e+03 8.453901367187500000e+03 8.458694109760570427e+03
1.508838699393440038e+03 8.450335937500000000e+03 8.458699355536262374e+03
1.508859133464749902e+03 8.460381835937500000e+03 8.458704165198871124e+03
1.508879567636176944e+03 8.459041015625000000e+03 8.458708544629796961e+03
1.508900001907721162e+03 8.454217773437500000e+03 8.458712499630386446e+03
1.508920435979496688e+03 8.457852539062500000e+03 8.458716035953311803e+03
1.508940870151389390e+03 8.459482421875000000e+03 8.458719159461154049e+03
1.508961304423399270e+03 8.455261718750000000e+03 8.458721875955523501e+03
1.508981738495640457e+03 8.460670898437500000e+03 8.458724191207138574e+03
1.509002172768115997e+03 8.461962890625000000e+03 8.458726111068977843e+03
1.509022606940474361e+03 8.455948242187500000e+03 8.458727641317564121e+03
1.509043041113298386e+03 8.451495117187500000e+03 8.458728787770931376e+03
1.509063475286122411e+03 8.459644531250000000e+03 8.458729556236674398e+03
1.509083909459412098e+03 8.455334960937500000e+03 8.458729952522429812e+03
1.509104343632701784e+03 8.461957031250000000e+03 8.458729982435814236e+03
1.509124777805991471e+03 8.458682617187500000e+03 8.458729651784462476e+03
1.509145211979746819e+03 8.457386718750000000e+03 8.458728966375992968e+03
1.509165646153502166e+03 8.459895507812500000e+03 8.458727932018044157e+03
1.509186080427840352e+03 8.457324218750000000e+03 8.458726554510638380e+03
1.509206514501944184e+03 8.503022460937500000e+03 8.458724839684175095e+03
1.509226948776282370e+03 8.456484375000000000e+03 8.458722793312714202e+03
1.509247382950503379e+03 8.457570312500000000e+03 8.458720421231553701e+03
1.509267817025538534e+03 8.459583984375000000e+03 8.458717729252946810e+03
1.509288251300342381e+03 8.459782226562500000e+03 8.458714723142811636e+03
1.509308685375377536e+03 8.464191406250000000e+03 8.458711408767519970e+03
1.509329119550529867e+03 8.458474609375000000e+03 8.458707791888318752e+03
1.509349553825799376e+03 8.463898437500000000e+03 8.458703878308435378e+03
1.509369987901300192e+03 8.456780273437500000e+03 8.458699673895083833e+03
1.509390422177035362e+03 8.455066406250000000e+03 8.458695184373631491e+03
1.509410856353119016e+03 8.454038085937500000e+03 8.458690415615508755e+03
1.509431290429085493e+03 8.458807617187500000e+03 8.458685373432517736e+03
1.509451724705286324e+03 8.451364257812500000e+03 8.458680063556199457e+03
1.509472158881835639e+03 8.460703125000000000e+03 8.458674491870160637e+03
1.509492592958267778e+03 8.459169921875000000e+03 8.458668664185961461e+03
1.509513027234934270e+03 8.456430664062500000e+03 8.458662586223730614e+03
1.509533461411949247e+03 8.454192382812500000e+03 8.458656263878470781e+03
1.509553895588964224e+03 8.459747070312500000e+03 8.458649702928787519e+03
1.509574329766444862e+03 8.458630859375000000e+03 8.458642909182162839e+03
1.509594763943925500e+03 8.466774414062500000e+03 8.458635888446377066e+03
1.509615198221523315e+03 8.458642578125000000e+03 8.458628646493065389e+03
1.509635632299352437e+03 8.454344726562500000e+03 8.458621189237732324e+03
1.509656066477298737e+03 8.459682617187500000e+03 8.458613522380139329e+03
1.509676500755362213e+03 8.449048828125000000e+03 8.458605651724887139e+03
1.509696934933774173e+03 8.456721679687500000e+03 8.458597583156577457e+03
1.509717369012068957e+03 8.462020507812500000e+03 8.458589322485899174e+03
1.509737803290598094e+03 8.457462890625000000e+03 8.458580875397685304e+03
1.509758237469475716e+03 8.464757812500000000e+03 8.458572247822181453e+03
1.509778671648819000e+03 8.447900390625000000e+03 8.458563445526080613e+03
1.509799105827696621e+03 8.456809570312500000e+03 8.458554474317428685e+03
1.509819540007039905e+03 8.452573242187500000e+03 8.458545340003454839e+03
1.509839974286500365e+03 8.463340820312500000e+03 8.458536048346104508e+03
1.509860408366192132e+03 8.462113281250000000e+03 8.458526605290502630e+03
1.509880842546001077e+03 8.463828125000000000e+03 8.458517016506797518e+03
1.509901276826392859e+03 8.454471679687500000e+03 8.458507287800312042e+03
1.509921710906550288e+03 8.461720703125000000e+03 8.458497425122903223e+03
1.509942145086824894e+03 8.455311523437500000e+03 8.458487434138209210e+03
1.509962579267099500e+03 8.461131835937500000e+03 8.458477320701875215e+03
1.509983013448305428e+03 8.459768554687500000e+03 8.458467090621081297e+03
1.510003447728697211e+03 8.453693359375000000e+03 8.458456749653461884e+03
1.510023881809785962e+03 8.456631835937500000e+03 8.458446303758508293e+03
1.510044315990991890e+03 8.457033203125000000e+03 8.458435758591547710e+03
1.510064750272780657e+03 8.455763671875000000e+03 8.458425119958563300e+03
1.510085184354335070e+03 8.455667968750000000e+03 8.458414393824466970e+03
1.510105618536006659e+03 8.452634765625000000e+03 8.458403585839871084e+03
1.510126052817795426e+03 8.465405273437500000e+03 8.458392701811262668e+03
1.510146486899815500e+03 8.458905273437500000e+03 8.458381747706542228e+03
1.510166921182069927e+03 8.461098632812500000e+03 8.458370729118956660e+03
1.510187355364672840e+03 8.454509765625000000e+03 8.458359652017392364e+03
1.510207789447158575e+03 8.464088867187500000e+03 8.458348522210566443e+03
1.510228223729878664e+03 8.462927734375000000e+03 8.458337345342166373e+03
1.510248657912947237e+03 8.456979492187500000e+03 8.458326127383536004e+03
1.510269092096015811e+03 8.463085937500000000e+03 8.458314874087922362e+03
1.510289526279084384e+03 8.464878906250000000e+03 8.458303591262969348e+03
1.510309960462618619e+03 8.460260742187500000e+03 8.458292284716062568e+03
1.510330394646152854e+03 8.459251953125000000e+03 8.458280960255106038e+03
1.510350828930269927e+03 8.457495117187500000e+03 8.458269623631920695e+03
1.510371263014152646e+03 8.455696289062500000e+03 8.458258280821100925e+03
1.510391697298269719e+03 8.454446289062500000e+03 8.458246937408030135e+03
1.510412131482269615e+03 8.463992187500000000e+03 8.458235599367100804e+03
1.510432565567083657e+03 8.458671875000000000e+03 8.458224272505314730e+03
1.510452999851666391e+03 8.464500000000000000e+03 8.458212962464720476e+03
1.510473434036131948e+03 8.454476562500000000e+03 8.458201675219073877e+03
1.510493868121411651e+03 8.456545898437500000e+03 8.458190416575140262e+03
1.510514302406460047e+03 8.460964843750000000e+03 8.458179192176086872e+03
1.510534736591856927e+03 8.456709960937500000e+03 8.458168007994296204e+03
1.510555170777253807e+03 8.469372070312500000e+03 8.458156869782582362e+03
1.510575604962650687e+03 8.459780273437500000e+03 8.458145783348601981e+03
1.510596039048861712e+03 8.461427734375000000e+03 8.458134754553377206e+03
1.510616473334841430e+03 8.465052734375000000e+03 8.458123789043658689e+03
1.510636907520703971e+03 8.462489257812500000e+03 8.458112892788496538e+03
1.510657341606914997e+03 8.456271484375000000e+03 8.458102071594230438e+03
1.510677775893360376e+03 8.465818359375000000e+03 8.458091331110283136e+03
1.510698210080154240e+03 8.452487304687500000e+03 8.458080677302534241e+03
1.510718644266948104e+03 8.458486328125000000e+03 8.458070115926055223e+03
1.510739078454207629e+03 8.459016601562500000e+03 8.458059652788251697e+03
1.510759512641001493e+03 8.459377929687500000e+03 8.458049293697251414e+03
1.510779946928378195e+03 8.455343750000000000e+03 8.458039044410288625e+03
1.510800381015986204e+03 8.461333007812500000e+03 8.458028910884837387e+03
1.510820815203711390e+03 8.456374023437500000e+03 8.458018898778962466e+03
1.510841249491553754e+03 8.457705078125000000e+03 8.458009013902146762e+03
1.510861683679744601e+03 8.458320312500000000e+03 8.457999262158697093e+03
1.510882117767818272e+03 8.449157226562500000e+03 8.457989649354494759e+03
1.510902552056126297e+03 8.460319335937500000e+03 8.457980181156939580e+03
1.510922986244782805e+03 8.456124023437500000e+03 8.457970863513717632e+03
1.510943420433439314e+03 8.454888671875000000e+03 8.457961702185944887e+03
1.510963854622095823e+03 8.465483398437500000e+03 8.457952702981274342e+03
1.510984288811217993e+03 8.462811523437500000e+03 8.457943871707149810e+03
1.511004723000340164e+03 8.454395507812500000e+03 8.457935214171437110e+03
1.511025157189462334e+03 8.450534179687500000e+03 8.457926736181776505e+03
1.511045591379050165e+03 8.440004882812500000e+03 8.457918443545635455e+03
1.511066025668755174e+03 8.456241210937500000e+03 8.457910342031642358e+03
1.511086459758691490e+03 8.448081054687500000e+03 8.457902437564916909e+03
1.511106893948744982e+03 8.448512695312500000e+03 8.457894735835649044e+03
1.511127328238915652e+03 8.463187500000000000e+03 8.457887242654511283e+03
1.511147762329317629e+03 8.457242187500000000e+03 8.457879963937568391e+03
1.511168196619488299e+03 8.462267578125000000e+03 8.457872905350193832e+03
1.511188630810473114e+03 8.449275390625000000e+03 8.457866072804943542e+03
1.511209064901340753e+03 8.457647460937500000e+03 8.457859472106429166e+03
1.511229499191977084e+03 8.457278320312500000e+03 8.457853108967161461e+03
1.511249933283310384e+03 8.455218750000000000e+03 8.457846989319023123e+03
1.511270367474760860e+03 8.457708984375000000e+03 8.457841118878215639e+03
1.511290801766328514e+03 8.461737304687500000e+03 8.457835503456088190e+03
1.511311235857661813e+03 8.455604492187500000e+03 8.457830148940938670e+03
1.511331670149695128e+03 8.458542968750000000e+03 8.457825061035397084e+03
1.511352104341611266e+03 8.458632812500000000e+03 8.457820245623996016e+03
1.511372538433875889e+03 8.456640625000000000e+03 8.457815708510246623e+03
1.511392972726374865e+03 8.464784179687500000e+03 8.457811455434650270e+03
1.511413406918756664e+03 8.453828125000000000e+03 8.457807490903473081e+03
1.511433841111138463e+03 8.463142578125000000e+03 8.457803815751824004e+03
1.511454275303985924e+03 8.459557617187500000e+03 8.457800430254050298e+03
1.511474709497299045e+03 8.457781250000000000e+03 8.457797334684586531e+03
1.511495143690146506e+03 8.473108398437500000e+03 8.457794529317990964e+03
1.511515577883925289e+03 8.452542968750000000e+03 8.457792014428494440e+03
1.511536012077238411e+03 8.463541015625000000e+03 8.457789790290698875e+03
1.511556446370668709e+03 8.459469726562500000e+03 8.457787857170191273e+03
1.511576880564913154e+03 8.453456054687500000e+03 8.457786215360272763e+03
1.511597314658574760e+03 8.457986328125000000e+03 8.457784865131197876e+03
1.511638183147180825e+03 8.457961914062500000e+03 8.457783040477668692e+03
1.511658617241773754e+03 8.469478515625000000e+03 8.457782566615482210e+03
1.511679051536135375e+03 8.456520507812500000e+03 8.457782385422677180e+03
1.511699485731311142e+03 8.457661132812500000e+03 8.457782497178477570e+03
1.511719919825904071e+03 8.457055664062500000e+03 8.457782902152997849e+03
1.511740354121197015e+03 8.451743164062500000e+03 8.457783600628776185e+03
1.511760788316372782e+03 8.463709960937500000e+03 8.457784592872118083e+03
1.511781222612131387e+03 8.459817382812500000e+03 8.457785879167195162e+03
1.511801656707655638e+03 8.462160156250000000e+03 8.457787459767334440e+03
1.511822090903297067e+03 8.454423828125000000e+03 8.457789334968021649e+03
1.511842525199521333e+03 8.462158203125000000e+03 8.457791505048056933e+03
1.511862959295511246e+03 8.457059570312500000e+03 8.457793970247754260e+03
1.511883393492083997e+03 8.453247070312500000e+03 8.457796730875656067e+03
1.511903827688191086e+03 8.459129882812500000e+03 8.457799787194702731e+03
1.511924261884763837e+03 8.454595703125000000e+03 8.457803139479447054e+03
1.511944696181919426e+03 8.452900390625000000e+03 8.457806788022924593e+03
1.511965130278840661e+03 8.452429687500000000e+03 8.457810733043674190e+03
1.511985564475879073e+03 8.453775390625000000e+03 8.457814974871918821e+03
1.512005998773034662e+03 8.462956054687500000e+03 8.457819513786436801e+03
1.512026432870421559e+03 8.456995117187500000e+03 8.457824349992857606e+03
1.512046867068391293e+03 8.452943359375000000e+03 8.457829483834520943e+03
1.512067301366012543e+03 8.461183593750000000e+03 8.457834915589981392e+03
1.512087735563982278e+03 8.457464843750000000e+03 8.457840645480677267e+03
1.512108169661834836e+03 8.459272460937500000e+03 8.457846673776522948e+03
1.512128603960387409e+03 8.452791015625000000e+03 8.457853000842878828e+03
1.512149038158822805e+03 8.461116210937500000e+03 8.457859626863231824e+03
1.512169472357258201e+03 8.455371093750000000e+03 8.457866552142259025e+03
1.512189906556159258e+03 8.461075195312500000e+03 8.457873776954545974e+03
1.512210340755060315e+03 8.461763671875000000e+03 8.457881301574358076e+03
1.512230775054078549e+03 8.455892578125000000e+03 8.457889126315178146e+03
1.512251209153328091e+03 8.459996093750000000e+03 8.457897251334394241e+03
1.512271643352694809e+03 8.452479492187500000e+03 8.457905677023469252e+03
1.512292077652178705e+03 8.457875000000000000e+03 8.457914403661234246e+03
1.512312511751893908e+03 8.459951171875000000e+03 8.457923431391836857e+03
1.512332946051843464e+03 8.459374023437500000e+03 8.457932760666426475e+03
1.512353380251675844e+03 8.455602539062500000e+03 8.457942391624506854e+03
1.512373814351856709e+03 8.454332031250000000e+03 8.457952324536288870e+03
1.512394248652271926e+03 8.461121093750000000e+03 8.457962559824194614e+03
1.512414682853035629e+03 8.446547851562500000e+03 8.457973097614656581e+03
1.512435116953682154e+03 8.455319335937500000e+03 8.457983938177418167e+03
1.512455551254563034e+03 8.460867187500000000e+03 8.457995081948460211e+03
1.512475985455792397e+03 8.454246093750000000e+03 8.458006529040896567e+03
1.512496419556904584e+03 8.456874023437500000e+03 8.458018279724430613e+03
1.512516853858251125e+03 8.458333007812500000e+03 8.458030334448427311e+03
1.512537287959828973e+03 8.466253906250000000e+03 8.458042693251343735e+03
1.512557722261175513e+03 8.459196289062500000e+03 8.458055356649241730e+03
1.512578156463336200e+03 8.462648437500000000e+03 8.458068324733518239e+03
1.512598590665031224e+03 8.451792968750000000e+03 8.458081597839012829e+03
1.512619024867191911e+03 8.451045898437500000e+03 8.458095176240742148e+03
1.512639459069818258e+03 8.456875000000000000e+03 8.458109060213146222e+03
1.512659893271978945e+03 8.459448242187500000e+03 8.458123250030010240e+03
1.512680327474605292e+03 8.456208007812500000e+03 8.458137745966392686e+03
1.512700761677697301e+03 8.462415039062500000e+03 8.458152548296735404e+03
1.512721195980440825e+03 8.460972656250000000e+03 8.458167657369554945e+03
1.512741630183532834e+03 8.466715820312500000e+03 8.458183073311904081e+03
1.512762064286973327e+03 8.469293945312500000e+03 8.458198796393706289e+03
1.512782498590182513e+03 8.456505859375000000e+03 8.458214827122028510e+03
1.512802932794205844e+03 8.451840820312500000e+03 8.458231165539024005e+03
1.512823366897646338e+03 8.459120117187500000e+03 8.458247811913481200e+03
1.512843801201786846e+03 8.460002929687500000e+03 8.458264766767513720e+03
1.512864235405810177e+03 8.464112304687500000e+03 8.458282030128222686e+03
1.512884669510181993e+03 8.452559570312500000e+03 8.458299602265888097e+03
1.512905103814322501e+03 8.455514648437500000e+03 8.458317483714679838e+03
1.512925538018811494e+03 8.461414062500000000e+03 8.458335674489278972e+03
1.512945972323883325e+03 8.461836914062500000e+03 8.458354175042368297e+03
1.512966406428720802e+03 8.458958007812500000e+03 8.458372985373751362e+03
1.512986840633675456e+03 8.456933593750000000e+03 8.458392106032049924e+03
1.513007274938747287e+03 8.456870117187500000e+03 8.458411537296244205e+03
1.513027709044050425e+03 8.455782226562500000e+03 8.458431279153310243e+03
1.513048143249936402e+03 8.457176757812500000e+03 8.458451332165575877e+03
1.513068577555473894e+03 8.463091796875000000e+03 8.458471696611119114e+03
1.513089011661242694e+03 8.460558593750000000e+03 8.458492372463668289e+03
1.513109445867128670e+03 8.458299804687500000e+03 8.458513360298797124e+03
1.513129880173597485e+03 8.463791992187500000e+03 8.458534660395991523e+03
1.513150314279831946e+03 8.465922851562500000e+03 8.458556272713827639e+03
1.513170748586300761e+03 8.459109375000000000e+03 8.458578197950271715e+03
1.513191182693000883e+03 8.458706054687500000e+03 8.458600435950571409e+03
1.513211616899818182e+03 8.460305664062500000e+03 8.458622987313205158e+03
1.513232051206752658e+03 8.465830078125000000e+03 8.458645852317200479e+03
1.513252485313918442e+03 8.471593750000000000e+03 8.458669030899116478e+03
1.513272919521201402e+03 8.463861328125000000e+03 8.458692523671241361e+03
1.513293353828601539e+03 8.460684570312500000e+03 8.458716330912606281e+03
1.513313788036350161e+03 8.462047851562500000e+03 8.458740452664897020e+03
1.513334222244098783e+03 8.469608398437500000e+03 8.458764889317862981e+03
1.513354656451847404e+03 8.450683593750000000e+03 8.458789641145920541e+03
1.513375090660061687e+03 8.456226562500000000e+03 8.458814708424062701e+03
1.513395524868275970e+03 8.458141601562500000e+03 8.458840091426141953e+03
1.513415959076490253e+03 8.465610351562500000e+03 8.458865790426578315e+03
1.513436393285170197e+03 8.451431640625000000e+03 8.458891805700381155e+03
1.513456827593967319e+03 8.462615234375000000e+03 8.458918137651173311e+03
1.513477261702530086e+03 8.465114257812500000e+03 8.458944786164011020e+03
1.513497695911675692e+03 8.461419921875000000e+03 8.458971751903285622e+03
1.513518130220938474e+03 8.456704101562500000e+03 8.458999035147477116e+03
1.513538564330432564e+03 8.458318359375000000e+03 8.459026635768281267e+03
1.513558998639695346e+03 8.463862304687500000e+03 8.459054554579777687e+03
1.513579432849306613e+03 8.458879882812500000e+03 8.459082791449627621e+03
1.513599866959266365e+03 8.460764648437500000e+03 8.459111346647590835e+03
1.513620301268994808e+03 8.454957031250000000e+03 8.459140220868843244e+03
1.513640735479537398e+03 8.455195312500000000e+03 8.459169413967727451e+03
1.513661169589497149e+03 8.462447265625000000e+03 8.459198926211980506e+03
1.513681603900156915e+03 8.459441406250000000e+03 8.459228758313500293e+03
1.513702038110699505e+03 8.455500000000000000e+03 8.459258910109898352e+03
1.513722472421359271e+03 8.453790039062500000e+03 8.459289382171053148e+03
1.513742906532250345e+03 8.450487304687500000e+03 8.459320174321837840e+03
1.513763340743258595e+03 8.445372070312500000e+03 8.459351287286226579e+03
1.513783775054849684e+03 8.447823242187500000e+03 8.459382721344069068e+03
1.513804209166206419e+03 8.453596679687500000e+03 8.459414476304686104e+03
1.513824643377680331e+03 8.453206054687500000e+03 8.459446552906885699e+03
1.513845077589154243e+03 8.455520507812500000e+03 8.459478951270286416e+03
1.513865511801093817e+03 8.455379882812500000e+03 8.459511671670052237e+03
1.513885946013033390e+03 8.453021484375000000e+03 8.459544714379866491e+03
1.513906380225438625e+03 8.452657226562500000e+03 8.459578079674913170e+03
1.513926814437843859e+03 8.453721679687500000e+03 8.459611767828853772e+03
1.513947248750366271e+03 8.462273437500000000e+03 8.459645779283535376e+03
1.513967682962771505e+03 8.457928710937500000e+03 8.459680113980106398e+03
1.513988117075525224e+03 8.464818359375000000e+03 8.459714772189010546e+03
1.514008551388513297e+03 8.457719726562500000e+03 8.459749754695698357e+03
1.514028985601849854e+03 8.458048828125000000e+03 8.459785061263586613e+03
1.514049419715069234e+03 8.455934570312500000e+03 8.459820692161531042e+03
1.514069854028522968e+03 8.463660156250000000e+03 8.459856648190059786e+03
1.514090288241859525e+03 8.463058593750000000e+03 8.459892929097473825e+03
1.514110722555778921e+03 8.453612304687500000e+03 8.459929535514549571e+03
1.514131156669463962e+03 8.462724609375000000e+03 8.459966467174435820e+03
1.514151590883731842e+03 8.460894531250000000e+03 8.460003724892847458e+03
1.514172025197651237e+03 8.457624023437500000e+03 8.460041308947293146e+03
1.514192459312267601e+03 8.456398437500000000e+03 8.460079219059949537e+03
1.514212893526535481e+03 8.461575195312500000e+03 8.460117456057470918e+03
1.514233327841386199e+03 8.464539062500000000e+03 8.460156020220827486e+03
1.514253761956002563e+03 8.468123046875000000e+03 8.460194911254324325e+03
1.514274196171201766e+03 8.461983398437500000e+03 8.460234130002518214e+03
1.514294630486518145e+03 8.460295898437500000e+03 8.460273676743758188e+03
1.514315064601600170e+03 8.461646484375000000e+03 8.460313551168774211e+03
1.514335498916916549e+03 8.459383789062500000e+03 8.460353754333447796e+03
1.514355933132581413e+03 8.457213867187500000e+03 8.460394285924610813e+03
1.514376367348246276e+03 8.466355468750000000e+03 8.460435146411940877e+03
1.514396801564376801e+03 8.457750000000000000e+03 8.460476336070796606e+03
1.514417235780507326e+03 8.460126953125000000e+03 8.460517855174663055e+03
1.514437669996637851e+03 8.460668945312500000e+03 8.460559703997965698e+03
1.514458104212768376e+03 8.457365234375000000e+03 8.460601882815110002e+03
1.514478538429364562e+03 8.465580078125000000e+03 8.460644391901490962e+03
1.514498972646426409e+03 8.463528320312500000e+03 8.460687231531552243e+03
1.514519406863022596e+03 8.465759765625000000e+03 8.460730401977745714e+03
1.514539841080084443e+03 8.464375976562500000e+03 8.460773903516470455e+03
1.514560275297146291e+03 8.461639648437500000e+03 8.460817736421151494e+03
1.514580709514673799e+03 8.462927734375000000e+03 8.460861900967218389e+03
