2.143527739965356886e+02 8.735113281250000000e+03 8.734540417056035949e+03
2.143732069879770279e+02 8.730286132812500000e+03 8.734672398195674759e+03
2.143936399794183671e+02 8.734300781250000000e+03 8.734801798524154947e+03
2.144140729699283838e+02 8.729975585937500000e+03 8.734928639123127141e+03
2.144345059609040618e+02 8.727002929687500000e+03 8.735052941088713851e+03
2.144549389514140785e+02 8.730222656250000000e+03 8.735174725502611182e+03
2.144753718418069184e+02 8.731659179687500000e+03 8.735294012876653142e+03
2.144958049319684505e+02 8.730723632812500000e+03 8.735410826030769385e+03
2.145162379220128059e+02 8.742774414062500000e+03 8.735525184319871187e+03
2.145366708114743233e+02 8.733123046875000000e+03 8.735637108864715628e+03
2.145571039011701941e+02 8.729878906250000000e+03 8.735746622382743226e+03
2.145775368907488883e+02 8.740895507812500000e+03 8.735853744333875511e+03
2.145979697797447443e+02 8.746275390625000000e+03 8.735958495838100134e+03
2.146184027688577771e+02 8.729422851562500000e+03 8.736060899011690708e+03
2.146388358576223254e+02 8.724897460937500000e+03 8.736160974905378680e+03
2.146592687466181815e+02 8.731659179687500000e+03 8.736258743157046410e+03
2.146797017347998917e+02 8.735990234375000000e+03 8.736354226301491508e+03
2.147001348235644400e+02 8.743833984375000000e+03 8.736447445399233402e+03
2.147205678112804890e+02 8.749165039062500000e+03 8.736538420617918746e+03
2.147410006993450224e+02 8.733203125000000000e+03 8.736627173084019887e+03
2.147614337871782482e+02 8.743263671875000000e+03 8.736713725169236568e+03
2.147818667748942971e+02 8.747933593750000000e+03 8.736798096674590852e+03
2.148022996624931693e+02 8.746464843750000000e+03 8.736880308719326422e+03
2.148227326497435570e+02 8.745665039062500000e+03 8.736960383194564201e+03
2.148431657366454601e+02 8.726769531250000000e+03 8.737038341156530805e+03
2.148635986233130097e+02 8.765464843750000000e+03 8.737114202563960134e+03
2.148840316100977361e+02 8.739407226562500000e+03 8.737187989634676342e+03
2.149044646965339780e+02 8.737744140625000000e+03 8.737259723424078402e+03
2.149248975827358663e+02 8.741273437500000000e+03 8.737329423981780565e+03
2.149453305690549314e+02 8.741772460937500000e+03 8.737397113434579296e+03
2.149657635549083352e+02 8.745535156250000000e+03 8.737462812521869637e+03
2.149861966404132545e+02 8.739985351562500000e+03 8.737526542638612227e+03
2.150066295261494815e+02 8.743279296875000000e+03 8.737588323952644714e+03
2.150270625115372241e+02 8.736734375000000000e+03 8.737648178470917628e+03
2.150474955965764821e+02 8.726689453125000000e+03 8.737706127252737133e+03
2.150679284813813865e+02 8.743922851562500000e+03 8.737762190548943181e+03
2.150883614663034678e+02 8.759334960937500000e+03 8.737816390284777299e+03
2.151087943511083722e+02 8.741889648437500000e+03 8.737868747016233101e+03
2.151292274356819689e+02 8.742326171875000000e+03 8.737919282585700785e+03
2.151496604196727276e+02 8.736681640625000000e+03 8.737968017324476023e+03
2.151700933040119708e+02 8.735628906250000000e+03 8.738014972348439187e+03
2.151905263876542449e+02 8.736180664062500000e+03 8.738060169419022714e+03
2.152109593716450036e+02 8.742986328125000000e+03 8.738103628949484118e+03
2.152313923551701009e+02 8.740166015625000000e+03 8.738145372250932269e+03
2.152518253382295370e+02 8.743223632812500000e+03 8.738185420410831284e+03
2.152722583217546344e+02 8.733534179687500000e+03 8.738223794518346040e+03
2.152926913048140705e+02 8.736958984375000000e+03 8.738260515659068915e+03
2.153131241872906685e+02 8.729500000000000000e+03 8.738295604752491272e+03
2.153539902525953948e+02 8.736746093750000000e+03 8.738360972157155629e+03
2.153744231346063316e+02 8.740821289062500000e+03 8.738391292161722959e+03
2.153948562168516219e+02 8.726522460937500000e+03 8.738420064926749546e+03
2.154152890988625586e+02 8.737641601562500000e+03 8.738447310975521759e+03
2.154357220805250108e+02 8.732120117187500000e+03 8.738473051806471631e+03
2.154561550617218018e+02 8.752316406250000000e+03 8.738497308369825987e+03
2.154765880433842540e+02 8.725458007812500000e+03 8.738520101754022107e+03
2.154970210245810449e+02 8.739201171875000000e+03 8.738541453045359958e+03
2.155174540053121746e+02 8.740345703125000000e+03 8.738561383331270918e+03
2.155378869860433042e+02 8.723881835937500000e+03 8.738579913699597455e+03
2.155583199667744339e+02 8.734640625000000000e+03 8.738597065237665447e+03
2.155787529470399022e+02 8.721560546875000000e+03 8.738612859032478809e+03
2.155991858276538551e+02 8.733212890625000000e+03 8.738627316104488273e+03
2.156196189075708389e+02 8.743647460937500000e+03 8.738640457742869330e+03
2.156400518878363073e+02 8.744234375000000000e+03 8.738652304833118251e+03
2.156604847670532763e+02 8.721842773437500000e+03 8.738662878480668951e+03
2.156809178465045989e+02 8.741649414062500000e+03 8.738672199919594277e+03
2.157013508263044059e+02 8.742849609375000000e+03 8.738680290091222560e+03
2.157217838051728904e+02 8.739473632812500000e+03 8.738687170131099265e+03
2.157422167840413749e+02 8.735922851562500000e+03 8.738692861126950447e+03
2.157626497629098594e+02 8.733338867187500000e+03 8.738697384166101983e+03
2.157830827417783439e+02 8.725423828125000000e+03 8.738700760335881569e+03
2.158035156200639904e+02 8.731844726562500000e+03 8.738703010715282289e+03
2.158239486981183290e+02 8.746840820312500000e+03 8.738704156416615660e+03
2.158443816765211523e+02 8.734812500000000000e+03 8.738704218502352887e+03
2.158648145543411374e+02 8.742478515625000000e+03 8.738703218075590485e+03
2.158852476323954761e+02 8.735903320312500000e+03 8.738701176201258932e+03
2.159056806094013155e+02 8.745249023437500000e+03 8.738698113989252306e+03
2.159261134872213006e+02 8.735893554687500000e+03 8.738694052541468409e+03
2.159465464642271399e+02 8.745662109375000000e+03 8.738689012905713753e+03
2.159669795408844948e+02 8.733288085937500000e+03 8.738683016155067889e+03
2.159874124182388186e+02 8.737502929687500000e+03 8.738676083471495076e+03
2.160078453943133354e+02 8.742192382812500000e+03 8.738668235848057520e+03
2.160282784709706903e+02 8.740294921875000000e+03 8.738659494358136726e+03
2.160487114470452070e+02 8.740071289062500000e+03 8.738649880175194994e+03
2.160691443234682083e+02 8.741081054687500000e+03 8.738639414398792724e+03
2.160895773991942406e+02 8.735311523437500000e+03 8.738628117956995993e+03
2.161100103752687573e+02 8.741431640625000000e+03 8.738616012096379563e+03
2.161304432507604361e+02 8.735312500000000000e+03 8.738603117916558404e+03
2.161508762263692915e+02 8.749957031250000000e+03 8.738589456378138493e+03
2.161713093011640012e+02 8.738610351562500000e+03 8.738575048557990158e+03
2.161917421761900187e+02 8.725156250000000000e+03 8.738559915759640717e+03
2.162121751513332129e+02 8.740220703125000000e+03 8.738544078853554311e+03
2.162326082256622612e+02 8.726305664062500000e+03 8.738527558917627175e+03
2.162530411002226174e+02 8.742633789062500000e+03 8.738510377285821960e+03
2.162734740744344890e+02 8.734596679687500000e+03 8.738492554798482161e+03
2.162939070486463606e+02 8.735212890625000000e+03 8.738474112625122871e+03
2.163143400228582323e+02 8.737871093750000000e+03 8.738455071853060872e+03
2.163347729961387813e+02 8.745252929687500000e+03 8.738435453570516984e+03
2.163552059698849916e+02 8.740428710937500000e+03 8.738415278863483763e+03
2.163756389431655407e+02 8.732516601562500000e+03 8.738394568820189306e+03
2.163960719164460897e+02 8.744422851562500000e+03 8.738373344527495647e+03
2.164165048897266388e+02 8.733458984375000000e+03 8.738351627072715928e+03
2.164369378625415266e+02 8.740278320312500000e+03 8.738329437543670792e+03
2.164573708353564143e+02 8.736608398437500000e+03 8.738306797027180437e+03
2.164778037075884640e+02 8.732892578125000000e+03 8.738283726725148881e+03
2.164982366799376905e+02 8.734203125000000000e+03 8.738260247498201352e+03
2.165186697519384325e+02 8.746837890625000000e+03 8.738236380428348639e+03
2.165391026241704822e+02 8.743989257812500000e+03 8.738212146955382195e+03
2.165595355960540473e+02 8.754614257812500000e+03 8.738187567814140493e+03
2.165799686675891280e+02 8.744022460937500000e+03 8.738162664087030862e+03
2.166004016390070319e+02 8.729539062500000000e+03 8.738137457104929126e+03
2.166208345103077590e+02 8.730125976562500000e+03 8.738111967959453978e+03
2.166412674812600017e+02 8.736755859375000000e+03 8.738086217488624243e+03
2.166617005523294210e+02 8.727713867187500000e+03 8.738060226775485717e+03
2.166821334226988256e+02 8.737386718750000000e+03 8.738034017291647615e+03
2.167025663936510682e+02 8.727530273437500000e+03 8.738007609739514010e+03
2.167229994637891650e+02 8.742253906250000000e+03 8.737981025205448532e+03
2.167434323341585696e+02 8.749581054687500000e+03 8.737954285166906629e+03
2.167638653041794896e+02 8.741851562500000000e+03 8.737927410320444324e+03
2.167842983738519251e+02 8.741404296875000000e+03 8.737900421751548492e+03
2.168047312437556684e+02 8.743836914062500000e+03 8.737873340943728181e+03
2.168251642133109272e+02 8.741523437500000000e+03 8.737846188588078803e+03
2.168455971824005246e+02 8.735796875000000000e+03 8.737818985904388683e+03
2.168660301514901221e+02 8.744707031250000000e+03 8.737791753979330679e+03
2.168864631205797195e+02 8.731170898437500000e+03 8.737764513900212478e+03
2.169068960892036557e+02 8.745427734375000000e+03 8.737737286754951128e+03
2.169273291579447687e+02 8.728912109375000000e+03 8.737710093497096750e+03
2.169477620259858668e+02 8.743538085937500000e+03 8.737682955613938248e+03
2.169681949946098030e+02 8.738105468750000000e+03 8.737655893792161805e+03
2.169886278626509011e+02 8.737601562500000000e+03 8.737628929385275114e+03
2.170090609304606915e+02 8.742600585937500000e+03 8.737602083085017512e+03
2.170294938981533051e+02 8.748274414062500000e+03 8.737575376373610197e+03
2.170499268658459187e+02 8.736661132812500000e+03 8.737548830206505954e+03
2.170703598330728710e+02 8.740985351562500000e+03 8.737522465671598184e+03
2.170907928002998233e+02 8.748225585937500000e+03 8.737496303855565202e+03
2.171112257670611143e+02 8.723888671875000000e+03 8.737470365846296772e+03
2.171316586341708899e+02 8.728104492187500000e+03 8.737444672855159297e+03
2.171520917005836964e+02 8.727891601562500000e+03 8.737419245595421671e+03
2.171725246668793261e+02 8.720799804687500000e+03 8.737394105528957880e+03
2.171929575335234404e+02 8.731367187500000000e+03 8.737369273738135234e+03
2.172133905994705856e+02 8.747087890625000000e+03 8.737344770949279336e+03
2.172338235653005540e+02 8.738514648437500000e+03 8.737320618611185637e+03
2.172542564314790070e+02 8.745445312500000000e+03 8.737296837805302857e+03
2.172746894969604909e+02 8.731170898437500000e+03 8.737273449273796359e+03
2.172951224623247981e+02 8.744368164062500000e+03 8.737250474449598187e+03
2.173155553275719285e+02 8.739182617187500000e+03 8.737227934413758703e+03
2.173564213574863970e+02 8.742360351562500000e+03 8.737184242401224765e+03
2.173768542222678661e+02 8.753338867187500000e+03 8.737163132919442432e+03
2.173972871867008507e+02 8.732489257812500000e+03 8.737142542361496453e+03
2.174177202512510121e+02 8.738189453125000000e+03 8.737122491821961376e+03
2.174381531151011586e+02 8.739215820312500000e+03 8.737102998130936612e+03
2.174585860795341432e+02 8.740831054687500000e+03 8.737084059352720942e+03
2.174790190430358052e+02 8.742984375000000000e+03 8.737065669398027239e+03
2.174994520065374672e+02 8.743074218750000000e+03 8.737047822078524405e+03
2.175198849700391293e+02 8.746742187500000000e+03 8.737030511206761730e+03
2.175403178334236145e+02 8.741969726562500000e+03 8.737013730676226260e+03
2.175607508970424533e+02 8.743557617187500000e+03 8.736997474056661304e+03
2.175811838596127927e+02 8.728669921875000000e+03 8.736981735404122446e+03
2.176016167225316167e+02 8.743473632812500000e+03 8.736966508522498771e+03
2.176220497852191329e+02 8.736080078125000000e+03 8.736951787004933067e+03
2.176424827477894723e+02 8.734130859375000000e+03 8.736937564883724917e+03
2.176629157098941505e+02 8.733375976562500000e+03 8.736923835898363905e+03
2.176833485718816519e+02 8.741034179687500000e+03 8.736910593924769273e+03
2.177037816336378455e+02 8.746793945312500000e+03 8.736897832584672869e+03
2.177242145957425237e+02 8.741489257812500000e+03 8.736885545881148573e+03
2.177446474572643638e+02 8.739629882812500000e+03 8.736873727620371938e+03
2.177650805185548961e+02 8.731318359375000000e+03 8.736862371444556629e+03
2.177855134797282517e+02 8.743027343750000000e+03 8.736851471336289251e+03
2.178059463407844305e+02 8.737325195312500000e+03 8.736841021101456136e+03
2.178263793019577861e+02 8.728722656250000000e+03 8.736831014450230214e+03
2.178468123623169959e+02 8.738069335937500000e+03 8.736821445202065661e+03
2.178672452229075134e+02 8.731527343750000000e+03 8.736812307306314324e+03
2.178876781831495464e+02 8.732522460937500000e+03 8.736803594438473738e+03
2.179081112435087562e+02 8.733471679687500000e+03 8.736795300417084945e+03
2.179285442032851279e+02 8.743982421875000000e+03 8.736787419136127937e+03
2.179489770634099841e+02 8.740495117187500000e+03 8.736779944401765533e+03
2.179694101228378713e+02 8.733395507812500000e+03 8.736772869920141602e+03
2.179898430821485817e+02 8.731958984375000000e+03 8.736766189610367292e+03
2.180102759418077767e+02 8.747959960937500000e+03 8.736759897279114739e+03
2.180307089006528258e+02 8.732642578125000000e+03 8.736753986677713328e+03
2.180511419596150517e+02 8.737634765625000000e+03 8.736748451623985602e+03
2.180715748188085854e+02 8.725708984375000000e+03 8.736743286009001167e+03
2.180920077771879733e+02 8.727536132812500000e+03 8.736738483567027288e+03
2.181124408356845379e+02 8.756681640625000000e+03 8.736734038115660951e+03
2.181328736939467490e+02 8.729735351562500000e+03 8.736729943530212040e+03
2.181533066523261368e+02 8.739064453125000000e+03 8.736726193560480169e+03
2.181737396097742021e+02 8.728946289062500000e+03 8.736722782040082166e+03
2.181941725676879287e+02 8.736791992187500000e+03 8.736719702781329033e+03
2.182146055251359940e+02 8.737243164062500000e+03 8.736716949596917402e+03
2.182350384830497205e+02 8.740842773437500000e+03 8.736714516299272873e+03
2.182554715401493013e+02 8.745869140625000000e+03 8.736712396691476897e+03
2.182759043970145285e+02 8.731486328125000000e+03 8.736710584614851541e+03
2.182963373539969325e+02 8.745511718750000000e+03 8.736709073853067821e+03
2.183372032670304179e+02 8.724329101562500000e+03 8.736706931553157119e+03
2.183576362235471606e+02 8.731776367187500000e+03 8.736706287640105074e+03
2.183780690799467266e+02 8.735795898437500000e+03 8.736705920302860250e+03
2.183985021361149848e+02 8.726632812500000000e+03 8.736705823350579522e+03
2.184189350917004049e+02 8.742651367187500000e+03 8.736705990599197321e+03
2.184393680472858250e+02 8.734343750000000000e+03 8.736706415860135166e+03
2.184598010028712451e+02 8.734237304687500000e+03 8.736707092945944169e+03
2.184802339579910040e+02 8.745365234375000000e+03 8.736708015669159067e+03
2.185006669135764241e+02 8.741597656250000000e+03 8.736709177842376448e+03
2.185210997681133449e+02 8.730388671875000000e+03 8.736710573270667737e+03
2.185415328233502805e+02 8.727799804687500000e+03 8.736712195788873942e+03
2.185619656778872013e+02 8.733144531250000000e+03 8.736714039177713857e+03
2.185823986325412989e+02 8.736458984375000000e+03 8.736716097275271750e+03
2.186028316868469119e+02 8.742165039062500000e+03 8.736718363897161908e+03
2.186232645409181714e+02 8.739638671875000000e+03 8.736720832821160002e+03
2.186436974946409464e+02 8.740755859375000000e+03 8.736723497894585307e+03
2.186641304488293827e+02 8.735052734375000000e+03 8.736726352918509292e+03
2.186845634020864964e+02 8.714150390625000000e+03 8.736729391705286616e+03
2.187049963558092713e+02 8.724027343750000000e+03 8.736732608067675756e+03
2.187254293090663850e+02 8.731239257812500000e+03 8.736735995818089577e+03
2.187458622623234987e+02 8.728876953125000000e+03 8.736739548769161047e+03
2.187662952151149511e+02 8.744565429687500000e+03 8.736743260733353964e+03
2.187867281679064035e+02 8.729866210937500000e+03 8.736747125523314025e+03
2.188071612203493714e+02 8.739870117187500000e+03 8.736751136971503001e+03
2.188275940730236471e+02 8.735597656250000000e+03 8.736755288830652717e+03
2.188480270253494382e+02 8.728385742187500000e+03 8.736759574973148119e+03
2.188684598775580525e+02 8.737038085937500000e+03 8.736763989169703564e+03
2.188888929290696979e+02 8.740125976562500000e+03 8.736768525298462919e+03
2.189093258809298277e+02 8.732105468750000000e+03 8.736773177106497315e+03
2.189297587326727808e+02 8.739570312500000000e+03 8.736777938404604356e+03
2.189501917841844261e+02 8.734829101562500000e+03 8.736782803076001073e+03
2.189706247351132333e+02 8.724526367187500000e+03 8.736787764862470794e+03
2.189910576860420406e+02 8.730054687500000000e+03 8.736792817600278795e+03
2.190114905373193324e+02 8.741914062500000000e+03 8.736797955076723156e+03
2.190319235878996551e+02 8.737694335937500000e+03 8.736803171180130448e+03
2.190523565388284624e+02 8.723679687500000000e+03 8.736808459647296331e+03
2.190727893891744316e+02 8.731666015625000000e+03 8.736813814289525908e+03
2.191136553892865777e+02 8.738808593750000000e+03 8.736824697507854580e+03
2.191340882391668856e+02 8.726538085937500000e+03 8.736830213629287755e+03
2.191545212888158858e+02 8.727431640625000000e+03 8.736835771256673979e+03
2.191749542383477092e+02 8.737723632812500000e+03 8.736841364121297374e+03
2.191953870877623558e+02 8.737739257812500000e+03 8.736846986035245209e+03
2.192158200368285179e+02 8.741765625000000000e+03 8.736852630866073014e+03
2.192362530860118568e+02 8.723780273437500000e+03 8.736858292426753906e+03
2.192566860350780189e+02 8.736119140625000000e+03 8.736863964474348904e+03
2.192771188835613430e+02 8.734650390625000000e+03 8.736869640821179928e+03
2.192975519322790205e+02 8.747583007812500000e+03 8.736875315363377013e+03
2.193179848804138601e+02 8.733221679687500000e+03 8.736880981829937809e+03
2.193384177288971841e+02 8.748278320312500000e+03 8.736886634033842711e+03
2.193588506770320237e+02 8.728733398437500000e+03 8.736892265842812776e+03
2.193792837248183787e+02 8.740905273437500000e+03 8.736897871069066241e+03
2.193997165723703802e+02 8.729290039062500000e+03 8.736903443443128708e+03
2.194201495200395584e+02 8.738223632812500000e+03 8.736908976859725954e+03
2.194405825673602521e+02 8.733372070312500000e+03 8.736914465130685130e+03
2.194610154144465923e+02 8.743675781250000000e+03 8.736919901988381753e+03
2.194814483616501093e+02 8.746305664062500000e+03 8.736925281325689866e+03
2.195018814085051417e+02 8.735614257812500000e+03 8.736930596954160137e+03
2.195223142551258206e+02 8.736832031250000000e+03 8.736935842608845633e+03
2.195427472018636763e+02 8.735832031250000000e+03 8.736941012179948302e+03
2.195631801481358707e+02 8.740697265625000000e+03 8.736946099454034993e+03
2.195836130939424038e+02 8.734492187500000000e+03 8.736951098243673187e+03
2.196040460402145982e+02 8.752495117187500000e+03 8.736956002361661376e+03
2.196244789860211313e+02 8.739052734375000000e+03 8.736960805620343308e+03
2.196449119318276644e+02 8.733776367187500000e+03 8.736965501832386508e+03
2.196653448771685362e+02 8.739263671875000000e+03 8.736970084810258413e+03
2.196857777228578925e+02 8.741521484375000000e+03 8.736974548345166113e+03
2.197062106677331030e+02 8.723845703125000000e+03 8.736978886293134565e+03
2.197266437131911516e+02 8.747662109375000000e+03 8.736983092465145091e+03
2.197470765579491854e+02 8.745183593750000000e+03 8.736987160612739899e+03
2.197675095023587346e+02 8.745144531250000000e+03 8.736991084609322570e+03
2.197879425468854606e+02 8.741458007812500000e+03 8.736994858265390576e+03
2.198083753911778331e+02 8.730356445312500000e+03 8.736998475339172728e+03
2.198288083355873823e+02 8.722831054687500000e+03 8.737001929697571541e+03
2.198492413796484470e+02 8.718511718750000000e+03 8.737005215150642471e+03
2.198696743235923350e+02 8.741830078125000000e+03 8.737008325478811457e+03
2.198901071669533849e+02 8.740862304687500000e+03 8.737011254497194386e+03
2.199105401104316115e+02 8.727849609375000000e+03 8.737013996047169712e+03
2.199309731540270150e+02 8.745089843750000000e+03 8.737016543938496397e+03
2.199514059969224036e+02 8.725445312500000000e+03 8.737018891947693191e+03
2.199718389404006302e+02 8.727906250000000000e+03 8.737021033923432697e+03
2.199922719830647111e+02 8.731206054687500000e+03 8.737022963675068240e+03
2.200127048254944384e+02 8.738592773437500000e+03 8.737024674988495462e+03
2.200331377680413425e+02 8.744335937500000000e+03 8.737026161703061007e+03
2.200535707105882466e+02 8.746682617187500000e+03 8.737027417622397479e+03
2.200740036526694894e+02 8.741137695312500000e+03 8.737028436559059628e+03
2.200944365947507322e+02 8.743926757812500000e+03 8.737029212325647677e+03
2.201148695368319750e+02 8.744425781250000000e+03 8.737029738734727289e+03
2.201353025780990720e+02 8.729545898437500000e+03 8.737030009599551704e+03
2.201557354200631380e+02 8.744344726562500000e+03 8.737030018730640222e+03
2.201761683612130582e+02 8.733853515625000000e+03 8.737029759942633973e+03
2.201966014024801552e+02 8.739841796875000000e+03 8.737029227044125946e+03
2.202170342435128987e+02 8.743082031250000000e+03 8.737028413857562555e+03
2.202374671846628189e+02 8.743093750000000000e+03 8.737027314185635987e+03
2.202579000252299011e+02 8.750271484375000000e+03 8.737025921851791281e+03
2.202783330655656755e+02 8.735342773437500000e+03 8.737024230645967691e+03
2.202987660062499344e+02 8.744519531250000000e+03 8.737022234403309994e+03
2.203191989464685321e+02 8.744484375000000000e+03 8.737019926928929635e+03
2.203396318862214684e+02 8.748460937500000000e+03 8.737017302035412285e+03
2.203600648259744048e+02 8.734026367187500000e+03 8.737014353535285409e+03
2.203804977657273412e+02 8.739564453125000000e+03 8.737011075241118306e+03
2.204009306053631008e+02 8.748845703125000000e+03 8.737007460984021236e+03
2.204213636447675526e+02 8.728111328125000000e+03 8.737003504521031573e+03
2.204417965840548277e+02 8.737767578125000000e+03 8.736999199720272372e+03
2.204622294232249260e+02 8.732891601562500000e+03 8.736994540399475227e+03
2.204826624616980553e+02 8.732228515625000000e+03 8.736989520300327058e+03
2.205030954005196691e+02 8.724241210937500000e+03 8.736984136877354103e+03
2.205235282392241061e+02 8.737496093750000000e+03 8.736978401796699472e+03
2.205439612776972353e+02 8.742019531250000000e+03 8.736972330199843782e+03
2.205643942160531878e+02 8.728296875000000000e+03 8.736965937401640986e+03
2.205848270542919636e+02 8.726011718750000000e+03 8.736959238634861322e+03
2.206052599917165935e+02 8.743110351562500000e+03 8.736952249062280316e+03
2.206256929296068847e+02 8.735367187500000000e+03 8.736944983943674742e+03
2.206461259671486914e+02 8.732976562500000000e+03 8.736937458470047204e+03
2.206665588049218059e+02 8.744494140625000000e+03 8.736929687981677489e+03
2.206869917418807745e+02 8.741446289062500000e+03 8.736921687594800460e+03
2.207074246788397431e+02 8.736204101562500000e+03 8.736913472574711705e+03
2.207278576162643731e+02 8.745395507812500000e+03 8.736905058149373872e+03
2.207482904526405036e+02 8.729969726562500000e+03 8.736896459590085215e+03
2.207687234892509878e+02 8.736517578125000000e+03 8.736887691996951617e+03
2.207891564257442951e+02 8.732340820312500000e+03 8.736878770725796130e+03
2.208095892621204257e+02 8.736532226562500000e+03 8.736869711006929720e+03
2.208300222982652485e+02 8.726356445312500000e+03 8.736860527934601123e+03
2.208504552342928946e+02 8.741115234375000000e+03 8.736851236870874345e+03
2.208708881698548794e+02 8.739472656250000000e+03 8.736841852999416005e+03
2.208913210057653487e+02 8.738098632812500000e+03 8.736832391594478395e+03
2.209321869765408337e+02 8.738694335937500000e+03 8.736813296818931121e+03
2.209526198115199804e+02 8.749867187500000000e+03 8.736803694044574513e+03
2.209730528467334807e+02 8.739703125000000000e+03 8.736794074508832637e+03
2.209934857813641429e+02 8.742598632812500000e+03 8.736784453581400157e+03
2.210139186158776283e+02 8.745945312500000000e+03 8.736774846490114214e+03
2.210343516506254673e+02 8.750000000000000000e+03 8.736765268322087650e+03
2.210547845847904682e+02 8.738938476562500000e+03 8.736755734446733186e+03
2.210752174188382924e+02 8.730634765625000000e+03 8.736746260091220392e+03
2.210956503530032933e+02 8.733630859375000000e+03 8.736736860390788934e+03
2.211160833868198097e+02 8.728984375000000000e+03 8.736727550575014902e+03
2.211365162204019725e+02 8.732123046875000000e+03 8.736718346007943182e+03
2.211569491541013122e+02 8.732981445312500000e+03 8.736709261781616078e+03
2.211773821874521673e+02 8.727840820312500000e+03 8.736700313126259061e+03
2.211978151206858456e+02 8.728921875000000000e+03 8.736691515357577373e+03
2.212182479538023472e+02 8.729968750000000000e+03 8.736682883701385435e+03
2.212386808865703642e+02 8.726874023437500000e+03 8.736674433301373938e+03
2.212591139194555581e+02 8.745715820312500000e+03 8.736666179388268574e+03
2.212795467516407371e+02 8.726902343750000000e+03 8.736658137310207167e+03
2.213204127163626254e+02 8.743515625000000000e+03 8.736642749215256117e+03
2.213408455485478044e+02 8.741880859375000000e+03 8.736635433767572977e+03
2.213612784803844988e+02 8.747685546875000000e+03 8.736628390951129404e+03
2.213817115118727088e+02 8.728555664062500000e+03 8.736621635998169950e+03
2.214021443440578878e+02 8.738872070312500000e+03 8.736615184233496620e+03
2.214225772749632597e+02 8.738364257812500000e+03 8.736609050788867535e+03
2.214430102063342929e+02 8.732915039062500000e+03 8.736603250924223175e+03
2.214634432373568416e+02 8.724406250000000000e+03 8.736597799842138556e+03
2.214838760686106980e+02 8.730987304687500000e+03 8.736592712847999792e+03
2.215043089990504086e+02 8.728615234375000000e+03 8.736588005092793537e+03
2.215247420300729573e+02 8.752827148437500000e+03 8.736583691810017626e+03
2.215451748603954911e+02 8.748394531250000000e+03 8.736579788288441705e+03
2.215656077908352017e+02 8.730260742187500000e+03 8.736576309695676173e+03
2.215860406206920743e+02 8.730151367187500000e+03 8.736573271293857033e+03
2.216064736507833004e+02 8.735313476562500000e+03 8.736570688269683160e+03
2.216269065807573497e+02 8.734898437500000000e+03 8.736568575892657464e+03
2.216473395102657378e+02 8.739332031250000000e+03 8.736566949377163837e+03
2.216677724397741258e+02 8.744051757812500000e+03 8.736565823951284983e+03
2.216882052691653371e+02 8.740014648437500000e+03 8.736565214844868024e+03
2.217086382983252406e+02 8.742228515625000000e+03 8.736565137280953422e+03
2.217290712273679674e+02 8.725109375000000000e+03 8.736565606492751613e+03
2.217495041564106941e+02 8.744407226562500000e+03 8.736566637706706388e+03
2.217699369853362441e+02 8.743765625000000000e+03 8.736568246141636337e+03
2.217903699134476483e+02 8.739118164062500000e+03 8.736570447041267471e+03
2.218108029421418905e+02 8.730193359375000000e+03 8.736573255642691947e+03
2.218312357701361179e+02 8.740005859375000000e+03 8.736576687128090271e+03
2.218516686982475221e+02 8.737193359375000000e+03 8.736580756771483721e+03
2.218721017264761031e+02 8.743769531250000000e+03 8.736585479810502875e+03
2.218925345540046692e+02 8.719986328125000000e+03 8.736590871398850140e+03
2.219129674816504121e+02 8.733865234375000000e+03 8.736596946839068551e+03
2.219334004088304937e+02 8.733466796875000000e+03 8.736603721334364309e+03
2.219538333360105753e+02 8.737846679687500000e+03 8.736611210113002016e+03
2.219742662631906569e+02 8.728100585937500000e+03 8.736619428403111669e+03
2.219946991903707385e+02 8.737423828125000000e+03 8.736628391432835997e+03
2.220151321170851588e+02 8.739041015625000000e+03 8.736638114430083078e+03
2.220355650437995791e+02 8.743767578125000000e+03 8.736648612623172085e+03
2.220559979705139995e+02 8.740029296875000000e+03 8.736659901240245745e+03
2.220764309964142740e+02 8.741614257812500000e+03 8.736671995570126455e+03
2.220968638225458562e+02 8.735553710937500000e+03 8.736684910657968430e+03
2.221172967487946153e+02 8.743115234375000000e+03 8.736698661915419507e+03
2.221377295744605362e+02 8.738314453125000000e+03 8.736713264435345991e+03
2.221581626003608108e+02 8.733124023437500000e+03 8.736728733667163397e+03
2.221785955256782472e+02 8.742556640625000000e+03 8.736745084617647080e+03
2.221990284514613450e+02 8.731466796875000000e+03 8.736762332589330981e+03
2.222194613767787814e+02 8.737236328125000000e+03 8.736780492809561110e+03
2.222398943016305566e+02 8.740644531250000000e+03 8.736799580506405619e+03
2.222603272264823318e+02 8.747349609375000000e+03 8.736819610908401955e+03
2.222807600512169302e+02 8.727581054687500000e+03 8.736840599138466132e+03
2.223011930757202208e+02 8.737488281250000000e+03 8.736862560739846231e+03
2.223216260005719960e+02 8.718220703125000000e+03 8.736885510626045289e+03
2.223420588248409331e+02 8.741614257812500000e+03 8.736909464009506337e+03
2.223624918488785625e+02 8.731410156250000000e+03 8.736934436477840791e+03
2.223829247727990150e+02 8.740268554687500000e+03 8.736960442900157432e+03
2.224033575966022909e+02 8.738645507812500000e+03 8.736987498489277641e+03
2.224237906201742589e+02 8.738020507812500000e+03 8.737015618878158421e+03
2.224442235436290503e+02 8.735948242187500000e+03 8.737044818890048191e+03
2.224646563669666648e+02 8.736426757812500000e+03 8.737075113737086212e+03
2.224850892904214561e+02 8.733648437500000000e+03 8.737106518944221534e+03
2.225055223130621016e+02 8.726959960937500000e+03 8.737139049754499865e+03
2.225259552360512316e+02 8.732026367187500000e+03 8.737172721079507028e+03
2.225463880589231849e+02 8.729183593750000000e+03 8.737207548129765200e+03
2.225668210810981691e+02 8.727818359375000000e+03 8.737243546652238365e+03
2.225872540036216378e+02 8.732195312500000000e+03 8.737280731356966498e+03
2.226076868260279298e+02 8.743975585937500000e+03 8.737319117453715080e+03
2.226281197480857372e+02 8.739175781250000000e+03 8.737358720545800679e+03
2.226485527697950602e+02 8.732715820312500000e+03 8.737399555879264881e+03
2.226689855922013521e+02 8.751394531250000000e+03 8.737441638075681112e+03
2.226894185133278370e+02 8.736384765625000000e+03 8.737484982967715041e+03
2.227098514349199831e+02 8.744434570312500000e+03 8.737529605584233650e+03
2.227302843565121293e+02 8.738569335937500000e+03 8.737575521152379224e+03
2.227507172776386142e+02 8.735131835937500000e+03 8.737622744899186728e+03
2.227711501982994378e+02 8.748197265625000000e+03 8.737671292052689751e+03
2.227915831194259226e+02 8.739653320312500000e+03 8.737721177843222904e+03
2.228120160400867462e+02 8.735242187500000000e+03 8.737772417496627895e+03
2.228324488606303930e+02 8.746426757812500000e+03 8.737825025981001090e+03
2.228528818809427321e+02 8.733196289062500000e+03 8.737879019306672490e+03
2.228733148011378944e+02 8.737595703125000000e+03 8.737934411919482955e+03
2.228937476212158799e+02 8.734841796875000000e+03 8.737991219026880572e+03
2.229141806410625577e+02 8.730248046875000000e+03 8.738049456701137387e+03
2.229346135607920587e+02 8.733996093750000000e+03 8.738109139326150398e+03
2.229550463804043829e+02 8.745417968750000000e+03 8.738170282108680112e+03
2.229754793001338840e+02 8.738010742187500000e+03 8.738232900875960695e+03
2.229959123190492392e+02 8.740171875000000000e+03 8.738297010874961416e+03
2.230163451386615634e+02 8.734202148437500000e+03 8.738362626386231568e+03
2.230367780574597418e+02 8.749510742187500000e+03 8.738429763585318142e+03
2.230572110763750970e+02 8.729625976562500000e+03 8.738498437725769691e+03
2.230776439947076142e+02 8.735319335937500000e+03 8.738568663361169456e+03
2.230980768133886158e+02 8.740718750000000000e+03 8.738640455699911399e+03
2.231185098318383098e+02 8.742208007812500000e+03 8.738713831033743190e+03
2.231389427501708269e+02 8.748746093750000000e+03 8.738788803525498224e+03
2.231593755679205060e+02 8.741039062500000000e+03 8.738865388377931595e+03
2.231798084862530231e+02 8.741717773437500000e+03 8.738943601573089836e+03
2.232002415037713945e+02 8.731847656250000000e+03 8.739023458357729396e+03
2.232206743215210736e+02 8.737192382812500000e+03 8.739104972779376112e+03
2.232411072389222682e+02 8.741618164062500000e+03 8.739188161248417600e+03
2.232615402564406395e+02 8.744008789062500000e+03 8.739273039019524731e+03
2.232819730732589960e+02 8.731651367187500000e+03 8.739359620058683504e+03
2.233024059901945293e+02 8.749828125000000000e+03 8.739447920856051496e+03
2.233228389071300626e+02 8.731823242187500000e+03 8.739537956219701300e+03
2.233432718235999346e+02 8.740747070312500000e+03 8.739629741375629237e+03
2.233637047405354679e+02 8.747374023437500000e+03 8.739723291556136246e+03
2.233841376565396786e+02 8.739997070312500000e+03 8.739818621982871264e+03
2.234045706731267273e+02 8.737077148437500000e+03 8.739915748370731308e+03
2.234250034890137613e+02 8.732696289062500000e+03 8.740014684502431919e+03
2.234454364050179720e+02 8.733911132812500000e+03 8.740115447049240174e+03
2.234658694206736982e+02 8.744229492187500000e+03 8.740218051263856978e+03
2.235067351516336203e+02 8.745419921875000000e+03 8.740428842572157009e+03
2.235271679670549929e+02 8.729047851562500000e+03 8.740537060601705889e+03
2.235476009822450578e+02 8.747821289062500000e+03 8.740647181773765624e+03
