4.724698461228981614e+02 5.487082031250000000e+03 5.486632128975586966e+03
4.724902803716249764e+02 5.484703613281250000e+03 5.486359377448956366e+03
4.725107147200033069e+02 5.484253417968750000e+03 5.486097548985504545e+03
4.725311488681472838e+02 5.491398437500000000e+03 5.485846514049384496e+03
4.725515831159427762e+02 5.486122558593750000e+03 5.485606135578808789e+03
4.725720174638554454e+02 5.492723144531250000e+03 5.485376280425293771e+03
4.725924516119994223e+02 5.476600097656250000e+03 5.485156818587442103e+03
4.726128858593292534e+02 5.487131347656250000e+03 5.484947613479791471e+03
4.726333202072419226e+02 5.497423339843750000e+03 5.484748531939168970e+03
4.726537543544545770e+02 5.483982421875000000e+03 5.484559443528760312e+03
4.726741886017844081e+02 5.485163085937500000e+03 5.484380212093185037e+03
4.726946229487657547e+02 5.487088867187500000e+03 5.484210704481814901e+03
4.727150571956299245e+02 5.482863281250000000e+03 5.484050789052595974e+03
4.727354913423769176e+02 5.487664550781250000e+03 5.483900332367238661e+03
4.727559256893582642e+02 5.483916503906250000e+03 5.483759198984810610e+03
4.727763599357567728e+02 5.479813964843750000e+03 5.483627257752554215e+03
4.727967940820381045e+02 5.480605957031250000e+03 5.483504375234740110e+03
4.728172284280881286e+02 5.478432617187500000e+03 5.483390416395303873e+03
4.728376625743694603e+02 5.481948242187500000e+03 5.483285250164982244e+03
4.728580969204194844e+02 5.478245117187500000e+03 5.483188741188369022e+03
4.728785311658866704e+02 5.486033691406250000e+03 5.483100757648428953e+03
4.728989653117023408e+02 5.486583496093750000e+03 5.483021166118552173e+03
4.729193996572867036e+02 5.477502929687500000e+03 5.482949832195235103e+03
4.729398339022882283e+02 5.482121582031250000e+03 5.482886623688507825e+03
4.729602680476382375e+02 5.484633789062500000e+03 5.482831407178779955e+03
4.729807023927569389e+02 5.480322265625000000e+03 5.482784048616782457e+03
4.730011366372928023e+02 5.481072265625000000e+03 5.482744415457244031e+03
4.730215707821771502e+02 5.484325683593750000e+03 5.482712374287531929e+03
4.730420051268301904e+02 5.483431640625000000e+03 5.482687791395037493e+03
4.730624393713660538e+02 5.480464355468750000e+03 5.482670533896513916e+03
4.730828736154362559e+02 5.488786132812500000e+03 5.482660468355248668e+03
4.731033078599721193e+02 5.479727050781250000e+03 5.482657461472537761e+03
4.731237421035766602e+02 5.491824218750000000e+03 5.482661379950105584e+03
4.731441764477640390e+02 5.485286621093750000e+03 5.482672090558640775e+03
4.731646105912514031e+02 5.478307128906250000e+03 5.482689459792731213e+03
4.731850448348559439e+02 5.480662597656250000e+03 5.482713354560999505e+03
4.732054791781120002e+02 5.477774414062500000e+03 5.482743641659386412e+03
4.732259134217165411e+02 5.476549316406250000e+03 5.482780187493721314e+03
4.732463475647382438e+02 5.478512207031250000e+03 5.482822858673092924e+03
4.732667819075286388e+02 5.484902343750000000e+03 5.482871522570430898e+03
4.732872161506675184e+02 5.490787109375000000e+03 5.482926045218169747e+03
4.733076502932235599e+02 5.482325195312500000e+03 5.482986293230462252e+03
4.733280846355482936e+02 5.486867675781250000e+03 5.483052134235697849e+03
4.733485188777558506e+02 5.482870605468750000e+03 5.483123434009992707e+03
4.733689530203118920e+02 5.482237304687500000e+03 5.483200059177686853e+03
4.733893873621709645e+02 5.478893554687500000e+03 5.483281877599922154e+03
4.734098216043785214e+02 5.489272460937500000e+03 5.483368754819148307e+03
4.734302557460032403e+02 5.482475585937500000e+03 5.483460557459823576e+03
4.734506900878623128e+02 5.484947753906250000e+03 5.483557153610587193e+03
4.734711242290213704e+02 5.485537109375000000e+03 5.483658408078676075e+03
4.734915585704147816e+02 5.491794921875000000e+03 5.483764189551573509e+03
4.735119928116910160e+02 5.475604003906250000e+03 5.483874363209207331e+03
4.735324269523844123e+02 5.489649414062500000e+03 5.483988795687151651e+03
4.735528612933121622e+02 5.483078125000000000e+03 5.484107355402326903e+03
4.735732955341227353e+02 5.489086425781250000e+03 5.484229907343917148e+03
4.735937297749333084e+02 5.483557128906250000e+03 5.484356318784626637e+03
4.736141640152782202e+02 5.482742187500000000e+03 5.484486456423266645e+03
4.736345982556231320e+02 5.484754882812500000e+03 5.484620186964510140e+03
4.736550324959680438e+02 5.479899902343750000e+03 5.484757377110185189e+03
4.736754667358472943e+02 5.478016113281250000e+03 5.484897893558884789e+03
4.736959009757265449e+02 5.486315917968750000e+03 5.485041603015537476e+03
4.737163352151401341e+02 5.483485351562500000e+03 5.485188372178607096e+03
4.737367695551365614e+02 5.490999511718750000e+03 5.485338068497004315e+03
4.737572036944329739e+02 5.484839843750000000e+03 5.485490556444608956e+03
4.737776380334980786e+02 5.487205078125000000e+03 5.485645705710678158e+03
4.737980722724460065e+02 5.486868652343750000e+03 5.485803380739289423e+03
4.738185064117424190e+02 5.486363769531250000e+03 5.485963448199823688e+03
4.738389407503418624e+02 5.487610351562500000e+03 5.486125786247711403e+03
4.738593749888241291e+02 5.483170410156250000e+03 5.486290335457104447e+03
4.738798091276548803e+02 5.487832519531250000e+03 5.486457068798164983e+03
4.739002434657886624e+02 5.483123535156250000e+03 5.486625961865895988e+03
4.739206777038052678e+02 5.490331054687500000e+03 5.486796985341010441e+03
4.739411118421703577e+02 5.491113769531250000e+03 5.486970112336165585e+03
4.739615461803041399e+02 5.487327636718750000e+03 5.487145318543334724e+03
4.739819804178550839e+02 5.482562988281250000e+03 5.487322574542153234e+03
4.740024145552888513e+02 5.491354492187500000e+03 5.487501853446467976e+03
4.740228488929569721e+02 5.491740722656250000e+03 5.487683131045975642e+03
4.740432831300422549e+02 5.490282714843750000e+03 5.487866377826421740e+03
4.740637174672447145e+02 5.493458007812500000e+03 5.488051568727086305e+03
4.740841516042128205e+02 5.486291992187500000e+03 5.488238674151632949e+03
4.741250200779177248e+02 5.485613769531250000e+03 5.488618528423716270e+03
4.741454543140716851e+02 5.491416503906250000e+03 5.488811222634352816e+03
4.741658885506913066e+02 5.488745605468750000e+03 5.489005725756559514e+03
4.741863227868452668e+02 5.491040039062500000e+03 5.489202010921299006e+03
4.742067570229992270e+02 5.485340820312500000e+03 5.489400051272808923e+03
4.742271912591531873e+02 5.493598144531250000e+03 5.489599819950915844e+03
4.742476254948414862e+02 5.497203613281250000e+03 5.489801290090839757e+03
4.742680597305297852e+02 5.493344238281250000e+03 5.490004434836939254e+03
4.742884939662180841e+02 5.484389648437500000e+03 5.490209227329044552e+03
4.743089283015578985e+02 5.486666503906250000e+03 5.490415641717507242e+03
4.743293624366633594e+02 5.489983398437500000e+03 5.490623648101070103e+03
4.743497967715375125e+02 5.490281738281250000e+03 5.490833223691108287e+03
4.743702310062944889e+02 5.490812011718750000e+03 5.491044338563208839e+03
4.743906651409342885e+02 5.489181152343750000e+03 5.491256965834760194e+03
4.744110994758084416e+02 5.493466308593750000e+03 5.491471081781892281e+03
4.744315337100997567e+02 5.493750000000000000e+03 5.491686656403212510e+03
4.744519678442738950e+02 5.495021972656250000e+03 5.491903662822158367e+03
4.744724021786823869e+02 5.491592773437500000e+03 5.492122077378636277e+03
4.744928364125080407e+02 5.481291015625000000e+03 5.492341870007385296e+03
4.745132705462165177e+02 5.487659179687500000e+03 5.492563013833127116e+03
4.745337048801593482e+02 5.486857910156250000e+03 5.492785485255992171e+03
4.745541391135193408e+02 5.492103027343750000e+03 5.493009254150410925e+03
4.745745733468793333e+02 5.496895996093750000e+03 5.493234294748041066e+03
4.745950075802393258e+02 5.489979003906250000e+03 5.493460580188717358e+03
4.746154418131336570e+02 5.482611328125000000e+03 5.493688083607081353e+03
4.746358760460279882e+02 5.489148437500000000e+03 5.493916778148117373e+03
4.746563102789223194e+02 5.501214843750000000e+03 5.494146636951662003e+03
4.746767445113509893e+02 5.495957031250000000e+03 5.494377633152280396e+03
4.746971788438968360e+02 5.493133789062500000e+03 5.494609741034917533e+03
4.747176129762083292e+02 5.494592285156250000e+03 5.494842930319775405e+03
4.747380472081713378e+02 5.498123046875000000e+03 5.495077177560990094e+03
4.747584815402515233e+02 5.493441406250000000e+03 5.495312455919037347e+03
4.747789157722145319e+02 5.491226074218750000e+03 5.495548736228180132e+03
4.747993499040603638e+02 5.502628906250000000e+03 5.495785991613714941e+03
4.748197842352092266e+02 5.496225097656250000e+03 5.496024198698954024e+03
4.748402183665893972e+02 5.498418457031250000e+03 5.496263325971826816e+03
4.748606525980867445e+02 5.486807128906250000e+03 5.496503350074865011e+03
4.748810869287699461e+02 5.501138671875000000e+03 5.496744244149882434e+03
4.749015210596844554e+02 5.500824218750000000e+03 5.496985977806160008e+03
4.749219552907161415e+02 5.487430175781250000e+03 5.497228527725070307e+03
4.749423896213993430e+02 5.501553222656250000e+03 5.497471867052692687e+03
4.749628237518481910e+02 5.491694335937500000e+03 5.497715965352035710e+03
4.749832580820657313e+02 5.496577148437500000e+03 5.497960800541031858e+03
4.750036923121660948e+02 5.497370605468750000e+03 5.498206342171739379e+03
4.750241264421492815e+02 5.506843750000000000e+03 5.498452563373803059e+03
4.750445607719011605e+02 5.501366210937500000e+03 5.498699440905404117e+03
4.750649950020015240e+02 5.501784667968750000e+03 5.498946944293682463e+03
4.750854291310533881e+02 5.497489746093750000e+03 5.499195046652531346e+03
4.751058634608052671e+02 5.498074707031250000e+03 5.499443724789763110e+03
4.751262976899743080e+02 5.500772460937500000e+03 5.499692948182880173e+03
4.751467319191433489e+02 5.509806152343750000e+03 5.499942691194402869e+03
4.751671661478467286e+02 5.498333496093750000e+03 5.500192926958476164e+03
4.751876003765501082e+02 5.497330078125000000e+03 5.500443628066124802e+03
4.752080346052534878e+02 5.504401855468750000e+03 5.500694758827659825e+03
4.752284689336083829e+02 5.493366210937500000e+03 5.500946278422105934e+03
4.752489030617289245e+02 5.500250976562500000e+03 5.501198140944264196e+03
4.752693373900838196e+02 5.504983886718750000e+03 5.501450309118525183e+03
4.752897716178558767e+02 5.508586914062500000e+03 5.501702737023452755e+03
4.753102057459764183e+02 5.500493164062500000e+03 5.501955382455686049e+03
4.753306400738656521e+02 5.499519531250000000e+03 5.502208206907278509e+03
4.753510743011720479e+02 5.500230468750000000e+03 5.502461164451969125e+03
4.753715084288269281e+02 5.501728515625000000e+03 5.502714212888278780e+03
4.753919427557848394e+02 5.499653320312500000e+03 5.502967313707478752e+03
4.754123769830912352e+02 5.502048828125000000e+03 5.503220420995623499e+03
4.754328111098147929e+02 5.500409179687500000e+03 5.503473492530040858e+03
4.754532454363070428e+02 5.506612792968750000e+03 5.503726489818715891e+03
4.754736796631477773e+02 5.502671386718750000e+03 5.503979366942528941e+03
4.754941137894056737e+02 5.506486816406250000e+03 5.504232081680678675e+03
4.755145481158979237e+02 5.504346191406250000e+03 5.504484595540741793e+03
4.755349822421558201e+02 5.497799804687500000e+03 5.504736861362935088e+03
4.755554165681824088e+02 5.507392578125000000e+03 5.504988841873826459e+03
4.755758507936261594e+02 5.506971191406250000e+03 5.505240491156184362e+03
4.755962849194183946e+02 5.505676269531250000e+03 5.505491767015309961e+03
4.756167192449793220e+02 5.504325195312500000e+03 5.505742630918867690e+03
4.756371534704230726e+02 5.505184082031250000e+03 5.505993036970819048e+03
4.756575876954011619e+02 5.511826171875000000e+03 5.506242944184295993e+03
4.756780219203792512e+02 5.510271484375000000e+03 5.506492310353685752e+03
4.756984561453573406e+02 5.513354492187500000e+03 5.506741093267669385e+03
4.757188903703354299e+02 5.501585449218750000e+03 5.506989250714919763e+03
4.757393245948478580e+02 5.510155273437500000e+03 5.507236740478483625e+03
4.757597588188946247e+02 5.502491210937500000e+03 5.507483520347087506e+03
4.757801930434070528e+02 5.509875976562500000e+03 5.507729548120661093e+03
4.758006273675709963e+02 5.512687011718750000e+03 5.507974782776171196e+03
4.758210614915005863e+02 5.507374023437500000e+03 5.508219178509412814e+03
4.758414957150816917e+02 5.511923339843750000e+03 5.508462696702033099e+03
4.758619300387799740e+02 5.510739746093750000e+03 5.508705295135074266e+03
4.758823641622439027e+02 5.506991699218750000e+03 5.508946928038390070e+03
4.759027984859421849e+02 5.512287597656250000e+03 5.509187557935921177e+03
4.759232327090576291e+02 5.510426269531250000e+03 5.509427139066543532e+03
4.759436668320558965e+02 5.508655761718750000e+03 5.509665629240148519e+03
4.759641011548228562e+02 5.515465332031250000e+03 5.509902989737267490e+03
4.759845353774726391e+02 5.510638671875000000e+03 5.510139174854799421e+03
4.760049695000052452e+02 5.515386230468750000e+03 5.510374142399006814e+03
4.760254038223065436e+02 5.509722167968750000e+03 5.510607853597798567e+03
4.760458380444906652e+02 5.508561523437500000e+03 5.510840262800707023e+03
4.760662722666747868e+02 5.514099609375000000e+03 5.511071328944604829e+03
4.760867064888589084e+02 5.510456542968750000e+03 5.511301009818183957e+03
4.761071407101117074e+02 5.516281250000000000e+03 5.511529263199770867e+03
4.761275749318301678e+02 5.509709960937500000e+03 5.511756046893715393e+03
4.761480091535486281e+02 5.513198730468750000e+03 5.511981318683497193e+03
4.761684433748014271e+02 5.509544433593750000e+03 5.512205036352730531e+03
4.761888775955885649e+02 5.511026367187500000e+03 5.512427157690226522e+03
4.762093118168413639e+02 5.512188964843750000e+03 5.512647640494808911e+03
4.762297460376285017e+02 5.506788574218750000e+03 5.512866442545129757e+03
4.762501802584156394e+02 5.513398925781250000e+03 5.513083521634935096e+03
4.762706144787371159e+02 5.508553222656250000e+03 5.513298835548042916e+03
4.762910486990585923e+02 5.508128417968750000e+03 5.513512342078122856e+03
4.763114830190315843e+02 5.511234375000000000e+03 5.513724000041492218e+03
4.763319171392358840e+02 5.512954589843750000e+03 5.513933764139272171e+03
4.763523513590916991e+02 5.512911621093750000e+03 5.514141595247840087e+03
4.763727856785990298e+02 5.511514160156250000e+03 5.514347451127300701e+03
4.763932197983376682e+02 5.515794433593750000e+03 5.514551286564728798e+03
4.764136540177278221e+02 5.521028320312500000e+03 5.514753062350560867e+03
4.764340883372351527e+02 5.510897949218750000e+03 5.514952736247581015e+03
4.764545224560424685e+02 5.519674316406250000e+03 5.515150263120801355e+03
4.764749567750841379e+02 5.518460449218750000e+03 5.515345604634371739e+03
4.764953909935429692e+02 5.514378417968750000e+03 5.515538715685250281e+03
4.765158251123502851e+02 5.512871582031250000e+03 5.515729554104031195e+03
4.765362594304606318e+02 5.518732421875000000e+03 5.515918081070236440e+03
4.765566936489194632e+02 5.515941406250000000e+03 5.516104276009403293e+03
4.765771277667954564e+02 5.516018066406250000e+03 5.516288151981630108e+03
4.765975620853714645e+02 5.516671875000000000e+03 5.516469726768285909e+03
4.766179963028989732e+02 5.524878906250000000e+03 5.516649012758538447e+03
4.766384305204264820e+02 5.522466796875000000e+03 5.516826025943198147e+03
4.766588647379539907e+02 5.514399902343750000e+03 5.517000781409511546e+03
4.766792989554814994e+02 5.517674316406250000e+03 5.517173294244718818e+03
4.766997331725433469e+02 5.512486328125000000e+03 5.517343579532205695e+03
4.767201673896051943e+02 5.516965332031250000e+03 5.517511652363169560e+03
4.767406016062013805e+02 5.513777343750000000e+03 5.517677527821097101e+03
4.767610358232632279e+02 5.515506835937500000e+03 5.517841221000785481e+03
4.767814700393937528e+02 5.522805175781250000e+03 5.518002746978361756e+03
4.768019042559899390e+02 5.515389160156250000e+03 5.518162120852179214e+03
4.768223385722376406e+02 5.521405273437500000e+03 5.518319358467384518e+03
4.768427727883681655e+02 5.515883300781250000e+03 5.518474473374171794e+03
4.768632069039158523e+02 5.523683593750000000e+03 5.518627480687393472e+03
4.768836412196978927e+02 5.520776367187500000e+03 5.518778397731424775e+03
4.769040753352455795e+02 5.516080566406250000e+03 5.518927236635750887e+03
4.769245095509104431e+02 5.521693847656250000e+03 5.519074014690548211e+03
4.769449438662268221e+02 5.515091796875000000e+03 5.519218746949586603e+03
4.769653779813088477e+02 5.514102050781250000e+03 5.519361446391108984e+03
4.769858121960423887e+02 5.524656738281250000e+03 5.519502130211531039e+03
4.770062465108931065e+02 5.517166015625000000e+03 5.519640813471837646e+03
4.770266806255094707e+02 5.515068359375000000e+03 5.519777509235478647e+03
4.770471148397773504e+02 5.520848144531250000e+03 5.519912234610426822e+03
4.770675491541624069e+02 5.513799316406250000e+03 5.520045004658193648e+03
4.771084175822325051e+02 5.518651855468750000e+03 5.520304735870659897e+03
4.771288517960347235e+02 5.521793457031250000e+03 5.520431727865196081e+03
4.771492860098369420e+02 5.520845214843750000e+03 5.520556824235913155e+03
4.771697202231734991e+02 5.514154296875000000e+03 5.520680040067260052e+03
4.771901544365100563e+02 5.526317871093750000e+03 5.520801390449338214e+03
4.772105886498466134e+02 5.518734375000000000e+03 5.520920890469378719e+03
4.772310228627175093e+02 5.524753906250000000e+03 5.521038555211957828e+03
4.772514570755884051e+02 5.520182128906250000e+03 5.521154399767046016e+03
4.772718912884593010e+02 5.526991210937500000e+03 5.521268439221879817e+03
4.772923256009817123e+02 5.515703613281250000e+03 5.521380689206753232e+03
4.773127597132697701e+02 5.521559570312500000e+03 5.521491163174705434e+03
4.773331939252093434e+02 5.526084472656250000e+03 5.521599877847317657e+03
4.773536282372660935e+02 5.515764648437500000e+03 5.521706848288604306e+03
4.773740623490884900e+02 5.521143554687500000e+03 5.521812088026250422e+03
4.773944966606795788e+02 5.517719238281250000e+03 5.521915614207733597e+03
4.774149308726191521e+02 5.521745117187500000e+03 5.522017440390773118e+03
4.774353649839758873e+02 5.527150390625000000e+03 5.522117581682822674e+03
4.774557992951013148e+02 5.529306640625000000e+03 5.522216054630852341e+03
4.774762335061095655e+02 5.523648437500000000e+03 5.522312872864762539e+03
4.774966676170006394e+02 5.521844238281250000e+03 5.522408051495986911e+03
4.775171019276604056e+02 5.515981445312500000e+03 5.522501606996651390e+03
4.775375361386686563e+02 5.522896972656250000e+03 5.522593553071232236e+03
4.775579702486284077e+02 5.524948242187500000e+03 5.522683904824263664e+03
4.775784045588225126e+02 5.526895019531250000e+03 5.522772678663597617e+03
4.775988386692479253e+02 5.528828613281250000e+03 5.522859887938549946e+03
4.776192728788591921e+02 5.525200195312500000e+03 5.522945549023744206e+03
4.776397071885876358e+02 5.519737304687500000e+03 5.523029676987760467e+03
4.776601413986645639e+02 5.522922851562500000e+03 5.523112286095387390e+03
4.776805755076929927e+02 5.523434082031250000e+03 5.523193391450460695e+03
4.777010098174214363e+02 5.521821777343750000e+03 5.523273009326954707e+03
4.777214440261013806e+02 5.516399414062500000e+03 5.523351153625544612e+03
4.777418782352469862e+02 5.517965820312500000e+03 5.523427839832565951e+03
4.777623124439269304e+02 5.528984863281250000e+03 5.523503083031744609e+03
4.777827466526068747e+02 5.521950195312500000e+03 5.523576898312067897e+03
4.778031808612868190e+02 5.524676269531250000e+03 5.523649300760756887e+03
4.778236150695011020e+02 5.528511718750000000e+03 5.523720305463430122e+03
4.778440492777153850e+02 5.520958007812500000e+03 5.523789927508975779e+03
4.778644835855811834e+02 5.517391113281250000e+03 5.523858182314160331e+03
4.778849176932126284e+02 5.522239257812500000e+03 5.523925083994958186e+03
4.779053519009612501e+02 5.523185546875000000e+03 5.523990652912714722e+03
4.779257862083613873e+02 5.525285644531250000e+03 5.524054917887711781e+03
4.779462203159928322e+02 5.522139160156250000e+03 5.524117908105550669e+03
4.779666545232757926e+02 5.524536132812500000e+03 5.524179654616340486e+03
4.779870888302102685e+02 5.525333984375000000e+03 5.524240187519922983e+03
4.780075229369103909e+02 5.520544921875000000e+03 5.524299536054581040e+03
4.780279572438448668e+02 5.522912597656250000e+03 5.524357731501448143e+03
4.780483914501965046e+02 5.522234375000000000e+03 5.524414803113273592e+03
4.780688255564309657e+02 5.527123046875000000e+03 5.524470781025510405e+03
4.780892598624341190e+02 5.526369628906250000e+03 5.524525696169643197e+03
4.781096940687857568e+02 5.531942382812500000e+03 5.524579577851091017e+03
4.781301282746717334e+02 5.524289550781250000e+03 5.524632456456850377e+03
4.781505624800920486e+02 5.525174316406250000e+03 5.524684362104806496e+03
4.781709966855123639e+02 5.523411621093750000e+03 5.524735324913991462e+03
4.781914308909326792e+02 5.527415527343750000e+03 5.524785375002222281e+03
4.782118650963529944e+02 5.522695800781250000e+03 5.524834542487315048e+03
4.782322993013076484e+02 5.525719238281250000e+03 5.524882857485992645e+03
4.782527335062623024e+02 5.516077148437500000e+03 5.524930350117200760e+03
4.782731677112169564e+02 5.521451171875000000e+03 5.524977050498752760e+03
4.782936019152402878e+02 5.529534667968750000e+03 5.525022988746384726e+03
4.783140362198464572e+02 5.534596679687500000e+03 5.525068195200819900e+03
4.783344703242182732e+02 5.526062988281250000e+03 5.525112699319583044e+03
4.783549045282416046e+02 5.524583007812500000e+03 5.525156531878724309e+03
4.783753388319164515e+02 5.526958496093750000e+03 5.525199722986446432e+03
4.783957729358226061e+02 5.519592773437500000e+03 5.525242302132257464e+03
4.784162071393802762e+02 5.528433105468750000e+03 5.525284300062292459e+03
4.784366414425894618e+02 5.527777343750000000e+03 5.525325746886075649e+03
4.784570755460299551e+02 5.525740722656250000e+03 5.525366672118005226e+03
4.784775097491219640e+02 5.525738281250000000e+03 5.525407106479318827e+03
4.784979440518654883e+02 5.522787109375000000e+03 5.525447080080859450e+03
4.785183781548403203e+02 5.526171875000000000e+03 5.525486622457945487e+03
4.785388123570010066e+02 5.524724609375000000e+03 5.525525764309997612e+03
4.785592466597445309e+02 5.525141601562500000e+03 5.525564535751843323e+03
4.785796807617880404e+02 5.520555664062500000e+03 5.525602966332213327e+03
4.786001149639487267e+02 5.524940429687500000e+03 5.525641086737097794e+03
4.786205492657609284e+02 5.526963378906250000e+03 5.525678927079101413e+03
4.786409833673387766e+02 5.523607910156250000e+03 5.525716516922613664e+03
4.786614176691509783e+02 5.529163574218750000e+03 5.525753887122316883e+03
4.786818518703803420e+02 5.526192871093750000e+03 5.525791067244342230e+03
4.787022860716097057e+02 5.530726562500000000e+03 5.525828087590949508e+03
4.787227202728390694e+02 5.528835937500000000e+03 5.525864978279936622e+03
4.787431544736027718e+02 5.526800292968750000e+03 5.525901769428259286e+03
4.787635886743664742e+02 5.533642578125000000e+03 5.525938491154560325e+03
4.787840229752473533e+02 5.524453613281250000e+03 5.525975173756309232e+03
4.788044570754282176e+02 5.521823242187500000e+03 5.526011846811430587e+03
4.788248912757262588e+02 5.533489257812500000e+03 5.526048540977595621e+03
4.788453255756758153e+02 5.529478515625000000e+03 5.526085286372279370e+03
4.788657596758566797e+02 5.528401855468750000e+03 5.526122112574332277e+03
4.788861938752233982e+02 5.517161621093750000e+03 5.526159050239645694e+03
4.789066281751729548e+02 5.524048828125000000e+03 5.526196129490388557e+03
4.789270622744224966e+02 5.530876464843750000e+03 5.526233379896466431e+03
4.789474965739063919e+02 5.528986816406250000e+03 5.526270832306747252e+03
4.789679306726902723e+02 5.528150878906250000e+03 5.526308516103972579e+03
4.789883648715913296e+02 5.524596191406250000e+03 5.526346461958899454e+03
4.790087991706095636e+02 5.527237304687500000e+03 5.526384699993389404e+03
4.790292332693934441e+02 5.527238281250000000e+03 5.526423259760892506e+03
4.790496674673631787e+02 5.532164550781250000e+03 5.526462171941751876e+03
4.790701017659157515e+02 5.530607421875000000e+03 5.526501466661791710e+03
4.790905358637683094e+02 5.523556152343750000e+03 5.526541173456483193e+03
4.791109700617380440e+02 5.523846191406250000e+03 5.526581323025024176e+03
4.791314043598249555e+02 5.527024414062500000e+03 5.526621945491926454e+03
4.791518385568633676e+02 5.526337402343750000e+03 5.526663070575151323e+03
4.791722726547159255e+02 5.531115234375000000e+03 5.526704728388617696e+03
4.791927069518715143e+02 5.520527343750000000e+03 5.526746949662681800e+03
4.792131411489099264e+02 5.529885742187500000e+03 5.526789763900635080e+03
4.792335753459483385e+02 5.521210449218750000e+03 5.526833201425713924e+03
4.792540095369331539e+02 5.526439941406250000e+03 5.526877276654966408e+03
4.792744437339715660e+02 5.529774414062500000e+03 5.526921941567703470e+03
4.792948780301958323e+02 5.531312011718750000e+03 5.526967132773449521e+03
4.793153121261857450e+02 5.522902832031250000e+03 5.527012786008405783e+03
4.793357463222928345e+02 5.527011230468750000e+03 5.527058838342332820e+03
4.793561806185171008e+02 5.525846679687500000e+03 5.527105226182600745e+03
4.793766147145070136e+02 5.529747070312500000e+03 5.527151885247199061e+03
4.793970489096827805e+02 5.528799804687500000e+03 5.527198752619937295e+03
4.794174832054413855e+02 5.520897949218750000e+03 5.527245764708578463e+03
4.794379173004999757e+02 5.524294433593750000e+03 5.527292857221206759e+03
4.794583514956757426e+02 5.527410156250000000e+03 5.527339967252621136e+03
4.794787857905030251e+02 5.520779785156250000e+03 5.527387031203518745e+03
4.794992198850959539e+02 5.517937011718750000e+03 5.527433984785841858e+03
4.795196540798060596e+02 5.518574707031250000e+03 5.527480765092688671e+03
4.795400883741676807e+02 5.517698730468750000e+03 5.527527308521965097e+03
4.795605224682949483e+02 5.529730468750000000e+03 5.527573550794669245e+03
4.795809567626565695e+02 5.526685058593750000e+03 5.527619429218632831e+03
4.796013908563181758e+02 5.520533203125000000e+03 5.527664879296108666e+03
4.796218250500969589e+02 5.530304199218750000e+03 5.527709838101486639e+03
4.796422593435272574e+02 5.517824218750000000e+03 5.527754242028066983e+03
4.796626934371888638e+02 5.529287109375000000e+03 5.527798026831586867e+03
4.796831276305019855e+02 5.526797363281250000e+03 5.527841129560325498e+03
4.797035619234666228e+02 5.533792480468750000e+03 5.527883486605828693e+03
4.797239961163140833e+02 5.523880371093750000e+03 5.527925033955774779e+03
4.797444302090443671e+02 5.530859863281250000e+03 5.527965708024532432e+03
4.797648645015433431e+02 5.528711425781250000e+03 5.528005445804328701e+03
4.797852986939251423e+02 5.537315917968750000e+03 5.528044183106982928e+03
4.798057327861897647e+02 5.529746582031250000e+03 5.528081856349671398e+03
4.798261670782230794e+02 5.528924316406250000e+03 5.528118402479190991e+03
4.798466012701392174e+02 5.527328125000000000e+03 5.528153757352812136e+03
4.798670355617068708e+02 5.529904785156250000e+03 5.528187857717545739e+03
4.798874696535058320e+02 5.528423339843750000e+03 5.528220639485270112e+03
4.799079038444906473e+02 5.532149902343750000e+03 5.528252039547493041e+03
4.799283381360583007e+02 5.529588378906250000e+03 5.528281994287643101e+03
4.799487722269259393e+02 5.528625000000000000e+03 5.528310439677023169e+03
4.799692064179107547e+02 5.533184570312500000e+03 5.528337312547697366e+03
4.799896407085470855e+02 5.527951171875000000e+03 5.528362549277549078e+03
4.800100747989490628e+02 5.527777343750000000e+03 5.528386085910628026e+03
4.800305089894682169e+02 5.529849609375000000e+03 5.528407859207560250e+03
4.800509432796388865e+02 5.531357910156250000e+03 5.528427805543546128e+03
4.801122458488680422e+02 5.535762207031250000e+03 5.528476045941088159e+03
4.801326800384558737e+02 5.522849609375000000e+03 5.528488047979385556e+03
4.801531141279265285e+02 5.523458984375000000e+03 5.528497904931095036e+03
4.801735484171658754e+02 5.526561035156250000e+03 5.528505553326907830e+03
4.801939826058223844e+02 5.530381835937500000e+03 5.528510929440206382e+03
4.802144167949445546e+02 5.532024902343750000e+03 5.528513969716206702e+03
4.802348509836010635e+02 5.525035644531250000e+03 5.528514610556809203e+03
4.802552851717919111e+02 5.527562011718750000e+03 5.528512788364220796e+03
4.802757193599827588e+02 5.535597167968750000e+03 5.528508439540526524e+03
4.802961535481736064e+02 5.531941406250000000e+03 5.528501500487773228e+03
4.803165877363644540e+02 5.532569335937500000e+03 5.528491907608005022e+03
4.803370219240896404e+02 5.533810058593750000e+03 5.528479597303575247e+03
4.803574561118148267e+02 5.529073730468750000e+03 5.528464505976346118e+03
4.803778901989571750e+02 5.531961425781250000e+03 5.528446570123758647e+03
4.803983244867995381e+02 5.528257324218750000e+03 5.528425725862195577e+03
4.804187586735934019e+02 5.524244628906250000e+03 5.528401909880083622e+03
4.804391927607357502e+02 5.531652343750000000e+03 5.528375058622097640e+03
4.804596270471811295e+02 5.526788085937500000e+03 5.528345108074947348e+03
4.804800612339749932e+02 5.533405761718750000e+03 5.528311995056035812e+03
4.805004955204203725e+02 5.530539062500000000e+03 5.528275655643788923e+03
4.805209296066313982e+02 5.523897460937500000e+03 5.528236026797701015e+03
4.805413637924939394e+02 5.531400878906250000e+03 5.528193044362699766e+03
4.805617980784736574e+02 5.527727539062500000e+03 5.528146644690226822e+03
4.805822321642190218e+02 5.527387207031250000e+03 5.528096764889776750e+03
4.806026663500815630e+02 5.523887695312500000e+03 5.528043346916847440e+03
4.806231006351299584e+02 5.523823242187500000e+03 5.527986379416328418e+03
4.806435347208753228e+02 5.528984863281250000e+03 5.527925872478248493e+03
4.806639689053408802e+02 5.530441406250000000e+03 5.527861834572981024e+03
4.806844031903892756e+02 5.527231933593750000e+03 5.527794274969834078e+03
4.807048373753204942e+02 5.523306640625000000e+03 5.527723203659011233e+03
4.807252714596688747e+02 5.530198730468750000e+03 5.527648630020531527e+03
4.807457057442516088e+02 5.531440429687500000e+03 5.527570562257727943e+03
4.807661399282515049e+02 5.523043457031250000e+03 5.527489010821050215e+03
4.807865740125998855e+02 5.519629394531250000e+03 5.527403985084654778e+03
4.808070082962512970e+02 5.531967773437500000e+03 5.527315493105956193e+03
4.808274424797855318e+02 5.526345703125000000e+03 5.527223545483131602e+03
4.808478767634369433e+02 5.525217773437500000e+03 5.527128150642017317e+03
4.808683108468540013e+02 5.524339843750000000e+03 5.527029319336779736e+03
4.808887450299225748e+02 5.519808105468750000e+03 5.526927059469083360e+03
4.809091793126426637e+02 5.527076660156250000e+03 5.526821380315568604e+03
4.809296133955940604e+02 5.529965332031250000e+03 5.526712292776543109e+03
4.809500475781969726e+02 5.520633789062500000e+03 5.526599804605311874e+03
4.809704817607998848e+02 5.531090820312500000e+03 5.526483925652290054e+03
4.809909159429371357e+02 5.527006835937500000e+03 5.526364665246958793e+03
4.810113500254228711e+02 5.536678222656250000e+03 5.526242033319694201e+03
4.810317843072116375e+02 5.522753906250000000e+03 5.526116037378475994e+03
4.810522184888832271e+02 5.526202636718750000e+03 5.525986688571764716e+03
4.810726526705548167e+02 5.523368164062500000e+03 5.525853995617206238e+03
4.810930868517607450e+02 5.531383789062500000e+03 5.525717967844664599e+03
4.811135210329666734e+02 5.530295410156250000e+03 5.525578614577879307e+03
4.811339553142897785e+02 5.520338378906250000e+03 5.525435944436459977e+03
4.811543893949128687e+02 5.524030273437500000e+03 5.525289968871849851e+03
4.811748235761187971e+02 5.525028808593750000e+03 5.525140695082769525e+03
4.811952578565105796e+02 5.532340820312500000e+03 5.524988132357862014e+03
4.812156920367851853e+02 5.526574218750000000e+03 5.524832291512117081e+03
4.812361261169426143e+02 5.521166992187500000e+03 5.524673181920381467e+03
4.812565603973343968e+02 5.524566406250000000e+03 5.524510810546720677e+03
4.812769945771433413e+02 5.522551269531250000e+03 5.524345189084334379e+03
4.812974286568351090e+02 5.525804687500000000e+03 5.524176326903994777e+03
4.813178629362955689e+02 5.520527832031250000e+03 5.524004230830580127e+03
4.813382971156388521e+02 5.519813476562500000e+03 5.523828912692810263e+03
4.813587311948649585e+02 5.520227539062500000e+03 5.523650381864710653e+03
4.813791654738597572e+02 5.526559082031250000e+03 5.523468645029467552e+03
4.813995996527373791e+02 5.524995605468750000e+03 5.523283714157487339e+03
4.814200337310321629e+02 5.525552734375000000e+03 5.523095598626710853e+03
4.814404680095613003e+02 5.515857910156250000e+03 5.522904304971285455e+03
4.814609021879732609e+02 5.520920410156250000e+03 5.522709845306331772e+03
4.814813364660367370e+02 5.522964843750000000e+03 5.522512227057696691e+03
4.815017705443315208e+02 5.535708007812500000e+03 5.522311462470936021e+03
4.815222047218121588e+02 5.522592285156250000e+03 5.522107557958765938e+03
4.815426389998756349e+02 5.523130859375000000e+03 5.521900522788006128e+03
4.815630730772390962e+02 5.517791503906250000e+03 5.521690369360859222e+03
4.815835072542540729e+02 5.522548339843750000e+03 5.521477103938213986e+03
4.816039415313862264e+02 5.518146484375000000e+03 5.521260735796379777e+03
4.816243756082840264e+02 5.518017578125000000e+03 5.521041277465095845e+03
4.816448097848333418e+02 5.523611816406250000e+03 5.520818735073167772e+03
4.816652439613826573e+02 5.518465820312500000e+03 5.520593119010029113e+03
4.816856781379319727e+02 5.520854492187500000e+03 5.520364438602392511e+03
4.817061123140156269e+02 5.520019042968750000e+03 5.520132703182298428e+03
4.817265464900992811e+02 5.513436523437500000e+03 5.519897922071285393e+03
4.817469806661829352e+02 5.523786132812500000e+03 5.519660104596076053e+03
4.817674149419181049e+02 5.510762207031250000e+03 5.519419258901494686e+03
4.817878491170704365e+02 5.520752441406250000e+03 5.519175396674538206e+03
4.818082831925712526e+02 5.520538085937500000e+03 5.518928527275096712e+03
4.818287174678407609e+02 5.521509277343750000e+03 5.518678656390453398e+03
4.818491516429930925e+02 5.520830566406250000e+03 5.518425796992420146e+03
4.818695857175625861e+02 5.515297363281250000e+03 5.518169958457458051e+03
4.818900199923664331e+02 5.517062011718750000e+03 5.517911146324237961e+03
4.819104541665874422e+02 5.522842285156250000e+03 5.517649373707792620e+03
4.819308882406912744e+02 5.509423828125000000e+03 5.517384649972443185e+03
4.819513225150294602e+02 5.516189453125000000e+03 5.517116982242134327e+03
4.819717566887848079e+02 5.518546386718750000e+03 5.516846410876874870e+03
4.819921907624229789e+02 5.516600585937500000e+03 5.516572991817971342e+03
4.820126250362955034e+02 5.511726074218750000e+03 5.516296777426365225e+03
4.820330592095851898e+02 5.515287597656250000e+03 5.516017828148452281e+03
4.820534933828748763e+02 5.520791015625000000e+03 5.515736199031925935e+03
4.820739275561645627e+02 5.517513671875000000e+03 5.515451946477262027e+03
4.820943617289885879e+02 5.514767578125000000e+03 5.515165126891492946e+03
4.821147960014641285e+02 5.513294921875000000e+03 5.514875795251629825e+03
4.821352300741709769e+02 5.510430664062500000e+03 5.514584012215844268e+03
4.821556642465293407e+02 5.519739746093750000e+03 5.514289829927003666e+03
4.821760985185392201e+02 5.515846191406250000e+03 5.513993304750907555e+03
4.821965326908975840e+02 5.515657226562500000e+03 5.513694495980362262e+03
4.822169667622074485e+02 5.506682617187500000e+03 5.513393460069509274e+03
4.822374010342173278e+02 5.510511230468750000e+03 5.513090248957403674e+03
4.822578352056443691e+02 5.513449707031250000e+03 5.512784923499217257e+03
4.822782692769542336e+02 5.511486816406250000e+03 5.512477540119205514e+03
4.822987035480327904e+02 5.519336425781250000e+03 5.512168150691946721e+03
4.823191377189941704e+02 5.509557128906250000e+03 5.511856816143859760e+03
4.823395717893727124e+02 5.516249023437500000e+03 5.511543592910755251e+03
4.823600060604512691e+02 5.511450683593750000e+03 5.511228532761258975e+03
4.823804401308298111e+02 5.512433593750000000e+03 5.510911698284327940e+03
4.824008744009770453e+02 5.510865722656250000e+03 5.510593139671547760e+03
4.824213085710071027e+02 5.508296875000000000e+03 5.510272917985958884e+03
4.824417426409199834e+02 5.506639160156250000e+03 5.509951089652062365e+03
4.824621769106015563e+02 5.510939453125000000e+03 5.509627706335724724e+03
4.824826110801659524e+02 5.508350097656250000e+03 5.509302829172032943e+03
4.825030451491475105e+02 5.507758789062500000e+03 5.508976514590443912e+03
4.825234794183634222e+02 5.506883300781250000e+03 5.508648814177347958e+03
4.825439135874621570e+02 5.506329589843750000e+03 5.508319789139840395e+03
4.825643476564437151e+02 5.505880859375000000e+03 5.507989495897436427e+03
4.825847819247283041e+02 5.509296386718750000e+03 5.507657986001813697e+03
4.826052160933613777e+02 5.505285644531250000e+03 5.507325320694673792e+03
4.826256502615287900e+02 5.516473144531250000e+03 5.506991554770313087e+03
4.826460844296962023e+02 5.509552734375000000e+03 5.506656744621589496e+03
4.826665185978636146e+02 5.504879394531250000e+03 5.506320946648931567e+03
4.826869527650997043e+02 5.514843261718750000e+03 5.505984217268137400e+03
4.827073870329186320e+02 5.510428222656250000e+03 5.505646611200494590e+03
4.827278211005032063e+02 5.510291015625000000e+03 5.505308189822524582e+03
4.827482553673908114e+02 5.510907226562500000e+03 5.504969002918084698e+03
4.827686895346269011e+02 5.510132812500000000e+03 5.504629111844479667e+03
4.827891236012801528e+02 5.501875488281250000e+03 5.504288573027575694e+03
4.828095578681677580e+02 5.508579589843750000e+03 5.503947437850126335e+03
4.828299920344725251e+02 5.501358398437500000e+03 5.503605767730270600e+03
4.828504261006601155e+02 5.496841308593750000e+03 5.503263619068124171e+03
4.828708603670820594e+02 5.500904296875000000e+03 5.502921043231752265e+03
4.828912945329211652e+02 5.505783691406250000e+03 5.502578101661734763e+03
4.829117285986430943e+02 5.499335449218750000e+03 5.502234850755667139e+03
4.829321628645993769e+02 5.510008789062500000e+03 5.501891341866647053e+03
4.829525970299728215e+02 5.500374511718750000e+03 5.501547636450230129e+03
4.829730310952290893e+02 5.504265136718750000e+03 5.501203790901490720e+03
4.829934653602540493e+02 5.494529785156250000e+03 5.500859856573871184e+03
4.830138995251618326e+02 5.501240722656250000e+03 5.500515894914740784e+03
4.830343336896039546e+02 5.503002929687500000e+03 5.500171960647405285e+03
4.830752020184881985e+02 5.504262207031250000e+03 5.499484399866189051e+03
4.830956361829303205e+02 5.498241210937500000e+03 5.499140886153103565e+03
4.831160703464411199e+02 5.502988281250000000e+03 5.498797625441202399e+03
4.831365045104175806e+02 5.494378417968750000e+03 5.498454674107400933e+03
4.831569386743940413e+02 5.493700683593750000e+03 5.498112088559919357e+03
4.831773728379048407e+02 5.497318359375000000e+03 5.497769925206943299e+03
4.831978070009499788e+02 5.491052734375000000e+03 5.497428240448831275e+03
4.832182412641122937e+02 5.497620117187500000e+03 5.497087089008108705e+03
4.832386753270402551e+02 5.500824218750000000e+03 5.496746532295340330e+03
4.832591094896197319e+02 5.499726562500000000e+03 5.496406621708470084e+03
4.832795437523163855e+02 5.492988769531250000e+03 5.496067413650045637e+03
4.832999778143130243e+02 5.492551757812500000e+03 5.495728969386414065e+03
4.833204119768925011e+02 5.498152832031250000e+03 5.495391335505422830e+03
4.833408462386578321e+02 5.500258300781250000e+03 5.495054557557864428e+03
4.833612803006544709e+02 5.495134277343750000e+03 5.494718685577228825e+03
4.833817145624198020e+02 5.490106933593750000e+03 5.494383758109624978e+03
4.834021487236022949e+02 5.491613769531250000e+03 5.494049825197927930e+03
4.834225827851332724e+02 5.489695312500000000e+03 5.493716931924948767e+03
4.834430170459672809e+02 5.485919921875000000e+03 5.493385118541156771e+03
4.834634512071497738e+02 5.493486328125000000e+03 5.493054435021992504e+03
4.834838852677494287e+02 5.488117187500000000e+03 5.492724926478563248e+03
4.835043195285834372e+02 5.492895019531250000e+03 5.492396633181811012e+03
4.835247536888346076e+02 5.489752929687500000e+03 5.492069605086586307e+03
4.835451878490857780e+02 5.496648437500000000e+03 5.491743885686852082e+03
4.835656220088712871e+02 5.496870117187500000e+03 5.491419520102936076e+03
4.835860561691224575e+02 5.486916503906250000e+03 5.491096553433000736e+03
4.836064903284423053e+02 5.496356445312500000e+03 5.490775030812022123e+03
4.836269244877621531e+02 5.486824707031250000e+03 5.490454997338189060e+03
4.836473586475476623e+02 5.486135253906250000e+03 5.490136498117204610e+03
4.836677928064018488e+02 5.488025878906250000e+03 5.489819578283732881e+03
4.836882269657216966e+02 5.486916992187500000e+03 5.489504282928992325e+03
4.837086611241102219e+02 5.487103027343750000e+03 5.489190657187422403e+03
4.837290952829644084e+02 5.485094726562500000e+03 5.488878746150463485e+03
4.837495294413529336e+02 5.488282714843750000e+03 5.488568594945267250e+03
4.837699635992757976e+02 5.490781250000000000e+03 5.488260248684647195e+03
4.837903978573158383e+02 5.485104003906250000e+03 5.487953750977375421e+03
4.838108319151215255e+02 5.490750488281250000e+03 5.487649151427605830e+03
4.838312660730443895e+02 5.489602050781250000e+03 5.487346490657049799e+03
4.838517003306187689e+02 5.492608398437500000e+03 5.487045813814320354e+03
4.838721343879587948e+02 5.484165039062500000e+03 5.486747170410093531e+03
4.838925685449503362e+02 5.491247070312500000e+03 5.486450601159370308e+03
4.839130028020590544e+02 5.480260253906250000e+03 5.486156151199083979e+03
4.839334368589334190e+02 5.484167480468750000e+03 5.485863869954309848e+03
4.839538710149936378e+02 5.481036621093750000e+03 5.485573798238998279e+03
4.839743052716366947e+02 5.481087402343750000e+03 5.485285981178992188e+03
4.839947393280453980e+02 5.486093750000000000e+03 5.485000468107513370e+03
4.840151735837571323e+02 5.487792480468750000e+03 5.484717298555113302e+03
4.840356077398173511e+02 5.483038574218750000e+03 5.484436521794779765e+03
4.840560418954119086e+02 5.483380371093750000e+03 5.484158181559056175e+03
4.840764760510064662e+02 5.484593261718750000e+03 5.483882322954436859e+03
4.840969102061353624e+02 5.480467773437500000e+03 5.483608991100036292e+03
4.841173443617299199e+02 5.482298828125000000e+03 5.483338231096315212e+03
4.841377785163931549e+02 5.476510253906250000e+03 5.483070088074609885e+03
4.841582126710563898e+02 5.482138183593750000e+03 5.482804607135432889e+03
4.841786468257196248e+02 5.484180175781250000e+03 5.482541833391691398e+03
4.841990809803828597e+02 5.489583984375000000e+03 5.482281811956300771e+03
4.842195151341147721e+02 5.486297363281250000e+03 5.482024587953828814e+03
4.842399492883123457e+02 5.478315917968750000e+03 5.481770206479504850e+03
4.842603835421614349e+02 5.480728027343750000e+03 5.481518711432778218e+03
4.842808175962418318e+02 5.483954101562500000e+03 5.481270151590238129e+03
4.843012517495080829e+02 5.487935546875000000e+03 5.481024568406537583e+03
4.843216860028915107e+02 5.478758789062500000e+03 5.480782007027286454e+03
4.843421200560405850e+02 5.482039550781250000e+03 5.480542516108220298e+03
4.843625543089583516e+02 5.475880859375000000e+03 5.480306136074320420e+03
4.843829884617589414e+02 5.478763671875000000e+03 5.480072915530397040e+03
4.844034225139766932e+02 5.484967773437500000e+03 5.479842899547804336e+03
4.844238567664287984e+02 5.478997070312500000e+03 5.479616129876937521e+03
4.844442908186465502e+02 5.473345214843750000e+03 5.479392656074611295e+03
4.844647249705158174e+02 5.476582519531250000e+03 5.479172519949639536e+03
4.844851592229679227e+02 5.473425781250000000e+03 5.478955766654285981e+03
4.845055932742543519e+02 5.473056152343750000e+03 5.478742444476991295e+03
4.845260274256579578e+02 5.470305175781250000e+03 5.478532595359844890e+03
4.845464616771787405e+02 5.480631835937500000e+03 5.478326264467131296e+03
4.845668957279995084e+02 5.475770996093750000e+03 5.478123499922978226e+03
4.845873298794031143e+02 5.482627441406250000e+03 5.477924343824373864e+03
4.846077641299925745e+02 5.483391601562500000e+03 5.477728841351081428e+03
4.846281982804648578e+02 5.486451171875000000e+03 5.477537039522730993e+03
4.846486324304714799e+02 5.480687500000000000e+03 5.477348982418597188e+03
4.846690665809437633e+02 5.479577636718750000e+03 5.477164700387813355e+03
4.846895007309503853e+02 5.477922851562500000e+03 5.476984191212964106e+03
4.847099348809570074e+02 5.482784179687500000e+03 5.476807448282811492e+03
4.847303690304979682e+02 5.476641601562500000e+03 5.476634464994259361e+03
4.847508031800389290e+02 5.476948242187500000e+03 5.476465234736238926e+03
4.847712374292314053e+02 5.473241699218750000e+03 5.476299750103868064e+03
4.847916714781895280e+02 5.483883789062500000e+03 5.476138006891111218e+03
4.848121056272648275e+02 5.477834472656250000e+03 5.475979996086110987e+03
4.848325398759916425e+02 5.477764648437500000e+03 5.475825711140169915e+03
4.848529739244841039e+02 5.481301757812500000e+03 5.475675147683042269e+03
4.848734080730937421e+02 5.475979003906250000e+03 5.475528296867342760e+03
4.848938423208892345e+02 5.473625976562500000e+03 5.475385152147047847e+03
4.849142763689160347e+02 5.477838867187500000e+03 5.475245708982045471e+03
4.849347105165943503e+02 5.475753906250000000e+03 5.475109958694903980e+03
4.849551447643898427e+02 5.471618652343750000e+03 5.474977894729652689e+03
4.849755788114853203e+02 5.470812011718750000e+03 5.474849512396247519e+03
4.849960130592808127e+02 5.478060546875000000e+03 5.474724802565751816e+03
4.850164472060278058e+02 5.471601562500000000e+03 5.474603760499596319e+03
4.850368812526576221e+02 5.472597656250000000e+03 5.474486379531168495e+03
4.850573154995217919e+02 5.473740234375000000e+03 5.474372651355010021e+03
4.850777496458031237e+02 5.473953613281250000e+03 5.474262571065060911e+03
4.850981836924329400e+02 5.477009765625000000e+03 5.474156131995747273e+03
4.851186179383657873e+02 5.471007324218750000e+03 5.474053326009454395e+03
4.851390520846471190e+02 5.479274414062500000e+03 5.473954148029813041e+03
4.851594861303456128e+02 5.473448730468750000e+03 5.473858591401081867e+03
4.851799203758127987e+02 5.471742675781250000e+03 5.473766648138055643e+03
4.852003545211628079e+02 5.468998535156250000e+03 5.473678313009491831e+03
4.852207885663956404e+02 5.471519042968750000e+03 5.473593579355419934e+03
4.852412228113971651e+02 5.472330078125000000e+03 5.473512439351624380e+03
4.852616569562815130e+02 5.479778808593750000e+03 5.473434887608174904e+03
4.852820910010486841e+02 5.472508300781250000e+03 5.473360917465393868e+03
4.853025252455845475e+02 5.468146972656250000e+03 5.473290521256884858e+03
4.853229593895375729e+02 5.475611328125000000e+03 5.473223693436380927e+03
4.853433936340734363e+02 5.470255859375000000e+03 5.473160426738930255e+03
4.853638276779092848e+02 5.471762207031250000e+03 5.473100715464206587e+03
4.853842618213966489e+02 5.474187011718750000e+03 5.473044552101196132e+03
4.854046960650011897e+02 5.471001464843750000e+03 5.472991930093616247e+03
4.854251301083713770e+02 5.466237304687500000e+03 5.472942843581939087e+03
4.854455642513930798e+02 5.468961425781250000e+03 5.472897285212710813e+03
4.854659984945319593e+02 5.470479980468750000e+03 5.472855248429595122e+03
4.854864325369708240e+02 5.475803222656250000e+03 5.472816727218467349e+03
4.855068666799925268e+02 5.480541015625000000e+03 5.472781714378555989e+03
4.855273009222000837e+02 5.473975097656250000e+03 5.472750203356670681e+03
4.855477349641732872e+02 5.475748535156250000e+03 5.472722187981606112e+03
4.855681691062636673e+02 5.471672851562500000e+03 5.472697661208912905e+03
4.855886033484712243e+02 5.471064453125000000e+03 5.472676616482835016e+03
4.856090374900959432e+02 5.467299804687500000e+03 5.472659047402938086e+03
4.856294716317206621e+02 5.472083496093750000e+03 5.472644947250075347e+03
4.856499057728797197e+02 5.475351562500000000e+03 5.472634309417469012e+03
4.856703399140387774e+02 5.471479003906250000e+03 5.472627127297768311e+03
4.856907740547321737e+02 5.475933593750000000e+03 5.472623394284030837e+03
4.857112081954255700e+02 5.474700195312500000e+03 5.472623103769066802e+03
4.857316423361189663e+02 5.477036621093750000e+03 5.472626249145891961e+03
4.857520764763467014e+02 5.470058105468750000e+03 5.472632823807327441e+03
4.857725106165744364e+02 5.473940917968750000e+03 5.472642821146424467e+03
4.857929447568021715e+02 5.469003417968750000e+03 5.472656234556189702e+03
4.858133788965642452e+02 5.470299804687500000e+03 5.472673057429219625e+03
4.858338130358606577e+02 5.469763671875000000e+03 5.472693283158296254e+03
4.858542470755055547e+02 5.477310546875000000e+03 5.472716905013307951e+03
4.858746813149191439e+02 5.470629882812500000e+03 5.472743916758327032e+03
4.858951154537498951e+02 5.469335449218750000e+03 5.472774311414004842e+03
4.859155494929291308e+02 5.475041503906250000e+03 5.472808082325061150e+03
4.859359837314113975e+02 5.476132812500000000e+03 5.472845223403257478e+03
4.859564178697764874e+02 5.474996582031250000e+03 5.472885727521899753e+03
4.859768521082587540e+02 5.477422851562500000e+03 5.472929588470837189e+03
4.859972861460410058e+02 5.470312988281250000e+03 5.472976798972647885e+03
4.860177202844060957e+02 5.474458007812500000e+03 5.473027345325493116e+03
4.860585885592736304e+02 5.474518554687500000e+03 5.473138256225242912e+03
4.860790226967073977e+02 5.471439941406250000e+03 5.473198514923820767e+03
4.860994569337926805e+02 5.476008789062500000e+03 5.473261905537849998e+03
4.861198910712264478e+02 5.477918945312500000e+03 5.473328374523563980e+03
4.861403251076117158e+02 5.464273925781250000e+03 5.473397868906179610e+03
4.861607593446969986e+02 5.472763183593750000e+03 5.473470336808516549e+03
4.861811934807337821e+02 5.465999511718750000e+03 5.473545724256803624e+03
4.862016275171190500e+02 5.475923339843750000e+03 5.473623978288294893e+03
4.862220617532730103e+02 5.471906738281250000e+03 5.473705047145192111e+03
4.862424958893097937e+02 5.481808105468750000e+03 5.473788876732943208e+03
4.862629299247637391e+02 5.474199707031250000e+03 5.473875414084083786e+03
4.862833641599863768e+02 5.472614746093750000e+03 5.473964607564789731e+03
4.863037982955574989e+02 5.479655273437500000e+03 5.474056402962241918e+03
4.863242325307801366e+02 5.470600097656250000e+03 5.474150748245938303e+03
4.863446665653027594e+02 5.472564941406250000e+03 5.474247589085241998e+03
4.863651007004082203e+02 5.468538085937500000e+03 5.474346873964513179e+03
4.863855349346995354e+02 5.473000000000000000e+03 5.474448549987155275e+03
4.864059689692221582e+02 5.476279296875000000e+03 5.474552562722989023e+03
4.864264031033962965e+02 5.476456542968750000e+03 5.474658860753814224e+03
4.864468373372219503e+02 5.480005859375000000e+03 5.474767391187417161e+03
4.864672713712789118e+02 5.471741210937500000e+03 5.474878099492121692e+03
4.864877055045217276e+02 5.475034667968750000e+03 5.474990934346405993e+03
4.865081396377645433e+02 5.474727539062500000e+03 5.475105842292902707e+03
4.865285737714730203e+02 5.480637207031250000e+03 5.475222770409049190e+03
4.865490079042501748e+02 5.474964355468750000e+03 5.475341665761540753e+03
4.865694420370273292e+02 5.478258789062500000e+03 5.475462475430420454e+03
4.865898761698044837e+02 5.475030761718750000e+03 5.475585146490447187e+03
4.866103103021159768e+02 5.477410156250000000e+03 5.475709626013520392e+03
4.866307445345446467e+02 5.475597167968750000e+03 5.475835861699881207e+03
4.866511785662733018e+02 5.481953613281250000e+03 5.475963798753247829e+03
4.866716127987019718e+02 5.465877441406250000e+03 5.476093386761191141e+03
4.866920469300821424e+02 5.482028808593750000e+03 5.476224570896818477e+03
4.867124809618107975e+02 5.481205078125000000e+03 5.476357298220726989e+03
4.867329151928424835e+02 5.470812011718750000e+03 5.476491517760552597e+03
4.867533493242226541e+02 5.473747558593750000e+03 5.476627174638197175e+03
4.867737833550199866e+02 5.468247070312500000e+03 5.476764215901504940e+03
4.867942175855860114e+02 5.474812011718750000e+03 5.476902590649388912e+03
4.868146517165005207e+02 5.477317871093750000e+03 5.477042243938695719e+03
4.868350857468321919e+02 5.473383789062500000e+03 5.477183122819422351e+03
4.868555199769325554e+02 5.477836425781250000e+03 5.477325176445738180e+03
4.868759541069157422e+02 5.476845214843750000e+03 5.477468349816146656e+03
4.868963881367817521e+02 5.475920410156250000e+03 5.477612589989346816e+03
4.869168223664164543e+02 5.478513183593750000e+03 5.477757846164512557e+03
4.869372564954683185e+02 5.483161621093750000e+03 5.477904063288644466e+03
4.869576907251030207e+02 5.476671386718750000e+03 5.478051189875417549e+03
4.869781247540377080e+02 5.481177246093750000e+03 5.478199170823956592e+03
4.869985588826239109e+02 5.478235351562500000e+03 5.478347955377947073e+03
4.870189931117929518e+02 5.476967773437500000e+03 5.478497490630368702e+03
4.870394271397963166e+02 5.482738281250000000e+03 5.478647721442579495e+03
4.870598612683825195e+02 5.479756835937500000e+03 5.478798597102802887e+03
4.870802954961545765e+02 5.482688476562500000e+03 5.478950064684581776e+03
4.871007296242751181e+02 5.478931640625000000e+03 5.479102069788599692e+03
4.871211636518128216e+02 5.480106933593750000e+03 5.479254559475206406e+03
4.871415978795848787e+02 5.478854003906250000e+03 5.479407483067347130e+03
4.871620319066569209e+02 5.478529296875000000e+03 5.479560784639684243e+03
4.871824660338461399e+02 5.481042480468750000e+03 5.479714413521158349e+03
4.872029002606868744e+02 5.478838867187500000e+03 5.479868316787471485e+03
4.872233342877589166e+02 5.480576660156250000e+03 5.480022439256552389e+03
4.872437684140168130e+02 5.481193847656250000e+03 5.480176730256549490e+03
4.872642026408575475e+02 5.481887207031250000e+03 5.480331136874896401e+03
4.872846366665326059e+02 5.478189453125000000e+03 5.480485603905713106e+03
4.873050708929076791e+02 5.479350097656250000e+03 5.480640081461289810e+03
4.873255050186999142e+02 5.480254882812500000e+03 5.480794514338755107e+03
4.873459390439093113e+02 5.478093261718750000e+03 5.480948849613958373e+03
4.873663732693530619e+02 5.480034667968750000e+03 5.481103043814267039e+03
4.873868073946796358e+02 5.477617675781250000e+03 5.481257101666466951e+03
4.874072414198890328e+02 5.478368652343750000e+03 5.481411053672479284e+03
4.874276756448671222e+02 5.486474609375000000e+03 5.481564932699308883e+03
4.874481097692623734e+02 5.478489257812500000e+03 5.481718767092950657e+03
4.874685438936576247e+02 5.474226074218750000e+03 5.481872588219247518e+03
4.874889780180528760e+02 5.481349609375000000e+03 5.482026426686445120e+03
4.875094121419824660e+02 5.489561523437500000e+03 5.482180313099283012e+03
4.875298462659120560e+02 5.480417968750000000e+03 5.482334278069511129e+03
4.875502803893759847e+02 5.475197753906250000e+03 5.482488352201867201e+03
4.875707145133055747e+02 5.480182617187500000e+03 5.482642566111609995e+03
4.875911486363038421e+02 5.484714843750000000e+03 5.482796950396438660e+03
4.876115828594192863e+02 5.485172363281250000e+03 5.482951536429553926e+03
4.876320168823003769e+02 5.475999511718750000e+03 5.483106352545395566e+03
4.876524511049501598e+02 5.487518554687500000e+03 5.483261432382970270e+03
4.876728852274827659e+02 5.482031738281250000e+03 5.483416804276612311e+03
4.876933192498981953e+02 5.481253417968750000e+03 5.483572498830031691e+03
4.877137534720823169e+02 5.487040527343750000e+03 5.483728548938925087e+03
4.877341875941492617e+02 5.481217285156250000e+03 5.483884982924057113e+03
4.877546216156333685e+02 5.481781738281250000e+03 5.484041831384202851e+03
4.877750558373518288e+02 5.489751464843750000e+03 5.484199127239815425e+03
4.877954899584874511e+02 5.488040039062500000e+03 5.484356898786872989e+03
4.878159239799715579e+02 5.485106445312500000e+03 5.484515176633571173e+03
4.878363582007586956e+02 5.492822753906250000e+03 5.484673993707644513e+03
4.878567923214286566e+02 5.489071777343750000e+03 5.484833378294187241e+03
4.878772263424471021e+02 5.489088378906250000e+03 5.484993360996500996e+03
4.878976605627685785e+02 5.490220214843750000e+03 5.485153974767936234e+03
4.879180945828557014e+02 5.483648437500000000e+03 5.485315247076096966e+03
4.879385287030600011e+02 5.485628906250000000e+03 5.485477210894759992e+03
4.879589629229158163e+02 5.486546875000000000e+03 5.485639896838820277e+03
4.879793970421887934e+02 5.485062500000000000e+03 5.485803333922423917e+03
4.879998311619274318e+02 5.490077636718750000e+03 5.485967553556528401e+03
4.880202652812004089e+02 5.488198730468750000e+03 5.486132586341875140e+03
4.880406994000077248e+02 5.484179199218750000e+03 5.486298462886629750e+03
4.880611335188150406e+02 5.486685058593750000e+03 5.486465213802769540e+03
4.880815676376223564e+02 5.487887695312500000e+03 5.486632869698514696e+03
4.881020017559640110e+02 5.483175781250000000e+03 5.486801461178234604e+03
4.881224358743056655e+02 5.479165527343750000e+03 5.486971018853962960e+03
4.881428699926473200e+02 5.484472656250000000e+03 5.487141573333913584e+03
4.881633041105233133e+02 5.491807617187500000e+03 5.487313155222386740e+03
4.881837383280508220e+02 5.494255859375000000e+03 5.487485795976026566e+03
4.882041723453439772e+02 5.486635253906250000e+03 5.487659523661464846e+03
4.882246064627543092e+02 5.485061035156250000e+03 5.487834371432396438e+03
4.882450406798161566e+02 5.488006835937500000e+03 5.488010369909689871e+03
4.882654746966436505e+02 5.487130371093750000e+03 5.488187547110021114e+03
4.882859088135883212e+02 5.487147949218750000e+03 5.488365936237118149e+03
4.883063430301845074e+02 5.488017578125000000e+03 5.488545567913104605e+03
4.883267770465463400e+02 5.483770019531250000e+03 5.488726470100664301e+03
4.883472112626768649e+02 5.485368652343750000e+03 5.488908676949383334e+03
4.883676453786902130e+02 5.483275390625000000e+03 5.489092216403074417e+03
4.883880793945863843e+02 5.494004882812500000e+03 5.489277119050119836e+03
4.884085136097855866e+02 5.491312988281250000e+03 5.489463418218191691e+03
4.884289477253332734e+02 5.488797851562500000e+03 5.489651141800201003e+03
4.884493818404152989e+02 5.492870117187500000e+03 5.489840321305126054e+03
4.884698159554973245e+02 5.494665039062500000e+03 5.490030987345432550e+03
4.884902500701136887e+02 5.492590332031250000e+03 5.490223170524930538e+03
4.885106840846128762e+02 5.492576660156250000e+03 5.490416900503121724e+03
4.885311182993464172e+02 5.487323242187500000e+03 5.490612210747296558e+03
4.885515524134971201e+02 5.496122070312500000e+03 5.490809129002065674e+03
4.885719864275306463e+02 5.490042968750000000e+03 5.491007685856189710e+03
4.885924206413328648e+02 5.490539550781250000e+03 5.491207914843996150e+03
4.886128547545522451e+02 5.486642089843750000e+03 5.491409843642859414e+03
4.886332887685857713e+02 5.491835449218750000e+03 5.491613502849620090e+03
4.886537229814566672e+02 5.493738281250000000e+03 5.491818926055590055e+03
4.886741570946760476e+02 5.488008300781250000e+03 5.492026140881189349e+03
4.886945913075469434e+02 5.494133300781250000e+03 5.492235179956000138e+03
4.887150253201834857e+02 5.496585937500000000e+03 5.492446066135602450e+03
4.887354594324715436e+02 5.493339843750000000e+03 5.492658759072808607e+03
4.887558936448767781e+02 5.492404296875000000e+03 5.492873162241798127e+03
4.887763276565819979e+02 5.497047851562500000e+03 5.493089174566604925e+03
4.887967617684043944e+02 5.489416992187500000e+03 5.493306701308034462e+03
4.888171959803439677e+02 5.489919433593750000e+03 5.493525644580069638e+03
4.888376299915835261e+02 5.490733398437500000e+03 5.493745903242082932e+03
4.888580641029402614e+02 5.491131347656250000e+03 5.493967382619567616e+03
4.888784983139485121e+02 5.495523437500000000e+03 5.494189984817109689e+03
4.888989323251880705e+02 5.491558105468750000e+03 5.494413608657649092e+03
4.889193664356134832e+02 5.498884277343750000e+03 5.494638159498012101e+03
4.889398006461560726e+02 5.496565917968750000e+03 5.494863539453735939e+03
4.889602346564643085e+02 5.490957031250000000e+03 5.495089647298957061e+03
4.889806687664240599e+02 5.495851562500000000e+03 5.495316388439325237e+03
4.890011029765009880e+02 5.499789550781250000e+03 5.495543664981041729e+03
4.890419711954891682e+02 5.500229980468750000e+03 5.495999427057948196e+03
4.890624053049832582e+02 5.492118652343750000e+03 5.496227717895606474e+03
4.890828394140116870e+02 5.493880371093750000e+03 5.496456151384183613e+03
4.891032735230401158e+02 5.494811523437500000e+03 5.496684629621377098e+03
4.891237076316028833e+02 5.499708007812500000e+03 5.496913054694487073e+03
4.891441417401656508e+02 5.497720703125000000e+03 5.497141328701221937e+03
4.891645758487284184e+02 5.497681640625000000e+03 5.497369353734089600e+03
4.891850099568255246e+02 5.500233398437500000e+03 5.497597031880412032e+03
4.892054440644569695e+02 5.506575683593750000e+03 5.497824265232728067e+03
4.892258781720884144e+02 5.496578613281250000e+03 5.498050955888749741e+03
4.892463122797198594e+02 5.495205566406250000e+03 5.498277005940997697e+03
4.892667463873513043e+02 5.497982910156250000e+03 5.498502317481987120e+03
4.892871804940514266e+02 5.497837402343750000e+03 5.498726792594034123e+03
4.893076146012172103e+02 5.498073242187500000e+03 5.498950333385036174e+03
4.893280486078001559e+02 5.497705566406250000e+03 5.499172840849840213e+03
4.893484828146174550e+02 5.510512207031250000e+03 5.499394220348569434e+03
4.893689169208519161e+02 5.495718750000000000e+03 5.499614370706269256e+03
4.893893511272035539e+02 5.496671386718750000e+03 5.499833196176760794e+03
4.894097851333208382e+02 5.492969726562500000e+03 5.500050595646403963e+03
4.894302192386239767e+02 5.499117675781250000e+03 5.500266474404112159e+03
4.894506534445099533e+02 5.495315917968750000e+03 5.500480734534154180e+03
4.894710874496959150e+02 5.493465332031250000e+03 5.500693274982406365e+03
4.894915215549990535e+02 5.499567382812500000e+03 5.500904000983234255e+03
4.895119557599537075e+02 5.498906738281250000e+03 5.501112814597048782e+03
4.895323898647911847e+02 5.500458007812500000e+03 5.501319615874671399e+03
4.895528238695114851e+02 5.503121093750000000e+03 5.501524306938946211e+03
4.895732580735348165e+02 5.502335937500000000e+03 5.501726792865949392e+03
4.895936921779066324e+02 5.504413574218750000e+03 5.501926972769473650e+03
4.896141261816956103e+02 5.502367675781250000e+03 5.502124748767564597e+03
4.896345603857189417e+02 5.502409667968750000e+03 5.502320025846278440e+03
4.896549944891594350e+02 5.505865234375000000e+03 5.502512703204933132e+03
4.896754284924827516e+02 5.499718261718750000e+03 5.502702682979505880e+03
4.896958626960404217e+02 5.507261230468750000e+03 5.502889870034716296e+03
4.897162967985495925e+02 5.497173339843750000e+03 5.503074163682671497e+03
4.897367310016416013e+02 5.508316406250000000e+03 5.503255467833513649e+03
4.897571650040335953e+02 5.503980468750000000e+03 5.503433681929138402e+03
4.897775991065427661e+02 5.503162597656250000e+03 5.503608710708736908e+03
4.897980333087034523e+02 5.503366699218750000e+03 5.503780456213477009e+03
4.898184673106297851e+02 5.507141601562500000e+03 5.503948818040202241e+03
4.898389014126732945e+02 5.505395019531250000e+03 5.504113700781294028e+03
4.898593356143683195e+02 5.506351562500000000e+03 5.504275006473846588e+03
4.898797696153633296e+02 5.504636230468750000e+03 5.504432634866542685e+03
4.899002037169411778e+02 5.503835449218750000e+03 5.504586490403345124e+03
4.899206378180533648e+02 5.500053710937500000e+03 5.504736474388465467e+03
4.899410719186998904e+02 5.512808105468750000e+03 5.504882488914781788e+03
4.899615060193464160e+02 5.505748535156250000e+03 5.505024436078378130e+03
4.899819401195272803e+02 5.503166015625000000e+03 5.505162217968781079e+03
4.900023742201738060e+02 5.503269042968750000e+03 5.505295736684893200e+03
4.900228083198890090e+02 5.503719726562500000e+03 5.505424894310359377e+03
4.900432425197213888e+02 5.506784179687500000e+03 5.505549593543875744e+03
4.900636765193194151e+02 5.501562500000000000e+03 5.505669736306135746e+03
4.900841107186861336e+02 5.510518066406250000e+03 5.505785291272432914e+03
4.901045448179356754e+02 5.511951171875000000e+03 5.505896303972531314e+03
4.901249788170680404e+02 5.503807128906250000e+03 5.506002827102003721e+03
4.901454130159690976e+02 5.503299804687500000e+03 5.506104914820791237e+03
4.901658471142873168e+02 5.500582031250000000e+03 5.506202618225386686e+03
4.901862811129540205e+02 5.506226562500000000e+03 5.506295990013491974e+03
4.902067153113894165e+02 5.511338378906250000e+03 5.506385084150915645e+03
4.902271494092419744e+02 5.501678222656250000e+03 5.506469951926284011e+03
4.902475834069773555e+02 5.505059082031250000e+03 5.506550646032595978e+03
4.902680176044814289e+02 5.505065429687500000e+03 5.506627220253029918e+03
4.902884517023339868e+02 5.502461425781250000e+03 5.506699726064587594e+03
4.903088856991380453e+02 5.509194335937500000e+03 5.506768216151051092e+03
4.903293198961764574e+02 5.506140625000000000e+03 5.506832744122461918e+03
4.903497539930976927e+02 5.509368164062500000e+03 5.506893361630548497e+03
4.903701880895532668e+02 5.510215332031250000e+03 5.506950121629068235e+03
4.903906221860088408e+02 5.504876953125000000e+03 5.507003076748633248e+03
4.904110562824644148e+02 5.509688964843750000e+03 5.507052279618423199e+03
4.904314904785715044e+02 5.508449218750000000e+03 5.507097783080596855e+03
4.904519244739785790e+02 5.510421386718750000e+03 5.507139639122685367e+03
4.904723585699684918e+02 5.502873535156250000e+03 5.507177901017674230e+03
4.904927927651442587e+02 5.510362304687500000e+03 5.507212621339800535e+03
4.905132268606685102e+02 5.509130859375000000e+03 5.507243852380728640e+03
4.905336608556099236e+02 5.507023437500000000e+03 5.507271646819108355e+03
4.905540950503200293e+02 5.506519042968750000e+03 5.507296057667883360e+03
4.905745290452614427e+02 5.507110351562500000e+03 5.507317137078593078e+03
4.905949631393887103e+02 5.509941894531250000e+03 5.507334938013273131e+03
4.906153973336331546e+02 5.502464355468750000e+03 5.507349513054318777e+03
4.906358313276432455e+02 5.508030273437500000e+03 5.507360914640115880e+03
4.906562654217705131e+02 5.507699707031250000e+03 5.507369195590612435e+03
4.906766996150836349e+02 5.503930175781250000e+03 5.507374408489324196e+03
4.906971336086280644e+02 5.509817382812500000e+03 5.507376605911538718e+03
4.907175677018240094e+02 5.510647949218750000e+03 5.507375840540649733e+03
4.907380018946714699e+02 5.507714355468750000e+03 5.507372164962853276e+03
4.907584358877502382e+02 5.501458984375000000e+03 5.507365631882296839e+03
4.907788700801320374e+02 5.505696289062500000e+03 5.507356293800982712e+03
4.907993041723966599e+02 5.508721191406250000e+03 5.507344203464605016e+03
4.908197381650097668e+02 5.500877929687500000e+03 5.507329413542011025e+03
4.908401723569259048e+02 5.510170410156250000e+03 5.507311976426482943e+03
4.908606064487248659e+02 5.511803222656250000e+03 5.507291944983528083e+03
4.908810405400581658e+02 5.503914550781250000e+03 5.507269371763845811e+03
4.909014746318571270e+02 5.512185058593750000e+03 5.507244309395557138e+03
4.909219087231904268e+02 5.505879394531250000e+03 5.507216810508949493e+03
4.909423428140580654e+02 5.505135742187500000e+03 5.507186927733328048e+03
4.909627769049257040e+02 5.505636230468750000e+03 5.507154713697239458e+03
4.909832109953276813e+02 5.506181152343750000e+03 5.507120221030632820e+03
4.910036450857296586e+02 5.509209472656250000e+03 5.507083502361939281e+03
4.910240792757831514e+02 5.510466308593750000e+03 5.507044610125414692e+03
4.910445132660679519e+02 5.516653320312500000e+03 5.507003597535795052e+03
4.910649473560042679e+02 5.508173339843750000e+03 5.506960516636713692e+03
4.910853815455920994e+02 5.496925292968750000e+03 5.506915420027429718e+03
4.911058155349455774e+02 5.511123046875000000e+03 5.506868361013521280e+03
4.911262497240677476e+02 5.503596191406250000e+03 5.506819391303331940e+03
4.911466838130727410e+02 5.511584472656250000e+03 5.506768564230806078e+03
4.911671178019605577e+02 5.506867675781250000e+03 5.506715932451988920e+03
4.911875519906170666e+02 5.514530761718750000e+03 5.506661547810641423e+03
4.912079860786907375e+02 5.512607421875000000e+03 5.506605463722628883e+03
4.912284200671128929e+02 5.512218750000000000e+03 5.506547732839110722e+03
4.912488542548380792e+02 5.503365722656250000e+03 5.506488406932799080e+03
4.912692883429117501e+02 5.504350097656250000e+03 5.506427539489221090e+03
4.912897223304025829e+02 5.506255859375000000e+03 5.506365183162543872e+03
4.913101565176621079e+02 5.503244140625000000e+03 5.506301389654743616e+03
4.913305905051529408e+02 5.504517578125000000e+03 5.506236212841908127e+03
4.913510245918296278e+02 5.512194335937500000e+03 5.506169704409683618e+03
4.913714587786234915e+02 5.511389160156250000e+03 5.506101916965058081e+03
4.913918928653001785e+02 5.504435546875000000e+03 5.506032903801600696e+03
4.914123268513940275e+02 5.502613281250000000e+03 5.505962717533708201e+03
4.914327610377222300e+02 5.502648925781250000e+03 5.505891402672521508e+03
4.914531951239332557e+02 5.503658203125000000e+03 5.505818990175063846e+03
4.914736292092129588e+02 5.510754394531250000e+03 5.505745507511293908e+03
4.914940632949583232e+02 5.499115722656250000e+03 5.505670982489477865e+03
4.915144973802380264e+02 5.500703125000000000e+03 5.505595442926269243e+03
4.915349315656349063e+02 5.504074707031250000e+03 5.505518916255918157e+03
4.915553655503317714e+02 5.501532226562500000e+03 5.505441431425393603e+03
4.915757996351458132e+02 5.511947265625000000e+03 5.505363015114279733e+03
4.915962338196113706e+02 5.508078125000000000e+03 5.505283695124158839e+03
4.916166678043082356e+02 5.501729980468750000e+03 5.505203500437051844e+03
4.916371018881909549e+02 5.501397460937500000e+03 5.505122457699337247e+03
4.916575360721908510e+02 5.498181152343750000e+03 5.505040594708368189e+03
4.916779700559563935e+02 5.498552246093750000e+03 5.504957940486547159e+03
4.916984041393734515e+02 5.508976562500000000e+03 5.504874521639877457e+03
4.917188383229076862e+02 5.496960937500000000e+03 5.504790365968701735e+03
4.917392723057419062e+02 5.506407714843750000e+03 5.504705502530447120e+03
4.917597063886933029e+02 5.503355468750000000e+03 5.504619957894208710e+03
4.917801405712962151e+02 5.500802734375000000e+03 5.504533759865398679e+03
4.918005745536647737e+02 5.506123046875000000e+03 5.504446937526961847e+03
4.918210086361505091e+02 5.511491699218750000e+03 5.504359517420494740e+03
4.918414428182877600e+02 5.501041992187500000e+03 5.504271527352677367e+03
4.918618769003078341e+02 5.506504394531250000e+03 5.504182995997090984e+03
4.918823109818622470e+02 5.505033691406250000e+03 5.504093950739274987e+03
4.919027450634166598e+02 5.506982421875000000e+03 5.504004419390455951e+03
4.919231791445054114e+02 5.510697265625000000e+03 5.503914429765927707e+03
4.919436132255941629e+02 5.502019531250000000e+03 5.503824009676891365e+03
4.919640473066829145e+02 5.500415527343750000e+03 5.503733186936585298e+03
4.919844812871888280e+02 5.501182128906250000e+03 5.503641989808022117e+03
4.920253495480865240e+02 5.504687988281250000e+03 5.503458580948781673e+03
4.920457836282439530e+02 5.508129882812500000e+03 5.503366425739981423e+03
4.920662177079357207e+02 5.498391601562500000e+03 5.503274006948218812e+03
4.920866517876274884e+02 5.500989257812500000e+03 5.503181352384625825e+03
4.921070857667364180e+02 5.505888183593750000e+03 5.503088490320000346e+03
4.921275199460797012e+02 5.502816406250000000e+03 5.502995447199122282e+03
4.921479540253058076e+02 5.498904785156250000e+03 5.502902252201558440e+03
4.921683880039490759e+02 5.505298339843750000e+03 5.502808933144699040e+03
4.921888221828266978e+02 5.505235839843750000e+03 5.502715516467207635e+03
4.922092562611214817e+02 5.499690429687500000e+03 5.502622031356884690e+03
4.922296904395334423e+02 5.506718261718750000e+03 5.502528504709053777e+03
4.922501244172453880e+02 5.506984863281250000e+03 5.502434965713940983e+03
4.922705584950745106e+02 5.494316894531250000e+03 5.502341440807771505e+03
4.922909926725551486e+02 5.501169921875000000e+03 5.502247957806313934e+03
4.923114266502670944e+02 5.495831054687500000e+03 5.502154545892143688e+03
4.923318607271648943e+02 5.504432617187500000e+03 5.502061231511251208e+03
4.923522949041798711e+02 5.507315917968750000e+03 5.501968042474243703e+03
4.923727289810776711e+02 5.504659179687500000e+03 5.501875007507608643e+03
4.923931629573926330e+02 5.496505371093750000e+03 5.501782154424219698e+03
4.924135971339419484e+02 5.499854980468750000e+03 5.501689509671827182e+03
4.924340312103740871e+02 5.501846679687500000e+03 5.501597102426991114e+03
4.924544651862233877e+02 5.498840820312500000e+03 5.501504960501335518e+03
4.924748993618413806e+02 5.508683593750000000e+03 5.501413110355781100e+03
4.924953334373421967e+02 5.501631835937500000e+03 5.501321581153716579e+03
4.925157674127258360e+02 5.497762695312500000e+03 5.501230400703436317e+03
4.925362015878781676e+02 5.504110839843750000e+03 5.501139595482689401e+03
4.925566356629133224e+02 5.496754394531250000e+03 5.501049194640138012e+03
4.925770698375999928e+02 5.498560546875000000e+03 5.500959225105487349e+03
4.925975038120523095e+02 5.500242675781250000e+03 5.500869716008995056e+03
4.926179378866218030e+02 5.486913574218750000e+03 5.500780693844759298e+03
4.926383719607256353e+02 5.501450683593750000e+03 5.500692186867704550e+03
4.926588060343638062e+02 5.504941406250000000e+03 5.500604222891001882e+03
4.926792401080019772e+02 5.502631347656250000e+03 5.500516829725835123e+03
4.926996741816401482e+02 5.506216308593750000e+03 5.500430035185407178e+03
4.927201082548126578e+02 5.500971191406250000e+03 5.500343867084884550e+03
4.927405423279851675e+02 5.498986328125000000e+03 5.500258353235480172e+03
4.927609764006920159e+02 5.500859863281250000e+03 5.500173521452327805e+03
4.927814104733988643e+02 5.506103515625000000e+03 5.500089409904920103e+03
4.928018445456400514e+02 5.497784179687500000e+03 5.500006098006551838e+03
4.928222786183468997e+02 5.498574218750000000e+03 5.499923675426783120e+03
4.928427126901224256e+02 5.496186035156250000e+03 5.499842231844568232e+03
4.928631467623636127e+02 5.501970703125000000e+03 5.499761856927658300e+03
4.928835808336734772e+02 5.507942871093750000e+03 5.499682640354856630e+03
4.929040149049833417e+02 5.495309570312500000e+03 5.499604671795812465e+03
4.929244490764103830e+02 5.502510253906250000e+03 5.499528040551838785e+03
4.929448831472545862e+02 5.494601562500000000e+03 5.499452837049244408e+03
4.929653171179816127e+02 5.500161132812500000e+03 5.499379150937964368e+03
4.929857512889429927e+02 5.499990722656250000e+03 5.499307070819835644e+03
4.930061853593215346e+02 5.500017578125000000e+03 5.499236687441273716e+03
4.930266193295828998e+02 5.496378906250000000e+03 5.499168090448350995e+03
4.930470534996129572e+02 5.502463378906250000e+03 5.499101368521177392e+03
4.930674875690601766e+02 5.496394531250000000e+03 5.499036612327660805e+03
4.930879215388558805e+02 5.495499023437500000e+03 5.498973911508621313e+03
4.931083557079546154e+02 5.491279785156250000e+03 5.498913354835518476e+03
4.931287897774018347e+02 5.507443359375000000e+03 5.498855032883522654e+03
4.931492237462662160e+02 5.500078613281250000e+03 5.498799035295105568e+03
4.931696579148992896e+02 5.492101562500000000e+03 5.498745450937843998e+03
4.931900919834151864e+02 5.495589843750000000e+03 5.498694370289309518e+03
4.932105260519310832e+02 5.511664550781250000e+03 5.498645882754277409e+03
4.932309601199813187e+02 5.498651855468750000e+03 5.498600078007071716e+03
4.932513941875658929e+02 5.504073242187500000e+03 5.498557045720797760e+03
4.932718282556161284e+02 5.499362304687500000e+03 5.498516875566790986e+03
4.932922623232007027e+02 5.501479003906250000e+03 5.498479657220177614e+03
4.933126963903196156e+02 5.500997558593750000e+03 5.498445480354039319e+03
4.933331305575557053e+02 5.499139160156250000e+03 5.498414434496491594e+03
4.933535645240917802e+02 5.500874023437500000e+03 5.498386609754289566e+03
4.933739985907450318e+02 5.498898437500000000e+03 5.498362095367094298e+03
4.933944326573982835e+02 5.499684570312500000e+03 5.498340981152476161e+03
4.934148667235858738e+02 5.497913574218750000e+03 5.498323356784073439e+03
4.934353007897734642e+02 5.490349121093750000e+03 5.498309311934643119e+03
4.934557349556125700e+02 5.499229492187500000e+03 5.498298936235949441e+03
4.934761689207516611e+02 5.499296386718750000e+03 5.498292319486105953e+03
4.934966029864735901e+02 5.492658691406250000e+03 5.498289551232972372e+03
4.935170371513813734e+02 5.501167480468750000e+03 5.498290721207096794e+03
4.935374711169861257e+02 5.493109375000000000e+03 5.498295919035267616e+03
4.935579051813110709e+02 5.497381835937500000e+03 5.498305234436589672e+03
4.935783393462188542e+02 5.498404296875000000e+03 5.498318757146062126e+03
4.935987733104266226e+02 5.497311523437500000e+03 5.498336576606198832e+03
4.936192073747515678e+02 5.493341308593750000e+03 5.498358782720632007e+03
4.936396415387280285e+02 5.498062988281250000e+03 5.498385465227082932e+03
4.936600755024701357e+02 5.498446777343750000e+03 5.498416713373720995e+03
4.936805096659809351e+02 5.496756347656250000e+03 5.498452617445910619e+03
4.937009437293745577e+02 5.490809570312500000e+03 5.498493266624246644e+03
4.937213776921853423e+02 5.497845214843750000e+03 5.498538750510462705e+03
4.937418118552304804e+02 5.500063964843750000e+03 5.498589159483188268e+03
4.937622459176927805e+02 5.501476562500000000e+03 5.498644582509803513e+03
4.937826799806207418e+02 5.501919433593750000e+03 5.498705109500908293e+03
4.938031140426173806e+02 5.501774414062500000e+03 5.498770830125412431e+03
4.938235481046140194e+02 5.497451660156250000e+03 5.498841834059172470e+03
4.938439821666106582e+02 5.504822753906250000e+03 5.498918210975407419e+03
4.938644162281416357e+02 5.497984375000000000e+03 5.499000050545406339e+03
4.938848502896726131e+02 5.502373535156250000e+03 5.499087442444060798e+03
4.939052843507379293e+02 5.500649414062500000e+03 5.499180476342395195e+03
4.939257185119204223e+02 5.509489257812500000e+03 5.499279242413638713e+03
4.939461524728685617e+02 5.499264648437500000e+03 5.499383828836718749e+03
4.939665865334682167e+02 5.500321777343750000e+03 5.499494326776529306e+03
4.939870206937193871e+02 5.499351562500000000e+03 5.499610825993406252e+03
4.940074546542018652e+02 5.500783691406250000e+03 5.499733414408951830e+03
4.940278888139873743e+02 5.494693847656250000e+03 5.499862184090867231e+03
4.940483227740041912e+02 5.498745117187500000e+03 5.499997222196721850e+03
4.940687568332068622e+02 5.497346679687500000e+03 5.500138620328832985e+03
4.940891909929923713e+02 5.502095214843750000e+03 5.500286468263971983e+03
4.941096249520778656e+02 5.499354003906250000e+03 5.500440853447600603e+03
4.941300590108148754e+02 5.504985351562500000e+03 5.500601848663496639e+03
4.941504931696690619e+02 5.495448242187500000e+03 5.500769383936933082e+03
4.941709271282888949e+02 5.505280761718750000e+03 5.500943323881947435e+03
4.941913611865602434e+02 5.502253417968750000e+03 5.501123537836967444e+03
4.942117953444831073e+02 5.502759765625000000e+03 5.501309892725488680e+03
4.942322293021716177e+02 5.497467285156250000e+03 5.501502252600635984e+03
4.942526633599773049e+02 5.504454101562500000e+03 5.501700487078723199e+03
4.942730975174345076e+02 5.507637695312500000e+03 5.501904463073090483e+03
4.942935315747745335e+02 5.501041503906250000e+03 5.502114045421594710e+03
4.943139655319973826e+02 5.499581542968750000e+03 5.502329100875502263e+03
4.943343996885232627e+02 5.501089843750000000e+03 5.502549499457962156e+03
4.943548337453976274e+02 5.503085449218750000e+03 5.502775104815975283e+03
4.943752677016891539e+02 5.502445312500000000e+03 5.503005783696416074e+03
4.943957018582150340e+02 5.503601562500000000e+03 5.503241406364404611e+03
4.944161359136924148e+02 5.508823730468750000e+03 5.503481836214290524e+03
4.944365700697526336e+02 5.505910156250000000e+03 5.503726942449657145e+03
4.944570040251128376e+02 5.502648437500000000e+03 5.503976588255673050e+03
4.944774380805902183e+02 5.502875488281250000e+03 5.504230644107022272e+03
4.944978722357191145e+02 5.498459960937500000e+03 5.504488976894335792e+03
4.945183061906136572e+02 5.496996582031250000e+03 5.504751449628234695e+03
4.945387402456253767e+02 5.521215820312500000e+03 5.505017932969348294e+03
4.945591743998229504e+02 5.505274414062500000e+03 5.505288293795976642e+03
4.945796083542518318e+02 5.502440917968750000e+03 5.505562394957501965e+03
4.946000424083322287e+02 5.503109375000000000e+03 5.505840107275935225e+03
4.946204765620641410e+02 5.499385742187500000e+03 5.506121297635887458e+03
4.946409105160273612e+02 5.504747558593750000e+03 5.506405828724975436e+03
4.946613445696420968e+02 5.513486328125000000e+03 5.506693571520985643e+03
4.946817787224426866e+02 5.501778320312500000e+03 5.506984392896030840e+03
4.947022126759402454e+02 5.511446777343750000e+03 5.507278155412809610e+03
4.947226467286236584e+02 5.503597167968750000e+03 5.507574730173937496e+03
4.947430808814242482e+02 5.502839843750000000e+03 5.507873984065874538e+03
4.947635148335248232e+02 5.511129882812500000e+03 5.508175779496905307e+03
4.947839489858597517e+02 5.507441406250000000e+03 5.508479989220406424e+03
4.948043830380775034e+02 5.515093750000000000e+03 5.508786475615152995e+03
4.948248169897124171e+02 5.517852050781250000e+03 5.509095105474390948e+03
4.948452511411160231e+02 5.508846679687500000e+03 5.509405750182351767e+03
4.948656851924024522e+02 5.507539062500000000e+03 5.509718272027315834e+03
4.948861191435717046e+02 5.511338867187500000e+03 5.510032537815477554e+03
4.949065532949753106e+02 5.511154785156250000e+03 5.510348419011124861e+03
4.949269873453304172e+02 5.516073730468750000e+03 5.510665777801126751e+03
4.949474212960340083e+02 5.511483398437500000e+03 5.510984481019206214e+03
4.949678554460406303e+02 5.507218750000000000e+03 5.511304400170126428e+03
4.950087234461680055e+02 5.510361328125000000e+03 5.511947339556603765e+03
4.950291575957089663e+02 5.520309082031250000e+03 5.512270098166708522e+03
4.950495916451327503e+02 5.511071777343750000e+03 5.512593535346899444e+03
4.950700255944393575e+02 5.514087402343750000e+03 5.512917517921021499e+03
4.950904597435146570e+02 5.513678710937500000e+03 5.513241917480017946e+03
4.951108937924727798e+02 5.517625000000000000e+03 5.513566596098662558e+03
4.951313279410824180e+02 5.514958496093750000e+03 5.513891423782558377e+03
4.951517618894577026e+02 5.504718261718750000e+03 5.514216262597066816e+03
4.951721959374845028e+02 5.510752441406250000e+03 5.514540984142587149e+03
4.951926300851628184e+02 5.511231933593750000e+03 5.514865455249298975e+03
4.952130640330724418e+02 5.518902832031250000e+03 5.515189537998146989e+03
4.952334980806335807e+02 5.510508300781250000e+03 5.515513103973995385e+03
4.952539322283118963e+02 5.511860839843750000e+03 5.515836020008535343e+03
4.952743662749417126e+02 5.520812988281250000e+03 5.516158149755206978e+03
4.952948002223856747e+02 5.517852539062500000e+03 5.516479360088793328e+03
4.953152343686670065e+02 5.513882324218750000e+03 5.516799522519601851e+03
4.953356684152968228e+02 5.519849121093750000e+03 5.517118499195852564e+03
4.953561023618094623e+02 5.515644042968750000e+03 5.517436156961533925e+03
4.953765365076251328e+02 5.524846191406250000e+03 5.517752367293998759e+03
4.953969705533236265e+02 5.518990234375000000e+03 5.518066992381884120e+03
4.954174044989049435e+02 5.516366699218750000e+03 5.518379899082385236e+03
4.954378386442549527e+02 5.519877441406250000e+03 5.518690958807407696e+03
4.954582725898362696e+02 5.522135253906250000e+03 5.519000032308786103e+03
4.954787066346034408e+02 5.527344238281250000e+03 5.519306996554641955e+03
4.954991407794877887e+02 5.523289550781250000e+03 5.519611807384691019e+03
4.955195747241377831e+02 5.518621582031250000e+03 5.519914480237228418e+03
4.955400088685564697e+02 5.512401855468750000e+03 5.520215042577659915e+03
4.955604429123923182e+02 5.517666992187500000e+03 5.520513511513062440e+03
4.955808768565766513e+02 5.519338378906250000e+03 5.520809908627872574e+03
4.956013110000640154e+02 5.519043945312500000e+03 5.521104259783662201e+03
4.956217450434342027e+02 5.520187500000000000e+03 5.521396582192693131e+03
4.956421790868043900e+02 5.523840332031250000e+03 5.521686898842374831e+03
4.956626131297089159e+02 5.525255859375000000e+03 5.521975231266398623e+03
4.956830471726134419e+02 5.514857421875000000e+03 5.522261601011634411e+03
4.957034812155179679e+02 5.527332519531250000e+03 5.522546029618317334e+03
4.957239152579568326e+02 5.517623535156250000e+03 5.522828538620266045e+03
4.957443492999300361e+02 5.521964843750000000e+03 5.523109149557842102e+03
4.957647833419032395e+02 5.524778320312500000e+03 5.523387883977736237e+03
4.957852174839936197e+02 5.525023925781250000e+03 5.523664764772249328e+03
4.958056514253839850e+02 5.521881347656250000e+03 5.523939809419158337e+03
4.958260854668915272e+02 5.523414062500000000e+03 5.524213043521229338e+03
4.958465196080505848e+02 5.527268554687500000e+03 5.524484488586052976e+03
4.958669535489752889e+02 5.525250488281250000e+03 5.524754162183320659e+03
4.958873876896686852e+02 5.527373046875000000e+03 5.525022091132434070e+03
4.959078217302449048e+02 5.530138671875000000e+03 5.525288293028839689e+03
4.959282556702382863e+02 5.520148925781250000e+03 5.525552789431958445e+03
4.959486898104660213e+02 5.527764160156250000e+03 5.525815605763431449e+03
4.959691238505765796e+02 5.534028320312500000e+03 5.526076759688159655e+03
4.959895577901042998e+02 5.532175781250000000e+03 5.526336272764727255e+03
4.960099919294007123e+02 5.520736816406250000e+03 5.526594170336020397e+03
4.960304259685799479e+02 5.531429199218750000e+03 5.526850470145644067e+03
4.960508599076420069e+02 5.526375488281250000e+03 5.527105193757130110e+03
4.960712940464727581e+02 5.529996093750000000e+03 5.527358366437574659e+03
4.960917280847206712e+02 5.531420898437500000e+03 5.527610005994674793e+03
4.961121621234342456e+02 5.522662597656250000e+03 5.527860135224332225e+03
4.961325961616821587e+02 5.535210937500000000e+03 5.528108775655363388e+03
4.961530301994644105e+02 5.519664062500000000e+03 5.528355948828093460e+03
4.961734641371294856e+02 5.525612304687500000e+03 5.528601675087975309e+03
4.961938982745632529e+02 5.532008300781250000e+03 5.528845979571006865e+03
4.962143323118798435e+02 5.533262207031250000e+03 5.529088880221690488e+03
4.962347663491964340e+02 5.525938476562500000e+03 5.529330399780686093e+03
4.962552003860473633e+02 5.534182128906250000e+03 5.529570559782754572e+03
4.962756344224326313e+02 5.526958496093750000e+03 5.529809381768196545e+03
4.962960685589350760e+02 5.531147460937500000e+03 5.530046888443198441e+03
4.963165024952031672e+02 5.528031738281250000e+03 5.530283097866540629e+03
4.963369365311227739e+02 5.529755371093750000e+03 5.530518035054526081e+03
4.963573706671595573e+02 5.528899414062500000e+03 5.530751721534202261e+03
4.963778046024963260e+02 5.529039062500000000e+03 5.530984175414752826e+03
4.963982386379502714e+02 5.530226074218750000e+03 5.531215421667473493e+03
4.964186727730557323e+02 5.532545898437500000e+03 5.531445481809737430e+03
4.964391067079268396e+02 5.529864746093750000e+03 5.531674374014115529e+03
4.964595407429151237e+02 5.526206542968750000e+03 5.531902123193738589e+03
4.964799748770892620e+02 5.531654785156250000e+03 5.532128750861853405e+03
4.965004088114947081e+02 5.533058105468750000e+03 5.532354275251251238e+03
4.965208428455516696e+02 5.530205566406250000e+03 5.532578721214808866e+03
4.965412769792601466e+02 5.527908691406250000e+03 5.532802110277094471e+03
4.965617109127342701e+02 5.528185058593750000e+03 5.533024460707620165e+03
4.965821449463255703e+02 5.531970214843750000e+03 5.533245797322411818e+03
4.966025790795683861e+02 5.529008300781250000e+03 5.533466141641902141e+03
4.966230131126940250e+02 5.528764648437500000e+03 5.533685513052281749e+03
4.966434471453540027e+02 5.532604980468750000e+03 5.533903934170780303e+03
4.966638811780139804e+02 5.531175292968750000e+03 5.534121426542611516e+03
4.966843152102082968e+02 5.535466796875000000e+03 5.534338011703048323e+03
4.967047492424026132e+02 5.534901855468750000e+03 5.534553711197260782e+03
4.967251832741312683e+02 5.535949218750000000e+03 5.534768546560560935e+03
4.967456173058599234e+02 5.533008789062500000e+03 5.534982539338074275e+03
4.967660514372400939e+02 5.533328613281250000e+03 5.535195712107617510e+03
4.967864853683859110e+02 5.538845214843750000e+03 5.535408083286873989e+03
4.968069193996489048e+02 5.536860351562500000e+03 5.535619677543438229e+03
4.968273534304462373e+02 5.546030761718750000e+03 5.535830515055909927e+03
4.968477874607779086e+02 5.527276855468750000e+03 5.536040604881594845e+03
4.968682214915752411e+02 5.534379394531250000e+03 5.536249940309507110e+03
4.968886555219069123e+02 5.541081054687500000e+03 5.536458513558049162e+03
4.969090895517729223e+02 5.539974121093750000e+03 5.536666316855230434e+03
4.969295234815217555e+02 5.535257324218750000e+03 5.536873341421348414e+03
4.969499576110392809e+02 5.538270507812500000e+03 5.537079582516892515e+03
4.969703916399739683e+02 5.542110839843750000e+03 5.537285029332640079e+03
4.969908257690258324e+02 5.537803222656250000e+03 5.537489676114355461e+03
4.970112596978433430e+02 5.541540527343750000e+03 5.537693512087907948e+03
4.970316937267780304e+02 5.540108886718750000e+03 5.537896532483330702e+03
4.970521278553642333e+02 5.539961914062500000e+03 5.538098729511918464e+03
4.970725617837160826e+02 5.547095703125000000e+03 5.538300092440354092e+03
4.970929958112537861e+02 5.534702636718750000e+03 5.538500616453375187e+03
4.971134299389086664e+02 5.534613281250000000e+03 5.538700293775727005e+03
4.971338639669120312e+02 5.533557128906250000e+03 5.538899114683212247e+03
4.971542978938668966e+02 5.532331542968750000e+03 5.539097071402848997e+03
4.971747320215217769e+02 5.542151367187500000e+03 5.539294159079476231e+03
4.971951660481281579e+02 5.535909667968750000e+03 5.539490367024282023e+03
4.972155999750830233e+02 5.541749023437500000e+03 5.539685687491639328e+03
4.972360341013409197e+02 5.545349121093750000e+03 5.539880115560574268e+03
4.972564681279473007e+02 5.540587890625000000e+03 5.540073640607970447e+03
4.972769020535051823e+02 5.544764648437500000e+03 5.540266254861896414e+03
4.972973361792974174e+02 5.535600585937500000e+03 5.540457953383598579e+03
4.973177702049724758e+02 5.543465820312500000e+03 5.540648725576585093e+03
4.973382043302990496e+02 5.541916503906250000e+03 5.540838565533800647e+03
4.973586382558569312e+02 5.534220214843750000e+03 5.541027462708381790e+03
4.973790722806006670e+02 5.547046386718750000e+03 5.541215412098872548e+03
4.973995064054615796e+02 5.545615234375000000e+03 5.541402405927861764e+03
4.974199403300881386e+02 5.541391113281250000e+03 5.541588433681838069e+03
4.974403743543662131e+02 5.543552246093750000e+03 5.541773490326017054e+03
4.974608084782958031e+02 5.532421386718750000e+03 5.541957568074078154e+03
4.974812424024567008e+02 5.549457031250000000e+03 5.542140656463938285e+03
4.975016764258034527e+02 5.540898925781250000e+03 5.542322750409500259e+03
4.975221105492673814e+02 5.539277343750000000e+03 5.542503842132405225e+03
4.975425444724969566e+02 5.538941894531250000e+03 5.542683921206238665e+03
4.975629784953780472e+02 5.545167968750000000e+03 5.542862982509261201e+03
4.975834125182591379e+02 5.539564941406250000e+03 5.543041017388757609e+03
4.976038465406745672e+02 5.550474609375000000e+03 5.543218018068660967e+03
4.976242805630899966e+02 5.542475097656250000e+03 5.543393976781004312e+03
4.976447145855054259e+02 5.547674316406250000e+03 5.543568885753742506e+03
4.976651486069895327e+02 5.550264160156250000e+03 5.543742737206935999e+03
4.976855826289393008e+02 5.543789062500000000e+03 5.543915523380468585e+03
4.977060167505405843e+02 5.541163574218750000e+03 5.544087237333095800e+03
4.977264506719075143e+02 5.547883789062500000e+03 5.544257868780709032e+03
4.977468847925774753e+02 5.548476074218750000e+03 5.544427413287591662e+03
4.977673188135959208e+02 5.548742187500000000e+03 5.544595860593257385e+03
4.977877527340315282e+02 5.540674316406250000e+03 5.544763202934158471e+03
4.978081868547014892e+02 5.544604980468750000e+03 5.544929434993669929e+03
4.978286208747886121e+02 5.544973632812500000e+03 5.545094546544443801e+03
4.978490547947585583e+02 5.540315917968750000e+03 5.545258529834757610e+03
4.978694889144971967e+02 5.551404296875000000e+03 5.545421379490886466e+03
4.978899229336529970e+02 5.542866210937500000e+03 5.545583085338860656e+03
4.979103568531572819e+02 5.552062500000000000e+03 5.545743639630867619e+03
4.979307909724302590e+02 5.536796386718750000e+03 5.545903036938992955e+03
4.979512249911203980e+02 5.546147460937500000e+03 5.546061267139839401e+03
4.979920930280350149e+02 5.547434082031250000e+03 5.546374197490387814e+03
4.980125270462594926e+02 5.549860351562500000e+03 5.546528882096070447e+03
4.980329610640183091e+02 5.547693847656250000e+03 5.546682369290356291e+03
4.980533950822427869e+02 5.545709960937500000e+03 5.546834651308206958e+03
4.980738290995359421e+02 5.550441894531250000e+03 5.546985720367214526e+03
4.980942632169462740e+02 5.547290039062500000e+03 5.547135569433499768e+03
4.981146972342394292e+02 5.547032226562500000e+03 5.547284189266618341e+03
4.981351311509497464e+02 5.548066406250000000e+03 5.547431572109304398e+03
4.981555652674287558e+02 5.544937988281250000e+03 5.547577712346820590e+03
4.981759992837905884e+02 5.551126953125000000e+03 5.547722600086454804e+03
4.981964332000352442e+02 5.546800292968750000e+03 5.547866234599913696e+03
4.982168673160485923e+02 5.542149414062500000e+03 5.548008632821522042e+03
4.982373012318275869e+02 5.547916503906250000e+03 5.548149808904690872e+03
4.982577352472580969e+02 5.543811523437500000e+03 5.548289781871235391e+03
4.982781693628057837e+02 5.544961914062500000e+03 5.548428568647778775e+03
4.982986032781191170e+02 5.544253906250000000e+03 5.548566184143957798e+03
4.983190372930839658e+02 5.556640625000000000e+03 5.548702647328958847e+03
4.983394714077003300e+02 5.550265625000000000e+03 5.548837975126994024e+03
4.983599053220823407e+02 5.544857910156250000e+03 5.548972182501291172e+03
4.983803393361158669e+02 5.548282226562500000e+03 5.549105288370640665e+03
4.984007734502665699e+02 5.550564941406250000e+03 5.549237309662994448e+03
4.984212073637172580e+02 5.562447265625000000e+03 5.549368261383710887e+03
4.984416414778679609e+02 5.545279785156250000e+03 5.549498163046246191e+03
4.984620754909701645e+02 5.546651367187500000e+03 5.549627029665663031e+03
4.984825094044208527e+02 5.551940917968750000e+03 5.549754878206840658e+03
4.985029435171745718e+02 5.549325195312500000e+03 5.549881727473835781e+03
4.985233775298111141e+02 5.548546386718750000e+03 5.550007592541645863e+03
4.985438115419819951e+02 5.556626953125000000e+03 5.550132490972320738e+03
4.985642455546185374e+02 5.545333984375000000e+03 5.550256439712509746e+03
4.985846795663237572e+02 5.546922851562500000e+03 5.550379455694717763e+03
4.986051135780289769e+02 5.555788574218750000e+03 5.550501555865569571e+03
4.986255475897341967e+02 5.553542968750000000e+03 5.550622757166014708e+03
4.986459816014394164e+02 5.546551269531250000e+03 5.550743076537004526e+03
4.986664156126789749e+02 5.551708984375000000e+03 5.550862530916777359e+03
4.986868497235700488e+02 5.542913574218750000e+03 5.550981137825405312e+03
4.987072836342267692e+02 5.549772949218750000e+03 5.551098912469373317e+03
4.987277176445350051e+02 5.544417968750000000e+03 5.551215873524171002e+03
4.987481517549604177e+02 5.547869628906250000e+03 5.551332037921595656e+03
4.987685856646858156e+02 5.545056152343750000e+03 5.551447420898302880e+03
4.987890196745283902e+02 5.553559082031250000e+03 5.551562041099564340e+03
4.988094537844881415e+02 5.554222167968750000e+03 5.551675915455234644e+03
4.988298876937478781e+02 5.551092773437500000e+03 5.551789059235303284e+03
4.988503218027763069e+02 5.555973144531250000e+03 5.551901491598293433e+03
4.988707558121532202e+02 5.554497070312500000e+03 5.552013227832487246e+03
4.988911897204816341e+02 5.546003906250000000e+03 5.552124284881315361e+03
4.989116238290444016e+02 5.554287109375000000e+03 5.552234681318312141e+03
4.989320578374899924e+02 5.552410644531250000e+03 5.552344432456936374e+03
4.989524917453527451e+02 5.556491210937500000e+03 5.552453555245001553e+03
4.989729258529841900e+02 5.553897949218750000e+03 5.552562068222921880e+03
4.989933597608469427e+02 5.557962402343750000e+03 5.552669986209830313e+03
4.990137937683612108e+02 5.563098144531250000e+03 5.552777327732326739e+03
4.990342278755269945e+02 5.552439453125000000e+03 5.552884109723028814e+03
4.990546618825756013e+02 5.551122558593750000e+03 5.552990348079042633e+03
4.990750957890413702e+02 5.554456054687500000e+03 5.553096059746761057e+03
4.990955298957414925e+02 5.555377929687500000e+03 5.553201263219585599e+03
4.991159639018587768e+02 5.548088378906250000e+03 5.553305973886037464e+03
4.991363978078588843e+02 5.560419921875000000e+03 5.553410208696566770e+03
4.991568319140933454e+02 5.559338378906250000e+03 5.553513986120815389e+03
4.991772659197449684e+02 5.552563964843750000e+03 5.553617321568666739e+03
4.991977000250481069e+02 5.553323730468750000e+03 5.553720232993855461e+03
4.992181339301168919e+02 5.552430664062500000e+03 5.553822735830064630e+03
4.992385679348371923e+02 5.552699707031250000e+03 5.553924848525519337e+03
4.992590020396746695e+02 5.550804199218750000e+03 5.554026588017875838e+03
4.992794359442777932e+02 5.555049804687500000e+03 5.554127969755307277e+03
4.992998699485324323e+02 5.549108886718750000e+03 5.554229012169207635e+03
4.993203040524385870e+02 5.555374023437500000e+03 5.554329732195659744e+03
4.993407379565760493e+02 5.553721679687500000e+03 5.554430145302038909e+03
4.993611719598993659e+02 5.559714843750000000e+03 5.554530269900569692e+03
4.993816060638055205e+02 5.552545898437500000e+03 5.554630122934914652e+03
4.994020399665459991e+02 5.553728515625000000e+03 5.554729719873407703e+03
4.994224739698693156e+02 5.562845703125000000e+03 5.554829079129574893e+03
4.994429080723784864e+02 5.558103515625000000e+03 5.554928217634182147e+03
4.994633419751189649e+02 5.550481445312500000e+03 5.555027150879295732e+03
4.994837759770452976e+02 5.551682128906250000e+03 5.555125897254734809e+03
4.995246440810151398e+02 5.550935546875000000e+03 5.555322896200059404e+03
