1.893425619588233531e+02 1.584510253906250000e+04 1.584651573785400979e+04
1.893629951174370944e+02 1.584271386718750000e+04 1.584679566842956774e+04
1.893834283757023513e+02 1.584355078125000000e+04 1.584706242030854810e+04
1.894038617340847850e+02 1.584865722656250000e+04 1.584731623732485787e+04
1.894242948922328651e+02 1.584537792968750000e+04 1.584755735986082618e+04
1.894447281500324607e+02 1.585168164062500000e+04 1.584778603556769485e+04
1.894651615074835718e+02 1.584546679687500000e+04 1.584800250828443131e+04
1.894855947648175061e+02 1.584280957031250000e+04 1.584820701991537680e+04
1.895060279220342636e+02 1.585372949218750000e+04 1.584839981465381788e+04
1.895264611784368753e+02 1.584972753906250000e+04 1.584858113839933685e+04
1.895468944353051484e+02 1.584706445312500000e+04 1.584875123421084027e+04
1.895673276917077601e+02 1.584981738281250000e+04 1.584891034609983399e+04
1.895877608475275338e+02 1.585771093750000000e+04 1.584905871738525093e+04
1.896081942035816610e+02 1.585423144531250000e+04 1.584919659419327581e+04
1.896286274590529501e+02 1.585457226562500000e+04 1.584932421843715565e+04
1.896694938698783517e+02 1.584249023437500000e+04 1.584954968691742033e+04
1.896899272245354950e+02 1.584253027343750000e+04 1.584964802019783019e+04
1.897103604790754616e+02 1.585863183593750000e+04 1.584973707719121558e+04
1.897307936334982514e+02 1.585432617187500000e+04 1.584981710205131640e+04
1.897512269876897335e+02 1.585159960937500000e+04 1.584988833990691637e+04
1.897716602417640388e+02 1.584960546875000000e+04 1.584995103366799231e+04
1.897920933957211673e+02 1.584825585937500000e+04 1.585000542747750296e+04
1.898125266493298113e+02 1.585050781250000000e+04 1.585005176588569520e+04
1.898329600025899708e+02 1.584234082031250000e+04 1.585009029279564675e+04
1.898533931556157768e+02 1.584858203125000000e+04 1.585012125171754815e+04
1.898738264082930982e+02 1.585263281250000000e+04 1.585014488718016946e+04
1.898942597610875964e+02 1.586118359375000000e+04 1.585016144309756783e+04
1.899146930132992566e+02 1.585379687500000000e+04 1.585017116332748083e+04
1.899351261653937399e+02 1.584693164062500000e+04 1.585017429198814534e+04
1.899555594171397388e+02 1.584993945312500000e+04 1.585017107312848384e+04
1.899759927690029144e+02 1.584483398437500000e+04 1.585016175067620679e+04
1.899964259201660752e+02 1.584380371093750000e+04 1.585014656883151838e+04
1.900168591714464128e+02 1.585240527343750000e+04 1.585012577143264753e+04
1.900372925223782659e+02 1.585769140625000000e+04 1.585009960241857152e+04
1.900577256730757654e+02 1.584168164062500000e+04 1.585006830623087444e+04
1.900781589234247804e+02 1.584827929687500000e+04 1.585003212646654902e+04
1.900985920736566186e+02 1.584663574218750000e+04 1.584999130749592405e+04
1.901190254236571491e+02 1.585228710937500000e+04 1.584994609270621186e+04
1.901394586735405028e+02 1.585155761718750000e+04 1.584989672674846224e+04
1.901598919229581952e+02 1.585075000000000000e+04 1.584984345343198584e+04
1.901803251723758876e+02 1.584862988281250000e+04 1.584978651677470043e+04
1.902007584213279188e+02 1.585234960937500000e+04 1.584972616079703221e+04
1.902211916698142886e+02 1.584307910156250000e+04 1.584966262951818862e+04
1.902416248186491430e+02 1.584944433593750000e+04 1.584959616728668698e+04
1.902620581667870283e+02 1.585203613281250000e+04 1.584952701712885028e+04
1.902824914148077369e+02 1.585503515625000000e+04 1.584945542405795823e+04
1.903029245627112687e+02 1.585584863281250000e+04 1.584938163212708241e+04
1.903233579103834927e+02 1.584033300781250000e+04 1.584930588425728092e+04
1.903437911579385400e+02 1.584517968750000000e+04 1.584922842556546675e+04
1.903642243049107492e+02 1.584665234375000000e+04 1.584914950009577478e+04
1.903846575520001352e+02 1.584401074218750000e+04 1.584906935109093138e+04
1.904050908987410367e+02 1.584394140625000000e+04 1.584898822255554478e+04
1.904255241448991001e+02 1.584552441406250000e+04 1.584890635930457938e+04
1.904459572914056480e+02 1.583986035156250000e+04 1.584882400536221758e+04
1.904663906372152269e+02 1.585239062500000000e+04 1.584874140354003248e+04
1.904868238829076290e+02 1.584935156250000000e+04 1.584865879906610644e+04
1.905072570284828544e+02 1.585068359375000000e+04 1.584857643595756235e+04
1.905276902737095952e+02 1.585218359375000000e+04 1.584849455742701321e+04
1.905481236190535128e+02 1.584804101562500000e+04 1.584841340750036034e+04
1.905685567636974156e+02 1.585499707031250000e+04 1.584833323138454216e+04
1.905889900084584951e+02 1.584315527343750000e+04 1.584825427191026392e+04
1.906094233524054289e+02 1.585506933593750000e+04 1.584817677311954321e+04
1.906298564965836704e+02 1.585651074218750000e+04 1.584810098015307995e+04
1.906502897404134274e+02 1.584940332031250000e+04 1.584802713590590429e+04
1.906707229842431843e+02 1.584612890625000000e+04 1.584795548477081502e+04
1.906911562276072800e+02 1.584372167968750000e+04 1.584788627076816556e+04
1.907115894709713757e+02 1.584092382812500000e+04 1.584781973791508790e+04
1.907320227138698101e+02 1.584383593750000000e+04 1.584775613023177721e+04
1.907524560564197600e+02 1.584679296875000000e+04 1.584769569144883644e+04
1.907728891987353563e+02 1.585521679687500000e+04 1.584763866644743393e+04
1.907933224411681294e+02 1.584102050781250000e+04 1.584758529838242612e+04
1.908137555830180645e+02 1.584640136718750000e+04 1.584753583179401903e+04
1.908341889251023531e+02 1.585534765625000000e+04 1.584749051000245527e+04
1.908546221666038036e+02 1.585213476562500000e+04 1.584744957772459384e+04
1.908750554076395929e+02 1.585440625000000000e+04 1.584741327874643866e+04
1.908954886486753821e+02 1.584763867187500000e+04 1.584738185708570563e+04
1.909159218897111714e+02 1.585115722656250000e+04 1.584735555676110016e+04
1.909363551302812994e+02 1.585078027343750000e+04 1.584733462179173875e+04
1.909567882707342505e+02 1.584970019531250000e+04 1.584731929625660086e+04
1.909772216109558940e+02 1.584710839843750000e+04 1.584730982399167260e+04
1.909976547504775226e+02 1.584802832031250000e+04 1.584730644919925908e+04
1.910180879905819893e+02 1.584128027343750000e+04 1.584730941580286344e+04
1.910385213298723102e+02 1.584447753906250000e+04 1.584731896791572035e+04
1.910589544689282775e+02 1.584238574218750000e+04 1.584733534936645083e+04
1.910793877081014216e+02 1.585334082031250000e+04 1.584735880436368825e+04
1.910998208466917276e+02 1.585122363281250000e+04 1.584738957669286174e+04
1.911202541850507259e+02 1.584169726562500000e+04 1.584742791087937803e+04
1.911406874232925475e+02 1.584247851562500000e+04 1.584747405043515755e+04
1.911611206615343690e+02 1.585059570312500000e+04 1.584752823954790438e+04
1.911815538993105292e+02 1.584792089843750000e+04 1.584759072223469775e+04
1.912019871370866895e+02 1.585268554687500000e+04 1.584766174251527445e+04
1.912224203739315271e+02 1.584753125000000000e+04 1.584774154440437997e+04
1.912428535111248493e+02 1.583861425781250000e+04 1.584783037146799506e+04
1.912632868480868638e+02 1.585299023437500000e+04 1.584792846909384753e+04
1.912837200844660401e+02 1.584179003906250000e+04 1.584803607992663456e+04
1.913041532211937010e+02 1.584845507812500000e+04 1.584815344784817353e+04
1.913245865572243929e+02 1.584438085937500000e+04 1.584828081866676257e+04
1.913450197931379080e+02 1.585534082031250000e+04 1.584841843460792006e+04
1.913654529289342463e+02 1.583856054687500000e+04 1.584856653953777095e+04
1.914063194994814694e+02 1.585186425781250000e+04 1.584889519693628608e+04
1.914267526343464851e+02 1.585134179687500000e+04 1.584907623502621573e+04
1.914471858693286777e+02 1.585174707031250000e+04 1.584926873978777076e+04
1.914676192039623857e+02 1.584989062500000000e+04 1.584947295540498999e+04
