8.205759381991811097e+02 9.488263671875000000e+03 9.488893571127951873e+03
8.205963725852780044e+02 9.489015625000000000e+03 9.488875438294850028e+03
8.206168068712577224e+02 9.479640625000000000e+03 9.488857381114601594e+03
8.206372410571202636e+02 9.481942382812500000e+03 9.488839399454247541e+03
8.206576754427514970e+02 9.489572265625000000e+03 9.488821492918586955e+03
8.206781097287312150e+02 9.499188476562500000e+03 9.488803661638692574e+03
8.206985439141280949e+02 9.482396484375000000e+03 9.488785905482420276e+03
8.207189782997593284e+02 9.487727539062500000e+03 9.488768224057064799e+03
8.207394125852733850e+02 9.487396484375000000e+03 9.488750617491210505e+03
8.207598467706702650e+02 9.487691406250000000e+03 9.488733085651898364e+03
8.207802811563014984e+02 9.491312500000000000e+03 9.488715628150133853e+03
8.208007154413498938e+02 9.475824218750000000e+03 9.488698245111592769e+03
8.208211496267467737e+02 9.489900390625000000e+03 9.488680936402535735e+03
8.208415840119123459e+02 9.496559570312500000e+03 9.488663701638026396e+03
8.208620182969607413e+02 9.496941406250000000e+03 9.488646540939682382e+03
8.208824525820091367e+02 9.478881835937500000e+03 9.488629454091023945e+03
8.209028868670575321e+02 9.509564453125000000e+03 9.488612440960190725e+03
8.209233211521059275e+02 9.488536132812500000e+03 9.488595501415327817e+03
8.209437554366886616e+02 9.498295898437500000e+03 9.488578635324965944e+03
8.209641897212713957e+02 9.486800781250000000e+03 9.488561842556853662e+03
8.209846240063197911e+02 9.483485351562500000e+03 9.488545122978757718e+03
8.210050582909025252e+02 9.490279296875000000e+03 9.488528476459583544e+03
8.210254925754852593e+02 9.482832031250000000e+03 9.488511902867092431e+03
8.210459268600679934e+02 9.484845703125000000e+03 9.488495402069427655e+03
8.210663611441850662e+02 9.501014648437500000e+03 9.488478973935099930e+03
8.210867954287678003e+02 9.488123046875000000e+03 9.488462618331512203e+03
8.211072297128848732e+02 9.485837890625000000e+03 9.488446335127548082e+03
8.211276640971191227e+02 9.497191406250000000e+03 9.488430124111730038e+03
8.211480982815846801e+02 9.489038085937500000e+03 9.488413985389579466e+03
8.211685326653532684e+02 9.489375976562500000e+03 9.488397918514052435e+03
8.211889669494703412e+02 9.500145507812500000e+03 9.488381923588876816e+03
8.212094011334702373e+02 9.497714843750000000e+03 9.488366000481504670e+03
8.212502698008902371e+02 9.491099609375000000e+03 9.488334368726425964e+03
8.212707039848901331e+02 9.490043945312500000e+03 9.488318660046756122e+03
8.212911383686587214e+02 9.490826171875000000e+03 9.488303022426400275e+03
8.213115726523101330e+02 9.479267578125000000e+03 9.488287455963512912e+03
8.213320068353787065e+02 9.482428710937500000e+03 9.488271960525544273e+03
8.213524412191472948e+02 9.487064453125000000e+03 9.488256535752690979e+03
8.213728755023330450e+02 9.497081054687500000e+03 9.488241181741041146e+03
8.213933098856359720e+02 9.490867187500000000e+03 9.488225898207929276e+03
8.214137440691702068e+02 9.491012695312500000e+03 9.488210685245278000e+03
8.214341783523559570e+02 9.486625000000000000e+03 9.488195542497796851e+03
8.214546126355417073e+02 9.489251953125000000e+03 9.488180469907994848e+03
8.214750469182617962e+02 9.488850585937500000e+03 9.488165467344348144e+03
8.214954812014475465e+02 9.484791015625000000e+03 9.488150534674325172e+03
8.215159154841676354e+02 9.486525390625000000e+03 9.488135671766744053e+03
8.215363497668877244e+02 9.489201171875000000e+03 9.488120878489404276e+03
8.215567840496078134e+02 9.483266601562500000e+03 9.488106154710458213e+03
8.215772183323279023e+02 9.495755859375000000e+03 9.488091500298036408e+03
8.215976526150479913e+02 9.486277343750000000e+03 9.488076915120291233e+03
8.216180868977680802e+02 9.484362304687500000e+03 9.488062399045365964e+03
8.216385212801396847e+02 9.491599609375000000e+03 9.488047951871110854e+03
8.216589554627425969e+02 9.480833007812500000e+03 9.488033573676864762e+03
8.216793898446485400e+02 9.481755859375000000e+03 9.488019264049951744e+03
8.216998241273686290e+02 9.490124023437500000e+03 9.488005023068053561e+03
8.217202583095058799e+02 9.485872070312500000e+03 9.487990850599278929e+03
8.217406926914118230e+02 9.491958007812500000e+03 9.487976746303957043e+03
8.217611269736662507e+02 9.493598632812500000e+03 9.487962710257397703e+03
8.217815611553378403e+02 9.482629882812500000e+03 9.487948742327384025e+03
8.218019955372437835e+02 9.488442382812500000e+03 9.487934842176928214e+03
8.218224298190325499e+02 9.487958007812500000e+03 9.487921009878982659e+03
8.218428640011698008e+02 9.486403320312500000e+03 9.487907245300380964e+03
8.218632983826100826e+02 9.483748046875000000e+03 9.487893548108388131e+03
8.218837326643988490e+02 9.488785156250000000e+03 9.487879918372025713e+03
8.219041668456047773e+02 9.484672851562500000e+03 9.487866355959064094e+03
8.219450355088338256e+02 9.487852539062500000e+03 9.487839432176991977e+03
8.219654698902741075e+02 9.487887695312500000e+03 9.487826070611741670e+03
8.219859040714800358e+02 9.492343750000000000e+03 9.487812775906471870e+03
8.220063383523374796e+02 9.491929687500000000e+03 9.487799547733728105e+03
8.220267727337777615e+02 9.488768554687500000e+03 9.487786385962028362e+03
8.220472069145180285e+02 9.491115234375000000e+03 9.487773290653083677e+03
8.220676411958411336e+02 9.489660156250000000e+03 9.487760261481473208e+03
8.220880755768157542e+02 9.482718750000000000e+03 9.487747298316900924e+03
8.221085098572075367e+02 9.489709960937500000e+03 9.487734401154535590e+03
8.221289440379478037e+02 9.492538085937500000e+03 9.487721569860963427e+03
8.221493784189224243e+02 9.483942382812500000e+03 9.487708804116500687e+03
8.221698126993142068e+02 9.489180664062500000e+03 9.487696103977701569e+03
8.221902469801716506e+02 9.486392578125000000e+03 9.487683469249419431e+03
8.222106812605634332e+02 9.485259765625000000e+03 9.487670899800375992e+03
8.222311154408380389e+02 9.488363281250000000e+03 9.487658395559534256e+03
8.222515498213469982e+02 9.496444335937500000e+03 9.487645956211716111e+03
8.222719841012731194e+02 9.490825195312500000e+03 9.487633581808662711e+03
8.222924182815477252e+02 9.479782226562500000e+03 9.487621272217002115e+03
8.223128526615910232e+02 9.492207031250000000e+03 9.487609027124979548e+03
8.223332869419828057e+02 9.486132812500000000e+03 9.487596846580639976e+03
8.223537211217917502e+02 9.484249023437500000e+03 9.487584730451730138e+03
8.223741555018350482e+02 9.485789062500000000e+03 9.487572678428505242e+03
8.223945897812955081e+02 9.492451171875000000e+03 9.487560690556989357e+03
8.224150239611044526e+02 9.490500976562500000e+03 9.487548766703843285e+03
8.224354583406820893e+02 9.493282226562500000e+03 9.487536906562962031e+03
8.224558926201425493e+02 9.489152343750000000e+03 9.487525110177002716e+03
8.224763269997201860e+02 9.485259765625000000e+03 9.487513377298517298e+03
8.224967611790634692e+02 9.493143554687500000e+03 9.487501707967641778e+03
8.225171954585239291e+02 9.488936523437500000e+03 9.487490101880526709e+03
8.225376298381015658e+02 9.488594726562500000e+03 9.487478558906248509e+03
8.225580640174448490e+02 9.496782226562500000e+03 9.487467079082141936e+03
8.225784982964396477e+02 9.493919921875000000e+03 9.487455662107418902e+03
8.225989326755516231e+02 9.482811523437500000e+03 9.487444307850877522e+03
8.226193669545464218e+02 9.487907226562500000e+03 9.487433016291925014e+03
8.226398011334240437e+02 9.490904296875000000e+03 9.487421787297782430e+03
8.226602355120703578e+02 9.488465820312500000e+03 9.487410620572252810e+03
8.226806697910651565e+02 9.479716796875000000e+03 9.487399516147565009e+03
8.227011039694771171e+02 9.495722656250000000e+03 9.487388473891453032e+03
8.227215383481234312e+02 9.484488281250000000e+03 9.487377493509959095e+03
8.227419726266525686e+02 9.482747070312500000e+03 9.487366575033072877e+03
8.227624070052988827e+02 9.491870117187500000e+03 9.487355718221944699e+03
8.227828411837108433e+02 9.487027343750000000e+03 9.487344923103850306e+03
8.228032754622399807e+02 9.489973632812500000e+03 9.487334189387798688e+03
8.228237098404206336e+02 9.505813476562500000e+03 9.487323516943080904e+03
8.228441440183669329e+02 9.491324218750000000e+03 9.487312905794015023e+03
8.228645781967788935e+02 9.482039062500000000e+03 9.487302355703628564e+03
8.228850125744938850e+02 9.490320312500000000e+03 9.487291866438295983e+03
8.229054468525573611e+02 9.486186523437500000e+03 9.487281438020065252e+03
8.229258810305036604e+02 9.489657226562500000e+03 9.487271070316424812e+03
8.229463154082186520e+02 9.481684570312500000e+03 9.487260763043814222e+03
8.229667496858164668e+02 9.480114257812500000e+03 9.487250516222076840e+03
8.229871840635314584e+02 9.487128906250000000e+03 9.487240329618951364e+03
8.230076182410120964e+02 9.483568359375000000e+03 9.487230203251861894e+03
8.230280525186099112e+02 9.485444335937500000e+03 9.487220136839669067e+03
8.230484868963249028e+02 9.488517578125000000e+03 9.487210130251398368e+03
8.230689210733398795e+02 9.489151367187500000e+03 9.487200183502056461e+03
8.230893553509376943e+02 9.479750000000000000e+03 9.487190296312692226e+03
8.231097897281870246e+02 9.487833007812500000e+03 9.487180468552778621e+03
8.231302240048535168e+02 9.483031250000000000e+03 9.487170700186752583e+03
8.231506581823341548e+02 9.486478515625000000e+03 9.487160991081222164e+03
8.231710925591178238e+02 9.486743164062500000e+03 9.487151340962935137e+03
8.231915268362499774e+02 9.482858398437500000e+03 9.487141749841657656e+03
8.232119610127992928e+02 9.485475585937500000e+03 9.487132217585092803e+03
8.232323953895829618e+02 9.481814453125000000e+03 9.487122743921494475e+03
8.232528296662494540e+02 9.495134765625000000e+03 9.487113328858682507e+03
8.232732640430331230e+02 9.493429687500000000e+03 9.487103972172542854e+03
8.232936982191167772e+02 9.484181640625000000e+03 9.487094673868527025e+03
8.233141324957832694e+02 9.484824218750000000e+03 9.487085433677249966e+03
8.233345668721012771e+02 9.482565429687500000e+03 9.487076251468135524e+03
8.233550010481849313e+02 9.489849609375000000e+03 9.487067127243653886e+03
8.233754353243857622e+02 9.483861328125000000e+03 9.487058060737410415e+03
8.233958697007037699e+02 9.490420898437500000e+03 9.487049051818394219e+03
8.234163038767874241e+02 9.491078125000000000e+03 9.487040100486741721e+03
8.234367381525225937e+02 9.492288085937500000e+03 9.487031206478804961e+03
8.234571725288406014e+02 9.489784179687500000e+03 9.487022369663165591e+03
8.234776067044585943e+02 9.494371093750000000e+03 9.487013590037837275e+03
8.234980409801937640e+02 9.484710937500000000e+03 9.487004867341292993e+03
8.235184752559289336e+02 9.485621093750000000e+03 9.486996201484827907e+03
8.235389095316641033e+02 9.481145507812500000e+03 9.486987592336592570e+03
8.235593439070507884e+02 9.485682617187500000e+03 9.486979039723155438e+03
8.235797780822031200e+02 9.488932617187500000e+03 9.486970543637755327e+03
8.236002123579382896e+02 9.486851562500000000e+03 9.486962103823052530e+03
8.236206467328593135e+02 9.489942382812500000e+03 9.486953720148590946e+03
8.236410810081288218e+02 9.480507812500000000e+03 9.486945392564088252e+03
8.236615151832811534e+02 9.489453125000000000e+03 9.486937120937058353e+03
8.236819495582021773e+02 9.493406250000000000e+03 9.486928905014658085e+03
8.237023838334716856e+02 9.481269531250000000e+03 9.486920744785831630e+03
8.237228180081583560e+02 9.484908203125000000e+03 9.486912640118269337e+03
8.237432523830793798e+02 9.492055664062500000e+03 9.486904590761216241e+03
8.237636866578832269e+02 9.489750976562500000e+03 9.486896596701531962e+03
8.237841208325698972e+02 9.489462890625000000e+03 9.486888657806543051e+03
8.238045552070252597e+02 9.485139648437500000e+03 9.486880773828297606e+03
8.238249894813634455e+02 9.487519531250000000e+03 9.486872944751034083e+03
8.238454238558188081e+02 9.489604492187500000e+03 9.486865170366179882e+03
8.238658580305054784e+02 9.478663085937500000e+03 9.486857450655572393e+03
8.238862923043780029e+02 9.485429687500000000e+03 9.486849785374010025e+03
8.239067266788333654e+02 9.493762695312500000e+03 9.486842174389910724e+03
8.239271608530543745e+02 9.485841796875000000e+03 9.486834617683063698e+03
8.239475951269268990e+02 9.484400390625000000e+03 9.486827115010313719e+03
8.239680295009166002e+02 9.486771484375000000e+03 9.486819666240422521e+03
8.239884636746719480e+02 9.486826171875000000e+03 9.486812271350621813e+03
8.240088979485444725e+02 9.473798828125000000e+03 9.486804930099966441e+03
8.240293323220685124e+02 9.485833984375000000e+03 9.486797642357556470e+03
8.240497664958238602e+02 9.485806640625000000e+03 9.486790408097924228e+03
8.240702007692307234e+02 9.479842773437500000e+03 9.486783227082820304e+03
8.240906351427547634e+02 9.480398437500000000e+03 9.486776099180999154e+03
8.241110694161616266e+02 9.477406250000000000e+03 9.486769024330456887e+03
8.241315036895684898e+02 9.479649414062500000e+03 9.486762002364279397e+03
8.241519379629753530e+02 9.484714843750000000e+03 9.486755033150608142e+03
8.241723722359165549e+02 9.486464843750000000e+03 9.486748116557748290e+03
8.241928065088577569e+02 9.480184570312500000e+03 9.486741252453681227e+03
8.242132407822646201e+02 9.488931640625000000e+03 9.486734440706393798e+03
8.242336750547401607e+02 9.482223632812500000e+03 9.486727681184494941e+03
8.242541093276813626e+02 9.487384765625000000e+03 9.486720973755665909e+03
8.242745436006225646e+02 9.477974609375000000e+03 9.486714318288200957e+03
8.242949777734465897e+02 9.491392578125000000e+03 9.486707714682474034e+03
8.243154121455736458e+02 9.481515625000000000e+03 9.486701162710240169e+03
8.243358464185148478e+02 9.489958984375000000e+03 9.486694662335728935e+03
8.243562807906419039e+02 9.488100585937500000e+03 9.486688213363981049e+03
8.243767149630002677e+02 9.475894531250000000e+03 9.486681815757106961e+03
8.243971492354758084e+02 9.484446289062500000e+03 9.486675469288982640e+03
8.244175836076028645e+02 9.485438476562500000e+03 9.486669173828649946e+03
8.244380177794955671e+02 9.489057617187500000e+03 9.486662929336260277e+03
8.244584520515054464e+02 9.491207031250000000e+03 9.486656735587803269e+03
8.244788864236325026e+02 9.480435546875000000e+03 9.486650592452166165e+03
8.244993205955252051e+02 9.489948242187500000e+03 9.486644499887412167e+03
8.245197548675350845e+02 9.488596679687500000e+03 9.486638457671766446e+03
8.245401892391964793e+02 9.492958007812500000e+03 9.486632465674247214e+03
8.245606234106235206e+02 9.486187500000000000e+03 9.486626523850560261e+03
8.245810576821677387e+02 9.485442382812500000e+03 9.486620631981142651e+03
8.246014920538291335e+02 9.481639648437500000e+03 9.486614789934879809e+03
8.246219263249076903e+02 9.486976562500000000e+03 9.486608997637285938e+03
8.246423605964519083e+02 9.492259765625000000e+03 9.486603254927496891e+03
8.246627948675304651e+02 9.481955078125000000e+03 9.486597561673916061e+03
8.246832291386090219e+02 9.492337890625000000e+03 9.486591917744553939e+03
8.247036634096875787e+02 9.478128906250000000e+03 9.486586323007562896e+03
8.247240976807661355e+02 9.492493164062500000e+03 9.486580777331077115e+03
8.247445319518446922e+02 9.486479492187500000e+03 9.486575280583239874e+03
8.247649662224575877e+02 9.487489257812500000e+03 9.486569832632321777e+03
8.247854004930704832e+02 9.486830078125000000e+03 9.486564433346340593e+03
8.248058347636833787e+02 9.496369140625000000e+03 9.486559082593437779e+03
8.248262690342962742e+02 9.488259765625000000e+03 9.486553780241756613e+03
8.248467033049091697e+02 9.483149414062500000e+03 9.486548526159438552e+03
8.248671375755220652e+02 9.479426757812500000e+03 9.486543320214634150e+03
8.248875718456692994e+02 9.492501953125000000e+03 9.486538162275595823e+03
8.249284404860809445e+02 9.480337890625000000e+03 9.486527989862355753e+03
8.249488746561110020e+02 9.489460937500000000e+03 9.486522975173813393e+03
8.249693089262582362e+02 9.484441406250000000e+03 9.486518007938808296e+03
8.249897432960569859e+02 9.480657226562500000e+03 9.486513088026287733e+03
8.250101774656213820e+02 9.479772460937500000e+03 9.486508215376257795e+03
8.250306117357686162e+02 9.484689453125000000e+03 9.486503389784780666e+03
8.250510461051017046e+02 9.478088867187500000e+03 9.486498611121014619e+03
8.250714802746661007e+02 9.490225585937500000e+03 9.486493879322675639e+03
8.250919145443476737e+02 9.488633789062500000e+03 9.486489194188117835e+03
8.251123489136807621e+02 9.489248046875000000e+03 9.486484555586277565e+03
8.251327830832451582e+02 9.476564453125000000e+03 9.486479963452922675e+03
8.251532173524610698e+02 9.488250976562500000e+03 9.486475417588568234e+03
8.251736517213284969e+02 9.478891601562500000e+03 9.486470917862036003e+03
8.251940859905444086e+02 9.491485351562500000e+03 9.486466464185356017e+03
8.252145202597603202e+02 9.487900390625000000e+03 9.486462056404612667e+03
8.252349545285105705e+02 9.490594726562500000e+03 9.486457694388045638e+03
8.252553887972608209e+02 9.491583007812500000e+03 9.486453378003705438e+03
8.252758231661282480e+02 9.487516601562500000e+03 9.486449107098917011e+03
8.252962573347613215e+02 9.478888671875000000e+03 9.486444881604264083e+03
8.253166916035115719e+02 9.483848632812500000e+03 9.486440701325449481e+03
8.253371259719133377e+02 9.482016601562500000e+03 9.486436566131375002e+03
8.253575601400807500e+02 9.478999023437500000e+03 9.486432475950539811e+03
8.253779944083653390e+02 9.489318359375000000e+03 9.486428430590633070e+03
8.253984287767671049e+02 9.484708984375000000e+03 9.486424429920456532e+03
8.254188629449345171e+02 9.487857421875000000e+03 9.486420473866632165e+03
8.254392972132191062e+02 9.483537109375000000e+03 9.486416562238826373e+03
8.254597314810380340e+02 9.486412109375000000e+03 9.486412694924763855e+03
8.254801657488569617e+02 9.489340820312500000e+03 9.486408871792493301e+03
8.255006001167930663e+02 9.496106445312500000e+03 9.486405092691755272e+03
8.255210342844948173e+02 9.492069335937500000e+03 9.486401357545915744e+03
8.255414685523137450e+02 9.489875976562500000e+03 9.486397666167893476e+03
8.255619029197841883e+02 9.487725585937500000e+03 9.486394018426555704e+03
8.255823370874859393e+02 9.486458984375000000e+03 9.486390414243176565e+03
8.256027713548392057e+02 9.485594726562500000e+03 9.486386853432770295e+03
8.256232057218439877e+02 9.490649414062500000e+03 9.486383335864109540e+03
8.256436398890800774e+02 9.486284179687500000e+03 9.486379861456565777e+03
8.256640741564333439e+02 9.479850585937500000e+03 9.486376430026977687e+03
8.256845085234381258e+02 9.479980468750000000e+03 9.486373041444196133e+03
8.257049427903257310e+02 9.484224609375000000e+03 9.486369695609488190e+03
8.257253769570961595e+02 9.480825195312500000e+03 9.486366392390369583e+03
8.257458113241009414e+02 9.489623046875000000e+03 9.486363131606745810e+03
8.257662455909885466e+02 9.477659179687500000e+03 9.486359913175001566e+03
8.257866798574104905e+02 9.485601562500000000e+03 9.486356736947269383e+03
8.258071141238324344e+02 9.490202148437500000e+03 9.486353602791619778e+03
8.258275483902543783e+02 9.488460937500000000e+03 9.486350510576194210e+03
8.258479827567934990e+02 9.482417968750000000e+03 9.486347460154294822e+03
8.258684169230982661e+02 9.480408203125000000e+03 9.486344451438595570e+03
8.258888511895202100e+02 9.487404296875000000e+03 9.486341484252707232e+03
8.259092855555936694e+02 9.485052734375000000e+03 9.486338558465457027e+03
8.259297197214327753e+02 9.492799804687500000e+03 9.486335673987607152e+03
8.259501539873890579e+02 9.491751953125000000e+03 9.486332830644612841e+03
8.259705883534625173e+02 9.493138671875000000e+03 9.486330028305214000e+03
8.259910225193016231e+02 9.482282226562500000e+03 9.486327266878446608e+03
8.260114568849094212e+02 9.487215820312500000e+03 9.486324546178395394e+03
8.260318911504000425e+02 9.482693359375000000e+03 9.486321866113426950e+03
8.260523253162391484e+02 9.488756835937500000e+03 9.486319226551035172e+03
8.260727596813812852e+02 9.489228515625000000e+03 9.486316627321031774e+03
8.260931939468719065e+02 9.482954101562500000e+03 9.486314068329891597e+03
8.261136282118968666e+02 9.478916015625000000e+03 9.486311549433037726e+03
8.261340624773874879e+02 9.490979492187500000e+03 9.486309070498498841e+03
8.261544967424124479e+02 9.482893554687500000e+03 9.486306631394527358e+03
8.261749310074374080e+02 9.484375976562500000e+03 9.486304231989215623e+03
8.261953652724623680e+02 9.480280273437500000e+03 9.486301872150703275e+03
8.262157995370216668e+02 9.488860351562500000e+03 9.486299551747186342e+03
8.262362337019294500e+02 9.491158203125000000e+03 9.486297270657789340e+03
8.262566680666059256e+02 9.492218750000000000e+03 9.486295028717508103e+03
8.262771023311652243e+02 9.488208007812500000e+03 9.486292825827680645e+03
8.262975365957245231e+02 9.489705078125000000e+03 9.486290661845368959e+03
8.263179708598181605e+02 9.487898437500000000e+03 9.486288536638765436e+03
8.263384051243774593e+02 9.483435546875000000e+03 9.486286450075915127e+03
8.263588394885882735e+02 9.485163085937500000e+03 9.486284402015116939e+03
8.263792736525647342e+02 9.484950195312500000e+03 9.486282392354287367e+03
8.263997079166583717e+02 9.484026367187500000e+03 9.486280420931750996e+03
8.264201422808691859e+02 9.488720703125000000e+03 9.486278487616207713e+03
8.264405764443799853e+02 9.487771484375000000e+03 9.486276592303984216e+03
8.264610107084736228e+02 9.485324218750000000e+03 9.486274734834996707e+03
8.264814450722187757e+02 9.479771484375000000e+03 9.486272915078036021e+03
8.265018792357295752e+02 9.497366210937500000e+03 9.486271132927666258e+03
8.265223134993575513e+02 9.483600585937500000e+03 9.486269388225562579e+03
8.265427478626370430e+02 9.481901367187500000e+03 9.486267680840459434e+03
8.265631820261478424e+02 9.483144531250000000e+03 9.486266010665240174e+03
8.265836163894273341e+02 9.487145507812500000e+03 9.486264377535393578e+03
8.266040506525896490e+02 9.480768554687500000e+03 9.486262781343300958e+03
8.266244848156347871e+02 9.486799804687500000e+03 9.486261221956563531e+03
8.266449191784486175e+02 9.483744140625000000e+03 9.486259699220707262e+03
8.266653534416109324e+02 9.491115234375000000e+03 9.486258213026458179e+03
8.266857877043075860e+02 9.481664062500000000e+03 9.486256763234478058e+03
8.267062219670042396e+02 9.478164062500000000e+03 9.486255349712875613e+03
8.267266562297008932e+02 9.485006835937500000e+03 9.486253972329792305e+03
8.267470904923975468e+02 9.485649414062500000e+03 9.486252630953373227e+03
8.267675247546285391e+02 9.495940429687500000e+03 9.486251325451790763e+03
8.267879590168595314e+02 9.491404296875000000e+03 9.486250055693157265e+03
8.268083932790905237e+02 9.487178710937500000e+03 9.486248821545617830e+03
8.268288275413215160e+02 9.484975585937500000e+03 9.486247622877315735e+03
8.268492618035525084e+02 9.489345703125000000e+03 9.486246459556390619e+03
8.268696961659006774e+02 9.485901367187500000e+03 9.486245331445545162e+03
8.268901303275488317e+02 9.485013671875000000e+03 9.486244238429277175e+03
8.269105645893141627e+02 9.495674804687500000e+03 9.486243180359375401e+03
8.269309989511966705e+02 9.489656250000000000e+03 9.486242157104496073e+03
8.269514331128448248e+02 9.486476562500000000e+03 9.486241168547569032e+03
8.269718673746101558e+02 9.479962890625000000e+03 9.486240214541952810e+03
8.269923017360270023e+02 9.486442382812500000e+03 9.486239294956318190e+03
8.270127358972094953e+02 9.488799804687500000e+03 9.486238409672050693e+03
8.270331701585091650e+02 9.483792968750000000e+03 9.486237558544029525e+03
8.270536045199260116e+02 9.483931640625000000e+03 9.486236741440900005e+03
8.270740386811085045e+02 9.489714843750000000e+03 9.486235958242563356e+03
8.270944729419425130e+02 9.484329101562500000e+03 9.486235208805421280e+03
8.271149073028936982e+02 9.499649414062500000e+03 9.486234492998097267e+03
8.271353414636105299e+02 9.490451171875000000e+03 9.486233810699006426e+03
8.271557758245617151e+02 9.486408203125000000e+03 9.486233161762917007e+03
8.271762100853957236e+02 9.482150390625000000e+03 9.486232546067758449e+03
8.271966443457640707e+02 9.482364257812500000e+03 9.486231963478430771e+03
8.272170786065980792e+02 9.488283203125000000e+03 9.486231413863040871e+03
8.272375128669664264e+02 9.485539062500000000e+03 9.486230897089764767e+03
8.272579471273347735e+02 9.479700195312500000e+03 9.486230413026733004e+03
8.272783813872374594e+02 9.479781250000000000e+03 9.486229961542092497e+03
8.272988156476058066e+02 9.479991210937500000e+03 9.486229542503973789e+03
8.273192499075084925e+02 9.486354492187500000e+03 9.486229155780536530e+03
8.273396842675283551e+02 9.480539062500000000e+03 9.486228801238255983e+03
8.273601184273138642e+02 9.493027343750000000e+03 9.486228478750246722e+03
8.273805526872165501e+02 9.489129882812500000e+03 9.486228188179684366e+03
8.274009870467707515e+02 9.480760742187500000e+03 9.486227929395181491e+03
8.274214212065562606e+02 9.488762695312500000e+03 9.486227702268442954e+03
8.274418555661104620e+02 9.487223632812500000e+03 9.486227506663170061e+03
8.274622898255474865e+02 9.487056640625000000e+03 9.486227342450602009e+03
8.274827239844016731e+02 9.481701171875000000e+03 9.486227209498432785e+03
8.275031583439558744e+02 9.484050781250000000e+03 9.486227107673072169e+03
8.275235925028100610e+02 9.484614257812500000e+03 9.486227036844660688e+03
8.275440267622470856e+02 9.488333984375000000e+03 9.486226996880071965e+03
8.275644611208699644e+02 9.486060546875000000e+03 9.486226987647907663e+03
8.275848952797241509e+02 9.490898437500000000e+03 9.486227009016216471e+03
8.276053295386955142e+02 9.485666992187500000e+03 9.486227060853230796e+03
8.276257638973183930e+02 9.487500000000000000e+03 9.486227143027543207e+03
8.276461980561725795e+02 9.492431640625000000e+03 9.486227255405867254e+03
8.276666323146782815e+02 9.483054687500000000e+03 9.486227397857772303e+03
8.276870666728354990e+02 9.492663085937500000e+03 9.486227570251841826e+03
8.277075009313412011e+02 9.487085937500000000e+03 9.486227772454538353e+03
8.277279351893812418e+02 9.489673828125000000e+03 9.486228004334765501e+03
8.277483694474212825e+02 9.498667968750000000e+03 9.486228265760668364e+03
8.277688037054613233e+02 9.484047851562500000e+03 9.486228556600399315e+03
8.277892379635013640e+02 9.493632812500000000e+03 9.486228876722092537e+03
8.278096722215414047e+02 9.482979492187500000e+03 9.486229225993894943e+03
8.278301064791157842e+02 9.485639648437500000e+03 9.486229604283944354e+03
8.278505407366901636e+02 9.496874023437500000e+03 9.486230011460387686e+03
8.278709749942645431e+02 9.484715820312500000e+03 9.486230447391368216e+03
8.279118436090648174e+02 9.485909179687500000e+03 9.486231404991998716e+03
8.279322777665220201e+02 9.485031250000000000e+03 9.486231926392973037e+03
8.279527120236307383e+02 9.481668945312500000e+03 9.486232476023533309e+03
8.279731463808566332e+02 9.490478515625000000e+03 9.486233053752248452e+03
8.279935805378481746e+02 9.501605468750000000e+03 9.486233659438561517e+03
8.280140148950740695e+02 9.493758789062500000e+03 9.486234292962491963e+03
8.280344491517171264e+02 9.476560546875000000e+03 9.486234954183055379e+03
8.280548833087086678e+02 9.484881835937500000e+03 9.486235642968018510e+03
8.280753176650032401e+02 9.484496093750000000e+03 9.486236359195809200e+03
8.280957519216462970e+02 9.490925781250000000e+03 9.486237102724284341e+03
8.281161860781721771e+02 9.488208007812500000e+03 9.486237873421177937e+03
8.281366204344667494e+02 9.484654296875000000e+03 9.486238671166138374e+03
8.281570546906441450e+02 9.499168945312500000e+03 9.486239495815803821e+03
8.281774888467043638e+02 9.504987304687500000e+03 9.486240347237915557e+03
8.281979232029989362e+02 9.493440429687500000e+03 9.486241225313337054e+03
8.282183573590591550e+02 9.491417968750000000e+03 9.486242129892998491e+03
8.282387917148880661e+02 9.483514648437500000e+03 9.486243060862751008e+03
8.282592259705998003e+02 9.479897460937500000e+03 9.486244018077266446e+03
8.282796602263115346e+02 9.494184570312500000e+03 9.486245001409188262e+03
8.283000944820232689e+02 9.498680664062500000e+03 9.486246010726656095e+03
8.283205287377350032e+02 9.487159179687500000e+03 9.486247045897816861e+03
8.283409629929810762e+02 9.475059570312500000e+03 9.486248106790786551e+03
8.283613973483443260e+02 9.477059570312500000e+03 9.486249193279125393e+03
8.283818315034732223e+02 9.479016601562500000e+03 9.486250305214809487e+03
8.284022657587192953e+02 9.476067382812500000e+03 9.486251442482145649e+03
8.284227001136168838e+02 9.474948242187500000e+03 9.486252604949620945e+03
8.284431342687457800e+02 9.485083984375000000e+03 9.486253792468161919e+03
8.284635685235261917e+02 9.485158203125000000e+03 9.486255004923126762e+03
8.284840028784237802e+02 9.483134765625000000e+03 9.486256242183051654e+03
8.285044370330870152e+02 9.483875000000000000e+03 9.486257504097713536e+03
8.285248713879846036e+02 9.483337890625000000e+03 9.486258790559986664e+03
8.285453056422993541e+02 9.492917968750000000e+03 9.486260101419255079e+03
8.285657397964969277e+02 9.487124023437500000e+03 9.486261436543331001e+03
8.285861741509288549e+02 9.482706054687500000e+03 9.486262795820166502e+03
8.286066084052436054e+02 9.478512695312500000e+03 9.486264179098097884e+03
8.286270425594411790e+02 9.487975585937500000e+03 9.486265586244917358e+03
8.286474769134074450e+02 9.483121093750000000e+03 9.486267017149597450e+03
8.286679111672565341e+02 9.482366210937500000e+03 9.486268471659450370e+03
8.286883453209884465e+02 9.485903320312500000e+03 9.486269949642277425e+03
8.287087796749547124e+02 9.484704101562500000e+03 9.486271450988117067e+03
8.287292139283381402e+02 9.491058593750000000e+03 9.486272975543181019e+03
8.287496481817215681e+02 9.490431640625000000e+03 9.486274523182948542e+03
8.287700824351049960e+02 9.487495117187500000e+03 9.486276093775557456e+03
8.287905166889540851e+02 9.485582031250000000e+03 9.486277687189194694e+03
8.288109509418718517e+02 9.496074218750000000e+03 9.486279303291888937e+03
8.288313851952552795e+02 9.488487304687500000e+03 9.486280941951899877e+03
8.288518194481730461e+02 9.488556640625000000e+03 9.486282603037285298e+03
8.288722537010908127e+02 9.489996093750000000e+03 9.486284286416237592e+03
8.288926879540085793e+02 9.487175781250000000e+03 9.486285991956894577e+03
8.289131222069263458e+02 9.488947265625000000e+03 9.486287719527401350e+03
8.289335565594956279e+02 9.488478515625000000e+03 9.486289469004484999e+03
8.289539907122962177e+02 9.487706054687500000e+03 9.486291240230497351e+03
8.289744249647483230e+02 9.489854492187500000e+03 9.486293033099373133e+03
8.289948593168519437e+02 9.486252929687500000e+03 9.486294847479570308e+03
8.290152934691868722e+02 9.489873046875000000e+03 9.486296683212493008e+03
8.290357277216389775e+02 9.484042968750000000e+03 9.486298540193067311e+03
8.290561620737425983e+02 9.493076171875000000e+03 9.486300418289705704e+03
8.290765962256118655e+02 9.485827148437500000e+03 9.486302317342835522e+03
8.290970305772498250e+02 9.482028320312500000e+03 9.486304237257769273e+03
8.291174648292362690e+02 9.481806640625000000e+03 9.486306177874677815e+03
8.291378989811055362e+02 9.487816406250000000e+03 9.486308139061351540e+03
8.291583333327434957e+02 9.494560546875000000e+03 9.486310120714872028e+03
8.291787675842642784e+02 9.490959960937500000e+03 9.486312122674440616e+03
8.291992018353193998e+02 9.489854492187500000e+03 9.486314144817824854e+03
8.292196360868401825e+02 9.490174804687500000e+03 9.486316187013253511e+03
8.292400703378953040e+02 9.482929687500000000e+03 9.486318249128782554e+03
8.292605045894160867e+02 9.488252929687500000e+03 9.486320331032642571e+03
8.292809388404712081e+02 9.484462890625000000e+03 9.486322432592889527e+03
8.293013730910606682e+02 9.486591796875000000e+03 9.486324553677661243e+03
8.293218074422329664e+02 9.486624023437500000e+03 9.486326694165732988e+03
8.293422416928224266e+02 9.484182617187500000e+03 9.486328853904175048e+03
8.293626758432947099e+02 9.484618164062500000e+03 9.486331032760903327e+03
8.293831101940013468e+02 9.487024414062500000e+03 9.486333230636220833e+03
8.294035444445908070e+02 9.488088867187500000e+03 9.486335447366109292e+03
8.294239785950630903e+02 9.488078125000000000e+03 9.486337682818433677e+03
8.294444129453040659e+02 9.480502929687500000e+03 9.486339936894280982e+03
8.294648470953106880e+02 9.491583007812500000e+03 9.486342209417671256e+03
8.294852813454344869e+02 9.476054687500000000e+03 9.486344500290020733e+03
8.295057156952098012e+02 9.485002929687500000e+03 9.486346809379681872e+03
8.295261498452164233e+02 9.488721679687500000e+03 9.486349136520833781e+03
8.295465840948745608e+02 9.485875976562500000e+03 9.486351481615585726e+03
8.295670184446498752e+02 9.485169921875000000e+03 9.486353844532399307e+03
8.295874525941908360e+02 9.483495117187500000e+03 9.486356225104555051e+03
8.296078869435004890e+02 9.489361328125000000e+03 9.486358623246796924e+03
8.296283211931586266e+02 9.482473632812500000e+03 9.486361038792252657e+03
8.296487553422339261e+02 9.486500000000000000e+03 9.486363471608710825e+03
8.296691896915435791e+02 9.486384765625000000e+03 9.486365921600247020e+03
8.296896239407360554e+02 9.479620117187500000e+03 9.486368388599121317e+03
8.297100580893456936e+02 9.487251953125000000e+03 9.486370872473173222e+03
8.297304924381896853e+02 9.487238281250000000e+03 9.486373373127236846e+03
8.297509266873821616e+02 9.485253906250000000e+03 9.486375890392875590e+03
8.297713609361089766e+02 9.477315429687500000e+03 9.486378424150330829e+03
8.297917951843701303e+02 9.484308593750000000e+03 9.486380974267747661e+03
8.298122294330969453e+02 9.486547851562500000e+03 9.486383540613385776e+03
8.298326636813580990e+02 9.485709960937500000e+03 9.486386123055270218e+03
8.298530979296192527e+02 9.490779296875000000e+03 9.486388721461604291e+03
8.298735321778804064e+02 9.485324218750000000e+03 9.486391335700529453e+03
8.298939665257930756e+02 9.487842773437500000e+03 9.486393965653054693e+03
8.299144007740542293e+02 9.488373046875000000e+03 9.486396611161671899e+03
8.299348349217325449e+02 9.487750976562500000e+03 9.486399272094178741e+03
8.299552692696452141e+02 9.489924804687500000e+03 9.486401948358001391e+03
8.299757035174407065e+02 9.481801757812500000e+03 9.486404639782058439e+03
8.299961376646533608e+02 9.486017578125000000e+03 9.486407346234209399e+03
8.300165720125660300e+02 9.493058593750000000e+03 9.486410067622613496e+03
8.300370062598958611e+02 9.491793945312500000e+03 9.486412803775399880e+03
8.300574404071085155e+02 9.484201171875000000e+03 9.486415554560557212e+03
8.300778747540898621e+02 9.487107421875000000e+03 9.486418319886706740e+03
8.300983090014196932e+02 9.492384765625000000e+03 9.486421099581575618e+03
8.301187431481666863e+02 9.491891601562500000e+03 9.486423893512976065e+03
8.301391774951480329e+02 9.486934570312500000e+03 9.486426701590280572e+03
8.301596117420122027e+02 9.487486328125000000e+03 9.486429523640461412e+03
8.301800459888763726e+02 9.490416992187500000e+03 9.486432359545389772e+03
8.302004802352748811e+02 9.484644531250000000e+03 9.486435209173145267e+03
8.302209143815562129e+02 9.490702148437500000e+03 9.486438072377872231e+03
8.302413487280718982e+02 9.491006835937500000e+03 9.486440949069896305e+03
8.302617829744704068e+02 9.480212890625000000e+03 9.486443839075182041e+03
8.302822172208689153e+02 9.526367187500000000e+03 9.486446742275931683e+03
8.303026514668017626e+02 9.487299804687500000e+03 9.486449658540223027e+03
8.303230857127346098e+02 9.481964843750000000e+03 9.486452587736263013e+03
8.303435199586674571e+02 9.486250976562500000e+03 9.486455529732200375e+03
8.303639542046003044e+02 9.486040039062500000e+03 9.486458484396178392e+03
8.303843884500674903e+02 9.485101562500000000e+03 9.486461451596269399e+03
8.304048226955346763e+02 9.486750976562500000e+03 9.486464431200682156e+03
8.304252570411190391e+02 9.485743164062500000e+03 9.486467423092261015e+03
8.304456911864690483e+02 9.490995117187500000e+03 9.486470427095071500e+03
8.304661255320534110e+02 9.483840820312500000e+03 9.486473443136135757e+03
8.304865597770549357e+02 9.481965820312500000e+03 9.486476471039282842e+03
8.305069939219392836e+02 9.487831054687500000e+03 9.486479510672550532e+03
8.305274282670579851e+02 9.486235351562500000e+03 9.486482561948851071e+03
8.305478625120595098e+02 9.491117187500000000e+03 9.486485624691558769e+03
8.305682966569438577e+02 9.497221679687500000e+03 9.486488698768655013e+03
8.305887310015968978e+02 9.483512695312500000e+03 9.486491784093475871e+03
8.306091652461327612e+02 9.487877929687500000e+03 9.486494880488970011e+03
8.306295993905514479e+02 9.491163085937500000e+03 9.486497987823120638e+03
8.306500337347388268e+02 9.497721679687500000e+03 9.486501106009751311e+03
8.306704679792746902e+02 9.479118164062500000e+03 9.486504234871394146e+03
8.306909023234620690e+02 9.488163085937500000e+03 9.486507374306711426e+03
8.307113364674150944e+02 9.485692382812500000e+03 9.486510524137691391e+03
8.307317707114852965e+02 9.485115234375000000e+03 9.486513684278706933e+03
8.307522049550898373e+02 9.491503906250000000e+03 9.486516854582416272e+03
8.307726391991600394e+02 9.487365234375000000e+03 9.486520034917110024e+03
8.307930734427645802e+02 9.486305664062500000e+03 9.486523225150787766e+03
8.308135076863691211e+02 9.487485351562500000e+03 9.486526425151663716e+03
8.308339419295080006e+02 9.483977539062500000e+03 9.486529634787810210e+03
8.308543761731125414e+02 9.492487304687500000e+03 9.486532853927516044e+03
8.308952446593903005e+02 9.488053710937500000e+03 9.486539320189816863e+03
8.309156789025291800e+02 9.486444335937500000e+03 9.486542567048771161e+03
8.309361131452023983e+02 9.481719726562500000e+03 9.486545822883716028e+03
8.309565473883412778e+02 9.486036132812500000e+03 9.486549087562936620e+03
8.309769817311316729e+02 9.485182617187500000e+03 9.486552360970494192e+03
8.309974159738048911e+02 9.484918945312500000e+03 9.486555642942526902e+03
8.310178501158952713e+02 9.492440429687500000e+03 9.486558933346976119e+03
8.310382844586856663e+02 9.489473632812500000e+03 9.486562232100564870e+03
8.310587187008932233e+02 9.474465820312500000e+03 9.486565539022860321e+03
8.310791528429836035e+02 9.493515625000000000e+03 9.486568853981960274e+03
8.310995871853083372e+02 9.486875000000000000e+03 9.486572176894798758e+03
8.311200214270502329e+02 9.487478515625000000e+03 9.486575507580651902e+03
8.311404555691406131e+02 9.495370117187500000e+03 9.486578845907702998e+03
8.311608899109996855e+02 9.483615234375000000e+03 9.486582191793073434e+03
8.311813241527415812e+02 9.488433593750000000e+03 9.486585545055851981e+03
8.312017582943663001e+02 9.487200195312500000e+03 9.486588905564076413e+03
8.312221926357597113e+02 9.486194335937500000e+03 9.486592273235268294e+03
8.312426268770359457e+02 9.489643554687500000e+03 9.486595647888192616e+03
8.312630612184293568e+02 9.491750000000000000e+03 9.486599029424061882e+03
8.312834953595884144e+02 9.480903320312500000e+03 9.486602417661266372e+03
8.313039296008646488e+02 9.489265625000000000e+03 9.486605812517707818e+03
8.313243639417923987e+02 9.490847656250000000e+03 9.486609213861542230e+03
8.313447982827201486e+02 9.479474609375000000e+03 9.486612621544372814e+03
8.313652325230650604e+02 9.492669921875000000e+03 9.486616035417529929e+03
8.313856668639928102e+02 9.497388671875000000e+03 9.486619455382753586e+03
8.314061011043377221e+02 9.487094726562500000e+03 9.486622881274524843e+03
8.314265352450311184e+02 9.486315429687500000e+03 9.486626312961059739e+03
8.314469695854932070e+02 9.484937500000000000e+03 9.486629750360820253e+03
8.314674038253724575e+02 9.486539062500000000e+03 9.486633193291476346e+03
8.314878379656001925e+02 9.485881835937500000e+03 9.486636641621242234e+03
8.315082723055966198e+02 9.485967773437500000e+03 9.486640095268830919e+03
8.315287065454758704e+02 9.486814453125000000e+03 9.486643554051737738e+03
8.315491408854722977e+02 9.493228515625000000e+03 9.486647017872004653e+03
8.315695750252343714e+02 9.484791992187500000e+03 9.486650486546819593e+03
8.315900091649964452e+02 9.483666992187500000e+03 9.486653959978248167e+03
8.316104435045272112e+02 9.484400390625000000e+03 9.486657438068463307e+03
8.316308777434751391e+02 9.486505859375000000e+03 9.486660920634512877e+03
8.316513118832372129e+02 9.483259765625000000e+03 9.486664407544725691e+03
8.316717462223023176e+02 9.484972656250000000e+03 9.486667898718202196e+03
8.316921804612502456e+02 9.486862304687500000e+03 9.486671393971961152e+03
8.317126146000809968e+02 9.483227539062500000e+03 9.486674893174091267e+03
8.317330489391461015e+02 9.485125976562500000e+03 9.486678396244198666e+03
8.317534831780940294e+02 9.481802734375000000e+03 9.486681902998960140e+03
8.317739173164591193e+02 9.481315429687500000e+03 9.486685413306389819e+03
8.317943516550585628e+02 9.490719726562500000e+03 9.486688927086335752e+03
8.318147858935408294e+02 9.493116210937500000e+03 9.486692444155316480e+03
8.318352202321402729e+02 9.491286132812500000e+03 9.486695964415939670e+03
8.318556543700397015e+02 9.486442382812500000e+03 9.486699487684501946e+03
8.318760886085219681e+02 9.489994140625000000e+03 9.486703013881076913e+03
8.318965229466557503e+02 9.480500976562500000e+03 9.486706542873684157e+03
8.319169571842066944e+02 9.485446289062500000e+03 9.486710074495887966e+03
8.319373913221061230e+02 9.483468750000000000e+03 9.486713608615958947e+03
8.319578256597742438e+02 9.491075195312500000e+03 9.486717145153841557e+03
8.319782598973251879e+02 9.492592773437500000e+03 9.486720683925796038e+03
8.319986940352246165e+02 9.483949218750000000e+03 9.486724224800012962e+03
8.320191283724270761e+02 9.488158203125000000e+03 9.486727767696458613e+03
8.320395626095123589e+02 9.489369140625000000e+03 9.486731312431378683e+03
8.320599967469461262e+02 9.482650390625000000e+03 9.486734858872965560e+03
8.320804310841485858e+02 9.489192382812500000e+03 9.486738406941345602e+03
8.321008653207682073e+02 9.486121093750000000e+03 9.486741956452522572e+03
8.321212996579706669e+02 9.489007812500000000e+03 9.486745507309580717e+03
8.321417337944731116e+02 9.493602539062500000e+03 9.486749059328303701e+03
8.321621680310927331e+02 9.486865234375000000e+03 9.486752612429114379e+03
8.321826023678295314e+02 9.487029296875000000e+03 9.486756166480172396e+03
8.322030365043319762e+02 9.480373046875000000e+03 9.486759721297379656e+03
8.322234707404859364e+02 9.483451171875000000e+03 9.486763276801038955e+03
8.322439049766398966e+02 9.483548828125000000e+03 9.486766832841964060e+03
8.322643392127938569e+02 9.488056640625000000e+03 9.486770389288298247e+03
8.322847734489478171e+02 9.494057617187500000e+03 9.486773946008184794e+03
8.323052076846361160e+02 9.487609375000000000e+03 9.486777502869686941e+03
8.323256419207900763e+02 9.479087890625000000e+03 9.486781059741108038e+03
8.323460761560127139e+02 9.486902343750000000e+03 9.486784616490356711e+03
8.323665103917010128e+02 9.488066406250000000e+03 9.486788172985810888e+03
8.323869446273893118e+02 9.488111328125000000e+03 9.486791729095539267e+03
8.324073789627291262e+02 9.488600585937500000e+03 9.486795284705018275e+03
8.324278131979517639e+02 9.485837890625000000e+03 9.486798839647643035e+03
8.324482473330572248e+02 9.489148437500000000e+03 9.486802393791555005e+03
8.324686816679313779e+02 9.483995117187500000e+03 9.486805947057056983e+03
8.324891159031540155e+02 9.488656250000000000e+03 9.486809499260220036e+03
8.325095500377938151e+02 9.476734375000000000e+03 9.486813050269043742e+03
8.325299843726679683e+02 9.485442382812500000e+03 9.486816600003936401e+03
8.325504186074249446e+02 9.484119140625000000e+03 9.486820148280858120e+03
8.325708527415990829e+02 9.481714843750000000e+03 9.486823694967892152e+03
8.325912870760075748e+02 9.484583007812500000e+03 9.486827239985386768e+03
8.326117213102988899e+02 9.486655273437500000e+03 9.486830783149363924e+03
8.326321554444730282e+02 9.478915039062500000e+03 9.486834324327996001e+03
8.326525897784158587e+02 9.475583984375000000e+03 9.486837863441378431e+03
8.326730240127071738e+02 9.478367187500000000e+03 9.486841400305786010e+03
8.326934583466500044e+02 9.478565429687500000e+03 9.486844934823857329e+03
8.327138924803584814e+02 9.477209960937500000e+03 9.486848466811883554e+03
8.327343267137184739e+02 9.481371093750000000e+03 9.486851996189856436e+03
8.327547610471956432e+02 9.488939453125000000e+03 9.486855522825966545e+03
8.327751951809041202e+02 9.494630859375000000e+03 9.486859046536623282e+03
8.327956294142641127e+02 9.487696289062500000e+03 9.486862567241621946e+03
8.328160637472756207e+02 9.485573242187500000e+03 9.486866084809060339e+03
8.328364978805184364e+02 9.494290039062500000e+03 9.486869599055571598e+03
8.328569321134127676e+02 9.487325195312500000e+03 9.486873109900810960e+03
8.328773664464242756e+02 9.494356445312500000e+03 9.486876617212954443e+03
8.328978006788529456e+02 9.488873046875000000e+03 9.486880120825695485e+03
8.329182348116301000e+02 9.489116210937500000e+03 9.486883620607395642e+03
8.329386690440587699e+02 9.483981445312500000e+03 9.486887116460335164e+03
8.329591032764874399e+02 9.480109375000000000e+03 9.486890608235575201e+03
8.329795376090332866e+02 9.481853515625000000e+03 9.486894095818342976e+03
8.329999718414619565e+02 9.488393554687500000e+03 9.486897579042606594e+03
8.330204059733077884e+02 9.492115234375000000e+03 9.486901057776491143e+03
8.330408403053879738e+02 9.484821289062500000e+03 9.486904531939322624e+03
8.330612745373509824e+02 9.481869140625000000e+03 9.486908001348147081e+03
8.330817086687311530e+02 9.488709960937500000e+03 9.486911465871098699e+03
8.331021430008113384e+02 9.484883789062500000e+03 9.486914925427367052e+03
8.331225772323086858e+02 9.484951171875000000e+03 9.486918379834050938e+03
8.331430113636888564e+02 9.486310546875000000e+03 9.486921828959448248e+03
8.331634456948377192e+02 9.486402343750000000e+03 9.486925272722284717e+03
8.331838799263350666e+02 9.485711914062500000e+03 9.486928710940201199e+03
8.332043142574839294e+02 9.489110351562500000e+03 9.486932143514877680e+03
8.332247483883984387e+02 9.484216796875000000e+03 9.486935570264126000e+03
8.332451826194301248e+02 9.481804687500000000e+03 9.486938991106495450e+03
8.332656169501133263e+02 9.485329101562500000e+03 9.486942405909971058e+03
8.332860510805621743e+02 9.495275390625000000e+03 9.486945814492622958e+03
8.333064853111281991e+02 9.487201171875000000e+03 9.486949216772745785e+03
8.333269196418114007e+02 9.497256835937500000e+03 9.486952612618388230e+03
8.333473537722602487e+02 9.483407226562500000e+03 9.486956001847829612e+03
8.333677880023606122e+02 9.488319335937500000e+03 9.486959384379002586e+03
8.333882223325781524e+02 9.480184570312500000e+03 9.486962760080026783e+03
8.334086564625613391e+02 9.487181640625000000e+03 9.486966128769481656e+03
8.334290906921960413e+02 9.486541992187500000e+03 9.486969490364999729e+03
8.334699592515826225e+02 9.481258789062500000e+03 9.486976191713851222e+03
8.334903934812173247e+02 9.491033203125000000e+03 9.486979531187056637e+03
8.335108277108520269e+02 9.487053710937500000e+03 9.486982863022454694e+03
8.335312619400210679e+02 9.488908203125000000e+03 9.486986187088115912e+03
8.335516961691901088e+02 9.478019531250000000e+03 9.486989503252258146e+03
8.335721303983591497e+02 9.496398437500000000e+03 9.486992811383031949e+03
8.335925646275281906e+02 9.484845703125000000e+03 9.486996111348573322e+03
8.336129988566972315e+02 9.485735351562500000e+03 9.486999403017032819e+03
8.336334330854006112e+02 9.487948242187500000e+03 9.487002686256477318e+03
8.336538672139868140e+02 9.487503906250000000e+03 9.487005960919101199e+03
8.336743015423417091e+02 9.481695312500000000e+03 9.487009226921045411e+03
8.336947357710450888e+02 9.482216796875000000e+03 9.487012484082535593e+03
8.337151698991656303e+02 9.487707031250000000e+03 9.487015732271695015e+03
8.337356042275205255e+02 9.488539062500000000e+03 9.487018971404419062e+03
8.337560384557582438e+02 9.492495117187500000e+03 9.487022201301175301e+03
8.337764727836474776e+02 9.488925781250000000e+03 9.487025421861686482e+03
8.337969069113023579e+02 9.491570312500000000e+03 9.487028632906894927e+03
8.338173411395400763e+02 9.489104492187500000e+03 9.487031834352294027e+03
8.338377754669636488e+02 9.488212890625000000e+03 9.487035026065663260e+03
8.338786438219249249e+02 9.478994140625000000e+03 9.487041379675712960e+03
8.338990781493484974e+02 9.481746093750000000e+03 9.487044541355306137e+03
8.339195122765377164e+02 9.486309570312500000e+03 9.487047692729043774e+03
8.339399465038441122e+02 9.488127929687500000e+03 9.487050833711473388e+03
8.339603808308020234e+02 9.485121093750000000e+03 9.487053964170507243e+03
8.339808150576427579e+02 9.495400390625000000e+03 9.487057083943691396e+03
8.340012491843663156e+02 9.490866210937500000e+03 9.487060192899327376e+03
8.340216835108585656e+02 9.489249023437500000e+03 9.487063290951098679e+03
8.340421177376993001e+02 9.483563476562500000e+03 9.487066377921681124e+03
8.340625519640743732e+02 9.489383789062500000e+03 9.487069453694282856e+03
8.340829861904494464e+02 9.496661132812500000e+03 9.487072518137116276e+03
8.341034204163588583e+02 9.482718750000000000e+03 9.487075571118255539e+03
8.341238547423854470e+02 9.482473632812500000e+03 9.487078612520790557e+03
8.341442888686433434e+02 9.493162109375000000e+03 9.487081642168313920e+03
8.341647230945527554e+02 9.491163085937500000e+03 9.487084659973450471e+03
8.341851574201136827e+02 9.485073242187500000e+03 9.487087665804168864e+03
8.342055915459059179e+02 9.492810546875000000e+03 9.487090659484660137e+03
8.342260257713496685e+02 9.486811523437500000e+03 9.487093640927021625e+03
8.342464600969105959e+02 9.489426757812500000e+03 9.487096609999289285e+03
8.342668942217715085e+02 9.492648437500000000e+03 9.487099566525987029e+03
8.342873284472152591e+02 9.485971679687500000e+03 9.487102510418942984e+03
8.343077626721933484e+02 9.491072265625000000e+03 9.487105441531652104e+03
8.343281968971714377e+02 9.483889648437500000e+03 9.487108359732324971e+03
8.343486312218010426e+02 9.482813476562500000e+03 9.487111264903242045e+03
8.343690653466619551e+02 9.485484375000000000e+03 9.487114156870075021e+03
8.343894995711743832e+02 9.492554687500000000e+03 9.487117035543440579e+03
8.344099338958039880e+02 9.488180664062500000e+03 9.487119900791352848e+03
8.344303680201992393e+02 9.495082031250000000e+03 9.487122752439941905e+03
8.344508022442460060e+02 9.494974609375000000e+03 9.487125590399300563e+03
8.344712365688756108e+02 9.490857421875000000e+03 9.487128414537499339e+03
8.344916707924567163e+02 9.483032226562500000e+03 9.487131224694820048e+03
8.345121049168519676e+02 9.482806640625000000e+03 9.487134020739864354e+03
8.345325392405502498e+02 9.487874023437500000e+03 9.487136802581517259e+03
8.345529734641313553e+02 9.484351562500000000e+03 9.487139570047056623e+03
8.345734075875952840e+02 9.490895507812500000e+03 9.487142323004842183e+03
8.345938419112935662e+02 9.492510742187500000e+03 9.487145061363369678e+03
8.346142761344090104e+02 9.489577148437500000e+03 9.487147784950368077e+03
8.346347104576416314e+02 9.486094726562500000e+03 9.487150493660730717e+03
8.346551445811055601e+02 9.488983398437500000e+03 9.487153187322957820e+03
8.346755788037553430e+02 9.484246093750000000e+03 9.487155865844715663e+03
8.346960131269879639e+02 9.488702148437500000e+03 9.487158529094103869e+03
8.347164472495205700e+02 9.488574218750000000e+03 9.487161176900117425e+03
8.347368814721703529e+02 9.476848632812500000e+03 9.487163809169996966e+03
8.347573157949373126e+02 9.489092773437500000e+03 9.487166425771647482e+03
8.347777499174699187e+02 9.488825195312500000e+03 9.487169026534878867e+03
8.347981841396540403e+02 9.484256835937500000e+03 9.487171611366113211e+03
8.348186184619553387e+02 9.483439453125000000e+03 9.487174180133322807e+03
8.348390525840222836e+02 9.487544921875000000e+03 9.487176732667012402e+03
8.348594868057407439e+02 9.477838867187500000e+03 9.487179268872907414e+03
8.348799211275763810e+02 9.483598632812500000e+03 9.487181788618971041e+03
8.349003552496433258e+02 9.482832031250000000e+03 9.487184291736486557e+03
8.349207895710133016e+02 9.491713867187500000e+03 9.487186778142484400e+03
8.349412236926145852e+02 9.485157226562500000e+03 9.487189247656553562e+03
8.349616580139845610e+02 9.492023437500000000e+03 9.487191700195118756e+03
8.349820922352373600e+02 9.479739257812500000e+03 9.487194135590212682e+03
8.350025264564901590e+02 9.482772460937500000e+03 9.487196553722031240e+03
8.350229605776257813e+02 9.492700195312500000e+03 9.487198954447001597e+03
8.350433948985300958e+02 9.492639648437500000e+03 9.487201337668373526e+03
8.350638291193172336e+02 9.487062500000000000e+03 9.487203703219191084e+03
8.350842632399871945e+02 9.489404296875000000e+03 9.487206050967850388e+03
8.351046975604258478e+02 9.483054687500000000e+03 9.487208380816824501e+03
8.351251317807473242e+02 9.487103515625000000e+03 9.487210692599936010e+03
8.351455659014172852e+02 9.483900390625000000e+03 9.487212986185644695e+03
8.351660002213902771e+02 9.482975585937500000e+03 9.487215261475521402e+03
8.351864344417117536e+02 9.484030273437500000e+03 9.487217518304280020e+03
8.352068687616847456e+02 9.491861328125000000e+03 9.487219756562080875e+03
8.352273028814233840e+02 9.484126953125000000e+03 9.487221976084359994e+03
8.352477371012791991e+02 9.487908203125000000e+03 9.487224176772022474e+03
8.352681714207865298e+02 9.489693359375000000e+03 9.487226358492880536e+03
8.352886055405251682e+02 9.493679687500000000e+03 9.487228521083252417e+03
8.353090397599153221e+02 9.501883789062500000e+03 9.487230664443111891e+03
8.353294740789569914e+02 9.486713867187500000e+03 9.487232788440323930e+03
8.353499081982299685e+02 9.493405273437500000e+03 9.487234892912048963e+03
8.353703424176201224e+02 9.486948242187500000e+03 9.487236977757460409e+03
8.353907767361961305e+02 9.487999023437500000e+03 9.487239042844321375e+03
8.354112108550034463e+02 9.488583007812500000e+03 9.487241088010707244e+03
8.354316451740451157e+02 9.495569335937500000e+03 9.487243113164795432e+03
8.354520793925039470e+02 9.485730468750000000e+03 9.487245118144774096e+03
8.354725136109627783e+02 9.489265625000000000e+03 9.487247102828801872e+03
8.354929478294216096e+02 9.485830078125000000e+03 9.487249067085025672e+03
8.355133820474147797e+02 9.483987304687500000e+03 9.487251010781545119e+03
8.355338162658736110e+02 9.493389648437500000e+03 9.487252933786588983e+03
8.355542504834011197e+02 9.487758789062500000e+03 9.487254835968176849e+03
8.355746847013942897e+02 9.489127929687500000e+03 9.487256717194581142e+03
8.355951189193874598e+02 9.488088867187500000e+03 9.487258577333901485e+03
8.356155532370321453e+02 9.482753906250000000e+03 9.487260416263201478e+03
8.356359873544424772e+02 9.486561523437500000e+03 9.487262233823792485e+03
8.356564215719699860e+02 9.488146484375000000e+03 9.487264029910689715e+03
8.356768557890318334e+02 9.487232421875000000e+03 9.487265804383045179e+03
8.356972900065593421e+02 9.486286132812500000e+03 9.487267557109082190e+03
8.357177243232727051e+02 9.492572265625000000e+03 9.487269287965247713e+03
8.357381584402173758e+02 9.493119140625000000e+03 9.487270996794533858e+03
8.357585926572792232e+02 9.485303710937500000e+03 9.487272683490315103e+03
8.357790269739925861e+02 9.489208007812500000e+03 9.487274347920381842e+03
8.357994610904715955e+02 9.486644531250000000e+03 9.487275989928610215e+03
8.358198953070677817e+02 9.479423828125000000e+03 9.487277609407445198e+03
8.358403296233154833e+02 9.488330078125000000e+03 9.487279206224664449e+03
8.358607637397944927e+02 9.483187500000000000e+03 9.487280780225182752e+03
8.358811979554593563e+02 9.486460937500000000e+03 9.487282331300339138e+03
8.359016322717070580e+02 9.489331054687500000e+03 9.487283859318045870e+03
8.359220663877204061e+02 9.486174804687500000e+03 9.487285364124125408e+03
8.359425006033852696e+02 9.487057617187500000e+03 9.487286845608974545e+03
8.359629349187016487e+02 9.485965820312500000e+03 9.487288303640398226e+03
8.359833691343665123e+02 9.479311523437500000e+03 9.487289738072318869e+03
8.360038033500313759e+02 9.491841796875000000e+03 9.487291148780048388e+03
8.360242375652305782e+02 9.487220703125000000e+03 9.487292535631697319e+03
8.360446717804297805e+02 9.484695312500000000e+03 9.487293898495445319e+03
8.360651059951633215e+02 9.488382812500000000e+03 9.487295237239406561e+03
8.360855402103625238e+02 9.487641601562500000e+03 9.487296551731786167e+03
8.361059744250960648e+02 9.489106445312500000e+03 9.487297841840667388e+03
8.361264087394811213e+02 9.485905273437500000e+03 9.487299107440336229e+03
8.361468428540974855e+02 9.482649414062500000e+03 9.487300348380576906e+03
8.361672770688310266e+02 9.492046875000000000e+03 9.487301564547922681e+03
8.361877113827504218e+02 9.486005859375000000e+03 9.487302755810098461e+03
8.362081454973667860e+02 9.478762695312500000e+03 9.487303922018034427e+03
8.362285797111690044e+02 9.492400390625000000e+03 9.487305063057092411e+03
8.362490140250883996e+02 9.487476562500000000e+03 9.487306178795102824e+03
8.362694481392391026e+02 9.490454101562500000e+03 9.487307269084018117e+03
8.362898824526928365e+02 9.480449218750000000e+03 9.487308333813274658e+03
8.363103166664950550e+02 9.489303710937500000e+03 9.487309372835257818e+03
8.363307507797144353e+02 9.482924804687500000e+03 9.487310386018436475e+03
8.363511850931681693e+02 9.488027343750000000e+03 9.487311373245685900e+03
8.363716192063875496e+02 9.485404296875000000e+03 9.487312334365802599e+03
8.363920534197241068e+02 9.480724609375000000e+03 9.487313269261248934e+03
8.364124877327121794e+02 9.485232421875000000e+03 9.487314177799766185e+03
8.364329218454658985e+02 9.483824218750000000e+03 9.487315059836353612e+03
8.364533560583367944e+02 9.482014648437500000e+03 9.487315915252323975e+03
8.364737903708592057e+02 9.492556640625000000e+03 9.487316743915404004e+03
8.364942244831472635e+02 9.490173828125000000e+03 9.487317545681777119e+03
8.365146586955524981e+02 9.475649414062500000e+03 9.487318320431571919e+03
8.365350930080749094e+02 9.485328125000000000e+03 9.487319068032531504e+03
8.365555272200144827e+02 9.483262695312500000e+03 9.487319788345463166e+03
8.365759614319540560e+02 9.489197265625000000e+03 9.487320481242255482e+03
8.365963956443592906e+02 9.489345703125000000e+03 9.487321146591064462e+03
8.366168298558332026e+02 9.486360351562500000e+03 9.487321784259995184e+03
8.366372640677727759e+02 9.487614257812500000e+03 9.487322394117232761e+03
8.366576982792466879e+02 9.486673828125000000e+03 9.487322976030896825e+03
8.366781324907205999e+02 9.484966796875000000e+03 9.487323529869143385e+03
8.366985668018460274e+02 9.493381835937500000e+03 9.487324055502613191e+03
8.367190009132027626e+02 9.487202148437500000e+03 9.487324552791957103e+03
8.367394351242110133e+02 9.479628906250000000e+03 9.487325021612810815e+03
8.367598694348707795e+02 9.481581054687500000e+03 9.487325461832908331e+03
8.367803035457618535e+02 9.485023437500000000e+03 9.487325873314146520e+03
8.368007377567701042e+02 9.489261718750000000e+03 9.487326255930925981e+03
8.368211720669642091e+02 9.484270507812500000e+03 9.487326609550946159e+03
8.368620404880493879e+02 9.484456054687500000e+03 9.487327229264763446e+03
8.368824746981263161e+02 9.493008789062500000e+03 9.487327495096640632e+03
8.369029088080860674e+02 9.474882812500000000e+03 9.487327731401608617e+03
8.369233431182801723e+02 9.487420898437500000e+03 9.487327938051066667e+03
8.369437773278914392e+02 9.482572265625000000e+03 9.487328114909902069e+03
8.369642115375027061e+02 9.488337890625000000e+03 9.487328261847345857e+03
8.369846457471139729e+02 9.480203125000000000e+03 9.487328378731544944e+03
8.370050798566080630e+02 9.484464843750000000e+03 9.487328465430295182e+03
8.370255141663365066e+02 9.489439453125000000e+03 9.487328521812791223e+03
8.370459483754821122e+02 9.484371093750000000e+03 9.487328547746124968e+03
8.370663825846277177e+02 9.487445312500000000e+03 9.487328543098792579e+03
8.370868166931904852e+02 9.485241210937500000e+03 9.487328507739190172e+03
8.371072510024532676e+02 9.483040039062500000e+03 9.487328441534711601e+03
8.371276852111332119e+02 9.491502929687500000e+03 9.487328344354255023e+03
8.371481194198131561e+02 9.486566406250000000e+03 9.487328216065710876e+03
8.371685536280274391e+02 9.481448242187500000e+03 9.487328056537229713e+03
8.371889878367073834e+02 9.489163085937500000e+03 9.487327865636947536e+03
8.372094221445731819e+02 9.488739257812500000e+03 9.487327643231856200e+03
8.372298562531359494e+02 9.487287109375000000e+03 9.487327389193585987e+03
8.372502904608845711e+02 9.490182617187500000e+03 9.487327103386793169e+03
8.372707247687503695e+02 9.485398437500000000e+03 9.487326785679149907e+03
8.372911588763818145e+02 9.489535156250000000e+03 9.487326435943708930e+03
8.373115930841304362e+02 9.487164062500000000e+03 9.487326054043704062e+03
8.373320273915305734e+02 9.490628906250000000e+03 9.487325639846818376e+03
8.373524614991620183e+02 9.490492187500000000e+03 9.487325193227501586e+03
8.373728957064449787e+02 9.488217773437500000e+03 9.487324714047594171e+03
8.373933300133794546e+02 9.488562500000000000e+03 9.487324202174762831e+03
8.374137641205452383e+02 9.485900390625000000e+03 9.487323657484894284e+03
8.374341984274797142e+02 9.484448242187500000e+03 9.487323079835481622e+03
8.374546326342970133e+02 9.486678710937500000e+03 9.487322469102906325e+03
8.374750667405314744e+02 9.484450195312500000e+03 9.487321825155811894e+03
8.374955010474659503e+02 9.488724609375000000e+03 9.487321147852606373e+03
8.375159352533519268e+02 9.487031250000000000e+03 9.487320437071190099e+03
8.375363694597035646e+02 9.482644531250000000e+03 9.487319692676428531e+03
8.375568036660552025e+02 9.490350585937500000e+03 9.487318914536474040e+03
8.375772378719411790e+02 9.486865234375000000e+03 9.487318102519497188e+03
8.375976720778271556e+02 9.490398437500000000e+03 9.487317256493619425e+03
8.376181063838303089e+02 9.488096679687500000e+03 9.487316376322592987e+03
8.376385404891334474e+02 9.499203125000000000e+03 9.487315461887770653e+03
8.376589746950194240e+02 9.482565429687500000e+03 9.487314513044068008e+03
8.376794090000912547e+02 9.487697265625000000e+03 9.487313529659186315e+03
8.376998431053943932e+02 9.490804687500000000e+03 9.487312511615918993e+03
8.377202774104662240e+02 9.485136718750000000e+03 9.487311458762495022e+03
8.377407115157693624e+02 9.487829101562500000e+03 9.487310370987652277e+03
8.377611457207240164e+02 9.488512695312500000e+03 9.487309248143852528e+03
8.377815800253301859e+02 9.489829101562500000e+03 9.487308090098724279e+03
8.378020141301676631e+02 9.483807617187500000e+03 9.487306896737638453e+03
8.378224483346566558e+02 9.480948242187500000e+03 9.487305667911519777e+03
8.378428826387971640e+02 9.492483398437500000e+03 9.487304403487987656e+03
8.378633167431689799e+02 9.485637695312500000e+03 9.487303103353979168e+03
8.378837509471923113e+02 9.485833984375000000e+03 9.487301767358847428e+03
8.379041852513328195e+02 9.503356445312500000e+03 9.487300395370182741e+03
8.379246193552389741e+02 9.489799804687500000e+03 9.487298987276561093e+03
8.379450535592623055e+02 9.486429687500000000e+03 9.487297542925693051e+03
8.379654878629371524e+02 9.486594726562500000e+03 9.487296062185228948e+03
8.379859219663776457e+02 9.484245117187500000e+03 9.487294544945305461e+03
8.380063562695868313e+02 9.481116210937500000e+03 9.487292991044374503e+03
8.380267904726788402e+02 9.491766601562500000e+03 9.487291400373112992e+03
8.380472246762365103e+02 9.493470703125000000e+03 9.487289772792104486e+03
8.380676588788628578e+02 9.487278320312500000e+03 9.487288108169610496e+03
8.380880930819548666e+02 9.496444335937500000e+03 9.487286406373656064e+03
8.381085272845812142e+02 9.491783203125000000e+03 9.487284667272468141e+03
8.381289614872075617e+02 9.500038085937500000e+03 9.487282890734153625e+03
8.381493956898339093e+02 9.490520507812500000e+03 9.487281076626853974e+03
8.381698298924602568e+02 9.482941406250000000e+03 9.487279224818714283e+03
8.381902641947381198e+02 9.482018554687500000e+03 9.487277335168571881e+03
8.382106982967816293e+02 9.485946289062500000e+03 9.487275407572586118e+03
8.382311324984766543e+02 9.484036132812500000e+03 9.487273441870889656e+03
8.382515668007545173e+02 9.487774414062500000e+03 9.487271437930976390e+03
8.382720009023323655e+02 9.492059570312500000e+03 9.487269395650821025e+03
8.382924352041445673e+02 9.488588867187500000e+03 9.487267314858498139e+03
8.383128694053739309e+02 9.480199218750000000e+03 9.487265195452499029e+03
8.383333035069517791e+02 9.487268554687500000e+03 9.487263037301439908e+03
8.383537378082983196e+02 9.491192382812500000e+03 9.487260840241560800e+03
8.383741719094105065e+02 9.489026367187500000e+03 9.487258604184014985e+03
8.383946061101742089e+02 9.490967773437500000e+03 9.487256328964416753e+03
8.384150404110550880e+02 9.484507812500000000e+03 9.487254014450285467e+03
8.384354745117016137e+02 9.490413085937500000e+03 9.487251660544076003e+03
8.384559087124653161e+02 9.489117187500000000e+03 9.487249267079623678e+03
8.384763430128805339e+02 9.486383789062500000e+03 9.487246833924544262e+03
8.384967771135270596e+02 9.487750976562500000e+03 9.487244360982929720e+03
8.385172113138251007e+02 9.492118164062500000e+03 9.487241848086980099e+03
8.385376456137746572e+02 9.487190429687500000e+03 9.487239295104256598e+03
8.385580798136070371e+02 9.489461914062500000e+03 9.487236701927862669e+03
8.385785140134394169e+02 9.486479492187500000e+03 9.487234068413534260e+03
8.385989482132717967e+02 9.491313476562500000e+03 9.487231394429411012e+03
8.386193824126385152e+02 9.499549804687500000e+03 9.487228679843705322e+03
8.386398166124708951e+02 9.484605468750000000e+03 9.487225924524433140e+03
8.386602508118376136e+02 9.486455078125000000e+03 9.487223128339868708e+03
8.386806850107386708e+02 9.490920898437500000e+03 9.487220291158158943e+03
8.387011193097569048e+02 9.483671875000000000e+03 9.487217412833182607e+03
8.387215534090064466e+02 9.478230468750000000e+03 9.487214493275623681e+03
8.387419876079075038e+02 9.485838867187500000e+03 9.487211532311152041e+03
8.387624219064600766e+02 9.489541992187500000e+03 9.487208529807307059e+03
8.387828560052439570e+02 9.496075195312500000e+03 9.487205485676535318e+03
8.388032902032136917e+02 9.483848632812500000e+03 9.487202399742751368e+03
8.388237245017662644e+02 9.489982421875000000e+03 9.487199271873272664e+03
8.388441586000844836e+02 9.478030273437500000e+03 9.487196101982601249e+03
8.388645928981713951e+02 9.489999023437500000e+03 9.487192889876829213e+03
8.388850270961411297e+02 9.485790039062500000e+03 9.487189635470931535e+03
8.389054611939936876e+02 9.485656250000000000e+03 9.487186338633677224e+03
8.389258954916149378e+02 9.488210937500000000e+03 9.487182999184515211e+03
