1.055252379533834755e+03 1.343604199218750000e+04 1.343246035340580784e+04
1.055272812794893980e+03 1.342773535156250000e+04 1.343236471281754348e+04
1.055293246056884527e+03 1.343518359375000000e+04 1.343226964275005230e+04
1.055313679419457912e+03 1.343007226562500000e+04 1.343217514649048462e+04
1.055334112581796944e+03 1.343419140625000000e+04 1.343208122917231958e+04
1.055354545844718814e+03 1.342836523437500000e+04 1.343198789315519389e+04
1.055374979208223522e+03 1.343388183593750000e+04 1.343189514219425291e+04
1.055395412372425199e+03 1.345480468750000000e+04 1.343180298139300066e+04
1.055415845636278391e+03 1.343217968750000000e+04 1.343171141314526358e+04
1.055436279000714421e+03 1.343056738281250000e+04 1.343162044120213432e+04
1.055456712165847421e+03 1.343231250000000000e+04 1.343153007064092890e+04
1.055477145431097597e+03 1.343359082031250000e+04 1.343144030387953535e+04
1.055497578796464950e+03 1.344064550781250000e+04 1.343135114467340100e+04
1.055518011962529272e+03 1.343466992187500000e+04 1.343126259807109454e+04
1.055538445328827947e+03 1.343140429687500000e+04 1.343117466608782888e+04
1.055558878595940769e+03 1.343517382812500000e+04 1.343108735376322511e+04
1.055579311863053590e+03 1.342436328125000000e+04 1.343100066441547642e+04
1.055599745130632073e+03 1.343778125000000000e+04 1.343091460178916350e+04
1.055620178398210555e+03 1.343179101562500000e+04 1.343082916963280513e+04
1.055640611666254699e+03 1.342873535156250000e+04 1.343074437169099838e+04
1.055661044935230166e+03 1.344072070312500000e+04 1.343066021170840395e+04
1.055681478204205632e+03 1.343470117187500000e+04 1.343057669343544330e+04
1.055701911573298275e+03 1.342534179687500000e+04 1.343049382021417659e+04
1.055722344843205065e+03 1.342784570312500000e+04 1.343041159659952245e+04
1.055742778013460338e+03 1.342056640625000000e+04 1.343033002633038268e+04
1.055763211383484304e+03 1.342963378906250000e+04 1.343024911196280482e+04
1.055783644654788077e+03 1.343299511718750000e+04 1.343016885843019372e+04
1.055804077825974673e+03 1.342351367187500000e+04 1.343008926947490181e+04
1.055824511197395623e+03 1.343437500000000000e+04 1.343001034767846249e+04
1.055844944469165057e+03 1.343093457031250000e+04 1.342993209795063194e+04
1.055865377841517329e+03 1.342866406250000000e+04 1.342985452327122766e+04
1.055885811014100909e+03 1.343917480468750000e+04 1.342977762852211526e+04
1.055906244287267327e+03 1.342284667968750000e+04 1.342970141631458500e+04
1.055926677560899407e+03 1.341944921875000000e+04 1.342962589077364828e+04
1.055947110834531486e+03 1.341738867187500000e+04 1.342955105564758196e+04
1.055967544008977711e+03 1.342456152343750000e+04 1.342947691504112299e+04
1.055987977383192629e+03 1.343742578125000000e+04 1.342940347162120997e+04
1.056008410658221692e+03 1.344527441406250000e+04 1.342933073021406381e+04
1.056028843833599240e+03 1.343189648437500000e+04 1.342925869455760767e+04
1.056049277209211141e+03 1.343204394531250000e+04 1.342918736734637969e+04
1.056069710485171527e+03 1.343285546875000000e+04 1.342911675337898123e+04
1.056090143861714751e+03 1.341990332031250000e+04 1.342904685571005029e+04
1.056110577038489282e+03 1.343523730468750000e+04 1.342897767910832772e+04
1.056131010315380991e+03 1.342121093750000000e+04 1.342890922629979832e+04
1.056151443693321198e+03 1.341934765625000000e+04 1.342884150103859793e+04
1.056171876871027052e+03 1.341924902343750000e+04 1.342877450806453271e+04
1.056192310149315745e+03 1.342442382812500000e+04 1.342870825013250578e+04
1.056212743528187275e+03 1.342260742187500000e+04 1.342864273099994352e+04
1.056233176806941628e+03 1.342281933593750000e+04 1.342857795505695685e+04
1.056253610086161643e+03 1.342410253906250000e+04 1.342851392572580153e+04
1.056274043366312981e+03 1.341869335937500000e+04 1.342845064675162757e+04
1.056294476646464318e+03 1.343534570312500000e+04 1.342838812188390511e+04
1.056314909926615655e+03 1.342510253906250000e+04 1.342832635486917934e+04
1.056335343207698315e+03 1.339828125000000000e+04 1.342826534945121966e+04
1.056355776488780975e+03 1.333047070312500000e+04 1.342820510937939434e+04
1.056376209870446473e+03 1.331099121093750000e+04 1.342814563810940308e+04
1.056396643052343279e+03 1.331928906250000000e+04 1.342808694025632576e+04
1.056417076334822923e+03 1.334497363281250000e+04 1.342802901869826019e+04
1.056437509717419744e+03 1.342532910156250000e+04 1.342797187719453359e+04
1.056457942900713533e+03 1.341987109375000000e+04 1.342791552032330401e+04
1.056478376284241676e+03 1.343770605468750000e+04 1.342785995072922742e+04
1.056498809568118304e+03 1.342373730468750000e+04 1.342780517298021914e+04
1.056519242752343416e+03 1.343101562500000000e+04 1.342775119081121011e+04
1.056560109422076494e+03 1.341811132812500000e+04 1.342764562662549724e+04
1.056580542607232928e+03 1.341451953125000000e+04 1.342759405287774644e+04
1.056600975993089378e+03 1.342673144531250000e+04 1.342754328893236379e+04
1.056621409179177135e+03 1.345766113281250000e+04 1.342749333953082896e+04
1.056641842565499246e+03 1.343987890625000000e+04 1.342744420744192030e+04
1.056662275852635503e+03 1.342696875000000000e+04 1.342739589713821078e+04
1.056682709039654583e+03 1.343344335937500000e+04 1.342734841235639396e+04
1.056703142427373677e+03 1.342218554687500000e+04 1.342730175615005282e+04
1.056723575715441257e+03 1.342451855468750000e+04 1.342725593295769067e+04
1.056744009003508836e+03 1.343090136718750000e+04 1.342721094629629079e+04
1.056764442292507738e+03 1.342654882812500000e+04 1.342716679991039564e+04
1.056784875581506640e+03 1.343183789062500000e+04 1.342712349754861862e+04
1.056805308970622718e+03 1.342998730468750000e+04 1.342708104275157530e+04
1.056825742160435766e+03 1.343704785156250000e+04 1.342703943988172250e+04
1.056846175450831652e+03 1.342277636718750000e+04 1.342699869206884250e+04
1.056866608841344714e+03 1.342439648437500000e+04 1.342695880307303196e+04
1.056887042132671922e+03 1.343101464843750000e+04 1.342691977702998702e+04
1.056907475323881954e+03 1.343482031250000000e+04 1.342688161767536803e+04
1.056927908715792000e+03 1.342891503906250000e+04 1.342684432820035727e+04
1.056948342007584870e+03 1.343035742187500000e+04 1.342680791290690831e+04
1.056968775200191885e+03 1.342563964843750000e+04 1.342677237552708903e+04
1.056989208593033254e+03 1.343453710937500000e+04 1.342673771929321629e+04
1.057009641886223108e+03 1.344148632812500000e+04 1.342670394846698400e+04
1.057030075279530138e+03 1.342595117187500000e+04 1.342667106646483262e+04
1.057050508473534137e+03 1.343164843750000000e+04 1.342663907750866019e+04
1.057070941768120974e+03 1.342721093750000000e+04 1.342660798486904423e+04
1.057091375162359327e+03 1.342165234375000000e+04 1.342657779230715641e+04
1.057111808357760310e+03 1.343652050781250000e+04 1.342654850400401665e+04
1.057132241653278470e+03 1.342966210937500000e+04 1.342652012327109696e+04
1.057152675048913807e+03 1.342704492187500000e+04 1.342649265386831394e+04
1.057173108245246112e+03 1.342164648437500000e+04 1.342646609993808306e+04
1.057193541641812772e+03 1.342872656250000000e+04 1.342644046470781905e+04
1.057213974938727915e+03 1.342610449218750000e+04 1.342641575230708986e+04
1.057234408135991544e+03 1.343823339843750000e+04 1.342639196646891833e+04
1.057254841533489525e+03 1.342438476562500000e+04 1.342636911059761405e+04
1.057275274731684476e+03 1.341966406250000000e+04 1.342634718888667703e+04
1.057295708029996604e+03 1.343567773437500000e+04 1.342632620475460317e+04
1.057316141428891569e+03 1.341636621093750000e+04 1.342630616196130723e+04
1.057336574628017843e+03 1.342781152343750000e+04 1.342628706454107669e+04
1.057357007927726954e+03 1.342082714843750000e+04 1.342626891595284906e+04
1.057377441327553242e+03 1.342918261718750000e+04 1.342625171995759592e+04
1.057397874528076500e+03 1.342223828125000000e+04 1.342623548054688945e+04
1.057418307928834110e+03 1.342984863281250000e+04 1.342622020114983752e+04
1.057438741229940206e+03 1.343210546875000000e+04 1.342620588574432986e+04
1.057459174531046301e+03 1.342605566406250000e+04 1.342619253800005026e+04
1.057479607833083719e+03 1.342595703125000000e+04 1.342618016166301459e+04
1.057500041135121137e+03 1.342592285156250000e+04 1.342616876048039558e+04
1.057520474437624216e+03 1.341541894531250000e+04 1.342615833819851832e+04
1.057540907740592957e+03 1.344001171875000000e+04 1.342614889856400259e+04
1.057561341044027358e+03 1.342731933593750000e+04 1.342614044532346270e+04
1.057581774447578937e+03 1.342229003906250000e+04 1.342613298218953787e+04
1.057602207751479000e+03 1.342263964843750000e+04 1.342612651298179480e+04
1.057622640956193209e+03 1.342600292968750000e+04 1.342612104143210308e+04
1.057643074360676110e+03 1.344199316406250000e+04 1.342611657121433745e+04
1.057663507665973157e+03 1.343509960937500000e+04 1.342611310614786635e+04
1.057683940871618688e+03 1.342927929687500000e+04 1.342611064996460846e+04
1.057704374277498573e+03 1.342195214843750000e+04 1.342610920638254174e+04
1.057724807583726943e+03 1.341343164062500000e+04 1.342610877917689140e+04
1.057745240990538150e+03 1.343122851562500000e+04 1.342610937209012991e+04
1.057765674197580665e+03 1.343012695312500000e+04 1.342611098885264437e+04
1.057786107505206019e+03 1.342786914062500000e+04 1.342611363322729449e+04
1.057806540912948549e+03 1.342043457031250000e+04 1.342611730897573943e+04
1.057826974120922387e+03 1.342471875000000000e+04 1.342612201978301528e+04
1.057847407429479063e+03 1.343070312500000000e+04 1.342612776945738005e+04
1.057867840738501400e+03 1.342783984375000000e+04 1.342613456172491715e+04
1.057888274047523737e+03 1.341641113281250000e+04 1.342614240033205351e+04
1.057908707257360220e+03 1.342441308593750000e+04 1.342615128897964860e+04
1.057929140667431056e+03 1.342566015625000000e+04 1.342616123155231253e+04
1.057949573977850378e+03 1.342147949218750000e+04 1.342617223165846372e+04
1.057970007388852537e+03 1.335154687500000000e+04 1.342618429315257163e+04
1.057990440599620342e+03 1.331079492187500000e+04 1.342619741959583371e+04
1.058010873911436647e+03 1.331080859375000000e+04 1.342621161492059036e+04
1.058031307323370129e+03 1.332669433593750000e+04 1.342622688288855898e+04
1.058051740535534918e+03 1.338320703125000000e+04 1.342624322701435449e+04
1.058072173848282546e+03 1.342381738281250000e+04 1.342626065127693437e+04
1.058092607261147350e+03 1.342104589843750000e+04 1.342627915943838707e+04
1.058113040574826300e+03 1.342828222656250000e+04 1.342629875506484677e+04
1.058133473888505250e+03 1.341531835937500000e+04 1.342631944199006830e+04
1.058153907203115523e+03 1.341628320312500000e+04 1.342634122396162456e+04
1.058174340517260134e+03 1.342130957031250000e+04 1.342636410472462012e+04
1.058194773832336068e+03 1.343209570312500000e+04 1.342638808802721542e+04
1.058235640463419259e+03 1.342442089843750000e+04 1.342643937723559793e+04
1.058256073879543692e+03 1.341831347656250000e+04 1.342646669077115803e+04
1.058276507095899433e+03 1.342132617187500000e+04 1.342649512155917000e+04
1.058296940412838012e+03 1.342204296875000000e+04 1.342652467375594460e+04
1.058317373829893768e+03 1.342761523437500000e+04 1.342655535112391590e+04
1.058337807047180831e+03 1.342469531250000000e+04 1.342658715695116916e+04
1.058358240465167910e+03 1.342174707031250000e+04 1.342662009560772276e+04
1.058378673783503473e+03 1.343046289062500000e+04 1.342665417036437066e+04
1.058399107002187520e+03 1.342918945312500000e+04 1.342668938495102338e+04
1.058419540421571583e+03 1.342469433593750000e+04 1.342672574364034517e+04
1.058439973740838468e+03 1.342464550781250000e+04 1.342676324965208005e+04
1.058460406960919499e+03 1.342036914062500000e+04 1.342680190671767923e+04
1.058480840380769223e+03 1.342996972656250000e+04 1.342684171915780462e+04
1.058501273701433092e+03 1.343091210937500000e+04 1.342688269014507023e+04
1.058521707022562623e+03 1.343641796875000000e+04 1.342692482361745715e+04
1.058542140343692154e+03 1.341877246093750000e+04 1.342696812332060654e+04
1.058562573565635830e+03 1.342883593750000000e+04 1.342701259278237012e+04
1.058583006987813860e+03 1.343123437500000000e+04 1.342705823640964263e+04
1.058603440309874713e+03 1.342659570312500000e+04 1.342710505728670250e+04
1.058623873632866889e+03 1.342451074218750000e+04 1.342715305938308484e+04
1.058644306956324726e+03 1.342669433593750000e+04 1.342720224644437621e+04
1.058664740279316902e+03 1.343408593750000000e+04 1.342725262221490448e+04
1.058685173603706062e+03 1.342719335937500000e+04 1.342730419044589507e+04
1.058705606928095222e+03 1.343064355468750000e+04 1.342735695488051169e+04
1.058726040252950042e+03 1.342629687500000000e+04 1.342741091926655281e+04
1.058746473677922040e+03 1.342326953125000000e+04 1.342746608762266078e+04
1.058766907003242522e+03 1.343813769531250000e+04 1.342752246315609591e+04
1.058787340228911489e+03 1.343099023437500000e+04 1.342758004959572645e+04
1.058807773655280471e+03 1.342944531250000000e+04 1.342763885154358832e+04
1.058828206981997937e+03 1.342447167968750000e+04 1.342769887189093788e+04
1.058848640209063888e+03 1.342420703125000000e+04 1.342776011436647423e+04
1.058869073636364192e+03 1.343223535156250000e+04 1.342782258362463472e+04
1.058889506964012980e+03 1.343016503906250000e+04 1.342788628250421789e+04
