1.087925659547559917e+03 1.341774609375000000e+04 1.340949059602050147e+04
1.087946093314792961e+03 1.340818750000000000e+04 1.340995229125154219e+04
1.087966527282260358e+03 1.341501562500000000e+04 1.341040901649746229e+04
1.087986961150076240e+03 1.341048339843750000e+04 1.341086078754487244e+04
1.088007394918240607e+03 1.340385058593750000e+04 1.341130762699216757e+04
1.088027828887104988e+03 1.341337988281250000e+04 1.341174956389701401e+04
1.088048262755852193e+03 1.341338574218750000e+04 1.341218661424340462e+04
1.088068696525413543e+03 1.341035742187500000e+04 1.341261880064869183e+04
1.088089130495209247e+03 1.341455957031250000e+04 1.341304615193593781e+04
1.088109564365353435e+03 1.341794042968750000e+04 1.341346868432385236e+04
1.088129998335614800e+03 1.341866406250000000e+04 1.341388642446946324e+04
1.088150432106573135e+03 1.342027832031250000e+04 1.341429938881251655e+04
1.088170865977648646e+03 1.341349218750000000e+04 1.341470760596508262e+04
1.088191299949306995e+03 1.342206835937500000e+04 1.341511109839278834e+04
1.088211733721196651e+03 1.342166406250000000e+04 1.341550988272526592e+04
1.088232167593669146e+03 1.341670703125000000e+04 1.341590398738449585e+04
1.088252601566258818e+03 1.342003320312500000e+04 1.341629343481881733e+04
1.088273035439196974e+03 1.341996777343750000e+04 1.341667824374694101e+04
1.088293469312600791e+03 1.342508105468750000e+04 1.341705843861418361e+04
1.088313903186004609e+03 1.341246191406250000e+04 1.341743404193787137e+04
1.088334337060339749e+03 1.341523535156250000e+04 1.341780507626093822e+04
1.088354770934674889e+03 1.341380078125000000e+04 1.341817156409229756e+04
1.088375204809941351e+03 1.341440332031250000e+04 1.341853352797448497e+04
1.088395638684742153e+03 1.341379101562500000e+04 1.341889099040873407e+04
1.088416072560474277e+03 1.341287207031250000e+04 1.341924397394547668e+04
1.088436506436206400e+03 1.342044824218750000e+04 1.341959250109445202e+04
1.088456940412521362e+03 1.341763183593750000e+04 1.341993659606468646e+04
1.088477374289184809e+03 1.341787207031250000e+04 1.342027627801028575e+04
1.088497808066196740e+03 1.341357519531250000e+04 1.342061156952177407e+04
1.088518242043443024e+03 1.341919921875000000e+04 1.342094249801373735e+04
1.088538675821386278e+03 1.342979882812500000e+04 1.342126907954136914e+04
1.088559109699446708e+03 1.341437402343750000e+04 1.342159134144784730e+04
1.088579543677624315e+03 1.341926171875000000e+04 1.342190930619597566e+04
1.088599977456964552e+03 1.343029980468750000e+04 1.342222299169103644e+04
1.088620411335956305e+03 1.341992871093750000e+04 1.342253242507246068e+04
1.088640845315530896e+03 1.341530664062500000e+04 1.342283762881815346e+04
1.088661279095336795e+03 1.340467773437500000e+04 1.342313862099887956e+04
1.088681713075377047e+03 1.342191894531250000e+04 1.342343543003290142e+04
1.088702146956231445e+03 1.342489160156250000e+04 1.342372807406621723e+04
1.088722580737434328e+03 1.342369824218750000e+04 1.342401657567892471e+04
1.088743014718405902e+03 1.342421582031250000e+04 1.342430096159433378e+04
1.088763448600191623e+03 1.341994335937500000e+04 1.342458125014760299e+04
1.088783882382325828e+03 1.341856640625000000e+04 1.342485746391813518e+04
1.088804316365160048e+03 1.343185351562500000e+04 1.342512962946199150e+04
1.088824750247411430e+03 1.342039257812500000e+04 1.342539776526275273e+04
1.088845184230711311e+03 1.339643457031250000e+04 1.342566189649251100e+04
1.088865618014242500e+03 1.332892285156250000e+04 1.342592204181797933e+04
1.088886051897890866e+03 1.332308789062500000e+04 1.342617822761228308e+04
1.088906485882587731e+03 1.331377929687500000e+04 1.342643047635495532e+04
1.088926919767167419e+03 1.334388964843750000e+04 1.342667880808867994e+04
1.088947353552095592e+03 1.342160742187500000e+04 1.342692324540255140e+04
1.088967787537258118e+03 1.342964453125000000e+04 1.342716381438145982e+04
1.088988221423234791e+03 1.343216113281250000e+04 1.342740053399784847e+04
1.089008655209094286e+03 1.342813281250000000e+04 1.342763342682325128e+04
1.089029089195653796e+03 1.343621777343750000e+04 1.342786251878424810e+04
1.089049523082561791e+03 1.342609765625000000e+04 1.342808782901152335e+04
1.089069957069586962e+03 1.341281738281250000e+04 1.342830938223407065e+04
1.089090390856843442e+03 1.343300781250000000e+04 1.342852719775398327e+04
1.089110824744682759e+03 1.342783593750000000e+04 1.342874130132619757e+04
1.089131258733104914e+03 1.342053515625000000e+04 1.342895171542223397e+04
1.089151692521758378e+03 1.343205859375000000e+04 1.342915845950223957e+04
1.089172126410529017e+03 1.343138085937500000e+04 1.342936155915334166e+04
1.089192560300230980e+03 1.343170996093750000e+04 1.342956103588881342e+04
1.089212994189932942e+03 1.342029882812500000e+04 1.342975691222550086e+04
1.089233428179752082e+03 1.341971679687500000e+04 1.342994921162304308e+04
1.089253861970268190e+03 1.343181835937500000e+04 1.343013795381580167e+04
1.089274295860901475e+03 1.342680957031250000e+04 1.343032316412146793e+04
1.089294729852117598e+03 1.342976074218750000e+04 1.343050486501857267e+04
1.089315163643565029e+03 1.342918457031250000e+04 1.343068307638800616e+04
1.089335597535129637e+03 1.342621777343750000e+04 1.343085782339684556e+04
1.089356031527742743e+03 1.343046777343750000e+04 1.343102912852824738e+04
1.089376465320121497e+03 1.343705371093750000e+04 1.343119701180760967e+04
1.089396899213083088e+03 1.343079980468750000e+04 1.343136149825758912e+04
1.089417333206161857e+03 1.342590332031250000e+04 1.343152261035075389e+04
1.089437766999937594e+03 1.344156347656250000e+04 1.343168036827697870e+04
1.089458200993947685e+03 1.343805566406250000e+04 1.343183479764699405e+04
1.089478634888306260e+03 1.342973925781250000e+04 1.343198591869608936e+04
1.089499068783130497e+03 1.342718652343750000e+04 1.343213375471501422e+04
1.089519502677954733e+03 1.342845117187500000e+04 1.343227832822648998e+04
1.089539936573710293e+03 1.342193066406250000e+04 1.343241966176309506e+04
1.089560370469465852e+03 1.343092871093750000e+04 1.343255777784436941e+04
1.089580804365687072e+03 1.343013964843750000e+04 1.343269269899956089e+04
1.089601238261908293e+03 1.344374902343750000e+04 1.343282444775169643e+04
1.089621672259178013e+03 1.343777636718750000e+04 1.343295304725517417e+04
1.089642106156330556e+03 1.343864843750000000e+04 1.343307851877006578e+04
1.089662539953831583e+03 1.343629101562500000e+04 1.343320088487113389e+04
1.089682973952032626e+03 1.343129589843750000e+04 1.343332016986031158e+04
1.089703407850116491e+03 1.342860644531250000e+04 1.343343639448506292e+04
1.089723841649014503e+03 1.343663574218750000e+04 1.343354958132150750e+04
1.089744275648146868e+03 1.343337597656250000e+04 1.343365975453198917e+04
1.089764709547627717e+03 1.342932031250000000e+04 1.343376693500364127e+04
1.089785143547225744e+03 1.342749121093750000e+04 1.343387114631064833e+04
1.089805577347055078e+03 1.343282421875000000e+04 1.343397240947146929e+04
1.089826011247932911e+03 1.343408496093750000e+04 1.343407074852437290e+04
1.089846445148810744e+03 1.342439453125000000e+04 1.343416618548755650e+04
1.089866879049688578e+03 1.343899902343750000e+04 1.343425874288723571e+04
1.089887312851380557e+03 1.346681933593750000e+04 1.343434844282113772e+04
1.089907746853306890e+03 1.343925976562500000e+04 1.343443530910879781e+04
1.089928180755581707e+03 1.344137304687500000e+04 1.343451936298073269e+04
1.089948614558205009e+03 1.343422558593750000e+04 1.343460062700414710e+04
1.089969048561062664e+03 1.343992187500000000e+04 1.343467912487741887e+04
1.089989482464734465e+03 1.344086718750000000e+04 1.343475487795607842e+04
1.090030350272543728e+03 1.344198339843750000e+04 1.343489824099924044e+04
1.090050784176681191e+03 1.344231445312500000e+04 1.343496589601609048e+04
1.090071218181401491e+03 1.343302636718750000e+04 1.343503089704432205e+04
1.090091651986818761e+03 1.344438867187500000e+04 1.343509326567536482e+04
1.090112085892353207e+03 1.343604296875000000e+04 1.343515302536846320e+04
1.090132519898470491e+03 1.343770800781250000e+04 1.343521019861293826e+04
1.090152953804470599e+03 1.343484082031250000e+04 1.343526480737349266e+04
1.090173387710936368e+03 1.344170605468750000e+04 1.343531687446396973e+04
1.090193821618333459e+03 1.343097265625000000e+04 1.343536642241153459e+04
1.090214255525730550e+03 1.343517382812500000e+04 1.343541347374000361e+04
1.090234689433127642e+03 1.342996484375000000e+04 1.343545805097562697e+04
1.090255123340990394e+03 1.343396777343750000e+04 1.343550017664558436e+04
1.090275557249318808e+03 1.343535839843750000e+04 1.343553987327594950e+04
1.090295991258230060e+03 1.343919726562500000e+04 1.343557716356966193e+04
1.090316425067372620e+03 1.343329296875000000e+04 1.343561206952226712e+04
1.090336859076749533e+03 1.343415917968750000e+04 1.343564461434338227e+04
1.090357292986474931e+03 1.343760253906250000e+04 1.343567482006426144e+04
1.090377726796548814e+03 1.343454199218750000e+04 1.343570270924521719e+04
1.090398160807322711e+03 1.343789062500000000e+04 1.343572830480536504e+04
1.090418594717979431e+03 1.343566601562500000e+04 1.343575162887727856e+04
1.090439028529450297e+03 1.343334472656250000e+04 1.343577270402134855e+04
1.090459462541155517e+03 1.343724316406250000e+04 1.343579155305607856e+04
1.090479896353092045e+03 1.336754199218750000e+04 1.343580819813853304e+04
1.090500330265611410e+03 1.333121777343750000e+04 1.343582266205562337e+04
1.090520764278247952e+03 1.333638574218750000e+04 1.343583496730131810e+04
1.090541198091115803e+03 1.333283886718750000e+04 1.343584513623697057e+04
1.090561632104683667e+03 1.338972265625000000e+04 1.343585319158814309e+04
1.090582066018134356e+03 1.343401660156250000e+04 1.343585915574696082e+04
1.090602499832864851e+03 1.343500390625000000e+04 1.343586305127046217e+04
1.090622933846898377e+03 1.344510351562500000e+04 1.343586490072656306e+04
1.090643367761746049e+03 1.343205859375000000e+04 1.343586472659954597e+04
1.090663801576942205e+03 1.342107519531250000e+04 1.343586255144504685e+04
1.090684235592838377e+03 1.343699707031250000e+04 1.343585839774263877e+04
1.090704669508617371e+03 1.343735644531250000e+04 1.343585228806519444e+04
1.090725103524979204e+03 1.343661718750000000e+04 1.343584424487914657e+04
1.090745537341572344e+03 1.343285644531250000e+04 1.343583429084296949e+04
1.090765971258282661e+03 1.343118261718750000e+04 1.343582244835076926e+04
1.090786405275575817e+03 1.343097167968750000e+04 1.343580873990090549e+04
1.090806839193683118e+03 1.343940136718750000e+04 1.343579318815357692e+04
1.090827273011673242e+03 1.343683593750000000e+04 1.343577581566257504e+04
1.090847707029897720e+03 1.343611816406250000e+04 1.343575664468555988e+04
1.090868140948470682e+03 1.344334179687500000e+04 1.343573569801693338e+04
1.090888574867974967e+03 1.342174707031250000e+04 1.343571299809278935e+04
1.090909008787479252e+03 1.344706152343750000e+04 1.343568856744032382e+04
1.090929442706983536e+03 1.344316894531250000e+04 1.343566242858582700e+04
1.090949876727536321e+03 1.344129785156250000e+04 1.343563460391385161e+04
1.090970310547854751e+03 1.343925390625000000e+04 1.343560511637310992e+04
1.090990744468756020e+03 1.343328417968750000e+04 1.343557398806789570e+04
1.091011178490240127e+03 1.343443554687500000e+04 1.343554124150044481e+04
1.091031612311955541e+03 1.344032226562500000e+04 1.343550689969004452e+04
1.091052046233788133e+03 1.345016699218750000e+04 1.343547098467061005e+04
1.091072480256203562e+03 1.344606933593750000e+04 1.343543351894461375e+04
1.091092914078850299e+03 1.343445117187500000e+04 1.343539452560021527e+04
1.091113348101731390e+03 1.344134277343750000e+04 1.343535402640049870e+04
1.091133781925309449e+03 1.343180175781250000e+04 1.343531204466336749e+04
1.091154215849004686e+03 1.343233886718750000e+04 1.343526860231070532e+04
1.091174649873282760e+03 1.342731152343750000e+04 1.343522372184647429e+04
1.091195083697792143e+03 1.343688183593750000e+04 1.343517742646701299e+04
1.091215517622418702e+03 1.344104101562500000e+04 1.343512973802949273e+04
1.091235951647628099e+03 1.343815136718750000e+04 1.343508067903878327e+04
1.091256385473068804e+03 1.343942871093750000e+04 1.343503027275214663e+04
1.091276819499209523e+03 1.343917480468750000e+04 1.343497854070807080e+04
1.091297253425233066e+03 1.342548730468750000e+04 1.343492550618470341e+04
1.091317687352187932e+03 1.343398242187500000e+04 1.343487119145561337e+04
1.091338121279142797e+03 1.344397656250000000e+04 1.343481561904949922e+04
1.091358555206097662e+03 1.344398437500000000e+04 1.343475881149266934e+04
1.091378989133983850e+03 1.342449902343750000e+04 1.343470079130876547e+04
1.091399423061870039e+03 1.343165917968750000e+04 1.343464158102666261e+04
1.091419856990687549e+03 1.342853613281250000e+04 1.343458120316989516e+04
1.091440291019156575e+03 1.343166992187500000e+04 1.343451967996466919e+04
1.091460724848322570e+03 1.342238476562500000e+04 1.343445703484566548e+04
1.091481158777605742e+03 1.344136035156250000e+04 1.343439328942936481e+04
1.091501592807471752e+03 1.343828515625000000e+04 1.343432846622460420e+04
1.091522026737686247e+03 1.343046386718750000e+04 1.343426258839292313e+04
1.091542460568249226e+03 1.343562988281250000e+04 1.343419567847591679e+04
1.091562894599046558e+03 1.343033886718750000e+04 1.343412775801042517e+04
1.091583328530192375e+03 1.343316894531250000e+04 1.343405885051216501e+04
1.091603762462269515e+03 1.343242675781250000e+04 1.343398897817546094e+04
1.091624196393880993e+03 1.342831542968750000e+04 1.343391816353139438e+04
1.091644630326423794e+03 1.344087109375000000e+04 1.343384642910141156e+04
1.091665064359083772e+03 1.343687402343750000e+04 1.343377379705702697e+04
1.091685498191975057e+03 1.343109472656250000e+04 1.343370029099695603e+04
1.091705932125449181e+03 1.342912695312500000e+04 1.343362593237340661e+04
1.091726366159040481e+03 1.343941113281250000e+04 1.343355074370200600e+04
1.091746799993328750e+03 1.343280273437500000e+04 1.343347474861676346e+04
1.091767233927734196e+03 1.342801660156250000e+04 1.343339796853627195e+04
1.091787667862139642e+03 1.343020996093750000e+04 1.343332042635725156e+04
1.091808101797476411e+03 1.343915429687500000e+04 1.343324214460244912e+04
1.091828535832930356e+03 1.344078222656250000e+04 1.343316314541294560e+04
1.091848969669081271e+03 1.342847070312500000e+04 1.343308345247776742e+04
1.091869403604883701e+03 1.343057421875000000e+04 1.343300308716234395e+04
1.091889837641734630e+03 1.344245410156250000e+04 1.343292207197778953e+04
1.091910271478816867e+03 1.344078222656250000e+04 1.343284043064769867e+04
1.091930705416016281e+03 1.343475878906250000e+04 1.343275818450478619e+04
1.091951139453332871e+03 1.344462402343750000e+04 1.343267535606667298e+04
1.091971573291346431e+03 1.343708203125000000e+04 1.343259196907752630e+04
1.091992007329594344e+03 1.343134863281250000e+04 1.343250804443335255e+04
1.092012441268656403e+03 1.343368847656250000e+04 1.343242360588632437e+04
1.092032875207718462e+03 1.342465625000000000e+04 1.343233867555671895e+04
1.092053309147246182e+03 1.343465332031250000e+04 1.343225327596893112e+04
1.092073743086773902e+03 1.344068164062500000e+04 1.343216742965124286e+04
1.092094177026767284e+03 1.342157714843750000e+04 1.343208115912803623e+04
1.092114610967226326e+03 1.334070703125000000e+04 1.343199448692563965e+04
1.092135044908151031e+03 1.332309667968750000e+04 1.343190743557037968e+04
1.092155478949192911e+03 1.332764062500000000e+04 1.343182002716149145e+04
1.092175912891048938e+03 1.333937207031250000e+04 1.343173228507793829e+04
1.092196346732787788e+03 1.342350097656250000e+04 1.343164423185479245e+04
1.092216780774760991e+03 1.342979003906250000e+04 1.343155588872197950e+04
1.092237214717548341e+03 1.342338281250000000e+04 1.343146727949825072e+04
1.092257648560218513e+03 1.342022558593750000e+04 1.343137842671775797e+04
1.092278082603588700e+03 1.345439550781250000e+04 1.343128935159710818e+04
1.092298516547307372e+03 1.343360449218750000e+04 1.343120007797037579e+04
1.092318950391374528e+03 1.342985351562500000e+04 1.343111062836665951e+04
1.092339384435676038e+03 1.342630273437500000e+04 1.343102102399838986e+04
1.092359818380326033e+03 1.342828710937500000e+04 1.343093128870585497e+04
1.092380252425558865e+03 1.342912304687500000e+04 1.343084144413634931e+04
1.092400686271023005e+03 1.343027343750000000e+04 1.343075151413750064e+04
1.092421120216604322e+03 1.341988085937500000e+04 1.343066151991645893e+04
1.092441554162651300e+03 1.342430468750000000e+04 1.343057148443796541e+04
1.092461988109163940e+03 1.342330078125000000e+04 1.343048143022839213e+04
1.092482422056142241e+03 1.342098437500000000e+04 1.343039137981411841e+04
1.092502856003120542e+03 1.343592871093750000e+04 1.343030135572357176e+04
1.092523289950564504e+03 1.342698046875000000e+04 1.343021138048108332e+04
1.092543723998591304e+03 1.342457031250000000e+04 1.343012147617275696e+04
1.092564157846849412e+03 1.342897558593750000e+04 1.343003166664580567e+04
1.092584591795224696e+03 1.343095605468750000e+04 1.342994197310783784e+04
1.092605025844648480e+03 1.342805175781250000e+04 1.342985241808302635e+04
1.092625459693837911e+03 1.342777929687500000e+04 1.342976302541705627e+04
1.092645893643610179e+03 1.342618554687500000e+04 1.342967381631907483e+04
1.092666327693499625e+03 1.342849414062500000e+04 1.342958481332038355e+04
1.092686761643737555e+03 1.342435742187500000e+04 1.342949603981758082e+04
1.092707195594441146e+03 1.343535351562500000e+04 1.342940751790048125e+04
1.092727629545610398e+03 1.343656542968750000e+04 1.342931927009548417e+04
1.092748063496779650e+03 1.341747656250000000e+04 1.342923131893100435e+04
1.092768497448414564e+03 1.343430957031250000e+04 1.342914368693144206e+04
1.092788931400515139e+03 1.343163867187500000e+04 1.342905639662321482e+04
1.092809365353081375e+03 1.343403125000000000e+04 1.342896947053273652e+04
1.092829799405764788e+03 1.343303710937500000e+04 1.342888293076537775e+04
1.092850233259145170e+03 1.343770507812500000e+04 1.342879680111267953e+04
1.092870667212642729e+03 1.343341406250000000e+04 1.342871110283593225e+04
1.092891101266257465e+03 1.342158300781250000e+04 1.342862585846805086e+04
1.092911535121034831e+03 1.342785449218750000e+04 1.342854109177917599e+04
1.092931969175580889e+03 1.342726855468750000e+04 1.342845682364233289e+04
1.092952403130475432e+03 1.342752832031250000e+04 1.342837307782243442e+04
1.092972836985718459e+03 1.343386328125000000e+04 1.342828987683808373e+04
1.093013704997021705e+03 1.342469824218750000e+04 1.342812519704784063e+04
1.093034138853661716e+03 1.343556738281250000e+04 1.342804376450110067e+04
1.093054572910070419e+03 1.342900976562500000e+04 1.342796296569818878e+04
1.093075006867293268e+03 1.342098828125000000e+04 1.342788282435235851e+04
1.093095440824516118e+03 1.342398437500000000e+04 1.342780336259627074e+04
1.093115874782670289e+03 1.343381152343750000e+04 1.342772460295276505e+04
1.093136308740358800e+03 1.342519042968750000e+04 1.342764656795365954e+04
1.093156742698978633e+03 1.342611718750000000e+04 1.342756928012006210e+04
1.093177176657598466e+03 1.343481542968750000e+04 1.342749276198195912e+04
1.093197610616683960e+03 1.342886230468750000e+04 1.342741703606405281e+04
1.093218044576235116e+03 1.343149804687500000e+04 1.342734212489281163e+04
1.093238478536251932e+03 1.342257812500000000e+04 1.342726805099471858e+04
1.093258912596385926e+03 1.342693847656250000e+04 1.342719483654133001e+04
1.093279346456751227e+03 1.342565429687500000e+04 1.342712250512715582e+04
1.093299780417699367e+03 1.343864062500000000e+04 1.342705107820894773e+04
1.093320214478764683e+03 1.342222363281250000e+04 1.342698057832826817e+04
1.093340648440644145e+03 1.342610546875000000e+04 1.342691102869930546e+04
1.093361082302406430e+03 1.342971484375000000e+04 1.342684245183759776e+04
1.093381516364868730e+03 1.341594531250000000e+04 1.342677486926731217e+04
1.093401950327679515e+03 1.342738183593750000e+04 1.342670830451567417e+04
1.093422384190838784e+03 1.342291796875000000e+04 1.342664278009406553e+04
1.093442818253766745e+03 1.342539746093750000e+04 1.342657831757652821e+04
1.093463252217508852e+03 1.343647265625000000e+04 1.342651494044050014e+04
1.093483686181716621e+03 1.342715625000000000e+04 1.342645267089550907e+04
1.093504120145924389e+03 1.343003222656250000e+04 1.342639153146945318e+04
1.093524554111063480e+03 1.342866992187500000e+04 1.342633154468605244e+04
