1.051840029120910913e+03 1.341460839843750000e+04 1.342040882942421740e+04
1.051860462320968509e+03 1.342385449218750000e+04 1.342037616172878188e+04
1.051880895521491766e+03 1.341951074218750000e+04 1.342034729441378113e+04
1.051901328722480685e+03 1.341048437500000000e+04 1.342032218070927229e+04
1.051921761923935264e+03 1.341857226562500000e+04 1.342030077384532160e+04
1.051942195225507021e+03 1.343015820312500000e+04 1.342028302697427353e+04
1.051962628427427262e+03 1.341701464843750000e+04 1.342026889349937483e+04
1.051983061530161649e+03 1.341752343750000000e+04 1.342025832659769731e+04
1.052003494832664728e+03 1.342278515625000000e+04 1.342025127937052821e+04
1.052023928035981953e+03 1.342995507812500000e+04 1.342024770517665092e+04
1.052044361139647663e+03 1.342203906250000000e+04 1.342024755719557652e+04
1.052064794443547726e+03 1.343138671875000000e+04 1.342025078867999400e+04
1.052085227547679096e+03 1.342181738281250000e+04 1.342025735279683795e+04
1.052105660852510482e+03 1.342343457031250000e+04 1.342026720290446792e+04
1.052126094057224691e+03 1.341203125000000000e+04 1.342028029211179819e+04
1.052146527162753046e+03 1.342341601562500000e+04 1.342029657360215788e+04
1.052166960468515754e+03 1.341734960937500000e+04 1.342031600086734579e+04
1.052187393674626946e+03 1.341223828125000000e+04 1.342033852687512262e+04
1.052207826780620962e+03 1.342310937500000000e+04 1.342036410480965242e+04
1.052228260087780654e+03 1.342754882812500000e+04 1.342039268830025321e+04
1.052269126602448523e+03 1.342609863281250000e+04 1.342045868398029052e+04
1.052289559710305184e+03 1.342099316406250000e+04 1.342049600241124790e+04
1.052309992918279022e+03 1.341550000000000000e+04 1.342053613922690420e+04
1.052330426226835698e+03 1.342165625000000000e+04 1.342057904769910238e+04
1.052350859336089343e+03 1.341715917968750000e+04 1.342062468040798922e+04
1.052371292545460165e+03 1.341518554687500000e+04 1.342067299123228804e+04
1.052391725854948163e+03 1.341948925781250000e+04 1.342072393344075317e+04
1.052412158965133131e+03 1.342051367187500000e+04 1.342077745949773089e+04
1.052432592175435275e+03 1.342573046875000000e+04 1.342083352339859448e+04
1.052453025486320257e+03 1.341686230468750000e+04 1.342089207841141251e+04
1.052473458597436547e+03 1.341925976562500000e+04 1.342095307688730827e+04
1.052493891909252852e+03 1.341143359375000000e+04 1.342101647325138765e+04
1.052514325120951980e+03 1.341051171875000000e+04 1.342108221981763927e+04
1.052534758333116770e+03 1.341503515625000000e+04 1.342115027012217251e+04
1.052555191545747221e+03 1.342399316406250000e+04 1.342122057739486627e+04
1.052575624758843333e+03 1.341995410156250000e+04 1.342129309486560123e+04
1.052596057972405106e+03 1.343416210937500000e+04 1.342136777576424356e+04
1.052616491286084056e+03 1.342080371093750000e+04 1.342144457370028249e+04
1.052636924399994314e+03 1.340948437500000000e+04 1.342152344076106601e+04
1.052657357714604586e+03 1.342093945312500000e+04 1.342160433172185367e+04
1.052677790929097682e+03 1.342150585937500000e+04 1.342168719863632577e+04
1.052698224044404924e+03 1.341495507812500000e+04 1.342177199470938649e+04
1.052718657359946519e+03 1.341773925781250000e+04 1.342185867442740346e+04
1.052739090475719422e+03 1.342912890625000000e+04 1.342194718932360047e+04
1.052759523692075163e+03 1.343068066406250000e+04 1.342203749391552992e+04
1.052779957009013742e+03 1.342296582031250000e+04 1.342212954145896947e+04
1.052800390125717968e+03 1.342604687500000000e+04 1.342222328381598163e+04
1.052820823343470693e+03 1.342441992187500000e+04 1.342231867558624253e+04
1.052841256660874933e+03 1.342536132812500000e+04 1.342241567001686963e+04
1.052861689778976142e+03 1.342333984375000000e+04 1.342251421890695929e+04
1.052882123097777367e+03 1.342351953125000000e+04 1.342261427741526859e+04
1.052902556316461414e+03 1.342918554687500000e+04 1.342271579730945450e+04
1.052922989435493946e+03 1.343198535156250000e+04 1.342281873180041111e+04
1.052943422755226493e+03 1.342395605468750000e+04 1.342292303564114627e+04
1.052963855975307524e+03 1.342464746093750000e+04 1.342302866053820071e+04
1.052984289095271379e+03 1.341950585937500000e+04 1.342313555969979825e+04
1.053004722415935248e+03 1.342838964843750000e+04 1.342324368793857684e+04
1.053025155636947602e+03 1.341929785156250000e+04 1.342335299690380089e+04
1.053045588958542794e+03 1.342942285156250000e+04 1.342346344089589547e+04
1.053066022080369294e+03 1.341703906250000000e+04 1.342357497151305506e+04
1.053086455302312970e+03 1.338509472656250000e+04 1.342368754361397805e+04
1.053106888624839485e+03 1.332745117187500000e+04 1.342380111044588557e+04
1.053127321748062968e+03 1.331861132812500000e+04 1.342391562356470604e+04
1.053147754970937967e+03 1.332321582031250000e+04 1.342403103786870452e+04
1.053168188294861466e+03 1.334377343750000000e+04 1.342414730660834903e+04
1.053188621518667787e+03 1.342066308593750000e+04 1.342426438186849191e+04
1.053209054642822593e+03 1.342054492187500000e+04 1.342438221686995530e+04
1.053229487967677414e+03 1.342709179687500000e+04 1.342450076657988029e+04
1.053249921192880720e+03 1.342778027343750000e+04 1.342461998249050157e+04
1.053270354418084025e+03 1.342026953125000000e+04 1.342473981840792294e+04
1.053290787643752992e+03 1.342232617187500000e+04 1.342486022756452621e+04
1.053311220869887620e+03 1.342723144531250000e+04 1.342498116318999018e+04
1.053331654096487910e+03 1.342684570312500000e+04 1.342510257851397000e+04
1.053352087323553860e+03 1.342292773437500000e+04 1.342522442676613355e+04
1.053372520550619811e+03 1.342594628906250000e+04 1.342534666117334382e+04
1.053392953778617084e+03 1.342551269531250000e+04 1.342546923497081661e+04
1.053413387006148696e+03 1.343085937500000000e+04 1.342559210137980699e+04
1.053433820334728807e+03 1.343110449218750000e+04 1.342571521424208549e+04
1.053454253463540226e+03 1.342140136718750000e+04 1.342583852497325643e+04
1.053474686692468822e+03 1.341176464843750000e+04 1.342596198861135781e+04
1.053495120021980256e+03 1.342615136718750000e+04 1.342608555839071960e+04
1.053515553151722997e+03 1.342576367187500000e+04 1.342620918572403389e+04
1.053535986382048577e+03 1.341992968750000000e+04 1.342633282565782793e+04
1.053556419712491333e+03 1.342941601562500000e+04 1.342645643141871915e+04
1.053576852843631059e+03 1.342548925781250000e+04 1.342657995442552783e+04
1.053597286074887961e+03 1.342724316406250000e+04 1.342670334971862394e+04
1.053617719406262040e+03 1.342903710937500000e+04 1.342682657052537616e+04
1.053638152538798749e+03 1.343723242187500000e+04 1.342694956827406349e+04
1.053658585871104151e+03 1.342959179687500000e+04 1.342707229859336985e+04
1.053679019103758037e+03 1.342384667968750000e+04 1.342719471291236187e+04
1.053699452336877584e+03 1.342685937500000000e+04 1.342731676506265103e+04
1.053719885570462793e+03 1.342350683593750000e+04 1.342743840827378517e+04
1.053740318804048002e+03 1.342958691406250000e+04 1.342755959577255999e+04
1.053760752038564533e+03 1.343314843750000000e+04 1.342768028079404939e+04
1.053781185273081064e+03 1.343454589843750000e+04 1.342780041656229150e+04
1.053801618508063257e+03 1.342621582031250000e+04 1.342791995630957172e+04
1.053822051843162626e+03 1.342367968750000000e+04 1.342803885384363457e+04
1.053842485079076141e+03 1.341882128906250000e+04 1.342815706123410564e+04
1.053862918214872479e+03 1.343563476562500000e+04 1.342827453171559318e+04
1.053883351551368833e+03 1.341330468750000000e+04 1.342839122024139942e+04
1.053903784788213670e+03 1.343779687500000000e+04 1.342850707831994077e+04
1.053924217925406992e+03 1.342801855468750000e+04 1.342862205919326516e+04
1.053944651263300329e+03 1.343169238281250000e+04 1.342873611777431870e+04
1.053965084501076490e+03 1.342575000000000000e+04 1.342884920560656610e+04
1.053985517639201134e+03 1.342881542968750000e+04 1.342896127593670826e+04
1.054005950978025794e+03 1.342340527343750000e+04 1.342907228363386457e+04
1.054026384117081761e+03 1.343692187500000000e+04 1.342918217975219704e+04
1.054046817456372082e+03 1.344811718750000000e+04 1.342929091967224667e+04
1.054067250696010888e+03 1.343562500000000000e+04 1.342939845501900345e+04
1.054087683835998178e+03 1.342356445312500000e+04 1.342950473903995953e+04
1.054108117176685482e+03 1.343288476562500000e+04 1.342960972651743214e+04
1.054128550417721272e+03 1.342481738281250000e+04 1.342971336912799234e+04
1.054148983559105545e+03 1.343051464843750000e+04 1.342981562012118957e+04
1.054169416900258511e+03 1.342392675781250000e+04 1.342991643421443769e+04
1.054189850142691284e+03 1.342828027343750000e+04 1.343001576315379498e+04
1.054210283484775573e+03 1.343243359375000000e+04 1.343011356113251168e+04
1.054230716627556831e+03 1.343867285156250000e+04 1.343020977996067086e+04
1.054251149870455265e+03 1.342928417968750000e+04 1.343030437428935693e+04
1.054271583213936538e+03 1.342924218750000000e+04 1.343039729732595515e+04
