3.173141867872327566e+02 1.031965859375000000e+05 1.031993510003828560e+05
3.173346199737861753e+02 1.032212343750000000e+05 1.031995004763994220e+05
3.173550533610396087e+02 1.032028984375000000e+05 1.031996485855771170e+05
3.173754865485243499e+02 1.032188515625000000e+05 1.031997953297778295e+05
3.173959198356606066e+02 1.032065546875000000e+05 1.031999407159266266e+05
3.174163531237281859e+02 1.031854140625000000e+05 1.032000847480757802e+05
3.174367864117957652e+02 1.031895703125000000e+05 1.032002274309833301e+05
3.174572197003290057e+02 1.031848515625000000e+05 1.032003687694173423e+05
3.174776529888622463e+02 1.032098828125000000e+05 1.032005087681391306e+05
3.174980862778611481e+02 1.031871093750000000e+05 1.032006474319166446e+05
3.175185195668600500e+02 1.031950390625000000e+05 1.032007847655114019e+05
3.175389528563246131e+02 1.031962890625000000e+05 1.032009207736912213e+05
3.175593862459063530e+02 1.032005234375000000e+05 1.032010554618744063e+05
3.175798194361850619e+02 1.032010000000000000e+05 1.032011888328616042e+05
3.176002527261152864e+02 1.031984531250000000e+05 1.032013208933785209e+05
3.176206861166283488e+02 1.031973125000000000e+05 1.032014516481766477e+05
3.176411193073727190e+02 1.031931328125000000e+05 1.032015811001082329e+05
3.176615525982342660e+02 1.032122109375000000e+05 1.032017092558474542e+05
3.176819859896786511e+02 1.031831093750000000e+05 1.032018361201428343e+05
3.177024191813543439e+02 1.032095781250000000e+05 1.032019616959037521e+05
3.177228524731472135e+02 1.031976562500000000e+05 1.032020859897472837e+05
3.177432857649400830e+02 1.031982187500000000e+05 1.032022090058198373e+05
3.177637190576642752e+02 1.032035625000000000e+05 1.032023307488915452e+05
3.177841523499228060e+02 1.031863125000000000e+05 1.032024512237188756e+05
3.178045856431126595e+02 1.032065078125000000e+05 1.032025704350746964e+05
3.178250190359540284e+02 1.031990390625000000e+05 1.032026883882904367e+05
3.178454522294923663e+02 1.032011328125000000e+05 1.032028050864142715e+05
3.178658855231478810e+02 1.032074765625000000e+05 1.032029205359300831e+05
3.178863189169205725e+02 1.031998281250000000e+05 1.032030347415843280e+05
3.179067521113902330e+02 1.032036171875000000e+05 1.032031477064772043e+05
3.179271854059770703e+02 1.031711328125000000e+05 1.032032594370378647e+05
3.179476188002154231e+02 1.032152734375000000e+05 1.032033699380104372e+05
3.179680519956164062e+02 1.032031093750000000e+05 1.032034792125543318e+05
3.179884852906689048e+02 1.031934062500000000e+05 1.032035872670395474e+05
3.180089186863042414e+02 1.032016796875000000e+05 1.032036941062177939e+05
3.180293518821708858e+02 1.031916562500000000e+05 1.032037997332922387e+05
3.180497851781547070e+02 1.032003828125000000e+05 1.032039041545866930e+05
3.180702185742557049e+02 1.031910703125000000e+05 1.032040073748481664e+05
3.180906517710536718e+02 1.032208359375000000e+05 1.032041093973375973e+05
3.181110850679688156e+02 1.032146406250000000e+05 1.032042102283234562e+05
3.181315183648839593e+02 1.032106953125000000e+05 1.032043098720676498e+05
3.181519517623819411e+02 1.032027890625000000e+05 1.032044083338166820e+05
3.181723849601112306e+02 1.032128984375000000e+05 1.032045056168965821e+05
3.181928181578405201e+02 1.031913671875000000e+05 1.032046017270404118e+05
3.182132515562698245e+02 1.031871171875000000e+05 1.032046966699396871e+05
3.182336848545819521e+02 1.032044531250000000e+05 1.032047904489527573e+05
3.182541181533597410e+02 1.031976562500000000e+05 1.032048830693145283e+05
3.182745514521375299e+02 1.032190000000000000e+05 1.032049745357876091e+05
3.182949847513809800e+02 1.031987031250000000e+05 1.032050648531387560e+05
3.183154179509729147e+02 1.032224765625000000e+05 1.032051540256985027e+05
3.183358513507992029e+02 1.032190312500000000e+05 1.032052420595319127e+05
3.183562846509739757e+02 1.031948281250000000e+05 1.032053289581033314e+05
3.183767178510315716e+02 1.032112734375000000e+05 1.032054147261920880e+05
3.183971512517891824e+02 1.032084062500000000e+05 1.032054993698172912e+05
3.184175845524296165e+02 1.032057031250000000e+05 1.032055828924892994e+05
3.184380178535357118e+02 1.032195937500000000e+05 1.032056652993921452e+05
3.184584510549902916e+02 1.032121328125000000e+05 1.032057465948949393e+05
3.184788844566792250e+02 1.032130000000000000e+05 1.032058267849473341e+05
3.184993177587166429e+02 1.032145937500000000e+05 1.032059058731290279e+05
3.185197509606368840e+02 1.032054921875000000e+05 1.032059838642191171e+05
3.185401843632571399e+02 1.032158046875000000e+05 1.032060607641223905e+05
3.185606176657602191e+02 1.032029765625000000e+05 1.032061365764634684e+05
3.185810508690774441e+02 1.032313828125000000e+05 1.032062113060264237e+05
3.186014842721633613e+02 1.032045625000000000e+05 1.032062849586613593e+05
3.186219175755977631e+02 1.032128984375000000e+05 1.032063575380458497e+05
3.186423507793806493e+02 1.032099062500000000e+05 1.032064290489603300e+05
3.186627841833978891e+02 1.032013828125000000e+05 1.032064994972111599e+05
3.186832174877636135e+02 1.032032031250000000e+05 1.032065688865213597e+05
3.187036507925949991e+02 1.032073281250000000e+05 1.032066372220033372e+05
3.187240840969607234e+02 1.032105781250000000e+05 1.032067045084187848e+05
3.187445174022577703e+02 1.032127968750000000e+05 1.032067707505369617e+05
3.187649507075548172e+02 1.032115234375000000e+05 1.032068359531195310e+05
3.187853840133175254e+02 1.032074453125000000e+05 1.032069001209326962e+05
3.188058173190802336e+02 1.032159609375000000e+05 1.032069632587396627e+05
3.188262506253086030e+02 1.031976406250000000e+05 1.032070253713066631e+05
3.188466838318854570e+02 1.032144765625000000e+05 1.032070864631014410e+05
3.188671172386966646e+02 1.032014765625000000e+05 1.032071465397778811e+05
3.188875505453906953e+02 1.032037343750000000e+05 1.032072056052102125e+05
3.189079837528988719e+02 1.032236015625000000e+05 1.032072636641806166e+05
3.189284171601757407e+02 1.032169765625000000e+05 1.032073207222958736e+05
3.189488504682667553e+02 1.032232656250000000e+05 1.032073767834785540e+05
3.189692836762405932e+02 1.032260781250000000e+05 1.032074318525053968e+05
3.189897170844487846e+02 1.032261093750000000e+05 1.032074859349433682e+05
3.190101503930054605e+02 1.032064218750000000e+05 1.032075390347561915e+05
3.190305836019106209e+02 1.032310703125000000e+05 1.032075911567229778e+05
3.190510170110501349e+02 1.032009765625000000e+05 1.032076423063661787e+05
3.190714503205381334e+02 1.032143046875000000e+05 1.032076924876927515e+05
3.190918835299089551e+02 1.032200859375000000e+05 1.032077417054804391e+05
3.191123169399797916e+02 1.031890078125000000e+05 1.032077899652114429e+05
3.191327502499334514e+02 1.032054062500000000e+05 1.032078372709330288e+05
3.191531834607012570e+02 1.032057500000000000e+05 1.032078836274259957e+05
3.191736168712377548e+02 1.032018515625000000e+05 1.032079290401263424e+05
3.191940501821227372e+02 1.032028750000000000e+05 1.032079735131264606e+05
3.192144833933562040e+02 1.031904453125000000e+05 1.032080170512047334e+05
3.192349167051725090e+02 1.032020859375000000e+05 1.032080596595525567e+05
3.192553501166403294e+02 1.031961562500000000e+05 1.032081013429190934e+05
3.192757833288051188e+02 1.031955859375000000e+05 1.032081421054659295e+05
3.192962166410870850e+02 1.032103750000000000e+05 1.032081819525618630e+05
3.193370832665823400e+02 1.032205390625000000e+05 1.032082589188557758e+05
3.193575165797956288e+02 1.032196875000000000e+05 1.032082960475831496e+05
3.193779499931260943e+02 1.032009453125000000e+05 1.032083322798919107e+05
3.193983833068050444e+02 1.032067734375000000e+05 1.032083676201925555e+05
3.194188165208324790e+02 1.032207968750000000e+05 1.032084020732627832e+05
3.194392499350942671e+02 1.032046328125000000e+05 1.032084356443665602e+05
3.194596832497045398e+02 1.032123437500000000e+05 1.032084683377693873e+05
3.194801164641976357e+02 1.032210859375000000e+05 1.032085001582481200e+05
3.195005498793907464e+02 1.032063906250000000e+05 1.032085311110295152e+05
3.195209831944666803e+02 1.032240937500000000e+05 1.032085612004162977e+05
3.195414164098910987e+02 1.032166093750000000e+05 1.032085904311864724e+05
3.195618498260155320e+02 1.032064609375000000e+05 1.032086188085281610e+05
3.195822831420227885e+02 1.032037812500000000e+05 1.032086463367820252e+05
3.196027163583785295e+02 1.032119062500000000e+05 1.032086730207258952e+05
3.196231496748514473e+02 1.032043906250000000e+05 1.032086988653853041e+05
3.196435830919072032e+02 1.032097968750000000e+05 1.032087238755132857e+05
3.196640163087286055e+02 1.031997265625000000e+05 1.032087480555124930e+05
3.196844496261328459e+02 1.031886406250000000e+05 1.032087714105097111e+05
3.197048830441199243e+02 1.032082734375000000e+05 1.032087939452575374e+05
3.197253163619898260e+02 1.032053906250000000e+05 1.032088156642993563e+05
3.197457495802082121e+02 1.031977578125000000e+05 1.032088365724123723e+05
3.197661829986609519e+02 1.032238906250000000e+05 1.032088566746621946e+05
3.197866163174621761e+02 1.032150625000000000e+05 1.032088759755126666e+05
3.198070495366118848e+02 1.032058984375000000e+05 1.032088944797401491e+05
3.198274829555302858e+02 1.032250859375000000e+05 1.032089121923748171e+05
3.198479161751456559e+02 1.032176796875000000e+05 1.032089291178353888e+05
3.198683494953438640e+02 1.032058906250000000e+05 1.032089452611406741e+05
3.198887829151935875e+02 1.032203125000000000e+05 1.032089606270432560e+05
3.199092161357402802e+02 1.031965312500000000e+05 1.032089752200887742e+05
3.199296494564041495e+02 1.032233046875000000e+05 1.032089890452614054e+05
3.199500828771851957e+02 1.032013515625000000e+05 1.032090021073146490e+05
3.199705160981975496e+02 1.032016640625000000e+05 1.032090144108271343e+05
3.199909494197927415e+02 1.032202187500000000e+05 1.032090259607499611e+05
3.200113827413879335e+02 1.031885859375000000e+05 1.032090367617854499e+05
3.200318160634487867e+02 1.032106562500000000e+05 1.032090468186986109e+05
3.200522493859753013e+02 1.032167656250000000e+05 1.032090561362541339e+05
3.200726827085018158e+02 1.031992968750000000e+05 1.032090647192165488e+05
3.200931161311455071e+02 1.032167500000000000e+05 1.032090725723872893e+05
3.201135493540205061e+02 1.032026718750000000e+05 1.032090797004211636e+05
3.201339826774783432e+02 1.032128593750000000e+05 1.032090861081930052e+05
3.201544161010533571e+02 1.032065781250000000e+05 1.032090918004568084e+05
3.201748493248596787e+02 1.031965390625000000e+05 1.032090967818990466e+05
3.201952826492488384e+02 1.032166015625000000e+05 1.032091010573628155e+05
3.202157160732895136e+02 1.032180937500000000e+05 1.032091046316023567e+05
3.202361492980271578e+02 1.031981015625000000e+05 1.032091075093352556e+05
3.202565826228819788e+02 1.032081171875000000e+05 1.032091096953734814e+05
3.202770160483196378e+02 1.032181562500000000e+05 1.032091111944717122e+05
3.202974492735229433e+02 1.032088046875000000e+05 1.032091120113775833e+05
3.203178825997747481e+02 1.032042656250000000e+05 1.032091121508728829e+05
3.203383159255608916e+02 1.032047500000000000e+05 1.032091116177166987e+05
3.203587492518126965e+02 1.031939218750000000e+05 1.032091104166737350e+05
3.203791825785301626e+02 1.032128593750000000e+05 1.032091085525086819e+05
3.203996159052476287e+02 1.032067968750000000e+05 1.032091060299863457e+05
3.204200493320822716e+02 1.031854843750000000e+05 1.032091028538543469e+05
3.204404825596138835e+02 1.032028437500000000e+05 1.032090990289286710e+05
3.204609158872626722e+02 1.032029921875000000e+05 1.032090945599227998e+05
3.205017825434915721e+02 1.032016171875000000e+05 1.032090837087806140e+05
3.205222158720716834e+02 1.032105234375000000e+05 1.032090773361737374e+05
3.205426493007689714e+02 1.032096406250000000e+05 1.032090703385270026e+05
3.205630825296975672e+02 1.032037734375000000e+05 1.032090627207123616e+05
3.205835158587433398e+02 1.031833437500000000e+05 1.032090544873873005e+05
3.206039491882547736e+02 1.032015000000000000e+05 1.032090456433522340e+05
3.206243825182318687e+02 1.031988203125000000e+05 1.032090361933718377e+05
3.206448158482089639e+02 1.032013281250000000e+05 1.032090261422110780e+05
3.206652491786517203e+02 1.032028046875000000e+05 1.032090154946344555e+05
3.207061158400028944e+02 1.032104687500000000e+05 1.032089924292931100e+05
3.207265491709113121e+02 1.032299218750000000e+05 1.032089800210578542e+05
3.207469825027510524e+02 1.031881718750000000e+05 1.032089670354653790e+05
3.207674158341251314e+02 1.032079765625000000e+05 1.032089534772813204e+05
3.207878490663133562e+02 1.031974453125000000e+05 1.032089393513401010e+05
3.208082824982702732e+02 1.032048671875000000e+05 1.032089246621956263e+05
3.208287158310413361e+02 1.031958359375000000e+05 1.032089094148234290e+05
3.208491490636952221e+02 1.032001875000000000e+05 1.032088936139971192e+05
3.208695824965834618e+02 1.032097968750000000e+05 1.032088772642451222e+05
3.208900158298201859e+02 1.032159296875000000e+05 1.032088603705681162e+05
3.209104490634053946e+02 1.032097500000000000e+05 1.032088429377388093e+05
3.209308824972249568e+02 1.032081640625000000e+05 1.032088249702621542e+05
3.209513158313930035e+02 1.032039218750000000e+05 1.032088064731626655e+05
3.209717491660267115e+02 1.032265312500000000e+05 1.032087874511183181e+05
3.209921825006604195e+02 1.032003593750000000e+05 1.032087679088943696e+05
3.210126158352941275e+02 1.032049843750000000e+05 1.032087478512554953e+05
3.210330491708591580e+02 1.031951093750000000e+05 1.032087272829655994e+05
3.210534825059585273e+02 1.032225937500000000e+05 1.032087062087907398e+05
3.210739158419892192e+02 1.032035546875000000e+05 1.032086846334942820e+05
3.210943491780199111e+02 1.032171328125000000e+05 1.032086625618419494e+05
3.211147826141677797e+02 1.032078515625000000e+05 1.032086399984867021e+05
3.211352158505469561e+02 1.032062812500000000e+05 1.032086169485280698e+05
3.211556491875089705e+02 1.032104375000000000e+05 1.032085934163955535e+05
3.211760824248194695e+02 1.031948906250000000e+05 1.032085694070843747e+05
3.211965158618986607e+02 1.032045859375000000e+05 1.032085449250040401e+05
3.212169491997919977e+02 1.032026093750000000e+05 1.032085199752740155e+05
3.212373825376853347e+02 1.032139921875000000e+05 1.032084945625413966e+05
3.212578158755786717e+02 1.031957109375000000e+05 1.032084686915708880e+05
3.212782492139376700e+02 1.032230937500000000e+05 1.032084423671266995e+05
3.212986825527623296e+02 1.032281953125000000e+05 1.032084155939735647e+05
3.213191158915869892e+02 1.032026171875000000e+05 1.032083883768768574e+05
3.213395492313429713e+02 1.031952656250000000e+05 1.032083607206000161e+05
3.213599825706332922e+02 1.032012812500000000e+05 1.032083326299097389e+05
3.213804159103892744e+02 1.032131015625000000e+05 1.032083041095695080e+05
3.214008492506109178e+02 1.032206171875000000e+05 1.032082751643440424e+05
3.214212825908325613e+02 1.032016875000000000e+05 1.032082457989987743e+05
3.214417159315198660e+02 1.032126640625000000e+05 1.032082160182977386e+05
3.214621492722071707e+02 1.032129296875000000e+05 1.032081858270064695e+05
3.214825825132429600e+02 1.032212734375000000e+05 1.032081552300398471e+05
3.215030159549787641e+02 1.032206093750000000e+05 1.032081242317099241e+05
3.215234492965973914e+02 1.032175859375000000e+05 1.032080928372349154e+05
3.215438825385645032e+02 1.032268046875000000e+05 1.032080610513846041e+05
3.215643158806487918e+02 1.031969218750000000e+05 1.032080288786129968e+05
3.215847493233159184e+02 1.032036875000000000e+05 1.032079963236784242e+05
3.216051825662143528e+02 1.031918437500000000e+05 1.032079633918269828e+05
3.216256159092299640e+02 1.032164453125000000e+05 1.032079300873428292e+05
3.216460493523627520e+02 1.032025546875000000e+05 1.032078964149853855e+05
3.216664826958440244e+02 1.032026015625000000e+05 1.032078623798485205e+05
3.216869159396737814e+02 1.032063359375000000e+05 1.032078279867023230e+05
3.217073493837378919e+02 1.032170781250000000e+05 1.032077932398041885e+05
3.217277827286161482e+02 1.032015468750000000e+05 1.032077581444254320e+05
3.217482159729115665e+02 1.032068906250000000e+05 1.032077227053382958e+05
3.217686494179069996e+02 1.032091953125000000e+05 1.032076869267825095e+05
3.217890827632509172e+02 1.032296171875000000e+05 1.032076508140462538e+05
3.218095160089433193e+02 1.032091015625000000e+05 1.032076143718991370e+05
3.218299494544044137e+02 1.032106796875000000e+05 1.032075776045695820e+05
3.218503828006796539e+02 1.032133515625000000e+05 1.032075405173578474e+05
3.218708160468377173e+02 1.031988515625000000e+05 1.032075031150350696e+05
3.218912494932301342e+02 1.032274765625000000e+05 1.032074654018139117e+05
3.219116828399710357e+02 1.032086640625000000e+05 1.032074273830104066e+05
3.219321161871775985e+02 1.032012109375000000e+05 1.032073890632052207e+05
3.219525494347326458e+02 1.031902265625000000e+05 1.032073504473531211e+05
3.219729828825220466e+02 1.031986015625000000e+05 1.032073115396498761e+05
3.219934162301942706e+02 1.031886796875000000e+05 1.032072723454301013e+05
3.220138494786806405e+02 1.031990546875000000e+05 1.032072328694609168e+05
3.220342829269357026e+02 1.032230703125000000e+05 1.032071931159274536e+05
3.220547162760049105e+02 1.032411718750000000e+05 1.032071530901741353e+05
3.220751495249569416e+02 1.032128906250000000e+05 1.032071127969714580e+05
3.220955829741433263e+02 1.032155468750000000e+05 1.032070722404899570e+05
3.221160163236781955e+02 1.032237343750000000e+05 1.032070314260877785e+05
3.221364495735615492e+02 1.031828906250000000e+05 1.032069903585333668e+05
3.221568830236792564e+02 1.032035468750000000e+05 1.032069490419869253e+05
3.221773163736797869e+02 1.032145703125000000e+05 1.032069074818187801e+05
3.221977496244944632e+02 1.032296406250000000e+05 1.032068656827952946e+05
3.222181830755434930e+02 1.032135390625000000e+05 1.032068236490669951e+05
3.222386164269410074e+02 1.032334609375000000e+05 1.032067813860138995e+05
3.222590496782213449e+02 1.032755546875000000e+05 1.032067388984049903e+05
3.222794831297360361e+02 1.032080625000000000e+05 1.032066961903789488e+05
3.223203497342765331e+02 1.032241796875000000e+05 1.032066101340121240e+05
3.223407830866053700e+02 1.031996093750000000e+05 1.032065667947832844e+05
3.223612165395170450e+02 1.032071562500000000e+05 1.032065232543989696e+05
3.223816497926600277e+02 1.031580390625000000e+05 1.032064795182654343e+05
3.224020831459201872e+02 1.031371171875000000e+05 1.032064355905069096e+05
3.224225165997631848e+02 1.031345859375000000e+05 1.032063914758844767e+05
3.224429498538374901e+02 1.031302656250000000e+05 1.032063471798126557e+05
3.224633832080289721e+02 1.031231562500000000e+05 1.032063027064074413e+05
3.224838166623376310e+02 1.031349140625000000e+05 1.032062580604310060e+05
3.225042499168775976e+02 1.031291953125000000e+05 1.032062132473046513e+05
3.225246832720004022e+02 1.031205703125000000e+05 1.032061682711356407e+05
3.225451167272403836e+02 1.031192734375000000e+05 1.032061231366873981e+05
3.225655499827116728e+02 1.031280625000000000e+05 1.032060778493882535e+05
3.225859833387658000e+02 1.031452968750000000e+05 1.032060324133383983e+05
3.226064167944714427e+02 1.031296406250000000e+05 1.032059868333025079e+05
3.226268500513397157e+02 1.031971562500000000e+05 1.032059411147122592e+05
3.226472834078595042e+02 1.032131796875000000e+05 1.032058952616655588e+05
3.226677168644964695e+02 1.032053515625000000e+05 1.032058492789241864e+05
3.226881502219475806e+02 1.031959296875000000e+05 1.032058031717014674e+05
3.227085834792815149e+02 1.032254687500000000e+05 1.032057569447660644e+05
3.227290168371982872e+02 1.031964843750000000e+05 1.032057106024286477e+05
3.227494502952322364e+02 1.032114218750000000e+05 1.032056641494534852e+05
3.227698835534974933e+02 1.032032343750000000e+05 1.032056175912878098e+05
3.227903169118799269e+02 1.031945078125000000e+05 1.032055709320138267e+05
3.228107503708451986e+02 1.032039140625000000e+05 1.032055241763939121e+05
3.228311836295761168e+02 1.032063750000000000e+05 1.032054773298818036e+05
3.228516169888898730e+02 1.032013984375000000e+05 1.032054303965532745e+05
3.228720504487864673e+02 1.032014609375000000e+05 1.032053833811718359e+05
3.228924837084487081e+02 1.031841015625000000e+05 1.032053362891950092e+05
3.229129170686937869e+02 1.031818984375000000e+05 1.032052891246948857e+05
3.229333505295217037e+02 1.032008515625000000e+05 1.032052418924351659e+05
3.229537838902324438e+02 1.031890468750000000e+05 1.032051945976445859e+05
3.229742171508260071e+02 1.031991562500000000e+05 1.032051472450887959e+05
3.229946506125852466e+02 1.032237656250000000e+05 1.032050998388339794e+05
3.230150839737616479e+02 1.032177343750000000e+05 1.032050523843446281e+05
3.230355172357521951e+02 1.031898203125000000e+05 1.032050048863829870e+05
3.230559506979770958e+02 1.032109609375000000e+05 1.032049573490174371e+05
3.230763839604333043e+02 1.031966484375000000e+05 1.032049097779433650e+05
3.230968173230066895e+02 1.032085000000000000e+05 1.032048621772276238e+05
3.231172506855800748e+02 1.031929062500000000e+05 1.032048145518680103e+05
3.231376840490847826e+02 1.032024531250000000e+05 1.032047669066271337e+05
3.231581174121238291e+02 1.031950546875000000e+05 1.032047192462729581e+05
3.231785507760941982e+02 1.032117187500000000e+05 1.032046715755671321e+05
3.231989841400645673e+02 1.031823906250000000e+05 1.032046238992765429e+05
3.232194175045005977e+02 1.032151015625000000e+05 1.032045762221649347e+05
3.232398508689366281e+02 1.032007734375000000e+05 1.032045285489981034e+05
3.232602842338383198e+02 1.032017031250000000e+05 1.032044808845398074e+05
3.232807175987400115e+02 1.032167734375000000e+05 1.032044332335559302e+05
3.233011509641073644e+02 1.032117187500000000e+05 1.032043856008100993e+05
3.233215843299403787e+02 1.032063203125000000e+05 1.032043379910672083e+05
3.233420176957733929e+02 1.032023359375000000e+05 1.032042904090930242e+05
3.233624510620720685e+02 1.032000000000000000e+05 1.032042428596513055e+05
3.233828845284879208e+02 1.032081250000000000e+05 1.032041953472752357e+05
3.234033177951350808e+02 1.032226718750000000e+05 1.032041478774265997e+05
3.234237511623650789e+02 1.032088515625000000e+05 1.032041004541720322e+05
3.234441846297122538e+02 1.031976484375000000e+05 1.032040530822782312e+05
3.234646178972907364e+02 1.031832968750000000e+05 1.032040057672047697e+05
3.234850512649863958e+02 1.032103125000000000e+05 1.032039585130216001e+05
3.235054847327992320e+02 1.032096718750000000e+05 1.032039113244944747e+05
3.235259180013090372e+02 1.032040468750000000e+05 1.032038642070790956e+05
3.235463513699360192e+02 1.032024921875000000e+05 1.032038171648493153e+05
3.235667847390286624e+02 1.031979218750000000e+05 1.032037702027999330e+05
3.235872181081213057e+02 1.031921562500000000e+05 1.032037233256717300e+05
3.236076514776796103e+02 1.031837421875000000e+05 1.032036765376261319e+05
3.236280848472379148e+02 1.031882265625000000e+05 1.032036298422484106e+05
3.236485183173790574e+02 1.032080156250000000e+05 1.032035832428684662e+05
3.236689515877515078e+02 1.032066171875000000e+05 1.032035367437295208e+05
3.236893849582411349e+02 1.031980546875000000e+05 1.032034903477074404e+05
3.237098184293136001e+02 1.032138828125000000e+05 1.032034440583616670e+05
3.237302517001517117e+02 1.032032421875000000e+05 1.032033978799319302e+05
3.237506850715726614e+02 1.032099531250000000e+05 1.032033518152965698e+05
3.237711185435764492e+02 1.032065390625000000e+05 1.032033058680162649e+05
3.237915518153458834e+02 1.031911250000000000e+05 1.032032600423256226e+05
3.238119851876981556e+02 1.032273671875000000e+05 1.032032143411080760e+05
3.238324185600504279e+02 1.032102890625000000e+05 1.032031687681485491e+05
3.238528519328683615e+02 1.032059296875000000e+05 1.032031233270049852e+05
3.238732853056862950e+02 1.032095312500000000e+05 1.032030780212374520e+05
3.238937186789698899e+02 1.031997187500000000e+05 1.032030328544039221e+05
3.239141520527191460e+02 1.032049609375000000e+05 1.032029878300634155e+05
3.239345854264684021e+02 1.031930937500000000e+05 1.032029429517759127e+05
3.239550187005661428e+02 1.032034765625000000e+05 1.032028982233183051e+05
3.239754521748982370e+02 1.032078125000000000e+05 1.032028536475941801e+05
3.239958855495788157e+02 1.032081328125000000e+05 1.032028092288179469e+05
3.240163188246078789e+02 1.031930156250000000e+05 1.032027649705462682e+05
3.240367522998712957e+02 1.031969296875000000e+05 1.032027208756898035e+05
3.240571856754831970e+02 1.032148437500000000e+05 1.032026769484559045e+05
3.240776189509779215e+02 1.032106328125000000e+05 1.032026331924021652e+05
3.240980524271726608e+02 1.032140390625000000e+05 1.032025896104446438e+05
3.241184858037158847e+02 1.032047578125000000e+05 1.032025462067842891e+05
3.241389190801419318e+02 1.032069687500000000e+05 1.032025029849784623e+05
3.241593525572679937e+02 1.031960625000000000e+05 1.032024599479511962e+05
3.241797859342768788e+02 1.032171796875000000e+05 1.032024170998965274e+05
3.242002192116342485e+02 1.032077109375000000e+05 1.032023744443696196e+05
3.242206526892259717e+02 1.032028671875000000e+05 1.032023319843049394e+05
3.242410860671661794e+02 1.032088515625000000e+05 1.032022897238860751e+05
3.242615194455720484e+02 1.031825078125000000e+05 1.032022476664635760e+05
3.242819528239779174e+02 1.031940468750000000e+05 1.032022058155973500e+05
3.243023862028494477e+02 1.031826562500000000e+05 1.032021641748455295e+05
3.243228195817209780e+02 1.031927187500000000e+05 1.032021227477680659e+05
3.243432528614066541e+02 1.032044687500000000e+05 1.032020815381234279e+05
3.243636863408610225e+02 1.032107187500000000e+05 1.032020405488693505e+05
3.243841197206638753e+02 1.032220234375000000e+05 1.032019997841671575e+05
3.244045530008152127e+02 1.032111562500000000e+05 1.032019592475724639e+05
3.244249864812009037e+02 1.031921250000000000e+05 1.032019189420511393e+05
3.244454198619350791e+02 1.032113750000000000e+05 1.032018788717553689e+05
3.244658531430177391e+02 1.032077578125000000e+05 1.032018390402407240e+05
3.244862866243347526e+02 1.032030468750000000e+05 1.032017994504834642e+05
3.245067200060002506e+02 1.032183437500000000e+05 1.032017601066253847e+05
3.245271533876657486e+02 1.032099609375000000e+05 1.032017210120318050e+05
3.245475867697969079e+02 1.032133515625000000e+05 1.032016821702609159e+05
3.245680201519280672e+02 1.032121718750000000e+05 1.032016435848725669e+05
3.245884535349905491e+02 1.031895468750000000e+05 1.032016052594241046e+05
3.246088869175873697e+02 1.032112656250000000e+05 1.032015671974770958e+05
3.246293203011155128e+02 1.032123671875000000e+05 1.032015294025879848e+05
3.246497536841779947e+02 1.032023359375000000e+05 1.032014918783184112e+05
3.246701870681717992e+02 1.031960937500000000e+05 1.032014546282247757e+05
3.246906204521656036e+02 1.032058515625000000e+05 1.032014176558678591e+05
3.247110537365078926e+02 1.031842109375000000e+05 1.032013809649849136e+05
3.247314871209673584e+02 1.031999609375000000e+05 1.032013445587761962e+05
3.247519206060096622e+02 1.031933046875000000e+05 1.032013084408041468e+05
3.247723538908176124e+02 1.032031093750000000e+05 1.032012726151573879e+05
3.247927872762084007e+02 1.031864687500000000e+05 1.032012370848653372e+05
3.248132207621820271e+02 1.032127812500000000e+05 1.032012018534914241e+05
3.248336540479212999e+02 1.031922421875000000e+05 1.032011669251110870e+05
3.248540874342434108e+02 1.032025625000000000e+05 1.032011323027669569e+05
3.248745209206826985e+02 1.031868125000000000e+05 1.032010979900233506e+05
3.248949543074704707e+02 1.031950625000000000e+05 1.032010639907747973e+05
3.249153875946067274e+02 1.031959687500000000e+05 1.032010303085756459e+05
3.249358210819773376e+02 1.032051250000000000e+05 1.032009969464929600e+05
3.249562544692307711e+02 1.032151406250000000e+05 1.032009639085785311e+05
3.249766877572983503e+02 1.032154375000000000e+05 1.032009311983851076e+05
3.249971212456002831e+02 1.031887578125000000e+05 1.032008988189947704e+05
3.250175546337850392e+02 1.032060390625000000e+05 1.032008667744449922e+05
3.250379879223182797e+02 1.032090703125000000e+05 1.032008350682891032e+05
3.250584214115515351e+02 1.031992968750000000e+05 1.032008037036225724e+05
3.250788548006676137e+02 1.032003281250000000e+05 1.032007726844687277e+05
3.250992880901321769e+02 1.031863671875000000e+05 1.032007420143807540e+05
3.251197215798310935e+02 1.032188281250000000e+05 1.032007116964701563e+05
3.251401549698784947e+02 1.032057109375000000e+05 1.032006817347435281e+05
3.251605882602743804e+02 1.031942500000000000e+05 1.032006521327546216e+05
3.251810216512531042e+02 1.032103515625000000e+05 1.032006228937724081e+05
3.252014551418833435e+02 1.032213515625000000e+05 1.032005940213625727e+05
3.252218885333277285e+02 1.032034296875000000e+05 1.032005655193651328e+05
3.252423218246549368e+02 1.032057187500000000e+05 1.032005373913349758e+05
3.252627553162164986e+02 1.032190937500000000e+05 1.032005096404204087e+05
3.253036220003850758e+02 1.032045859375000000e+05 1.032004552853987843e+05
3.253240554928779602e+02 1.031940546875000000e+05 1.032004286880109576e+05
3.253444888857193291e+02 1.031967968750000000e+05 1.032004024823793152e+05
3.253649221789091825e+02 1.032192187500000000e+05 1.032003766720571148e+05
3.253853556723333895e+02 1.031987031250000000e+05 1.032003512602274859e+05
3.254057890661060810e+02 1.032065312500000000e+05 1.032003262508253974e+05
3.254262223597615957e+02 1.032021250000000000e+05 1.032003016474044998e+05
3.254466558541171253e+02 1.031881093750000000e+05 1.032002774531645700e+05
3.254670891487039626e+02 1.031872187500000000e+05 1.032002536721388751e+05
3.254875225434079766e+02 1.032024375000000000e+05 1.032002303075343370e+05
3.255079560382291675e+02 1.032154062500000000e+05 1.032002073629161605e+05
3.255283893337473273e+02 1.032256328125000000e+05 1.032001848421764589e+05
3.255488227293826640e+02 1.032109218750000000e+05 1.032001627485412027e+05
3.255692561250180006e+02 1.032082500000000000e+05 1.032001410856807779e+05
3.255896896212361753e+02 1.032001171875000000e+05 1.032001198570507695e+05
3.256101229176856577e+02 1.031895078125000000e+05 1.032000990665190620e+05
3.256305563142523170e+02 1.031938593750000000e+05 1.032000787173363497e+05
3.256509898114018142e+02 1.031745625000000000e+05 1.032000588130677061e+05
3.256714231083169580e+02 1.032091171875000000e+05 1.032000393575619382e+05
3.256918565062806010e+02 1.032116875000000000e+05 1.032000203540878720e+05
3.257122900038957596e+02 1.032035156250000000e+05 1.032000018062125600e+05
3.257327233017422259e+02 1.031889296875000000e+05 1.031999837177633890e+05
3.257531567001715302e+02 1.031958906250000000e+05 1.031999660920302267e+05
3.257735901987180114e+02 1.031960546875000000e+05 1.031999489325793111e+05
3.257940234974958003e+02 1.032072578125000000e+05 1.031999322432180343e+05
3.258144568968564272e+02 1.031878828125000000e+05 1.031999160272566951e+05
3.258348903963342309e+02 1.032242187500000000e+05 1.031999002882616769e+05
3.258553236960433424e+02 1.031991718750000000e+05 1.031998850300195045e+05
3.258757570958696306e+02 1.031998437500000000e+05 1.031998702558617224e+05
3.258961905962787569e+02 1.031908906250000000e+05 1.031998559693541902e+05
3.259166239970363677e+02 1.031947734375000000e+05 1.031998421741959464e+05
3.259370572976768017e+02 1.031959375000000000e+05 1.031998288739391428e+05
3.259574906989000738e+02 1.032195156250000000e+05 1.031998160720121523e+05
3.259779242002405226e+02 1.031757343750000000e+05 1.031998037719816202e+05
3.259983575018122792e+02 1.031842656250000000e+05 1.031997919775834453e+05
3.260187909035012126e+02 1.032194062500000000e+05 1.031997806921998272e+05
3.260392244057729840e+02 1.032146328125000000e+05 1.031997699193970766e+05
3.260596577082760632e+02 1.031893515625000000e+05 1.031997596628887695e+05
3.260800911113619804e+02 1.031725937500000000e+05 1.031997499260794430e+05
3.261005246140994132e+02 1.032162656250000000e+05 1.031997407125362224e+05
3.261209579175338149e+02 1.032052890625000000e+05 1.031997320259491098e+05
3.261413913210853934e+02 1.031945625000000000e+05 1.031997238697459397e+05
3.261618248252198100e+02 1.032014531250000000e+05 1.031997162474934303e+05
3.261822581291198730e+02 1.032027812500000000e+05 1.031997091628588823e+05
3.262026915336027741e+02 1.032083984375000000e+05 1.031997026192931080e+05
3.262231250382028520e+02 1.031942421875000000e+05 1.031996966203632328e+05
3.262435584431514144e+02 1.031962734375000000e+05 1.031996911696869793e+05
3.262844252539798617e+02 1.032008203125000000e+05 1.031996819272395514e+05
3.263048585597425699e+02 1.031844062500000000e+05 1.031996781426036323e+05
3.263252919660881162e+02 1.031948281250000000e+05 1.031996749204069056e+05
3.263457254720851779e+02 1.031980625000000000e+05 1.031996722642168315e+05
3.263661587787792087e+02 1.032175703125000000e+05 1.031996701776271511e+05
3.263865921855904162e+02 1.031924843750000000e+05 1.031996686641621636e+05
3.264070255928672850e+02 1.031915546875000000e+05 1.031996677273925015e+05
3.264274590001441538e+02 1.031947968750000000e+05 1.031996673708772141e+05
3.264478924078866839e+02 1.031804140625000000e+05 1.031996675981753215e+05
3.264683258160948753e+02 1.032000000000000000e+05 1.031996684128459747e+05
3.264887592243030667e+02 1.031879296875000000e+05 1.031996698184481065e+05
3.265091926329769194e+02 1.032132109375000000e+05 1.031996718185408827e+05
3.265296260416507721e+02 1.032038906250000000e+05 1.031996744166832214e+05
3.265500594507902861e+02 1.032074062500000000e+05 1.031996776164342737e+05
3.265704928603954613e+02 1.032060937500000000e+05 1.031996814213531325e+05
3.265909262700006366e+02 1.031764140625000000e+05 1.031996858349986869e+05
3.266113597797229886e+02 1.031857578125000000e+05 1.031996908609561506e+05
3.266317930901423097e+02 1.031835859375000000e+05 1.031996965027064143e+05
3.266522265006788075e+02 1.031728125000000000e+05 1.031997027638867148e+05
3.266726600113324821e+02 1.031985390625000000e+05 1.031997096480651526e+05
3.266930933226831257e+02 1.032008125000000000e+05 1.031997171586953627e+05
3.267135267336852849e+02 1.031873125000000000e+05 1.031997252994416631e+05
3.267339602452702820e+02 1.031899609375000000e+05 1.031997340738727507e+05
3.267543935575522482e+02 1.032079375000000000e+05 1.031997434854142339e+05
3.267748269694857299e+02 1.031860859375000000e+05 1.031997535377582244e+05
3.267952603818848729e+02 1.031930546875000000e+05 1.031997642344196211e+05
3.268156937947496772e+02 1.031990156250000000e+05 1.031997755789574585e+05
3.268361272076144814e+02 1.032026171875000000e+05 1.031997875749306404e+05
3.268565606209449470e+02 1.032007031250000000e+05 1.031998002258983906e+05
3.268769940342754126e+02 1.031915000000000000e+05 1.031998135354195401e+05
3.268974274480715394e+02 1.032016171875000000e+05 1.031998275070534000e+05
3.269178608623333275e+02 1.031983515625000000e+05 1.031998421443590487e+05
3.269382943767122924e+02 1.032020078125000000e+05 1.031998574509718746e+05
3.269587276913225651e+02 1.031839453125000000e+05 1.031998734302213124e+05
3.269791611065156758e+02 1.031996250000000000e+05 1.031998900858964189e+05
3.269995946213603020e+02 1.032063984375000000e+05 1.031999074215653964e+05
3.270200279369018972e+02 1.031863750000000000e+05 1.031999254405286629e+05
3.270404613525606692e+02 1.032049921875000000e+05 1.031999441466042917e+05
3.270608947686851025e+02 1.031952968750000000e+05 1.031999635432651849e+05
3.270813281852751970e+02 1.031976171875000000e+05 1.031999836340703769e+05
3.271017616018652916e+02 1.031777968750000000e+05 1.032000044225784950e+05
3.271221950184553862e+02 1.031942343750000000e+05 1.032000259123485739e+05
3.271426284359768033e+02 1.032160078125000000e+05 1.032000481069406669e+05
3.271630618530325592e+02 1.031844375000000000e+05 1.032000710099122953e+05
3.271834951709024608e+02 1.032068515625000000e+05 1.032000946247066604e+05
3.272039286890067160e+02 1.032080312500000000e+05 1.032001189552340948e+05
3.272243621069937944e+02 1.031862578125000000e+05 1.032001440047012875e+05
3.272447954257950187e+02 1.031957421875000000e+05 1.032001697766578582e+05
3.272652289443649352e+02 1.031921484375000000e+05 1.032001962750452367e+05
3.272856623637489974e+02 1.032062656250000000e+05 1.032002235030401789e+05
3.273060956830158830e+02 1.031904140625000000e+05 1.032002514641897578e+05
3.273265292025171220e+02 1.032170312500000000e+05 1.032002801624693675e+05
3.273469626223668456e+02 1.032197968750000000e+05 1.032003096010224253e+05
3.273673959425650537e+02 1.032039296875000000e+05 1.032003397833969793e+05
3.273878294634632766e+02 1.031940000000000000e+05 1.032003707136013254e+05
3.274082628837786615e+02 1.031951093750000000e+05 1.032004023947439564e+05
3.274286962049081922e+02 1.031927578125000000e+05 1.032004348303749575e+05
3.274491297262720764e+02 1.031947812500000000e+05 1.032004680245343479e+05
3.274695631479844451e+02 1.032088906250000000e+05 1.032005019802995812e+05
3.274899965696968138e+02 1.032177734375000000e+05 1.032005367013897048e+05
3.275104299918748438e+02 1.032113828125000000e+05 1.032005721913646121e+05
3.275308634145185351e+02 1.031966328125000000e+05 1.032006084537833231e+05
3.275512968371622264e+02 1.031981875000000000e+05 1.032006454922041448e+05
3.275717301601544023e+02 1.032220312500000000e+05 1.032006833099997311e+05
3.275921636833809316e+02 1.031899062500000000e+05 1.032007219112899329e+05
3.276125971069559455e+02 1.031963281250000000e+05 1.032007612990730559e+05
3.276330304304137826e+02 1.031949218750000000e+05 1.032008014768956491e+05
3.276534639545716345e+02 1.032039296875000000e+05 1.032008424489141034e+05
3.276738973790779710e+02 1.032133437500000000e+05 1.032008842180911452e+05
3.276943307039327919e+02 1.032016484375000000e+05 1.032009267879740655e+05
3.277147642285563052e+02 1.032219843750000000e+05 1.032009701627516042e+05
3.277351976539939642e+02 1.032071015625000000e+05 1.032010143453542260e+05
3.277556310794316232e+02 1.032063125000000000e+05 1.032010593395494507e+05
3.277760645053349435e+02 1.032006093750000000e+05 1.032011051488973899e+05
3.277964979312382638e+02 1.031937890625000000e+05 1.032011517769561324e+05
3.278169313576072454e+02 1.032060390625000000e+05 1.032011992272857169e+05
3.278373647839762270e+02 1.031880234375000000e+05 1.032012475034442032e+05
3.278577982108108699e+02 1.032127812500000000e+05 1.032012966089917172e+05
3.278782316381111741e+02 1.031956718750000000e+05 1.032013465474873374e+05
3.278986650654114783e+02 1.032262890625000000e+05 1.032013973224890215e+05
3.279190984931774437e+02 1.031968750000000000e+05 1.032014489375569974e+05
3.279395318208262324e+02 1.032034843750000000e+05 1.032015013959900243e+05
3.279599653491750360e+02 1.032178515625000000e+05 1.032015547021256643e+05
3.279803987778723240e+02 1.031788046875000000e+05 1.032016088587457343e+05
3.280008321069180965e+02 1.031810312500000000e+05 1.032016638693968125e+05
3.280212655356153846e+02 1.032000312500000000e+05 1.032017197381744336e+05
3.280416990653611720e+02 1.031964453125000000e+05 1.032017764686541632e+05
3.280621323948726058e+02 1.031904843750000000e+05 1.032018340635522327e+05
3.280825658249668777e+02 1.031983281250000000e+05 1.032018925272693450e+05
3.281029993547126651e+02 1.032146484375000000e+05 1.032019518633745756e+05
3.281234326856210828e+02 1.032004921875000000e+05 1.032020120745538588e+05
3.281438661161810160e+02 1.032152343750000000e+05 1.032020731652394170e+05
3.281642996473237872e+02 1.032075156250000000e+05 1.032021351390060008e+05
3.281847330783493817e+02 1.031991718750000000e+05 1.032021979988040403e+05
3.282051664101891220e+02 1.031991328125000000e+05 1.032022617481823545e+05
3.282255999417975545e+02 1.031907500000000000e+05 1.032023263916393335e+05
3.282460333742201328e+02 1.031981406250000000e+05 1.032023919317948457e+05
3.282869002390652895e+02 1.032006718750000000e+05 1.032025257173723949e+05
3.283073336724191904e+02 1.032174375000000000e+05 1.032025939699156734e+05
3.283277670056559145e+02 1.031922578125000000e+05 1.032026631333642144e+05
3.283482005391269922e+02 1.031958750000000000e+05 1.032027332123004308e+05
3.283686339729465544e+02 1.031999609375000000e+05 1.032028042092615942e+05
3.283890673071146011e+02 1.032030078125000000e+05 1.032028761277932936e+05
3.284095007413998246e+02 1.032032187500000000e+05 1.032029489721577265e+05
3.284299342758022249e+02 1.032029296875000000e+05 1.032030227459275484e+05
3.284503676109015942e+02 1.032160859375000000e+05 1.032030974515739799e+05
3.284708010461181402e+02 1.032020468750000000e+05 1.032031730937440007e+05
3.284912345814518631e+02 1.032056953125000000e+05 1.032032496760103822e+05
3.285116680175997317e+02 1.031917890625000000e+05 1.032033272011853114e+05
3.285321013531647623e+02 1.032085859375000000e+05 1.032034056728086725e+05
3.285525348898954690e+02 1.032032500000000000e+05 1.032034850956053124e+05
3.285729683265089989e+02 1.032117968750000000e+05 1.032035654719703307e+05
3.285934016630053520e+02 1.032075312500000000e+05 1.032036468054487195e+05
3.286138352002017200e+02 1.031947812500000000e+05 1.032037291008039319e+05
3.286342686377465725e+02 1.032098750000000000e+05 1.032038123603925196e+05
3.286547019756399095e+02 1.031993359375000000e+05 1.032038965877594019e+05
3.286751355133019388e+02 1.032206953125000000e+05 1.032039817877049791e+05
3.286955688516609371e+02 1.032011328125000000e+05 1.032040679621243326e+05
3.287160022901371121e+02 1.032058515625000000e+05 1.032041551158321090e+05
3.287364358291961253e+02 1.031982500000000000e+05 1.032042432524038595e+05
3.287568691684864461e+02 1.032232265625000000e+05 1.032043323740958585e+05
3.287773026074282825e+02 1.031933515625000000e+05 1.032044224857658846e+05
3.287977360473014414e+02 1.032293281250000000e+05 1.032045135905449279e+05
3.288181694871746004e+02 1.032261093750000000e+05 1.032046056919879629e+05
3.288386029275134206e+02 1.032120390625000000e+05 1.032046987936561200e+05
3.288590363678522408e+02 1.032208984375000000e+05 1.032047928991063964e+05
3.288794699087738991e+02 1.031975546875000000e+05 1.032048880123684794e+05
3.288999032499268651e+02 1.032115859375000000e+05 1.032049841355960234e+05
3.289203366911970079e+02 1.032160937500000000e+05 1.032050812737513770e+05
3.289407702325843275e+02 1.032121171875000000e+05 1.032051794304085342e+05
3.289612035746686161e+02 1.032105859375000000e+05 1.032052786076808115e+05
3.289816370168700814e+02 1.032086640625000000e+05 1.032053788105730491e+05
3.290020705591887236e+02 1.032060859375000000e+05 1.032054800426594156e+05
3.290225039017386734e+02 1.032113437500000000e+05 1.032055823060057010e+05
3.290429373448714614e+02 1.032048437500000000e+05 1.032056856056666147e+05
3.290633708881214261e+02 1.032139296875000000e+05 1.032057899452141573e+05
3.290838042316026986e+02 1.032080937500000000e+05 1.032058953266683966e+05
3.291042376756668091e+02 1.032005937500000000e+05 1.032060017551298079e+05
3.291246712198480964e+02 1.032067031250000000e+05 1.032061092341705225e+05
3.291451045642606914e+02 1.031841015625000000e+05 1.032062177657643915e+05
3.291655380087904632e+02 1.032172265625000000e+05 1.032063273550556623e+05
3.291859714537858963e+02 1.032000234375000000e+05 1.032064380050767068e+05
3.292064049988985062e+02 1.031944921875000000e+05 1.032065497199340898e+05
3.292268383447080851e+02 1.032166484375000000e+05 1.032066625015420286e+05
3.292472717901691794e+02 1.032251953125000000e+05 1.032067763551018870e+05
3.292677053362131119e+02 1.032009843750000000e+05 1.032068912841936690e+05
3.292881386829540133e+02 1.031871484375000000e+05 1.032070072906818532e+05
3.293085721293464303e+02 1.031925859375000000e+05 1.032071243798148935e+05
3.293290056763216853e+02 1.032091875000000000e+05 1.032072425551730848e+05
3.293494390235282481e+02 1.032085937500000000e+05 1.032073618185704690e+05
3.293698724708519876e+02 1.033773984375000000e+05 1.032074821753085125e+05
3.293903060187585652e+02 1.032054453125000000e+05 1.032076036289651383e+05
3.294107393668964505e+02 1.032241953125000000e+05 1.032077261813061050e+05
3.294311728151515126e+02 1.031990078125000000e+05 1.032078498376810167e+05
3.294516063635237515e+02 1.032099531250000000e+05 1.032079746016652352e+05
3.294720398122444749e+02 1.032081640625000000e+05 1.032081004755980393e+05
3.294924731617793441e+02 1.031978359375000000e+05 1.032082274630251486e+05
3.295129066109657288e+02 1.032099062500000000e+05 1.032083555687413173e+05
3.295333400606177747e+02 1.032082343750000000e+05 1.032084847956919984e+05
3.295537735107354820e+02 1.032102265625000000e+05 1.032086151474362996e+05
3.295742070609703660e+02 1.032074218750000000e+05 1.032087466281773231e+05
3.295946404114365578e+02 1.031993906250000000e+05 1.032088792395362398e+05
3.296150738624855876e+02 1.031991250000000000e+05 1.032090129870130331e+05
3.296355072134174407e+02 1.031907031250000000e+05 1.032091478728531511e+05
3.296559407645836473e+02 1.031963828125000000e+05 1.032092839026067086e+05
3.296763742165639997e+02 1.032015312500000000e+05 1.032094210778479173e+05
3.296968076685443521e+02 1.032011953125000000e+05 1.032095594027933985e+05
3.297172411205247045e+02 1.032246406250000000e+05 1.032096988810021721e+05
3.297376745729707181e+02 1.032071406250000000e+05 1.032098395160364744e+05
3.297581080258823931e+02 1.032004843750000000e+05 1.032099813114555000e+05
3.297785414787940681e+02 1.032153203125000000e+05 1.032101242708150676e+05
3.297989749321714044e+02 1.032146171875000000e+05 1.032102683976775443e+05
3.298194083860144019e+02 1.032141171875000000e+05 1.032104136956020375e+05
3.298398419395089149e+02 1.032229296875000000e+05 1.032105601688615134e+05
