2.565461832503788173e+02 1.075516210937500000e+04 1.076140162546632928e+04
2.565666161081753671e+02 1.075637304687500000e+04 1.076155730608863814e+04
2.565870488658547401e+02 1.076008007812500000e+04 1.076170682917619342e+04
2.566074818237684667e+02 1.075988867187500000e+04 1.076185041195942904e+04
2.566279146820306778e+02 1.076627246093750000e+04 1.076198826736440969e+04
2.566483474401757121e+02 1.076645703125000000e+04 1.076212061054711558e+04
2.566687803980894387e+02 1.076594042968750000e+04 1.076224765848736570e+04
2.566892132563516498e+02 1.077291210937500000e+04 1.076236962436173417e+04
2.567096460144966841e+02 1.076057226562500000e+04 1.076248672331710804e+04
2.567300789728760719e+02 1.076172656250000000e+04 1.076259917211679931e+04
2.567505118311382830e+02 1.075876953125000000e+04 1.076270718415093688e+04
2.567709445897489786e+02 1.075686425781250000e+04 1.076281097456219686e+04
2.567913774480111897e+02 1.076830664062500000e+04 1.076291075943881151e+04
2.568118104068562388e+02 1.075866796875000000e+04 1.076300675380475332e+04
2.568322432655841112e+02 1.076080468750000000e+04 1.076309917179461991e+04
2.568526760241948068e+02 1.076860449218750000e+04 1.076318822853612437e+04
2.568731089830398560e+02 1.076858593750000000e+04 1.076327414039145515e+04
2.569139746008440852e+02 1.076940039062500000e+04 1.076343738593750459e+04
2.569344075596891344e+02 1.076278710937500000e+04 1.076351515098228992e+04
2.569548404188826680e+02 1.076137011718750000e+04 1.076359063020560643e+04
2.569752731779590249e+02 1.076238183593750000e+04 1.076366403871441617e+04
2.569957061368040740e+02 1.077209179687500000e+04 1.076373559264877440e+04
2.570161389959976077e+02 1.076451660156250000e+04 1.076380550602377843e+04
2.570365717555396259e+02 1.075853027343750000e+04 1.076387399393861051e+04
2.570570046147331595e+02 1.075850195312500000e+04 1.076394127213718093e+04
2.570774375745095313e+02 1.076481152343750000e+04 1.076400755568311797e+04
2.570978703340515494e+02 1.076217968750000000e+04 1.076407305868356889e+04
2.571183031932450831e+02 1.076457031250000000e+04 1.076413799718189694e+04
2.571387361530214548e+02 1.075875585937500000e+04 1.076420258625110546e+04
2.571591690126806498e+02 1.076670703125000000e+04 1.076426704033440910e+04
2.571796017726883292e+02 1.076175878906250000e+04 1.076433157451044099e+04
2.572000347324647009e+02 1.076220507812500000e+04 1.076439640480329945e+04
2.572204675921238959e+02 1.076663378906250000e+04 1.076446174534095553e+04
2.572409003521315753e+02 1.076451855468750000e+04 1.076452781119260908e+04
2.572613333123736084e+02 1.077004882812500000e+04 1.076459481841107845e+04
2.572817661724984646e+02 1.076571191406250000e+04 1.076466298109562558e+04
2.573021989325061440e+02 1.076508593750000000e+04 1.076473251430445816e+04
2.573226317930966616e+02 1.077102441406250000e+04 1.076480363379652772e+04
2.573430647533386946e+02 1.076548339843750000e+04 1.076487655467026889e+04
2.573634975138120353e+02 1.076395117187500000e+04 1.076495149091961684e+04
2.573839303739368916e+02 1.076070019531250000e+04 1.076502865870412461e+04
2.574043633346445858e+02 1.076371289062500000e+04 1.076510827313847767e+04
2.574247960951179266e+02 1.075935156250000000e+04 1.076519054810842863e+04
2.574656618167646229e+02 1.076366406250000000e+04 1.076536394313586061e+04
2.574860946773551404e+02 1.076397949218750000e+04 1.076545549294852390e+04
2.575065275384113193e+02 1.076209667968750000e+04 1.076555056439906184e+04
2.575269603994674981e+02 1.076640527343750000e+04 1.076564937256223493e+04
2.575473932605236769e+02 1.076821875000000000e+04 1.076575213251485548e+04
2.575678261215798557e+02 1.077355957031250000e+04 1.076585905933373579e+04
2.575882588825188577e+02 1.076876757812500000e+04 1.076597036753920656e+04
2.576086918436922133e+02 1.076851562500000000e+04 1.076608627387751403e+04
2.576291247052140534e+02 1.076160839843750000e+04 1.076620699175884511e+04
2.576495574666187167e+02 1.077110546875000000e+04 1.076633273618511885e+04
2.576699904277920723e+02 1.076650878906250000e+04 1.076646372411649827e+04
2.576904232893139124e+02 1.076259667968750000e+04 1.076660016874939356e+04
2.577108561508357525e+02 1.076460351562500000e+04 1.076674228578650036e+04
2.577312890128232539e+02 1.076567285156250000e+04 1.076689029030808706e+04
2.577517218743450940e+02 1.077077343750000000e+04 1.076704439738423571e+04
2.577721547363325953e+02 1.076429101562500000e+04 1.076720482209880720e+04
2.577925874982029200e+02 1.076363378906250000e+04 1.076737177869078732e+04
2.578130204598419368e+02 1.076117187500000000e+04 1.076754548473622344e+04
2.578334533218294382e+02 1.076372167968750000e+04 1.076772615281662911e+04
2.578538860841654241e+02 1.076452636718750000e+04 1.076791399790538526e+04
2.578743190462701023e+02 1.077136035156250000e+04 1.076810923788582659e+04
2.578947519082576036e+02 1.076928613281250000e+04 1.076831208502394657e+04
2.579151846705935895e+02 1.076782519531250000e+04 1.076852275392141019e+04
2.579356176331639290e+02 1.076731250000000000e+04 1.076874131879839115e+04
2.579560504956170917e+02 1.077176757812500000e+04 1.076896748633077368e+04
2.579764832579530776e+02 1.076746582031250000e+04 1.076920091034972938e+04
2.579969162205234170e+02 1.076294140625000000e+04 1.076944124827851920e+04
2.580173490829765797e+02 1.077261230468750000e+04 1.076968815057468055e+04
2.580377819458954036e+02 1.077017382812500000e+04 1.076994127234539701e+04
2.580582147086970508e+02 1.077017187500000000e+04 1.077020026624263301e+04
2.580786476717330515e+02 1.076762304687500000e+04 1.077046479005532092e+04
2.580990805346518755e+02 1.077631054687500000e+04 1.077073449387527944e+04
2.581195132974535227e+02 1.077083496093750000e+04 1.077100903156926688e+04
2.581399462604895234e+02 1.077668652343750000e+04 1.077128806114705912e+04
2.581603791238740087e+02 1.077536718750000000e+04 1.077157123248612334e+04
2.581808118866756558e+02 1.077304785156250000e+04 1.077185819945555340e+04
2.582012448501773179e+02 1.077727441406250000e+04 1.077214862025327602e+04
2.582216777135618031e+02 1.076957617187500000e+04 1.077244214456866030e+04
2.582421104768291116e+02 1.077317578125000000e+04 1.077273842629895444e+04
2.582625433406792581e+02 1.076904980468750000e+04 1.077303712229621306e+04
2.582829763041809201e+02 1.077205468750000000e+04 1.077333788652009571e+04
2.583034091675654054e+02 1.077619628906250000e+04 1.077364036996895629e+04
2.583238419312983751e+02 1.077390527343750000e+04 1.077394422656733150e+04
2.583442748952656984e+02 1.077415625000000000e+04 1.077424911472361418e+04
2.583647077591158450e+02 1.076824511718750000e+04 1.077455468390319220e+04
2.583851405233144760e+02 1.078344921875000000e+04 1.077486058804587083e+04
2.584055734872817993e+02 1.077126074218750000e+04 1.077516648557544249e+04
2.584260063511319458e+02 1.077669238281250000e+04 1.077547202594178452e+04
2.584464391153305769e+02 1.077379882812500000e+04 1.077577686309993260e+04
2.584668720797635615e+02 1.077659667968750000e+04 1.077608065545732097e+04
2.584873048439621925e+02 1.077271191406250000e+04 1.077638305100244543e+04
2.585077377082780004e+02 1.077841113281250000e+04 1.077668370813175716e+04
2.585281704729422927e+02 1.077678417968750000e+04 1.077698227784969276e+04
2.585486034373752773e+02 1.077932226562500000e+04 1.077727841845473085e+04
2.585690363021567464e+02 1.078364453125000000e+04 1.077757177952886195e+04
2.585894691664725542e+02 1.077548242187500000e+04 1.077786201645627443e+04
2.586099020312540233e+02 1.078247949218750000e+04 1.077814878319047966e+04
2.586303348965011537e+02 1.077877636718750000e+04 1.077843173367151030e+04
2.586507677612826228e+02 1.078548535156250000e+04 1.077871052182673520e+04
2.586712006260640919e+02 1.077899414062500000e+04 1.077898480160293730e+04
2.586916334913112223e+02 1.078405957031250000e+04 1.077925422694647023e+04
2.587120663565583527e+02 1.077447949218750000e+04 1.077951845179128577e+04
2.587324991216883063e+02 1.077854492187500000e+04 1.077977712882431479e+04
2.587529320870526135e+02 1.077519433593750000e+04 1.078002991574578300e+04
2.587733649522997439e+02 1.077459375000000000e+04 1.078027646273597747e+04
2.587937977178953588e+02 1.078114941406250000e+04 1.078051642383479339e+04
2.588142306832596660e+02 1.077974218750000000e+04 1.078074945644875879e+04
2.588346635489724576e+02 1.078110351562500000e+04 1.078097521105151100e+04
2.588550963145680726e+02 1.078041796875000000e+04 1.078119334168740897e+04
2.588755292803980410e+02 1.078253417968750000e+04 1.078140350544536886e+04
2.588959621461108327e+02 1.078125000000000000e+04 1.078160535311693275e+04
2.589163950118236244e+02 1.078607812500000000e+04 1.078179853969189207e+04
2.589368277778849006e+02 1.078655761718750000e+04 1.078198271823475807e+04
2.589572607441805303e+02 1.077700683593750000e+04 1.078215754532067876e+04
2.589776936098933220e+02 1.078478027343750000e+04 1.078232267224676798e+04
2.589981263764202595e+02 1.078152343750000000e+04 1.078247775310930592e+04
2.590185593427158892e+02 1.078270703125000000e+04 1.078262244404163175e+04
2.590389922088943422e+02 1.078005859375000000e+04 1.078275639678351581e+04
2.590594249754212797e+02 1.077966601562500000e+04 1.078287926543822141e+04
2.590798579417169094e+02 1.078234960937500000e+04 1.078299070566329465e+04
2.591002908083610237e+02 1.078520312500000000e+04 1.078309036968105647e+04
2.591207235753536224e+02 1.078395800781250000e+04 1.078317791160651541e+04
2.591411565421149135e+02 1.078326269531250000e+04 1.078325298657188614e+04
2.591615894087590277e+02 1.077684570312500000e+04 1.078331524732345861e+04
2.591820222754031420e+02 1.077741308593750000e+04 1.078336434820009526e+04
2.592024550423957407e+02 1.078474707031250000e+04 1.078339994300187209e+04
2.592228880096226931e+02 1.078328515625000000e+04 1.078342168608995416e+04
2.592433208767324686e+02 1.079065820312500000e+04 1.078342923098223037e+04
2.592637536441907287e+02 1.078865429687500000e+04 1.078342223182978159e+04
2.592841866114176810e+02 1.077922949218750000e+04 1.078340034572536752e+04
2.593046194785274565e+02 1.078512695312500000e+04 1.078336346076459449e+04
2.593250522459857166e+02 1.078634667968750000e+04 1.078331184004211536e+04
2.593454852136783302e+02 1.078564550781250000e+04 1.078324577997622691e+04
2.593659180812537670e+02 1.078710742187500000e+04 1.078316557871585974e+04
2.593863508487120271e+02 1.078281152343750000e+04 1.078307153374997506e+04
2.594067837167531252e+02 1.078723242187500000e+04 1.078296394143643192e+04
2.594272166844457388e+02 1.077551074218750000e+04 1.078284309886647497e+04
2.594476494523696601e+02 1.078110839843750000e+04 1.078270930519011745e+04
2.594680823204107583e+02 1.078454687500000000e+04 1.078256285582103374e+04
2.594885151884518564e+02 1.078548046875000000e+04 1.078240404866660538e+04
2.595089480564929545e+02 1.078324511718750000e+04 1.078223318101013137e+04
2.595293809245340526e+02 1.077750683593750000e+04 1.078205055013491256e+04
2.595498138931579888e+02 1.078621093750000000e+04 1.078185645234105323e+04
2.595702466615475714e+02 1.077486035156250000e+04 1.078165118785183586e+04
2.595906795300543308e+02 1.078091015625000000e+04 1.078143505101464689e+04
2.596111122984439135e+02 1.079106250000000000e+04 1.078120834122771885e+04
2.596315452670678496e+02 1.077886425781250000e+04 1.078097135236558279e+04
2.596519781355746090e+02 1.078155371093750000e+04 1.078072438512034751e+04
2.596724109044298530e+02 1.077286425781250000e+04 1.078046773691388262e+04
2.596928438735194504e+02 1.078072460937500000e+04 1.078020170119274189e+04
2.597132767424918711e+02 1.077848535156250000e+04 1.077992657908256660e+04
2.597337095113471150e+02 1.078770410156250000e+04 1.077964266799810139e+04
2.597541424804367125e+02 1.078211523437500000e+04 1.077935026098618437e+04
2.597745753498747945e+02 1.078095703125000000e+04 1.077904965955972148e+04
2.597950082188472152e+02 1.077300195312500000e+04 1.077874115960358904e+04
2.598154409881681204e+02 1.078078125000000000e+04 1.077842505995405372e+04
2.598358739577233791e+02 1.077343457031250000e+04 1.077810165320050146e+04
2.598563068271614611e+02 1.078591406250000000e+04 1.077777124132721656e+04
2.598767395969480276e+02 1.077932324218750000e+04 1.077743412171060663e+04
2.598971725665032864e+02 1.078082910156250000e+04 1.077709058664605982e+04
2.599176054364070296e+02 1.077390722656250000e+04 1.077674093840464775e+04
2.599380382061935961e+02 1.078053027343750000e+04 1.077638547436520093e+04
2.599584711757488549e+02 1.077424707031250000e+04 1.077602448655294575e+04
2.599789040461182594e+02 1.077817089843750000e+04 1.077565827749285017e+04
2.599993368159048259e+02 1.077212792968750000e+04 1.077528714456774469e+04
2.600197697859257460e+02 1.077721972656250000e+04 1.077491137956251259e+04
2.600402026562951505e+02 1.077279492187500000e+04 1.077453128524203930e+04
2.600606355266645551e+02 1.077583007812500000e+04 1.077414715706816423e+04
2.600810682969167829e+02 1.077162695312500000e+04 1.077375929423342859e+04
2.601015012674033642e+02 1.077505468750000000e+04 1.077336798829383406e+04
2.601219341382384300e+02 1.077270898437500000e+04 1.077297354225115851e+04
2.601423669089563191e+02 1.077493847656250000e+04 1.077257625344170447e+04
2.601627998794429004e+02 1.077354199218750000e+04 1.077217641329863000e+04
2.601832327502779663e+02 1.076212500000000000e+04 1.077177432494653476e+04
2.602036655209958553e+02 1.076842285156250000e+04 1.077137028570881375e+04
2.602240984919480979e+02 1.077678808593750000e+04 1.077096458691681255e+04
2.602445313632488251e+02 1.077149609375000000e+04 1.077055753179674502e+04
2.602649641344323754e+02 1.076146582031250000e+04 1.077014941765905496e+04
2.602853970057331026e+02 1.076089941406250000e+04 1.076974053778659436e+04
2.603058299766853452e+02 1.077032812500000000e+04 1.076933118946309332e+04
2.603262627483345568e+02 1.077325585937500000e+04 1.076892167596313084e+04
2.603466956196352839e+02 1.076204882812500000e+04 1.076851228857901515e+04
2.603671285910531878e+02 1.076557714843750000e+04 1.076810332458892663e+04
2.603875613627023995e+02 1.076338574218750000e+04 1.076769508727393622e+04
2.604079942344687879e+02 1.076473925781250000e+04 1.076728786791991297e+04
2.604488599784672260e+02 1.076247167968750000e+04 1.076647767822634523e+04
2.604692928502336144e+02 1.077003417968750000e+04 1.076607530246296847e+04
2.604897257224656641e+02 1.076303027343750000e+04 1.076567513578763464e+04
2.605101585942320526e+02 1.076171972656250000e+04 1.076527747550205095e+04
2.605305914664641023e+02 1.075838378906250000e+04 1.076488261887156659e+04
2.605510242390446365e+02 1.076146679687500000e+04 1.076449086509132030e+04
2.605714572113938630e+02 1.075805761718750000e+04 1.076410250572831319e+04
2.605918900836259127e+02 1.076423730468750000e+04 1.076371784379140445e+04
2.606123229563236237e+02 1.076347070312500000e+04 1.076333717464400615e+04
2.606327558290213346e+02 1.076275195312500000e+04 1.076296079557842859e+04
2.606531887017190456e+02 1.075802441406250000e+04 1.076258900110449031e+04
2.606736215744167566e+02 1.075697363281250000e+04 1.076222201309789307e+04
2.606940544475801289e+02 1.076467871093750000e+04 1.076185997551292712e+04
2.607144873202778399e+02 1.075539941406250000e+04 1.076150302849745640e+04
2.607349201934412122e+02 1.076245800781250000e+04 1.076115131216658483e+04
2.607553529664874077e+02 1.076310351562500000e+04 1.076080496834350379e+04
2.607757859397679567e+02 1.076660351562500000e+04 1.076046413210866740e+04
2.607962188129313290e+02 1.075956445312500000e+04 1.076012894864436566e+04
2.608166515864431858e+02 1.075850976562500000e+04 1.075979955799042364e+04
2.608370845601893961e+02 1.075849804687500000e+04 1.075947609548730179e+04
2.608575174338184297e+02 1.076570605468750000e+04 1.075915870606500357e+04
2.608779502073302865e+02 1.075923144531250000e+04 1.075884752976462551e+04
2.608983831810764968e+02 1.076072753906250000e+04 1.075854270218975762e+04
2.609188160547055304e+02 1.076188183593750000e+04 1.075824436799956675e+04
2.609392489288002253e+02 1.075532812500000000e+04 1.075795266580959469e+04
2.609596817027777433e+02 1.075390917968750000e+04 1.075766773713739167e+04
2.609801146769896150e+02 1.075017675781250000e+04 1.075738971797648810e+04
2.610005475510843098e+02 1.076150976562500000e+04 1.075711875259612498e+04
2.610209803250618279e+02 1.075481347656250000e+04 1.075685498102299425e+04
2.610414132997393608e+02 1.076016503906250000e+04 1.075659853955895960e+04
2.610618461738340557e+02 1.076239843750000000e+04 1.075634957217086776e+04
2.610822789487428963e+02 1.075102832031250000e+04 1.075610821886246777e+04
2.611027119229547679e+02 1.075468066406250000e+04 1.075587461629602512e+04
2.611231447979807854e+02 1.075667382812500000e+04 1.075564890807277880e+04
2.611435775728896260e+02 1.075438574218750000e+04 1.075543123421790733e+04
2.611640104474499822e+02 1.076283593750000000e+04 1.075522173273379485e+04
2.611844434225931764e+02 1.075751074218750000e+04 1.075502054386346936e+04
2.612048761975020170e+02 1.074967382812500000e+04 1.075482781063876064e+04
2.612253090725280344e+02 1.076212304687500000e+04 1.075464367029552159e+04
2.612457420476712286e+02 1.075735351562500000e+04 1.075446826309251264e+04
2.612661749231629074e+02 1.075673535156250000e+04 1.075430173087693765e+04
2.612866076985374093e+02 1.075390429687500000e+04 1.075414421365283124e+04
2.613070406741462648e+02 1.076039257812500000e+04 1.075399584930312267e+04
2.613274735496379435e+02 1.075627832031250000e+04 1.075385678020771957e+04
2.613479063250124454e+02 1.075603027343750000e+04 1.075372714636038290e+04
2.613683392009697855e+02 1.075797265625000000e+04 1.075360708661896024e+04
2.613887721765786409e+02 1.075152343750000000e+04 1.075349674126211539e+04
2.614092049528844655e+02 1.076246484375000000e+04 1.075339625196398629e+04
2.614296378288418055e+02 1.075787695312500000e+04 1.075330575731328827e+04
2.614500707047991455e+02 1.074899707031250000e+04 1.075322539795568628e+04
2.614705035807564855e+02 1.075608203125000000e+04 1.075315531402260240e+04
2.614909364571794868e+02 1.075075097656250000e+04 1.075309564564422180e+04
2.615113693336024880e+02 1.075381835937500000e+04 1.075304653295369644e+04
2.615318022100254893e+02 1.075035156250000000e+04 1.075300811608246295e+04
2.615522350864484906e+02 1.074872167968750000e+04 1.075298053516195432e+04
2.615726679633371532e+02 1.075257714843750000e+04 1.075296393032335618e+04
2.615931008397601545e+02 1.075304199218750000e+04 1.075295844169886186e+04
2.616135337166488171e+02 1.075253613281250000e+04 1.075296420941966426e+04
2.616339664934203029e+02 1.074549902343750000e+04 1.075298137350520665e+04
2.616543994704261422e+02 1.075859667968750000e+04 1.075301007442369155e+04
2.616748323477804661e+02 1.075862011718750000e+04 1.075305045197086292e+04
2.616952651250176132e+02 1.075558203125000000e+04 1.075310264610498416e+04
2.617156981020234525e+02 1.076099414062500000e+04 1.075316679781067251e+04
2.617361309793777764e+02 1.075573144531250000e+04 1.075324304636754277e+04
2.617565638567321002e+02 1.075400390625000000e+04 1.075333153219064479e+04
2.617769967345520854e+02 1.075971777343750000e+04 1.075343239541387084e+04
2.617974296119064093e+02 1.076123535156250000e+04 1.075354577616408096e+04
2.618178624897263944e+02 1.075883886718750000e+04 1.075367181457790866e+04
2.618382952674292028e+02 1.075444824218750000e+04 1.075381065007252255e+04
2.618587282453663647e+02 1.075912792968750000e+04 1.075396242491494559e+04
2.618791611231863499e+02 1.075135253906250000e+04 1.075412727710108265e+04
2.618995939013548195e+02 1.074916601562500000e+04 1.075430534657333919e+04
2.619200268792919815e+02 1.075876269531250000e+04 1.075449677617042835e+04
2.619404597575776279e+02 1.076041992187500000e+04 1.075470170331718691e+04
2.619608925362117589e+02 1.075487402343750000e+04 1.075492026794656340e+04
2.619813255146145821e+02 1.075870117187500000e+04 1.075515261349378488e+04
2.620017583929002285e+02 1.075600585937500000e+04 1.075539887678143714e+04
2.620221911715343595e+02 1.075310839843750000e+04 1.075565917445010200e+04
2.620426240502856672e+02 1.075709472656250000e+04 1.075593331663036588e+04
2.620630570291541517e+02 1.075821386718750000e+04 1.075622089164649333e+04
2.620834899079054594e+02 1.075925683593750000e+04 1.075652148013477927e+04
2.621039226870052516e+02 1.075167187500000000e+04 1.075683466537034838e+04
2.621243556658737361e+02 1.075255566406250000e+04 1.075716003548924164e+04
2.621447885450907052e+02 1.075288476562500000e+04 1.075749716926814472e+04
2.621652213241904974e+02 1.075484960937500000e+04 1.075784564998597489e+04
2.621856543035246432e+02 1.075370800781250000e+04 1.075820506630266391e+04
2.622060871832072735e+02 1.075307031250000000e+04 1.075857499647897021e+04
2.622265199627727270e+02 1.076101757812500000e+04 1.075895502381135884e+04
2.622469528424553573e+02 1.075694726562500000e+04 1.075934473548171263e+04
2.622673858217895031e+02 1.076134082031250000e+04 1.075974371507614705e+04
2.622878186018206179e+02 1.076437500000000000e+04 1.076015154014748441e+04
2.623082514815032482e+02 1.075323730468750000e+04 1.076056780005498877e+04
2.623286844617687166e+02 1.076130859375000000e+04 1.076099207839455630e+04
2.623491172417998314e+02 1.075935156250000000e+04 1.076142395231930823e+04
2.623695501219481230e+02 1.076173828125000000e+04 1.076186301157876005e+04
2.623899831022135913e+02 1.075744335937500000e+04 1.076230883973144955e+04
2.624104158822447062e+02 1.075915722656250000e+04 1.076276101363231646e+04
2.624308487628586590e+02 1.076266113281250000e+04 1.076321912334896115e+04
2.624512817435897887e+02 1.076035253906250000e+04 1.076368275241128867e+04
2.624717145240865648e+02 1.076194921875000000e+04 1.076415147742173576e+04
2.624921474047005177e+02 1.076682031250000000e+04 1.076462488868984292e+04
2.625125802857801318e+02 1.076859179687500000e+04 1.076510256739800752e+04
2.625330131663940847e+02 1.075776074218750000e+04 1.076558409698043761e+04
2.625534460474736989e+02 1.077057910156250000e+04 1.076606906091504425e+04
2.625738788284361362e+02 1.076762792968750000e+04 1.076655704024912848e+04
2.625943118096329272e+02 1.076649218750000000e+04 1.076704762563183613e+04
2.626147446911782026e+02 1.077577636718750000e+04 1.076754039333718174e+04
2.626351775722578168e+02 1.076718554687500000e+04 1.076803492919639393e+04
2.626556104538030922e+02 1.077027734375000000e+04 1.076853081668794766e+04
2.626760433353483677e+02 1.076963671875000000e+04 1.076902763925651925e+04
2.626964762168936431e+02 1.076513281250000000e+04 1.076952498035803728e+04
2.627169089987874031e+02 1.076820898437500000e+04 1.077002242102282253e+04
2.627373419804498553e+02 1.076960058593750000e+04 1.077051955199495933e+04
2.627577748624607921e+02 1.077387109375000000e+04 1.077101594944218050e+04
2.627782076448202133e+02 1.076430566406250000e+04 1.077151119683412981e+04
2.627986406269483268e+02 1.076565917968750000e+04 1.077200488487353505e+04
2.628190735089592636e+02 1.077504199218750000e+04 1.077249658975819329e+04
2.628395062913186848e+02 1.076700781250000000e+04 1.077298589498729780e+04
2.628599392739124596e+02 1.077500976562500000e+04 1.077347239117837671e+04
2.628803721563890576e+02 1.077680664062500000e+04 1.077395565461441947e+04
2.629008049387484789e+02 1.076502832031250000e+04 1.077443526880184436e+04
2.629212378216907382e+02 1.077002148437500000e+04 1.077491082190907036e+04
2.629416708042845130e+02 1.077484863281250000e+04 1.077538189730749582e+04
2.629621036872267723e+02 1.077253515625000000e+04 1.077584807385640670e+04
2.629825364700518548e+02 1.077199414062500000e+04 1.077630893507590008e+04
2.630029694531112909e+02 1.077667382812500000e+04 1.077676407115515030e+04
2.630234023365192115e+02 1.077709667968750000e+04 1.077721305882683373e+04
2.630438351198099554e+02 1.077398046875000000e+04 1.077765548162972482e+04
2.630642681028693914e+02 1.078010546875000000e+04 1.077809092946291457e+04
2.630847009867429733e+02 1.077693750000000000e+04 1.077851897935863053e+04
2.631051337700337172e+02 1.077851367187500000e+04 1.077893921485493775e+04
2.631255667535588145e+02 1.077423730468750000e+04 1.077935122553528163e+04
2.631459996374323964e+02 1.077579492187500000e+04 1.077975458874678225e+04
2.631664324211888015e+02 1.077939648437500000e+04 1.078014888806588351e+04
2.631868653055280447e+02 1.077071777343750000e+04 1.078053371082273225e+04
2.632072982895188034e+02 1.078031250000000000e+04 1.078090864031318415e+04
2.632277310737408698e+02 1.077936816406250000e+04 1.078127325457362895e+04
2.632481639576144516e+02 1.077638378906250000e+04 1.078162714247968688e+04
2.632685969420708716e+02 1.078271582031250000e+04 1.078196988734249680e+04
2.632890298264101148e+02 1.078394433593750000e+04 1.078230106924917527e+04
2.633094626110978425e+02 1.078600097656250000e+04 1.078262027183562168e+04
2.633298955955542624e+02 1.077967285156250000e+04 1.078292708314507399e+04
2.633503284803591669e+02 1.077835546875000000e+04 1.078322108204521828e+04
2.633707612650468946e+02 1.077728125000000000e+04 1.078350185217602302e+04
2.633911941503174603e+02 1.078370214843750000e+04 1.078376900918252431e+04
2.634116270351223648e+02 1.078858496093750000e+04 1.078402239019348417e+04
2.634524928056634963e+02 1.078491796875000000e+04 1.078448759672214328e+04
2.634729256909340620e+02 1.078146484375000000e+04 1.078469930931692215e+04
2.634933585762046278e+02 1.078695507812500000e+04 1.078489701952068026e+04
2.635137914614751935e+02 1.078415917968750000e+04 1.078508067087492600e+04
2.635342243472114205e+02 1.078049707031250000e+04 1.078525020692487124e+04
2.635546572329476476e+02 1.078983007812500000e+04 1.078540557120767153e+04
2.635750901186838746e+02 1.078789843750000000e+04 1.078554670726483346e+04
2.635955229047685862e+02 1.079437792968750000e+04 1.078567355805413172e+04
2.636159558906219900e+02 1.078487402343750000e+04 1.078578606887066417e+04
2.636363887768238783e+02 1.078661132812500000e+04 1.078588418150168582e+04
2.636568215629085898e+02 1.078931835937500000e+04 1.078596783969801800e+04
2.636772545492276549e+02 1.078502734375000000e+04 1.078603698812438233e+04
2.636976874354295433e+02 1.079178808593750000e+04 1.078609156919906309e+04
2.637181202219799161e+02 1.078625000000000000e+04 1.078613152667884060e+04
2.637385532087646425e+02 1.078397265625000000e+04 1.078615680458340648e+04
2.637589860954321921e+02 1.078667578125000000e+04 1.078616734597465256e+04
2.637794188819825649e+02 1.078941308593750000e+04 1.078616309461110723e+04
2.637998518692329526e+02 1.078762109375000000e+04 1.078614399386217337e+04
2.638202847559005022e+02 1.079059863281250000e+04 1.078610998744170683e+04
2.638407176430337131e+02 1.078591894531250000e+04 1.078606101883248812e+04
2.638611504305154085e+02 1.078793261718750000e+04 1.078599703192540255e+04
2.638815834177657962e+02 1.078692480468750000e+04 1.078591796921361311e+04
2.639020163048990071e+02 1.077840527343750000e+04 1.078582377528857251e+04
2.639224490923807025e+02 1.078162695312500000e+04 1.078571439391193780e+04
2.639428820800967515e+02 1.079428710937500000e+04 1.078558976690742202e+04
2.639633149676956236e+02 1.079145996093750000e+04 1.078544983953626797e+04
2.639837477556429803e+02 1.078756250000000000e+04 1.078529455556158064e+04
2.640041807433590293e+02 1.079059082031250000e+04 1.078512385613618244e+04
2.640246136314235628e+02 1.078122460937500000e+04 1.078493768718952379e+04
2.640450464193709195e+02 1.079245605468750000e+04 1.078473599249462495e+04
2.640654793074354529e+02 1.079873339843750000e+04 1.078451871361665872e+04
2.640859122960828245e+02 1.079317285156250000e+04 1.078428579386214915e+04
2.641267779725603759e+02 1.079107714843750000e+04 1.078377281298792150e+04
2.641472109612077475e+02 1.078990917968750000e+04 1.078349263517436702e+04
2.641676438502036035e+02 1.078395312500000000e+04 1.078319659316146135e+04
2.641880766386166215e+02 1.079042578125000000e+04 1.078288463073780440e+04
2.642085096277296543e+02 1.078956347656250000e+04 1.078255668672767206e+04
2.642289425167255104e+02 1.079108691406250000e+04 1.078221270938245470e+04
2.642493753056041896e+02 1.078445214843750000e+04 1.078185264247974919e+04
2.642698081950657070e+02 1.079050683593750000e+04 1.078147642602397173e+04
2.642902411841787398e+02 1.078374316406250000e+04 1.078108400333597456e+04
2.643106739735230803e+02 1.078475683593750000e+04 1.078067532382706486e+04
2.643311068629845977e+02 1.078357714843750000e+04 1.078025032515975363e+04
2.643515398530289531e+02 1.078475195312500000e+04 1.077980895062499440e+04
2.643719726423732936e+02 1.077890332031250000e+04 1.077935115039291850e+04
2.643924055323004723e+02 1.077483691406250000e+04 1.077887686137559103e+04
2.644128385223448277e+02 1.077999902343750000e+04 1.077838602688197352e+04
2.644332713121548295e+02 1.077676074218750000e+04 1.077787859779034079e+04
2.644537042025476694e+02 1.078135546875000000e+04 1.077735451029322212e+04
2.644741370924748480e+02 1.076658593750000000e+04 1.077681371040157683e+04
2.644945699828676879e+02 1.077202441406250000e+04 1.077625614163221871e+04
2.645150028732605278e+02 1.077958105468750000e+04 1.077568174753875428e+04
2.645354356640018523e+02 1.077807812500000000e+04 1.077509047458756686e+04
2.645558686545118690e+02 1.077724609375000000e+04 1.077448225753130828e+04
2.645763015453703701e+02 1.077602929687500000e+04 1.077385704869947949e+04
2.645967343361116946e+02 1.077867285156250000e+04 1.077321479189744605e+04
2.646171673270873725e+02 1.077555273437500000e+04 1.077255542110021634e+04
2.646376002179458737e+02 1.076632519531250000e+04 1.077187888941570418e+04
2.646580331092700362e+02 1.077618847656250000e+04 1.077118513718054419e+04
2.646784660005941987e+02 1.076734765625000000e+04 1.077047410795142059e+04
2.646988988919183612e+02 1.076296875000000000e+04 1.076974574526979086e+04
2.647193317832425237e+02 1.076230468750000000e+04 1.076899999267711610e+04
2.647397645749151707e+02 1.076663281250000000e+04 1.076823679747961069e+04
2.647601975663565099e+02 1.076696582031250000e+04 1.076745617877373297e+04
2.647806304581463337e+02 1.075913378906250000e+04 1.076665858648916583e+04
2.648010632498189807e+02 1.076442285156250000e+04 1.076584457930881763e+04
2.648214962421916425e+02 1.076407226562500000e+04 1.076501470356583377e+04
2.648419291339814663e+02 1.076330957031250000e+04 1.076416952981713439e+04
2.648623619261197746e+02 1.076541992187500000e+04 1.076330961668070995e+04
2.648827949184924364e+02 1.076011230468750000e+04 1.076243550986543960e+04
2.649032278107479215e+02 1.075745898437500000e+04 1.076154778055292809e+04
2.649236606033518910e+02 1.075390234375000000e+04 1.076064698735439924e+04
2.649440934960730374e+02 1.076155664062500000e+04 1.075973367989592225e+04
2.649645264889113605e+02 1.075281152343750000e+04 1.075880841643344866e+04
2.649849592815153301e+02 1.075807714843750000e+04 1.075787176908857691e+04
2.650053921747021377e+02 1.074558398437500000e+04 1.075692428258947257e+04
2.650258251675404608e+02 1.075614355468750000e+04 1.075596651525990274e+04
2.650462580607272685e+02 1.075215625000000000e+04 1.075499903487995834e+04
2.650666908537968993e+02 1.075474121093750000e+04 1.075402240004586201e+04
2.650871238471008837e+02 1.074963476562500000e+04 1.075303715477278092e+04
2.651075567407533526e+02 1.074739355468750000e+04 1.075204387189437330e+04
2.651279895342886448e+02 1.073555371093750000e+04 1.075104310998292021e+04
2.651484224279411137e+02 1.074975683593750000e+04 1.075003541766483249e+04
2.651688554217107594e+02 1.074464648437500000e+04 1.074902135327822907e+04
2.651892882157117128e+02 1.074524121093750000e+04 1.074800149018574666e+04
2.652097211093641818e+02 1.074506250000000000e+04 1.074697637191955801e+04
2.652301541035994887e+02 1.074425000000000000e+04 1.074594655679571588e+04
2.652505868976004422e+02 1.073503417968750000e+04 1.074491261844270957e+04
2.652710197921842337e+02 1.074954882812500000e+04 1.074387510010336700e+04
2.652914527864195406e+02 1.074220605468750000e+04 1.074283456021239726e+04
2.653118856810033321e+02 1.074098242187500000e+04 1.074179156735735705e+04
2.653323184754699469e+02 1.074205957031250000e+04 1.074074668002984254e+04
2.653527514701709151e+02 1.073352246093750000e+04 1.073970044129521375e+04
2.653731842651031911e+02 1.073721875000000000e+04 1.073865343006720650e+04
2.653936171601526439e+02 1.073911914062500000e+04 1.073760618941943176e+04
2.654140500552020967e+02 1.074153125000000000e+04 1.073655928291653618e+04
2.654344829502515495e+02 1.073645996093750000e+04 1.073551326899443848e+04
2.654549158453010023e+02 1.073493261718750000e+04 1.073446870608907375e+04
2.654753487408161163e+02 1.073077539062500000e+04 1.073342615261262472e+04
2.654957816363312304e+02 1.073355664062500000e+04 1.073238616702488798e+04
2.655162145318463445e+02 1.073187207031250000e+04 1.073134930776182409e+04
2.655366474273614585e+02 1.073241601562500000e+04 1.073031613325939907e+04
2.655570803233422339e+02 1.073094921875000000e+04 1.072928720193018307e+04
2.655775132193230093e+02 1.072370019531250000e+04 1.072826307223376716e+04
2.655979461153037846e+02 1.072635449218750000e+04 1.072724430260615009e+04
2.656183789111673832e+02 1.073207031250000000e+04 1.072623145643069802e+04
2.656388119072653353e+02 1.072500976562500000e+04 1.072522507730133475e+04
2.656592448037117720e+02 1.072189648437500000e+04 1.072422573847345120e+04
2.656796776000410318e+02 1.072277246093750000e+04 1.072323399829857590e+04
2.657001105966046453e+02 1.072226953125000000e+04 1.072225040069323586e+04
2.657205434935167432e+02 1.072178417968750000e+04 1.072127551859087362e+04
2.657409762903116643e+02 1.070959960937500000e+04 1.072030991031793383e+04
2.657614092868752778e+02 1.071635449218750000e+04 1.071935412020908188e+04
2.657818421842530370e+02 1.071876269531250000e+04 1.071840872075847801e+04
2.658022749810479581e+02 1.071199121093750000e+04 1.071747427031042753e+04
2.658227078784257174e+02 1.072111621093750000e+04 1.071655131809887098e+04
2.658431408754549921e+02 1.071160058593750000e+04 1.071564042277515910e+04
2.658635737728327513e+02 1.071425488281250000e+04 1.071474215166252725e+04
2.658840065705589950e+02 1.071356933593750000e+04 1.071385706300837410e+04
2.659044395680539310e+02 1.071215820312500000e+04 1.071298570237841159e+04
2.659248724658973515e+02 1.071300683593750000e+04 1.071212864107982386e+04
2.659453052636235952e+02 1.070525000000000000e+04 1.071128643735455262e+04
2.659657382615841925e+02 1.071150195312500000e+04 1.071045963737069360e+04
2.659861711598932743e+02 1.070675781250000000e+04 1.070964881181416422e+04
2.660066039580851793e+02 1.071220410156250000e+04 1.070885451890132208e+04
2.660270369560457766e+02 1.071110449218750000e+04 1.070807730553439978e+04
2.660474698548205197e+02 1.071013769531250000e+04 1.070731774164851959e+04
2.660679026530124247e+02 1.070314941406250000e+04 1.070657638546893577e+04
2.660883355517871678e+02 1.070707519531250000e+04 1.070585378813076386e+04
2.661087685506790876e+02 1.070864062500000000e+04 1.070515050825801700e+04
2.661292013493366539e+02 1.070122851562500000e+04 1.070446698476393794e+04
2.661496342481113970e+02 1.069940917968750000e+04 1.070380325573861955e+04
2.661700672474689782e+02 1.070747656250000000e+04 1.070315930029563606e+04
2.661905001467093825e+02 1.071394726562500000e+04 1.070253510359788925e+04
2.662109329458326101e+02 1.069850292968750000e+04 1.070193064419229995e+04
2.662313659451901913e+02 1.070409863281250000e+04 1.070134589217573011e+04
2.662517988448962569e+02 1.070560253906250000e+04 1.070078083511298610e+04
2.662722316444851458e+02 1.069548339843750000e+04 1.070023545156547334e+04
2.662926645441912115e+02 1.069796582031250000e+04 1.069970971502585962e+04
2.663130975440144539e+02 1.070096972656250000e+04 1.069920360462000099e+04
2.663335303436033428e+02 1.070660644531250000e+04 1.069871710648037151e+04
2.663539632437750697e+02 1.069936230468750000e+04 1.069825019213839369e+04
2.663743961439467967e+02 1.070380761718750000e+04 1.069780284287430186e+04
2.664152619447559118e+02 1.069918359375000000e+04 1.069696675491934548e+04
2.664356948453933001e+02 1.069600781250000000e+04 1.069657797390368069e+04
2.664561277460306883e+02 1.069000097656250000e+04 1.069620867331542649e+04
2.664765606466680765e+02 1.069942480468750000e+04 1.069585883199173259e+04
2.664969934471882880e+02 1.069639941406250000e+04 1.069552843034108446e+04
2.665174264479428530e+02 1.069301269531250000e+04 1.069521744248666255e+04
2.665378593490459025e+02 1.069780957031250000e+04 1.069492585197317385e+04
2.665582921504974365e+02 1.069400488281250000e+04 1.069465363735414394e+04
2.665787251517176628e+02 1.069855664062500000e+04 1.069440077362001466e+04
2.665991580528207123e+02 1.069137792968750000e+04 1.069416724346064075e+04
2.666195908547379076e+02 1.069906054687500000e+04 1.069395302541983256e+04
2.666400238559581339e+02 1.069779199218750000e+04 1.069375809534719883e+04
2.666604567579925060e+02 1.069822753906250000e+04 1.069358243506919825e+04
2.666808895599097013e+02 1.069625878906250000e+04 1.069342602314921896e+04
2.667013224619440734e+02 1.069167773437500000e+04 1.069328883689171562e+04
2.667217554636299610e+02 1.068898339843750000e+04 1.069317085541877168e+04
2.667421883661299944e+02 1.069726562500000000e+04 1.069307205871620863e+04
2.667626211685128510e+02 1.068842871093750000e+04 1.069299242534515361e+04
2.667830541706643999e+02 1.069075195312500000e+04 1.069293193311408322e+04
2.668034870731644332e+02 1.069131933593750000e+04 1.069289056188722498e+04
2.668239198760129511e+02 1.069110644531250000e+04 1.069286829022212441e+04
2.668443528786301613e+02 1.069458789062500000e+04 1.069286509676984497e+04
2.668647857815958560e+02 1.068602343750000000e+04 1.069288096055449023e+04
2.668852185844443738e+02 1.069708007812500000e+04 1.069291586013352935e+04
2.669056515875272453e+02 1.069590527343750000e+04 1.069296977499692366e+04
2.669260844909586012e+02 1.069489062500000000e+04 1.069304268333088839e+04
2.669465172942727804e+02 1.069947656250000000e+04 1.069313456369251799e+04
2.669669501977041364e+02 1.069547753906250000e+04 1.069324539581943827e+04
2.669873832012526691e+02 1.070546093750000000e+04 1.069337515882721709e+04
2.670078161046840250e+02 1.068922656250000000e+04 1.069352383028129952e+04
2.670282489084638655e+02 1.069795410156250000e+04 1.069369138874506825e+04
2.670486819124780595e+02 1.069296582031250000e+04 1.069387781565422847e+04
2.670691148163750768e+02 1.068810058593750000e+04 1.069408308724419840e+04
2.670895476206205785e+02 1.069418457031250000e+04 1.069430718208057078e+04
2.671099806246347725e+02 1.069200488281250000e+04 1.069455008242261283e+04
2.671304135289974511e+02 1.070138769531250000e+04 1.069481176368620982e+04
2.671508463337086141e+02 1.069401464843750000e+04 1.069509220443386221e+04
2.671712792380712926e+02 1.069935351562500000e+04 1.069539138623823601e+04
2.671917122430168092e+02 1.069563671875000000e+04 1.069570928822542191e+04
2.672121450477279723e+02 1.069649414062500000e+04 1.069604588441553278e+04
2.672325779525563121e+02 1.069609277343750000e+04 1.069640115845614309e+04
2.672530109579674900e+02 1.069308886718750000e+04 1.069677508946749003e+04
2.672734437631443143e+02 1.070067675781250000e+04 1.069716765064530045e+04
2.672938766684383154e+02 1.070102343750000000e+04 1.069757882646024882e+04
2.673143095737323165e+02 1.069706152343750000e+04 1.069800859387163655e+04
2.673347425791434944e+02 1.069871582031250000e+04 1.069845693395883427e+04
2.673551753847859800e+02 1.070518750000000000e+04 1.069892381884313727e+04
2.673756082905456424e+02 1.069794921875000000e+04 1.069940923407837909e+04
2.673960411963053048e+02 1.069905664062500000e+04 1.069991315625946663e+04
2.674164741025306284e+02 1.069273144531250000e+04 1.070043556423565315e+04
2.674369070082902908e+02 1.069959570312500000e+04 1.070097643682026865e+04
2.674573399145156145e+02 1.070288671875000000e+04 1.070153575287510830e+04
2.674777728207409382e+02 1.070165625000000000e+04 1.070211348977270245e+04
2.674982057274319232e+02 1.069818457031250000e+04 1.070270946838126110e+04
2.675186386341229081e+02 1.070516894531250000e+04 1.070332321536279778e+04
2.675390715408138931e+02 1.069718652343750000e+04 1.070395422492504076e+04
2.675595043473877013e+02 1.071308593750000000e+04 1.070460198806155495e+04
2.675799372540786862e+02 1.070276562500000000e+04 1.070526600532998600e+04
2.676003702613525093e+02 1.070634667968750000e+04 1.070594577118887719e+04
2.676208031685091555e+02 1.071116308593750000e+04 1.070664077316750263e+04
2.676412359755486250e+02 1.071014160156250000e+04 1.070735050525325278e+04
2.676616689832881093e+02 1.070834082031250000e+04 1.070807447220897484e+04
2.676821018904447556e+02 1.070682031250000000e+04 1.070881215767084905e+04
2.677025346984155476e+02 1.070539160156250000e+04 1.070956305569943106e+04
2.677229677056893706e+02 1.071316503906250000e+04 1.071032667156639945e+04
2.677434006137773395e+02 1.069886230468750000e+04 1.071110248841653811e+04
2.677638334217481315e+02 1.070201660156250000e+04 1.071189000024726010e+04
2.677842664299532771e+02 1.070768750000000000e+04 1.071268871292570111e+04
2.678046993380412459e+02 1.071296679687500000e+04 1.071349810899996555e+04
2.678251321464776993e+02 1.070855761718750000e+04 1.071431768254307826e+04
2.678455650545656681e+02 1.071504589843750000e+04 1.071514693575889032e+04
2.678659980632364750e+02 1.071465234375000000e+04 1.071598536303130459e+04
2.678864309717901051e+02 1.071272558593750000e+04 1.071683245033083585e+04
2.679068637806922197e+02 1.072273730468750000e+04 1.071768769176099886e+04
2.679272967898286879e+02 1.071830957031250000e+04 1.071855059413922572e+04
2.679477296988479793e+02 1.072361035156250000e+04 1.071942063904397946e+04
2.679681625077500939e+02 1.072624902343750000e+04 1.072029732058147238e+04
2.679885955173522234e+02 1.071923144531250000e+04 1.072118014591252722e+04
2.680090284263715148e+02 1.072147656250000000e+04 1.072206859627135782e+04
2.680294612362049520e+02 1.072904785156250000e+04 1.072296216584737158e+04
2.680498941456899047e+02 1.072197363281250000e+04 1.072386035754588738e+04
2.680703271552920341e+02 1.072687792968750000e+04 1.072476266565889091e+04
2.680907599651254714e+02 1.072588964843750000e+04 1.072566857112351499e+04
2.681111928750760853e+02 1.072005957031250000e+04 1.072657758141778140e+04
2.681316258851438761e+02 1.073058789062500000e+04 1.072748919079102780e+04
2.681520586954429746e+02 1.072450976562500000e+04 1.072840288005494767e+04
2.681724916058592498e+02 1.072688476562500000e+04 1.072931815681286753e+04
2.681929246163927019e+02 1.073656152343750000e+04 1.073023451529178055e+04
2.682133575268089771e+02 1.073423925781250000e+04 1.073115144071717077e+04
2.682337903375737369e+02 1.073333398437500000e+04 1.073206842731269171e+04
2.682542232484556735e+02 1.073131152343750000e+04 1.073298497825307641e+04
2.682746562594547868e+02 1.073113867187500000e+04 1.073390058773554483e+04
2.682950890702195466e+02 1.073494628906250000e+04 1.073481473651809574e+04
2.683155219815671444e+02 1.073751757812500000e+04 1.073572693227831587e+04
2.683359549930319190e+02 1.074070117187500000e+04 1.073663666917023329e+04
2.683563878042623401e+02 1.074250781250000000e+04 1.073754342804928820e+04
2.683768207160755992e+02 1.073030566406250000e+04 1.073844671649533848e+04
2.683972536274231970e+02 1.073630566406250000e+04 1.073934602422392891e+04
2.684176865392364562e+02 1.073885742187500000e+04 1.074024084548340034e+04
2.684381194510497153e+02 1.074354101562500000e+04 1.074113067446056084e+04
2.684585522632114589e+02 1.074004980468750000e+04 1.074201500106407548e+04
2.684789852756075561e+02 1.073739355468750000e+04 1.074289333243716828e+04
2.684994181878864765e+02 1.074151464843750000e+04 1.074376514983089692e+04
2.685198510000482202e+02 1.075144140625000000e+04 1.074462994755197360e+04
2.685402840124443173e+02 1.074513671875000000e+04 1.074548723246573718e+04
2.685607169251888990e+02 1.074795117187500000e+04 1.074633648614072081e+04
2.685811497378163040e+02 1.074450976562500000e+04 1.074717720288628334e+04
2.686015827506780624e+02 1.074592187500000000e+04 1.074800888920259422e+04
2.686220156638883054e+02 1.073843554687500000e+04 1.074883102702264841e+04
2.686424484769813716e+02 1.074315820312500000e+04 1.074964311067864037e+04
2.686628814903087914e+02 1.075209277343750000e+04 1.075044464623866588e+04
2.686833144035190344e+02 1.074811132812500000e+04 1.075123511604910527e+04
2.687037472170777619e+02 1.074486523437500000e+04 1.075201401450112826e+04
2.687241801307536662e+02 1.075362597656250000e+04 1.075278084341879003e+04
2.687446131445467472e+02 1.075385351562500000e+04 1.075353509682810909e+04
2.687650460582226515e+02 1.074709765625000000e+04 1.075427626154287464e+04
2.687854788722470403e+02 1.075442773437500000e+04 1.075500383198276904e+04
2.688059118860401213e+02 1.075680761718750000e+04 1.075571731291436117e+04
2.688263448006473482e+02 1.075677929687500000e+04 1.075641618800057040e+04
2.688467776146717370e+02 1.076477343750000000e+04 1.075709996090764616e+04
2.688672106293961406e+02 1.075886718750000000e+04 1.075776846725588621e+04
2.688876435440033674e+02 1.075706835937500000e+04 1.075842191998756243e+04
2.689080763584934175e+02 1.076304492187500000e+04 1.075906056673314015e+04
2.689285092735663056e+02 1.075841308593750000e+04 1.075968466117524076e+04
2.689489422882907093e+02 1.076607617187500000e+04 1.076029445048434536e+04
2.689693751032464206e+02 1.075926855468750000e+04 1.076089017323976805e+04
2.689898080187849700e+02 1.076315039062500000e+04 1.076147208571118608e+04
2.690102410339750350e+02 1.076404003906250000e+04 1.076204043508192262e+04
2.690306738493964076e+02 1.076980859375000000e+04 1.076259546053311351e+04
2.690511067649349570e+02 1.076241699218750000e+04 1.076313741771860441e+04
2.690715397805906832e+02 1.076450390625000000e+04 1.076366655385916238e+04
2.690919726965948939e+02 1.077019238281250000e+04 1.076418311119323698e+04
2.691124055124819279e+02 1.076161328125000000e+04 1.076468733730277381e+04
2.691328384284861386e+02 1.076093457031250000e+04 1.076517948453910867e+04
2.691532714446075261e+02 1.076258203125000000e+04 1.076565980013758417e+04
2.691737042609602213e+02 1.076944921875000000e+04 1.076612852454530730e+04
2.691941371774300933e+02 1.076407128906250000e+04 1.076658591213687760e+04
2.692145701940171421e+02 1.076031152343750000e+04 1.076703221015855706e+04
2.692350030108354986e+02 1.077029687500000000e+04 1.076746765955131013e+04
2.692554359277710319e+02 1.077090234375000000e+04 1.076789251419595166e+04
2.692758689443580806e+02 1.076891699218750000e+04 1.076830702134034073e+04
2.692963017616420984e+02 1.077311914062500000e+04 1.076871142240550034e+04
2.693167346785776317e+02 1.076901269531250000e+04 1.076910597079270156e+04
2.693371675959788263e+02 1.076397363281250000e+04 1.076949091192503693e+04
2.693576005133800209e+02 1.077058789062500000e+04 1.076986649320456854e+04
2.693984663486480713e+02 1.077075976562500000e+04 1.077059056585790677e+04
2.694188992665149271e+02 1.077428515625000000e+04 1.077093955205364909e+04
2.694393321843817830e+02 1.078209570312500000e+04 1.077128016804085928e+04
2.694597650025971234e+02 1.077652929687500000e+04 1.077161265962854668e+04
2.694801980205811560e+02 1.077414257812500000e+04 1.077193727904169646e+04
2.695006309389136732e+02 1.078333398437500000e+04 1.077225426887734102e+04
2.695210637575946748e+02 1.077306933593750000e+04 1.077256387665646434e+04
2.695414967760443687e+02 1.077459667968750000e+04 1.077286635427418878e+04
2.695619296948425472e+02 1.076857324218750000e+04 1.077316194465747321e+04
2.695823625135235488e+02 1.077229785156250000e+04 1.077345089530995574e+04
2.696027954323217273e+02 1.077610058593750000e+04 1.077373345647344468e+04
2.696232284517027438e+02 1.077342382812500000e+04 1.077400987547326440e+04
2.696436613709665835e+02 1.077398046875000000e+04 1.077428039700635600e+04
2.696640941901132464e+02 1.077632910156250000e+04 1.077454526856880148e+04
2.697049601292237639e+02 1.077713183593750000e+04 1.077505905913873539e+04
2.697253929488360882e+02 1.077673046875000000e+04 1.077530846918923635e+04
2.697458259686827660e+02 1.077656152343750000e+04 1.077555322261908441e+04
2.697662588884122670e+02 1.077152148437500000e+04 1.077579356320818260e+04
2.697866917084902525e+02 1.077477148437500000e+04 1.077602973843614564e+04
2.698071246291510761e+02 1.077531542968750000e+04 1.077626199802737756e+04
2.698275576494634151e+02 1.077899414062500000e+04 1.077649058932680418e+04
2.698479904695414007e+02 1.077474902343750000e+04 1.077671575641663730e+04
2.698684233902022243e+02 1.077856640625000000e+04 1.077693775004755662e+04
2.698888564109802246e+02 1.078096289062500000e+04 1.077715681758081519e+04
2.699092893321067095e+02 1.077581738281250000e+04 1.077737320428684689e+04
2.699297221531160176e+02 1.077734082031250000e+04 1.077758715760949417e+04
2.699501551738940179e+02 1.077337304687500000e+04 1.077779892808358272e+04
2.699705880950205028e+02 1.078227148437500000e+04 1.077800876000172502e+04
2.699910209164954722e+02 1.078162207031250000e+04 1.077821690080174812e+04
2.700114538380876184e+02 1.077985742187500000e+04 1.077842359992886486e+04
2.700318868597969413e+02 1.077216601562500000e+04 1.077862910477499463e+04
2.700523196812719107e+02 1.077893164062500000e+04 1.077883365973824402e+04
2.700727526033297181e+02 1.077790527343750000e+04 1.077903751524777181e+04
2.700931856255047023e+02 1.076988769531250000e+04 1.077924091870175835e+04
2.701136184474453330e+02 1.077894628906250000e+04 1.077944411452376153e+04
2.701340513695031404e+02 1.077942968750000000e+04 1.077964735311288132e+04
2.701544843921437860e+02 1.077382128906250000e+04 1.077985088188752525e+04
2.701749172145500779e+02 1.078387109375000000e+04 1.078005494525934046e+04
2.701953501370735466e+02 1.077948046875000000e+04 1.078025979363473743e+04
2.702157830600626767e+02 1.077438769531250000e+04 1.078046565949687829e+04
2.702362159830518067e+02 1.078448828125000000e+04 1.078067254822010727e+04
2.702566489060409367e+02 1.079429492187500000e+04 1.078088027899827648e+04
2.702770818290300667e+02 1.078821972656250000e+04 1.078108866558171394e+04
2.702975148526020348e+02 1.077962402343750000e+04 1.078129752274970815e+04
2.703179476759396493e+02 1.078468066406250000e+04 1.078150666117522269e+04
2.703383805993944407e+02 1.078012988281250000e+04 1.078171589768116428e+04
2.703588135228492320e+02 1.078515820312500000e+04 1.078192504499365168e+04
2.703792464467696846e+02 1.078252832031250000e+04 1.078213391686774958e+04
2.703996793706901371e+02 1.077840136718750000e+04 1.078234232704897659e+04
2.704201122950762510e+02 1.078717968750000000e+04 1.078255008929237010e+04
2.704405452189967036e+02 1.078595507812500000e+04 1.078275701733874666e+04
2.704609781433828175e+02 1.078530371093750000e+04 1.078296292494782756e+04
2.704814109676517546e+02 1.078421777343750000e+04 1.078316762486544030e+04
2.705018439926207066e+02 1.078263574218750000e+04 1.078337093384567925e+04
2.705222769170068204e+02 1.077956640625000000e+04 1.078357266263036763e+04
2.705427097422070801e+02 1.079151367187500000e+04 1.078377262500808865e+04
2.705631427671760321e+02 1.077847363281250000e+04 1.078397063764083214e+04
2.705835756920278072e+02 1.078180273437500000e+04 1.078416651135799839e+04
2.706040085172280669e+02 1.077906933593750000e+04 1.078436005994703373e+04
2.706244415426626801e+02 1.078993847656250000e+04 1.078455109998078115e+04
2.706448744684457779e+02 1.078754296875000000e+04 1.078473944238668810e+04
2.706653072936460376e+02 1.078816699218750000e+04 1.078492490094743880e+04
2.706857402194291353e+02 1.078406933593750000e+04 1.078510729123991950e+04
2.707061732453294098e+02 1.078251269531250000e+04 1.078528642696363386e+04
2.707266060714609921e+02 1.077810351562500000e+04 1.078546211926446267e+04
2.707470389977097511e+02 1.078256640625000000e+04 1.078563418449685196e+04
2.707674720240756869e+02 1.078204394531250000e+04 1.078580243635633087e+04
2.707879049503244460e+02 1.078470117187500000e+04 1.078596668694358777e+04
2.708083377769216895e+02 1.078098632812500000e+04 1.078612675007262806e+04
2.708287708037532866e+02 1.078822363281250000e+04 1.078628244181103582e+04
2.708492037304677069e+02 1.078661718750000000e+04 1.078643357358787944e+04
2.708696365575306118e+02 1.078902441406250000e+04 1.078657995922504779e+04
2.708900694847106934e+02 1.078628125000000000e+04 1.078672141390453544e+04
2.709105025115422904e+02 1.078448144531250000e+04 1.078685775129964350e+04
2.709309353390708566e+02 1.078716406250000000e+04 1.078698878320418225e+04
2.709513682667165995e+02 1.078489941406250000e+04 1.078711432532755680e+04
2.709718012940138578e+02 1.078944433593750000e+04 1.078723419133521566e+04
2.709922341220080853e+02 1.078850976562500000e+04 1.078734819326604702e+04
2.710126670496538281e+02 1.078491601562500000e+04 1.078745614658155500e+04
2.710331000778824091e+02 1.078249804687500000e+04 1.078755786494655695e+04
2.710535329058766365e+02 1.078789550781250000e+04 1.078765316066026935e+04
2.710739658339880407e+02 1.077681445312500000e+04 1.078774184892131234e+04
2.710943988626822829e+02 1.079137988281250000e+04 1.078782374338315640e+04
2.711148317912593484e+02 1.078625683593750000e+04 1.078789865699059374e+04
2.711352646197192371e+02 1.078242382812500000e+04 1.078796640359775847e+04
2.711556975487619638e+02 1.078580859375000000e+04 1.078802679762077605e+04
2.711761305774562061e+02 1.080571386718750000e+04 1.078807965269760098e+04
2.711965634063817561e+02 1.078833789062500000e+04 1.078812478186019689e+04
2.712169963358901441e+02 1.078995117187500000e+04 1.078816199957879508e+04
2.712374293650500476e+02 1.078472656250000000e+04 1.078819111948418504e+04
2.712578621944412589e+02 1.079017578125000000e+04 1.078821195496023392e+04
2.712782951239496469e+02 1.078741601562500000e+04 1.078822432012394165e+04
2.712987281540408731e+02 1.079269238281250000e+04 1.078822802859955846e+04
2.713191609838977456e+02 1.078939550781250000e+04 1.078822289414686020e+04
2.713395933136343956e+02 1.079330371093750000e+04 1.078820873105646024e+04
2.713600262440741062e+02 1.079664648437500000e+04 1.078818535225362939e+04
2.713804592741653323e+02 1.078884960937500000e+04 1.078815257158812892e+04
2.714008922046050429e+02 1.078835351562500000e+04 1.078811020312907567e+04
2.714213250353932381e+02 1.079121582031250000e+04 1.078805806076821864e+04
2.714417580659501255e+02 1.078636132812500000e+04 1.078799595741884877e+04
2.714621909968554974e+02 1.078459375000000000e+04 1.078792370766745080e+04
2.714826238276436925e+02 1.078461621093750000e+04 1.078784112541595823e+04
2.715030568586662412e+02 1.078292187500000000e+04 1.078774802312369866e+04
2.715234897900372744e+02 1.078825390625000000e+04 1.078764421582906652e+04
2.715439226212911308e+02 1.078662988281250000e+04 1.078752951744288475e+04
2.715643555526621640e+02 1.078886425781250000e+04 1.078740374059200985e+04
2.715847885841503739e+02 1.079012597656250000e+04 1.078726672550763760e+04
2.716052214158698916e+02 1.078782421875000000e+04 1.078711855807387838e+04
2.716256543481722474e+02 1.078727050781250000e+04 1.078695945034982469e+04
2.716460873801261187e+02 1.078558886718750000e+04 1.078678961757719662e+04
2.716665202123112977e+02 1.078478320312500000e+04 1.078660927771615570e+04
2.716869531446136534e+02 1.078420800781250000e+04 1.078641864358995736e+04
2.717073860769160092e+02 1.078775781250000000e+04 1.078621793145037736e+04
2.717278190096840262e+02 1.078250976562500000e+04 1.078600735668621564e+04
2.717482519419863820e+02 1.078432714843750000e+04 1.078578713470076582e+04
2.717686847751028836e+02 1.079505761718750000e+04 1.078555748202039831e+04
2.717891178079880774e+02 1.078045605468750000e+04 1.078531861061016753e+04
2.718095507412217557e+02 1.079028710937500000e+04 1.078507073929695616e+04
2.718299835743382573e+02 1.079284277343750000e+04 1.078481408361056856e+04
2.718504166076891124e+02 1.078310058593750000e+04 1.078454885510852182e+04
2.718708495413884521e+02 1.078675878906250000e+04 1.078427527301443843e+04
2.718912824750877917e+02 1.077498046875000000e+04 1.078399355144927904e+04
2.719117154087871313e+02 1.078807714843750000e+04 1.078370390580680032e+04
2.719321483424864709e+02 1.092546777343750000e+04 1.078340655148074075e+04
2.719525812766514719e+02 1.078439648437500000e+04 1.078310170385782840e+04
2.719730142108164728e+02 1.078156542968750000e+04 1.078278957833851382e+04
2.719934471454471350e+02 1.078030468750000000e+04 1.078247039030921405e+04
2.720138800796121359e+02 1.077779687500000000e+04 1.078214435517824313e+04
2.720343129141256213e+02 1.078635156250000000e+04 1.078181168997041095e+04
2.720547459488734603e+02 1.078860644531250000e+04 1.078147260514917070e+04
2.720751788839697838e+02 1.078273437500000000e+04 1.078112732103803864e+04
2.720956117189489305e+02 1.077877832031250000e+04 1.078077605312804189e+04
2.721160447541624308e+02 1.078734863281250000e+04 1.078041901160658745e+04
2.721364776892587543e+02 1.077319628906250000e+04 1.078005641707385075e+04
2.721569105247035623e+02 1.077984960937500000e+04 1.077968848499525484e+04
2.721773435603827238e+02 1.077957519531250000e+04 1.077931542532622007e+04
2.721977764959447086e+02 1.078306542968750000e+04 1.077893745890714308e+04
2.722182094319723547e+02 1.077419433593750000e+04 1.077855479930753427e+04
2.722386422678828239e+02 1.078654199218750000e+04 1.077816766383728464e+04
2.722590753040276468e+02 1.077247656250000000e+04 1.077777626216768658e+04
2.722795082405209541e+02 1.077636035156250000e+04 1.077738081540603525e+04
2.722999410768970847e+02 1.078278417968750000e+04 1.077698153901295882e+04
2.723203741135075688e+02 1.078343066406250000e+04 1.077657864248603801e+04
2.723612398868426681e+02 1.077483886718750000e+04 1.077576286833380982e+04
2.723816729239188135e+02 1.076956640625000000e+04 1.077535041550298956e+04
2.724021058608777821e+02 1.077191406250000000e+04 1.077493521005822367e+04
2.724225386981852353e+02 1.078056054687500000e+04 1.077451746742272371e+04
2.724429716356098652e+02 1.076877246093750000e+04 1.077409739890518540e+04
2.724634046731516719e+02 1.077601757812500000e+04 1.077367521986690917e+04
2.724838375104591250e+02 1.077673437500000000e+04 1.077325115192192970e+04
2.725042704483494163e+02 1.077374023437500000e+04 1.077282540423422688e+04
2.725247033862397075e+02 1.077420996093750000e+04 1.077239819428071496e+04
2.725451363245956600e+02 1.077262207031250000e+04 1.077196973744550087e+04
2.725655692624859512e+02 1.076469726562500000e+04 1.077154024914200272e+04
2.725860023009590805e+02 1.076846777343750000e+04 1.077110994263448447e+04
2.726064351396635175e+02 1.076980957031250000e+04 1.077067903964695142e+04
2.726268680780194700e+02 1.077136816406250000e+04 1.077024774926278951e+04
2.726473011169582605e+02 1.076152343750000000e+04 1.076981628685217220e+04
2.726677339556626976e+02 1.077821093750000000e+04 1.076938487416122916e+04
2.726881668949499726e+02 1.077590429687500000e+04 1.076895372023165692e+04
2.727085997341200709e+02 1.077441406250000000e+04 1.076852304469006231e+04
2.727290327735245228e+02 1.076717187500000000e+04 1.076809305660423342e+04
2.727494657128117979e+02 1.076699218750000000e+04 1.076766397769423384e+04
2.727698986525647342e+02 1.076039160156250000e+04 1.076723602123554519e+04
2.727903315923176706e+02 1.076489648437500000e+04 1.076680940263189405e+04
2.728107645320706069e+02 1.076309277343750000e+04 1.076638433727721895e+04
2.728311974722892046e+02 1.076974218750000000e+04 1.076596104055584146e+04
2.728516304120421410e+02 1.076253417968750000e+04 1.076553972788100509e+04
2.728720633527263999e+02 1.076588867187500000e+04 1.076512061461792837e+04
2.728924962929449975e+02 1.075472167968750000e+04 1.076470391618929898e+04
2.729129291335120797e+02 1.077505078125000000e+04 1.076428984999215209e+04
2.729333621743135154e+02 1.076022656250000000e+04 1.076387862536381908e+04
2.729537951149977744e+02 1.076423925781250000e+04 1.076347046671286807e+04
2.729742279560305178e+02 1.076265625000000000e+04 1.076306560858997364e+04
2.729946609972976148e+02 1.076670800781250000e+04 1.076266428526299205e+04
2.730150939384475350e+02 1.076449707031250000e+04 1.076226674284698856e+04
2.730355267799459398e+02 1.075755078125000000e+04 1.076187322146499719e+04
2.730559598216786981e+02 1.076450683593750000e+04 1.076148395556159812e+04
2.730763927632942796e+02 1.075628710937500000e+04 1.076109919107991300e+04
2.730968257053755224e+02 1.075365625000000000e+04 1.076071916628270628e+04
2.731172585473395884e+02 1.076341796875000000e+04 1.076034412319314652e+04
2.731376915895380080e+02 1.076824511718750000e+04 1.075997429652541177e+04
2.731581245316192508e+02 1.075845996093750000e+04 1.075960993194395633e+04
2.731785573740489781e+02 1.075113964843750000e+04 1.075925126954796542e+04
2.731989904167130589e+02 1.076272949218750000e+04 1.075889854430607556e+04
2.732194233592599630e+02 1.076040136718750000e+04 1.075855200163667359e+04
2.732398562021553516e+02 1.075953808593750000e+04 1.075821188162880026e+04
2.732602892452850938e+02 1.075559765625000000e+04 1.075787841952856616e+04
2.732807221882976592e+02 1.075712304687500000e+04 1.075755186047652569e+04
2.733011550316587090e+02 1.075898632812500000e+04 1.075723244455161876e+04
2.733215880752541125e+02 1.075125976562500000e+04 1.075692040730915323e+04
2.733420210187323391e+02 1.074561425781250000e+04 1.075661599358007516e+04
2.733624538625590503e+02 1.076358203125000000e+04 1.075631944343326904e+04
2.733828868060372770e+02 1.076053808593750000e+04 1.075603099416456462e+04
2.734033197504468262e+02 1.075589453125000000e+04 1.075575088741639775e+04
2.734237526943907142e+02 1.075277734375000000e+04 1.075547936339758780e+04
2.734441856388002634e+02 1.075504394531250000e+04 1.075521666228515460e+04
2.734646186828613281e+02 1.075304687500000000e+04 1.075496302306027428e+04
2.734850515276193619e+02 1.075881933593750000e+04 1.075471868955585524e+04
2.735054844724945724e+02 1.075138671875000000e+04 1.075448389831254462e+04
2.735259175170212984e+02 1.074965136718750000e+04 1.075425888966682396e+04
2.735463503622449934e+02 1.075650976562500000e+04 1.075404390702744058e+04
2.735667833075858653e+02 1.075122460937500000e+04 1.075383918735992120e+04
2.735872161528095603e+02 1.074894921875000000e+04 1.075364497285732068e+04
2.736076491982676089e+02 1.075886914062500000e+04 1.075346150093258984e+04
2.736280821436084807e+02 1.075821289062500000e+04 1.075328901455163759e+04
2.736485150894150138e+02 1.075476074218750000e+04 1.075312775297485132e+04
2.736689480352215469e+02 1.075031835937500000e+04 1.075297795639573451e+04
2.736893809814937413e+02 1.074687011718750000e+04 1.075283986500072569e+04
2.737098139273002744e+02 1.075601855468750000e+04 1.075271371898556390e+04
2.737302468735724688e+02 1.075141992187500000e+04 1.075259975853396463e+04
2.737506798203103244e+02 1.075583984375000000e+04 1.075249822383622450e+04
2.737711127665825188e+02 1.074847070312500000e+04 1.075240935508644543e+04
2.737915456136688590e+02 1.075672949218750000e+04 1.075233339280865221e+04
2.738119786605238914e+02 1.074646582031250000e+04 1.075227057617739956e+04
2.738324116072617471e+02 1.074764941406250000e+04 1.075222114640084692e+04
2.738528444548137486e+02 1.075384570312500000e+04 1.075218534346862361e+04
2.738732775021344423e+02 1.075586914062500000e+04 1.075216340714818944e+04
2.738937104493379593e+02 1.075218750000000000e+04 1.075215557805301614e+04
2.739141432968899608e+02 1.075312890625000000e+04 1.075216209616378546e+04
2.739345763446763158e+02 1.075336816406250000e+04 1.075218320187278368e+04
2.739550092928111553e+02 1.075179687500000000e+04 1.075221913516808127e+04
2.739754422404803336e+02 1.075315722656250000e+04 1.075227013630502915e+04
2.739958750889636576e+02 1.075168750000000000e+04 1.075233644511437160e+04
2.740163081372156739e+02 1.074948339843750000e+04 1.075241830287001540e+04
2.740367410858161747e+02 1.075462304687500000e+04 1.075251594867684435e+04
2.740571739342994988e+02 1.075268359375000000e+04 1.075262962248886834e+04
2.740776069830171764e+02 1.074999414062500000e+04 1.075275956628555832e+04
2.740980399320833385e+02 1.075648437500000000e+04 1.075290601847006292e+04
2.741184727810323238e+02 1.075176660156250000e+04 1.075306921898473229e+04
2.741389058302156627e+02 1.074489941406250000e+04 1.075324941054235751e+04
2.741593387797474861e+02 1.075585351562500000e+04 1.075344683081396215e+04
2.741797716291621327e+02 1.075694042968750000e+04 1.075366171973019300e+04
2.742002046788111329e+02 1.075645507812500000e+04 1.075389432076893718e+04
2.742206376283429563e+02 1.075529101562500000e+04 1.075414487083145286e+04
2.742410704782232642e+02 1.075774218750000000e+04 1.075441360984803941e+04
2.742615034286864102e+02 1.075339843750000000e+04 1.075470078064209520e+04
2.742819363786838949e+02 1.075368750000000000e+04 1.075500662211812232e+04
2.743023693291470408e+02 1.075845019531250000e+04 1.075533137446359979e+04
2.743228022796101868e+02 1.075923339843750000e+04 1.075567514099579785e+04
2.743432353301905096e+02 1.075554882812500000e+04 1.075603755758794250e+04
2.743636681810021400e+02 1.075424414062500000e+04 1.075641815233288071e+04
2.743841011319309473e+02 1.075135449218750000e+04 1.075681646423058737e+04
2.744045341834425926e+02 1.075353125000000000e+04 1.075723202709368343e+04
2.744249670347198844e+02 1.075962109375000000e+04 1.075766436822627657e+04
2.744453999861143529e+02 1.076298535156250000e+04 1.075811302740728206e+04
2.744658329375088215e+02 1.075901464843750000e+04 1.075857753610499640e+04
2.744862658893689513e+02 1.078412304687500000e+04 1.075905742787647250e+04
2.745066988412290812e+02 1.076030468750000000e+04 1.075955223625723374e+04
2.745271317930892110e+02 1.076087109375000000e+04 1.076006149479318810e+04
2.745475647449493408e+02 1.075703515625000000e+04 1.076058473703025447e+04
2.745679976972751319e+02 1.075997949218750000e+04 1.076112149652673907e+04
2.745884306500665843e+02 1.075916699218750000e+04 1.076167130682943389e+04
2.746088636023923755e+02 1.076528125000000000e+04 1.076223370145915760e+04
2.746292965551838279e+02 1.076577539062500000e+04 1.076280821398740227e+04
2.746497295079752803e+02 1.077111718750000000e+04 1.076339437794735568e+04
2.746701625613495708e+02 1.076356347656250000e+04 1.076399172985213045e+04
2.746905954144895077e+02 1.077195800781250000e+04 1.076459979437374568e+04
2.747110283677466214e+02 1.076562402343750000e+04 1.076521811391860138e+04
2.747314612213522196e+02 1.076473144531250000e+04 1.076584621599262027e+04
2.747518942747265100e+02 1.076432910156250000e+04 1.076648364341537672e+04
2.747723272284492850e+02 1.076615332031250000e+04 1.076712992045933424e+04
2.747927601826377213e+02 1.076635058593750000e+04 1.076778458377166862e+04
2.748131931368261576e+02 1.077083886718750000e+04 1.076844716688351036e+04
2.748336260910145938e+02 1.077165722656250000e+04 1.076911720334062011e+04
2.748540590452030301e+02 1.077097656250000000e+04 1.076979422668875486e+04
2.748744919998571277e+02 1.077237792968750000e+04 1.077047777048932039e+04
2.748949249545112252e+02 1.076830175781250000e+04 1.077116736827269779e+04
2.749153579091653228e+02 1.076900976562500000e+04 1.077186255358460585e+04
2.749357907641679049e+02 1.077767578125000000e+04 1.077256285654365638e+04
2.749562238194048405e+02 1.078186425781250000e+04 1.077326782100917262e+04
2.749766567745245993e+02 1.077514453125000000e+04 1.077397697019743646e+04
2.749970896299928427e+02 1.077298339843750000e+04 1.077468983761229174e+04
2.750175226856954396e+02 1.077351953125000000e+04 1.077540596728711171e+04
2.750379556412808597e+02 1.077391894531250000e+04 1.077612488226373534e+04
2.750583884972147644e+02 1.077243261718750000e+04 1.077684611606672115e+04
2.750788215533830225e+02 1.078324511718750000e+04 1.077756921284186319e+04
2.750992545094341040e+02 1.076948242187500000e+04 1.077829369551827040e+04
2.751196873658336699e+02 1.077377734375000000e+04 1.077901909764112497e+04
2.751401203223504126e+02 1.078257617187500000e+04 1.077974495985010435e+04
2.751605533789843321e+02 1.077531250000000000e+04 1.078047081569408329e+04
2.751809862358495593e+02 1.077791992187500000e+04 1.078119618806798098e+04
2.752014191928319633e+02 1.078083691406250000e+04 1.078192062116802845e+04
2.752218522499315441e+02 1.078879882812500000e+04 1.078264364852250219e+04
2.752422851067967713e+02 1.078929882812500000e+04 1.078336479306162619e+04
2.752627180642448366e+02 1.078719531250000000e+04 1.078408359896266847e+04
2.752831511218100786e+02 1.078543261718750000e+04 1.078479959971684184e+04
2.753035839796066284e+02 1.078698144531250000e+04 1.078551231838411695e+04
2.753240169375203550e+02 1.078220117187500000e+04 1.078622129899541687e+04
2.753648828533478081e+02 1.078907226562500000e+04 1.078762616973033437e+04
2.753853158117271960e+02 1.078551269531250000e+04 1.078832112696073455e+04
2.754057487701065838e+02 1.078438085937500000e+04 1.078901047681632190e+04
2.754261817289516330e+02 1.078925488281250000e+04 1.078969375285806018e+04
2.754466146877966821e+02 1.078321093750000000e+04 1.079037048861561561e+04
2.754670476466417313e+02 1.078864746093750000e+04 1.079104021763443234e+04
2.754874806054867804e+02 1.079211035156250000e+04 1.079170247345994721e+04
2.755079135647974908e+02 1.079491894531250000e+04 1.079235678965241459e+04
2.755283465241082013e+02 1.078818261718750000e+04 1.079300269974207185e+04
2.755487795835360885e+02 1.079182519531250000e+04 1.079363974037317166e+04
2.755692124431952834e+02 1.079595898437500000e+04 1.079426743580876064e+04
2.755896454029716551e+02 1.079958105468750000e+04 1.079488532887615474e+04
2.756100782630965114e+02 1.079209570312500000e+04 1.079549294708431626e+04
2.756305113229900599e+02 1.079613867187500000e+04 1.079608983280477878e+04
2.756509442832320929e+02 1.080045605468750000e+04 1.079667551075624579e+04
2.756713772439397871e+02 1.079393164062500000e+04 1.079724951803155636e+04
2.756918102046474814e+02 1.079455273437500000e+04 1.079781150124747728e+04
2.757122431653551757e+02 1.079371484375000000e+04 1.079836135142565399e+04
2.757326761260628700e+02 1.079686621093750000e+04 1.079889899165857969e+04
2.757531090872362256e+02 1.079511523437500000e+04 1.079942434505057463e+04
2.757735420484095812e+02 1.080286035156250000e+04 1.079993733468173741e+04
2.757939750095829368e+02 1.079826269531250000e+04 1.080043788364455395e+04
2.758144078711047769e+02 1.080021289062500000e+04 1.080092591268203068e+04
2.758348409328609705e+02 1.080439453125000000e+04 1.080140135195647417e+04
2.758552738944999874e+02 1.080270996093750000e+04 1.080186411747899547e+04
2.758757067564874887e+02 1.080761816406250000e+04 1.080231413253900791e+04
2.758961398187093437e+02 1.079204785156250000e+04 1.080275132673919506e+04
2.759165727808140218e+02 1.080207910156250000e+04 1.080317561665113681e+04
2.759370056432671845e+02 1.080967187500000000e+04 1.080358692556675487e+04
2.759574387059547007e+02 1.080110058593750000e+04 1.080398518251894347e+04
2.759778716685250401e+02 1.080776367187500000e+04 1.080437030464993586e+04
2.759983045314438641e+02 1.080497753906250000e+04 1.080474221525412941e+04
2.760187375945970416e+02 1.080150292968750000e+04 1.080510084278448267e+04
2.760391705576330423e+02 1.080858789062500000e+04 1.080544610496405039e+04
2.760596034210175276e+02 1.080101855468750000e+04 1.080577792508970197e+04
2.760800363845191896e+02 1.080640722656250000e+04 1.080609622949790719e+04
2.761004694481380284e+02 1.080346582031250000e+04 1.080640094108186895e+04
2.761209023119881749e+02 1.080752246093750000e+04 1.080669197856176106e+04
2.761413352759554982e+02 1.080430761718750000e+04 1.080696926940169942e+04
2.761617683400399983e+02 1.080836035156250000e+04 1.080723273649148177e+04
2.761822012043558061e+02 1.080333105468750000e+04 1.080748229915830598e+04
2.762026341687887907e+02 1.081132324218750000e+04 1.080771788425925115e+04
2.762230672333389521e+02 1.080747558593750000e+04 1.080793941468071716e+04
2.762435000981204212e+02 1.081213769531250000e+04 1.080814681036706315e+04
2.762639330630190670e+02 1.080823242187500000e+04 1.080833999755818877e+04
2.762843660279177129e+02 1.080443164062500000e+04 1.080851889829564607e+04
2.763047989932820201e+02 1.080386425781250000e+04 1.080868343567546799e+04
2.763252319586463273e+02 1.080208886718750000e+04 1.080883353278585491e+04
2.763660979899577796e+02 1.080845019531250000e+04 1.080909009912759575e+04
2.763865308556705713e+02 1.081501367187500000e+04 1.080919641342930481e+04
2.764069638215005398e+02 1.081561035156250000e+04 1.080928798038759305e+04
2.764273968879133463e+02 1.081235058593750000e+04 1.080936472287911602e+04
2.764478297540917993e+02 1.080940039062500000e+04 1.080942656297531903e+04
2.764682627203874290e+02 1.080298437500000000e+04 1.080947342478736755e+04
2.764886957872658968e+02 1.080703027343750000e+04 1.080950523118749334e+04
2.765091286539100111e+02 1.081552343750000000e+04 1.080952190491038345e+04
2.765295616206713021e+02 1.081636816406250000e+04 1.080952336940496207e+04
2.765499945878982544e+02 1.081375488281250000e+04 1.080950954764432936e+04
2.765704275551252067e+02 1.081329980468750000e+04 1.080948036272070021e+04
2.765908605223521590e+02 1.081040820312500000e+04 1.080943573772648961e+04
2.766112934900447726e+02 1.080868164062500000e+04 1.080937559575257001e+04
2.766317264577373862e+02 1.081159277343750000e+04 1.080929985989219313e+04
2.766521594254299998e+02 1.081046191406250000e+04 1.080920845323777394e+04
2.766725923935882747e+02 1.081027148437500000e+04 1.080910129887910807e+04
2.766930254618637264e+02 1.081298828125000000e+04 1.080897831926903746e+04
2.767134583299048245e+02 1.081338867187500000e+04 1.080883943942436599e+04
2.767338912985287607e+02 1.081419824218750000e+04 1.080868458050939444e+04
2.767543241670355201e+02 1.081296777343750000e+04 1.080851366713788047e+04
2.767747572362422943e+02 1.081212109375000000e+04 1.080832661976706731e+04
2.767951902048662305e+02 1.081878613281250000e+04 1.080812336412859804e+04
2.768156230743043125e+02 1.081157812500000000e+04 1.080790382353923633e+04
2.768360561435110867e+02 1.082076562500000000e+04 1.080766791775864112e+04
2.768564891130663455e+02 1.080780468750000000e+04 1.080741557321565415e+04
2.768769219825044274e+02 1.081035156250000000e+04 1.080714671325007112e+04
2.768973550521768630e+02 1.080453027343750000e+04 1.080686125688042921e+04
2.769177880221977830e+02 1.081536914062500000e+04 1.080655913126590167e+04
2.769382208921015263e+02 1.081056054687500000e+04 1.080624025975080804e+04
2.769586538625881076e+02 1.080912011718750000e+04 1.080590456229518168e+04
2.769790869327262044e+02 1.080241308593750000e+04 1.080555196175883975e+04
2.769995198030956089e+02 1.080573046875000000e+04 1.080518238652566288e+04
2.770199527740478516e+02 1.080379394531250000e+04 1.080479575437930362e+04
2.770403858446516097e+02 1.080345410156250000e+04 1.080439199191977968e+04
2.770608187159523368e+02 1.081463867187500000e+04 1.080397120982832348e+04
2.770812516869045794e+02 1.080011523437500000e+04 1.080353375840917943e+04
2.771016847584396601e+02 1.080039160156250000e+04 1.080308001281438555e+04
2.771221176297403872e+02 1.079704589843750000e+04 1.080261035525559055e+04
2.771425506016239524e+02 1.079762597656250000e+04 1.080212515434815577e+04
2.771629836731590331e+02 1.080108593750000000e+04 1.080162478530274348e+04
2.771834165453910828e+02 1.079950097656250000e+04 1.080110963096358137e+04
2.772038495172746480e+02 1.079483203125000000e+04 1.080058005931495427e+04
2.772242824896238744e+02 1.080347753906250000e+04 1.080003644823522154e+04
2.772447155620902777e+02 1.080353906250000000e+04 1.079947917038718515e+04
2.772651484347879887e+02 1.080132714843750000e+04 1.079890860946214161e+04
2.772855814076028764e+02 1.079347167968750000e+04 1.079832513259677216e+04
2.773060144805349410e+02 1.079757714843750000e+04 1.079772911501832277e+04
2.773264473536983132e+02 1.079790332031250000e+04 1.079712094097844420e+04
2.773468803269788623e+02 1.079436425781250000e+04 1.079650097705357621e+04
2.773673134003765881e+02 1.079440136718750000e+04 1.079586959848754123e+04
2.773877462740056217e+02 1.079035546875000000e+04 1.079522719004274950e+04
2.774081792477518320e+02 1.079056152343750000e+04 1.079457411778498135e+04
2.774286122214980423e+02 1.079236425781250000e+04 1.079391076024953509e+04
2.774490451952442527e+02 1.079231835937500000e+04 1.079323749285077429e+04
2.774694781694561243e+02 1.078899804687500000e+04 1.079255469098738467e+04
2.774899111441336572e+02 1.079356640625000000e+04 1.079186273007310592e+04
2.775103442184627056e+02 1.078860839843750000e+04 1.079116198209947470e+04
2.775307770930230618e+02 1.079130468750000000e+04 1.079045283281215052e+04
2.775512100681662560e+02 1.079667675781250000e+04 1.078973564726177938e+04
2.775716431429609656e+02 1.078281445312500000e+04 1.078901080078013911e+04
2.775920760184526443e+02 1.078354980468750000e+04 1.078827867944102036e+04
2.776125089935958385e+02 1.079284179687500000e+04 1.078753964799950882e+04
2.776329419692046940e+02 1.078314648437500000e+04 1.078679408540608347e+04
2.776533749448135495e+02 1.078090136718750000e+04 1.078604236709197903e+04
2.776738079204224050e+02 1.078015234375000000e+04 1.078528486847164822e+04
2.776942407963797450e+02 1.078036523437500000e+04 1.078452196869279760e+04
2.777146738725714386e+02 1.078722949218750000e+04 1.078375403193504280e+04
2.777351068491116166e+02 1.077984472656250000e+04 1.078298144484727527e+04
2.777555397255346179e+02 1.077142773437500000e+04 1.078220458292711191e+04
2.777759728021919727e+02 1.078233691406250000e+04 1.078142381014002967e+04
2.777964057787321508e+02 1.077554003906250000e+04 1.078063951334957528e+04
2.778168386556208134e+02 1.077713867187500000e+04 1.077985206800137166e+04
2.778372717327438295e+02 1.077704296875000000e+04 1.077906183793146556e+04
2.778577047102153301e+02 1.077640332031250000e+04 1.077826921013263564e+04
2.778781375875696540e+02 1.077531152343750000e+04 1.077747456006996072e+04
2.778985705650411546e+02 1.077365136718750000e+04 1.077667825536920645e+04
2.779190036430954933e+02 1.076725878906250000e+04 1.077588067140523708e+04
2.779394365209154785e+02 1.077258007812500000e+04 1.077508219534222007e+04
2.779598694988526404e+02 1.076904003906250000e+04 1.077428319086329611e+04
2.779803025773726404e+02 1.075981445312500000e+04 1.077348403335989497e+04
2.780007354556582868e+02 1.076521484375000000e+04 1.077268511001112347e+04
2.780211684340611100e+02 1.076134375000000000e+04 1.077188678448530482e+04
2.780416015130467713e+02 1.077631054687500000e+04 1.077108943219049615e+04
2.780620343917980790e+02 1.076947265625000000e+04 1.077029344027102707e+04
2.780824673706665635e+02 1.076621777343750000e+04 1.076949917243004529e+04
2.781029003500007093e+02 1.076014453125000000e+04 1.076870700796800156e+04
2.781233334294520319e+02 1.077617187500000000e+04 1.076791731845507456e+04
2.781437663091346622e+02 1.077005566406250000e+04 1.076713049087583749e+04
2.781641992889344692e+02 1.076583496093750000e+04 1.076634688907520467e+04
2.781846323683857918e+02 1.076082226562500000e+04 1.076556688853582818e+04
2.782050652485340834e+02 1.076797558593750000e+04 1.076479087605631503e+04
2.782254982287995517e+02 1.076261914062500000e+04 1.076401921564990698e+04
2.782459313091821969e+02 1.076670703125000000e+04 1.076325228279811199e+04
2.782663641897961497e+02 1.075964550781250000e+04 1.076249046413508404e+04
2.782867971705272794e+02 1.076362988281250000e+04 1.076173412385635675e+04
2.783072302513755858e+02 1.076948144531250000e+04 1.076098363746001633e+04
2.783480961136519909e+02 1.077166699218750000e+04 1.075950174991342283e+04
2.783685290948487818e+02 1.076618457031250000e+04 1.075877109228540212e+04
2.783889621761627495e+02 1.076273925781250000e+04 1.075804779033597151e+04
2.784093950581736863e+02 1.076235937500000000e+04 1.075733222248170205e+04
2.784298280398361385e+02 1.108531933593750000e+04 1.075662459178874633e+04
2.784502611216157675e+02 1.075539453125000000e+04 1.075592496763060990e+04
2.784706940040923655e+02 1.076148144531250000e+04 1.075523342392640734e+04
2.784911269862204790e+02 1.075651269531250000e+04 1.075455001422457462e+04
2.785115599688142538e+02 1.075683105468750000e+04 1.075387480562789460e+04
2.785319929514080286e+02 1.075545898437500000e+04 1.075320786187769772e+04
2.785524259344674647e+02 1.075490234375000000e+04 1.075254924668474996e+04
2.785728589175269008e+02 1.075317089843750000e+04 1.075189902379001433e+04
2.785932919005863369e+02 1.076797363281250000e+04 1.075125725691916523e+04
2.786137248836457729e+02 1.075056445312500000e+04 1.075062400979787708e+04
2.786341577675193548e+02 1.076218847656250000e+04 1.074999934916313214e+04
2.786545908511616290e+02 1.075294335937500000e+04 1.074938332966486450e+04
2.786750238346867263e+02 1.076180273437500000e+04 1.074877602413316708e+04
2.786954567185603082e+02 1.074723535156250000e+04 1.074817749615166213e+04
2.787158898031339049e+02 1.074897265625000000e+04 1.074758780071342881e+04
2.787363227871246636e+02 1.074461523437500000e+04 1.074700701030423807e+04
2.787567556719295681e+02 1.074890820312500000e+04 1.074643518847904852e+04
2.787771887565031648e+02 1.075204101562500000e+04 1.074587239066371876e+04
2.787976217409595847e+02 1.074399414062500000e+04 1.074531868891003069e+04
2.788180546262301505e+02 1.074426757812500000e+04 1.074477414678493551e+04
2.788384876111522317e+02 1.073683007812500000e+04 1.074423882271510774e+04
2.788589206966571510e+02 1.075025097656250000e+04 1.074371278053784408e+04
2.788793535819277167e+02 1.074569335937500000e+04 1.074319609165503789e+04
2.788997865677811205e+02 1.074064062500000000e+04 1.074268881211704502e+04
2.789202196532860398e+02 1.074027050781250000e+04 1.074219100581149723e+04
2.789406526396051049e+02 1.073350488281250000e+04 1.074170274130890903e+04
2.789610855258069932e+02 1.074152441406250000e+04 1.074122408221720252e+04
2.789815186117775738e+02 1.074449707031250000e+04 1.074075508530754450e+04
2.790019515985623002e+02 1.074222558593750000e+04 1.074029582123901855e+04
2.790223844852298498e+02 1.073794433593750000e+04 1.073984635361543224e+04
2.790428174720145762e+02 1.073840625000000000e+04 1.073940674175762979e+04
2.790632505589164793e+02 1.074093164062500000e+04 1.073897704953669017e+04
2.790836834460496902e+02 1.074095214843750000e+04 1.073855734691180987e+04
2.791041164333000779e+02 1.073516015625000000e+04 1.073814769137566691e+04
2.791245495206676424e+02 1.073513281250000000e+04 1.073774814680216878e+04
2.791449824082665145e+02 1.073624511718750000e+04 1.073735878270664398e+04
2.791654153959825635e+02 1.073588281250000000e+04 1.073697965702565853e+04
2.791858484842814505e+02 1.073640332031250000e+04 1.073661083362763384e+04
2.792062813723459840e+02 1.074061230468750000e+04 1.073625238159243963e+04
2.792267143605276942e+02 1.073344726562500000e+04 1.073590435930041349e+04
2.792471474492922425e+02 1.073611230468750000e+04 1.073556683062350385e+04
2.792675804379396141e+02 1.073675878906250000e+04 1.073523986260337006e+04
2.792880133264698088e+02 1.073568847656250000e+04 1.073492351881005925e+04
2.793084463155828416e+02 1.072743945312500000e+04 1.073461785986214454e+04
2.793288794048130512e+02 1.073723632812500000e+04 1.073432294965024630e+04
2.793493122942745686e+02 1.073495214843750000e+04 1.073403885614938008e+04
2.793697452833876014e+02 1.073800390625000000e+04 1.073376563884258940e+04
2.793901782729662955e+02 1.073743164062500000e+04 1.073350336286170023e+04
2.794106112630106509e+02 1.073125097656250000e+04 1.073325209193320006e+04
2.794310442530550063e+02 1.072788671875000000e+04 1.073301188978893333e+04
2.794514772430993617e+02 1.073597753906250000e+04 1.073278282015463265e+04
2.794719102336093783e+02 1.073410644531250000e+04 1.073256494675120484e+04
2.794923432241193950e+02 1.072813183593750000e+04 1.073235833330974128e+04
2.795127761145122349e+02 1.073705273437500000e+04 1.073216304448501978e+04
2.795332092056050897e+02 1.072852734375000000e+04 1.073197914121162466e+04
2.795536421965807676e+02 1.073457031250000000e+04 1.073180669000698254e+04
2.795740750874392688e+02 1.072541796875000000e+04 1.073164575442804744e+04
2.795945081789977849e+02 1.072995214843750000e+04 1.073149639591657797e+04
2.796149411704391241e+02 1.073114648437500000e+04 1.073135868048284829e+04
2.796353740622289479e+02 1.073009570312500000e+04 1.073123267167826452e+04
2.796558071542531252e+02 1.073115039062500000e+04 1.073111843146595129e+04
2.796762401461601257e+02 1.073270312500000000e+04 1.073101602533756886e+04
2.796966730384156108e+02 1.073511328125000000e+04 1.073092551684254067e+04
2.797171060307882726e+02 1.072878613281250000e+04 1.073084696882188655e+04
2.797375391232781112e+02 1.072456933593750000e+04 1.073078044517765738e+04
2.797579720159992576e+02 1.072470898437500000e+04 1.073072601052366372e+04
2.797784050088375807e+02 1.072474023437500000e+04 1.073068371421485062e+04
2.797988381017930806e+02 1.072710937500000000e+04 1.073065345923558198e+04
2.798192710950970650e+02 1.073125683593750000e+04 1.073063505780978812e+04
2.798397039882838726e+02 1.072966796875000000e+04 1.073062832035894462e+04
2.798805700754746795e+02 1.073470507812500000e+04 1.073064907972803849e+04
2.799010029695928097e+02 1.073094433593750000e+04 1.073067619758594265e+04
2.799214360634796321e+02 1.072882226562500000e+04 1.073071422210747187e+04
2.799418690577149391e+02 1.073193164062500000e+04 1.073076296340857880e+04
2.799623019522987306e+02 1.072762500000000000e+04 1.073082223192731544e+04
2.799827349465340376e+02 1.073512695312500000e+04 1.073089183883601436e+04
2.800031680413521826e+02 1.073455371093750000e+04 1.073097159488187026e+04
2.800236009364016354e+02 1.073554394531250000e+04 1.073106130941299853e+04
2.800440339315682650e+02 1.073443066406250000e+04 1.073116079426714714e+04
2.800644670268520713e+02 1.072980371093750000e+04 1.073126986017997297e+04
2.800848999223671854e+02 1.073122265625000000e+04 1.073138831607503380e+04
2.801053329179994762e+02 1.072744531250000000e+04 1.073151597421605038e+04
2.801257660137489438e+02 1.072677636718750000e+04 1.073165264533031223e+04
2.801461990093812346e+02 1.074233007812500000e+04 1.073179813867115263e+04
2.801666319058276713e+02 1.073194824218750000e+04 1.073195226471091519e+04
2.801870649019256234e+02 1.073699804687500000e+04 1.073211483554390361e+04
2.802074979981407523e+02 1.073511132812500000e+04 1.073228566188968034e+04
2.802279308950528502e+02 1.072686132812500000e+04 1.073246455177922144e+04
2.802483638916164637e+02 1.072536132812500000e+04 1.073265131836472574e+04
2.802687968886457384e+02 1.072993261718750000e+04 1.073284577139117027e+04
2.802892298856750131e+02 1.073613476562500000e+04 1.073304772144776871e+04
2.803096628831699491e+02 1.072899902343750000e+04 1.073325697913275690e+04
2.803300958806648850e+02 1.073619824218750000e+04 1.073347335503498289e+04
2.803505288781598210e+02 1.073650000000000000e+04 1.073369665974781310e+04
2.803709618761204183e+02 1.073105371093750000e+04 1.073392670386994359e+04
2.803913948740810156e+02 1.073837500000000000e+04 1.073416329798970582e+04
2.804118278725072742e+02 1.073787597656250000e+04 1.073440625270607416e+04
2.804322608704678714e+02 1.073683984375000000e+04 1.073465537860132099e+04
2.804526937692426145e+02 1.073411132812500000e+04 1.073491048502171361e+04
2.804731268677860498e+02 1.073620019531250000e+04 1.073517138633630748e+04
2.804935598666779697e+02 1.074176953125000000e+04 1.073543788935737393e+04
2.805139927659183741e+02 1.073367871093750000e+04 1.073570980459765269e+04
2.805344258649274707e+02 1.073593554687500000e+04 1.073598694667393465e+04
2.805548588642850518e+02 1.073010546875000000e+04 1.073626912215631091e+04
2.805752917639911175e+02 1.073518847656250000e+04 1.073655614156582669e+04
2.805957248634658754e+02 1.073525976562500000e+04 1.073684781973640929e+04
2.806161578637547791e+02 1.073090917968750000e+04 1.073714396302776004e+04
2.806365907634608448e+02 1.073373437500000000e+04 1.073744438194882241e+04
2.806570237637497485e+02 1.073142480468750000e+04 1.073774889005134901e+04
2.806774568641558290e+02 1.074498046875000000e+04 1.073805729798052380e+04
2.806978898649103940e+02 1.072941113281250000e+04 1.073836941331377056e+04
2.807183227655477822e+02 1.073914453125000000e+04 1.073868504658425445e+04
2.807387558664195240e+02 1.074573046875000000e+04 1.073900401304982370e+04
2.807591888676397502e+02 1.073981054687500000e+04 1.073932611864656064e+04
2.807796217692084610e+02 1.073559375000000000e+04 1.073965117392316824e+04
2.808000548705458641e+02 1.073961718750000000e+04 1.073997899425697688e+04
2.808204878722317517e+02 1.073685839843750000e+04 1.074030938545729805e+04
2.808409207738004625e+02 1.074138867187500000e+04 1.074064215807352230e+04
2.808613538760691881e+02 1.074058007812500000e+04 1.074097712761470757e+04
2.808817868782207370e+02 1.074135449218750000e+04 1.074131409975838869e+04
2.809022197802551091e+02 1.074921777343750000e+04 1.074165288506973593e+04
2.809226527828723192e+02 1.074154199218750000e+04 1.074199329747050069e+04
2.809430858856067061e+02 1.074755859375000000e+04 1.074233514756870682e+04
2.809635187885724008e+02 1.074169628906250000e+04 1.074267824093083982e+04
2.809839517916552722e+02 1.074345507812500000e+04 1.074302239317691055e+04
2.810043848948553205e+02 1.074256640625000000e+04 1.074336741491428074e+04
2.810248178979381919e+02 1.074749316406250000e+04 1.074371311335434802e+04
2.810452508018352091e+02 1.074494726562500000e+04 1.074405929909753104e+04
2.810656839055009186e+02 1.073922558593750000e+04 1.074440578780476790e+04
2.810861168093979359e+02 1.074934277343750000e+04 1.074475238329543936e+04
2.811065498134121299e+02 1.074125000000000000e+04 1.074509890124924641e+04
2.811269828174263239e+02 1.074089257812500000e+04 1.074544515056123601e+04
2.811474158219061792e+02 1.074765136718750000e+04 1.074579094627684026e+04
2.811678488268516958e+02 1.074549414062500000e+04 1.074613613220565821e+04
2.811882818313315511e+02 1.075276953125000000e+04 1.074648056359934344e+04
2.812087148362770677e+02 1.074442675781250000e+04 1.074682409577047656e+04
2.812291478416882455e+02 1.074583496093750000e+04 1.074716658401589302e+04
2.812495808466337621e+02 1.074432519531250000e+04 1.074750788361684681e+04
2.812700138525106013e+02 1.075762695312500000e+04 1.074784784989350737e+04
2.813108798637986183e+02 1.075316503906250000e+04 1.074852320360701560e+04
2.813313128696754575e+02 1.074921093750000000e+04 1.074885830164528670e+04
2.813517458760179579e+02 1.075142089843750000e+04 1.074919148753871923e+04
2.813721788823604584e+02 1.074199414062500000e+04 1.074952261657650524e+04
2.813926117890514433e+02 1.074950390625000000e+04 1.074985154245693047e+04
2.814130448955111206e+02 1.075206152343750000e+04 1.075017812527998103e+04
2.814334779023192823e+02 1.075288574218750000e+04 1.075050221553926167e+04
2.814539108094759285e+02 1.074827343750000000e+04 1.075082366856912631e+04
2.814743439168669283e+02 1.075125292968750000e+04 1.075114234436408151e+04
2.814947769241407514e+02 1.075456738281250000e+04 1.075145809351587559e+04
2.815152099318802357e+02 1.074473828125000000e+04 1.075177077289679255e+04
2.815356429396197200e+02 1.075087500000000000e+04 1.075208023779643190e+04
2.815560759473592043e+02 1.075689843750000000e+04 1.075238634351161818e+04
2.815765089555643499e+02 1.075485058593750000e+04 1.075268894534602987e+04
2.815969418641179800e+02 1.074943359375000000e+04 1.075298789714061058e+04
2.816173749724403024e+02 1.075527539062500000e+04 1.075328305854543578e+04
2.816378079811111093e+02 1.074774414062500000e+04 1.075357428050387716e+04
2.816582408901304007e+02 1.075590039062500000e+04 1.075386141837141622e+04
2.816786739989183843e+02 1.074940039062500000e+04 1.075414433162181194e+04
2.816991070080548525e+02 1.075752246093750000e+04 1.075442287137470885e+04
2.817195399175398052e+02 1.075912500000000000e+04 1.075469689299193669e+04
2.817399730272591114e+02 1.075740429687500000e+04 1.075496625575793041e+04
2.817604060368612409e+02 1.075036132812500000e+04 1.075523081097542308e+04
2.817808389468118548e+02 1.076444531250000000e+04 1.075549041401877912e+04
2.818012720569968224e+02 1.075223437500000000e+04 1.075574492395759262e+04
2.818217050670646131e+02 1.075727734375000000e+04 1.075599419230973945e+04
2.818421379774808884e+02 1.075676171875000000e+04 1.075623807445557031e+04
2.818625709880143404e+02 1.075886230468750000e+04 1.075647642807666125e+04
2.818830040991306305e+02 1.076168847656250000e+04 1.075670910839265343e+04
2.819034371101297438e+02 1.075874609375000000e+04 1.075693596841407998e+04
2.819238700210116804e+02 1.075792480468750000e+04 1.075715686352429111e+04
2.819443031325936317e+02 1.074910839843750000e+04 1.075737165222735348e+04
2.819647361440584064e+02 1.075572167968750000e+04 1.075758018661242386e+04
2.819851690554060042e+02 1.075275488281250000e+04 1.075778232206923349e+04
2.820056021674536169e+02 1.075070800781250000e+04 1.075797791682244497e+04
2.820260351793840528e+02 1.079381640625000000e+04 1.075816682324057911e+04
2.820464680916629732e+02 1.075954394531250000e+04 1.075834889672380450e+04
2.820669011040590703e+02 1.076804199218750000e+04 1.075852399434930703e+04
2.820873341169208288e+02 1.076141210937500000e+04 1.075869197050857474e+04
2.821077671293169260e+02 1.075984765625000000e+04 1.075885268049067963e+04
2.821282001421786845e+02 1.075411328125000000e+04 1.075900597959966399e+04
2.821486331555061042e+02 1.076198730468750000e+04 1.075915172313173025e+04
2.821690661688335240e+02 1.075297070312500000e+04 1.075928976638001041e+04
2.821894991821609437e+02 1.074824121093750000e+04 1.075941996464121257e+04
2.822099321959540248e+02 1.075654394531250000e+04 1.075954217321472970e+04
2.822303652097471058e+02 1.076116894531250000e+04 1.075965624739420491e+04
2.822507982240058482e+02 1.075982714843750000e+04 1.075976204247865644e+04
2.822712313379161060e+02 1.076729394531250000e+04 1.075985941421616735e+04
2.822916642525233328e+02 1.076171679687500000e+04 1.075994821654113184e+04
2.823120972667820752e+02 1.076486230468750000e+04 1.076002830611253376e+04
2.823325301818549633e+02 1.075642773437500000e+04 1.076009953744892118e+04
2.823529632966965437e+02 1.076143652343750000e+04 1.076016176682304649e+04
2.823733963114209473e+02 1.076082714843750000e+04 1.076021484855206290e+04
2.823938293270766735e+02 1.075860449218750000e+04 1.076025863826150817e+04
2.824142623422667384e+02 1.075945605468750000e+04 1.076029299124473982e+04
2.824551283740438521e+02 1.076525000000000000e+04 1.076033280822323286e+04
2.824755613896995783e+02 1.076040625000000000e+04 1.076033798281046256e+04
2.824959944058209658e+02 1.075800195312500000e+04 1.076033314185855306e+04
