6.683841595202684402e+02 1.096114550781250000e+04 1.096010795054444316e+04
6.684045926816761494e+02 1.095485351562500000e+04 1.096062768079055604e+04
6.684250258430838585e+02 1.096153515625000000e+04 1.096113986496262260e+04
6.684454590049572289e+02 1.096653320312500000e+04 1.096164453578983739e+04
6.684658921672962606e+02 1.096114648437500000e+04 1.096214172598945879e+04
6.684863253291696310e+02 1.096788574218750000e+04 1.096263146825660078e+04
6.685067584919743240e+02 1.095688476562500000e+04 1.096311379534227854e+04
6.685271916547790170e+02 1.097006054687500000e+04 1.096358873994177338e+04
6.685476248175837100e+02 1.096420214843750000e+04 1.096405633477286392e+04
6.685680580809712410e+02 1.096733007812500000e+04 1.096451661480111215e+04
6.685884911445900798e+02 1.096221777343750000e+04 1.096496960603169282e+04
6.686089244079776108e+02 1.096081250000000000e+04 1.096541535004015168e+04
6.686293575721792877e+02 1.096752246093750000e+04 1.096585387296923182e+04
6.686497906362637877e+02 1.096314550781250000e+04 1.096628520762211156e+04
6.686702239005826414e+02 1.096448828125000000e+04 1.096670939300423197e+04
6.686906570652499795e+02 1.096906542968750000e+04 1.096712645555514609e+04
6.687110901298001409e+02 1.096591796875000000e+04 1.096753642808732729e+04
6.687315233950503170e+02 1.097022167968750000e+04 1.096793934930202886e+04
6.687519565601833165e+02 1.096492480468750000e+04 1.096833524593326365e+04
6.687723896256648004e+02 1.096516015625000000e+04 1.096872415081057989e+04
6.687928228913806379e+02 1.097303808593750000e+04 1.096910610230808197e+04
6.688132560574449599e+02 1.096554394531250000e+04 1.096948112748662970e+04
6.688336892235092819e+02 1.097810742187500000e+04 1.096984926094369075e+04
6.688541223900392652e+02 1.097595898437500000e+04 1.097021053540522917e+04
6.688745554569177330e+02 1.096865625000000000e+04 1.097056498186853059e+04
6.688949887235648930e+02 1.097214062500000000e+04 1.097091263819535016e+04
6.689154218905605376e+02 1.097144042968750000e+04 1.097125353195922435e+04
6.689358550580218434e+02 1.096196386718750000e+04 1.097158769759753523e+04
6.689562882254831493e+02 1.097198242187500000e+04 1.097191516782023064e+04
6.689767213934101164e+02 1.097582714843750000e+04 1.097223597535234876e+04
6.689971545613370836e+02 1.096894433593750000e+04 1.097255015290416122e+04
6.690175878298468888e+02 1.096935644531250000e+04 1.097285773469135893e+04
6.690380208981223404e+02 1.097612207031250000e+04 1.097315874895164961e+04
6.690584541670978069e+02 1.097696777343750000e+04 1.097345323430928693e+04
6.690788873359560966e+02 1.097534863281250000e+04 1.097374121909853420e+04
6.690993204051628709e+02 1.097956250000000000e+04 1.097402273613883881e+04
6.691197536746039987e+02 1.097123046875000000e+04 1.097429782223210896e+04
6.691401868439279497e+02 1.097440527343750000e+04 1.097456650600541980e+04
6.691606199140660465e+02 1.096946972656250000e+04 1.097482882028224049e+04
6.691810531839728355e+02 1.097572265625000000e+04 1.097508480157142185e+04
6.692014863542281091e+02 1.097152929687500000e+04 1.097533447879326559e+04
6.692219194248318672e+02 1.097633984375000000e+04 1.097557788475755842e+04
6.692423526956699789e+02 1.098022460937500000e+04 1.097581505570832815e+04
6.692627858668565750e+02 1.098250781250000000e+04 1.097604602083661666e+04
6.692832191381603479e+02 1.097475097656250000e+04 1.097627081511845245e+04
6.693036522092297673e+02 1.097125878906250000e+04 1.097648946801257080e+04
6.693240853813476861e+02 1.097543457031250000e+04 1.097670201550542879e+04
6.693445186531171203e+02 1.097696289062500000e+04 1.097690849021058057e+04
6.693649517251178622e+02 1.097941210937500000e+04 1.097710892186474666e+04
6.693853848977014422e+02 1.096512695312500000e+04 1.097730334617586414e+04
6.694058181704021990e+02 1.097432714843750000e+04 1.097749179576904135e+04
6.694262512433342636e+02 1.097287402343750000e+04 1.097767430063990832e+04
6.694466844163835049e+02 1.097803027343750000e+04 1.097785089622822306e+04
6.694671175894327462e+02 1.098298535156250000e+04 1.097802161434304435e+04
6.694875507629476488e+02 1.098135742187500000e+04 1.097818648770590335e+04
6.695079840370453894e+02 1.097986132812500000e+04 1.097834554979940367e+04
6.695284171109087765e+02 1.098190136718750000e+04 1.097849883104203036e+04
6.695488502853550017e+02 1.097917187500000000e+04 1.097864636645044266e+04
6.695692835594527423e+02 1.098045507812500000e+04 1.097878818865151334e+04
6.695897167343646288e+02 1.097675878906250000e+04 1.097892432898293919e+04
6.696101498091593385e+02 1.098341113281250000e+04 1.097905482023923105e+04
6.696305830841884017e+02 1.098022460937500000e+04 1.097917969701500988e+04
6.696510162595659494e+02 1.098211621093750000e+04 1.097929899015398587e+04
6.696714493352919817e+02 1.098076757812500000e+04 1.097941273245544653e+04
6.696918826112523675e+02 1.098129199218750000e+04 1.097952095826575533e+04
6.697123157875612378e+02 1.098321679687500000e+04 1.097962369867372763e+04
6.697327490635216236e+02 1.097832812500000000e+04 1.097972098739968351e+04
6.697531821401789784e+02 1.098008300781250000e+04 1.097981284779467387e+04
6.697736153169535100e+02 1.097900976562500000e+04 1.097989926203594769e+04
6.697940485943108797e+02 1.097989062500000000e+04 1.097998019579737593e+04
6.698144816714338958e+02 1.098047851562500000e+04 1.098005561366692564e+04
6.698349148486740887e+02 1.098077343750000000e+04 1.098012548253301065e+04
6.698553481264971197e+02 1.097773144531250000e+04 1.098018976805441343e+04
6.698757812045514584e+02 1.097784960937500000e+04 1.098024843506621255e+04
6.698962144823744893e+02 1.097897167968750000e+04 1.098030145045453719e+04
6.699166476610116661e+02 1.097766113281250000e+04 1.098034877914110439e+04
6.699370807395316660e+02 1.097643066406250000e+04 1.098039038694640840e+04
6.699575140187516809e+02 1.098024121093750000e+04 1.098042624017979142e+04
6.699779471978545189e+02 1.098522265625000000e+04 1.098045630401004382e+04
6.699983803769573569e+02 1.098600878906250000e+04 1.098048054436615348e+04
6.700188135565258563e+02 1.098718164062500000e+04 1.098049892698767508e+04
6.700392467360943556e+02 1.099016015625000000e+04 1.098051141761317558e+04
6.700596799165941775e+02 1.098284863281250000e+04 1.098051798198202050e+04
6.700801130966283381e+02 1.097995703125000000e+04 1.098051858583274225e+04
6.701005462771281600e+02 1.098020703125000000e+04 1.098051319490455717e+04
6.701209794576279819e+02 1.097887011718750000e+04 1.098050177493657429e+04
6.701414126385934651e+02 1.097521972656250000e+04 1.098048429166751521e+04
6.701618458200246096e+02 1.097601367187500000e+04 1.098046071083614879e+04
6.701822790014557540e+02 1.097586523437500000e+04 1.098043099818198971e+04
6.702027121828868985e+02 1.098401074218750000e+04 1.098039511944421793e+04
6.702231453647837043e+02 1.097927441406250000e+04 1.098035304036099296e+04
6.702435786472633481e+02 1.098031250000000000e+04 1.098030472641901360e+04
6.702640117295086384e+02 1.097903027343750000e+04 1.098025014411451048e+04
6.702844449118711054e+02 1.097965332031250000e+04 1.098018925843050056e+04
6.703253112779930234e+02 1.098040234375000000e+04 1.098004844063158816e+04
6.703457445614039898e+02 1.097876269531250000e+04 1.097996843958833415e+04
6.703661777446977794e+02 1.097717382812500000e+04 1.097988199874983911e+04
6.703866108283400536e+02 1.097868945312500000e+04 1.097978908394800965e+04
6.704070441126823425e+02 1.098061328125000000e+04 1.097968965950804704e+04
6.704274772964417934e+02 1.098189843750000000e+04 1.097958369258717721e+04
6.704479103810153902e+02 1.097538867187500000e+04 1.097947114901353416e+04
6.704683436658233404e+02 1.097160058593750000e+04 1.097935199282814574e+04
6.704887768509797752e+02 1.097947070312500000e+04 1.097922619147005935e+04
6.705092099360190332e+02 1.097298144531250000e+04 1.097909371077901051e+04
6.705296432212926447e+02 1.097626757812500000e+04 1.097895451449754000e+04
6.705500764069147408e+02 1.097298144531250000e+04 1.097880857035803456e+04
6.705705096926540136e+02 1.097961621093750000e+04 1.097865584267221857e+04
6.705909427786245942e+02 1.097796972656250000e+04 1.097849629947052381e+04
6.706113759651780128e+02 1.097670410156250000e+04 1.097832990419666021e+04
6.706318092518486083e+02 1.098297167968750000e+04 1.097815662249238085e+04
6.706522423387505114e+02 1.098305273437500000e+04 1.097797642269052449e+04
6.706726755253039300e+02 1.097672558593750000e+04 1.097778926794060135e+04
6.706931088129058480e+02 1.097548925781250000e+04 1.097759512386625647e+04
6.707135420003905892e+02 1.099434179687500000e+04 1.097739395811737268e+04
6.707339750882238150e+02 1.098465722656250000e+04 1.097718573653176281e+04
6.707544083758257329e+02 1.097397167968750000e+04 1.097697042174532362e+04
6.707748414641246200e+02 1.097804003906250000e+04 1.097674798370239296e+04
6.707952747526578605e+02 1.097288574218750000e+04 1.097651838379197397e+04
6.708157079415395856e+02 1.097707128906250000e+04 1.097628159106995190e+04
6.708361410303041339e+02 1.097614355468750000e+04 1.097603757138661967e+04
6.708565743193030357e+02 1.098759082031250000e+04 1.097578628684092109e+04
6.708770075086504221e+02 1.097898535156250000e+04 1.097552770680622780e+04
6.708974405983462930e+02 1.097837011718750000e+04 1.097526179712869452e+04
6.709178738882765174e+02 1.098179394531250000e+04 1.097498851959054082e+04
6.709383070780895650e+02 1.097013671875000000e+04 1.097470784389364053e+04
6.709587403684854507e+02 1.097522460937500000e+04 1.097441973301964754e+04
6.709791734591126442e+02 1.096986230468750000e+04 1.097412415699697340e+04
6.709996066498570144e+02 1.097579785156250000e+04 1.097382107728144911e+04
6.710200399407185614e+02 1.096690722656250000e+04 1.097351045950168918e+04
6.710404730318114161e+02 1.097354589843750000e+04 1.097319227401086027e+04
6.710609062234871089e+02 1.096791992187500000e+04 1.097286648192620851e+04
6.710813395152799785e+02 1.097231933593750000e+04 1.097253304888198909e+04
6.711017726073041558e+02 1.096922265625000000e+04 1.097219194639331909e+04
6.711222057994455099e+02 1.097049316406250000e+04 1.097184314241235188e+04
6.711426390917040408e+02 1.097600878906250000e+04 1.097148661266027011e+04
6.711630721846595407e+02 1.097055859375000000e+04 1.097112233826832926e+04
6.711835054773837328e+02 1.097468945312500000e+04 1.097075028797205414e+04
6.712039386704564095e+02 1.096543554687500000e+04 1.097037044301658170e+04
6.712243718635290861e+02 1.097613769531250000e+04 1.096998277745690211e+04
6.712448050575330853e+02 1.097426269531250000e+04 1.096958726712526004e+04
6.712652382510714233e+02 1.096155078125000000e+04 1.096918388789890741e+04
6.712856714450754225e+02 1.098062207031250000e+04 1.096877261560991246e+04
6.713061046395450830e+02 1.097049707031250000e+04 1.096835342610820408e+04
6.713265378340147436e+02 1.098292968750000000e+04 1.096792629525352459e+04
6.713469710289500654e+02 1.096446972656250000e+04 1.096749119888632413e+04
6.713674043240025640e+02 1.096820312500000000e+04 1.096704811067609808e+04
6.713878374192863703e+02 1.096774316406250000e+04 1.096659701303477777e+04
6.714082707148045301e+02 1.096015332031250000e+04 1.096613787298159514e+04
6.714287038100883365e+02 1.096188867187500000e+04 1.096567067536577815e+04
6.714491370064206421e+02 1.096051757812500000e+04 1.096519538920778359e+04
6.714695703024044633e+02 1.096441796875000000e+04 1.096471199027125112e+04
6.714900033986195922e+02 1.096239062500000000e+04 1.096422046154987038e+04
6.715104365954175591e+02 1.096789941406250000e+04 1.096372077172826903e+04
6.715308698923327029e+02 1.096153417968750000e+04 1.096321289654790962e+04
6.715513029894791543e+02 1.096046972656250000e+04 1.096269681937296264e+04
6.715717361867427826e+02 1.096414257812500000e+04 1.096217250853978840e+04
6.715921694845892489e+02 1.095770800781250000e+04 1.096163993976543861e+04
6.716126025822013617e+02 1.095895605468750000e+04 1.096109909680129567e+04
6.716330358805134892e+02 1.095747363281250000e+04 1.096054994488505690e+04
6.716534690787084401e+02 1.095688964843750000e+04 1.095999246789036260e+04
6.716739021772518754e+02 1.095457519531250000e+04 1.095942664177725965e+04
6.716943354760296643e+02 1.095755957031250000e+04 1.095885243403007371e+04
6.717147686751559377e+02 1.096041894531250000e+04 1.095826982886460974e+04
6.717352018742822111e+02 1.095707421875000000e+04 1.095767879935139172e+04
6.717556350738741457e+02 1.095656250000000000e+04 1.095707932132710630e+04
6.717760682734660804e+02 1.095220214843750000e+04 1.095647137065557399e+04
6.717965014735236764e+02 1.095630664062500000e+04 1.095585492317308672e+04
6.718169346735812724e+02 1.095071191406250000e+04 1.095522995474384879e+04
6.718373678741045296e+02 1.095566894531250000e+04 1.095459644120376470e+04
6.718578011747449636e+02 1.095705273437500000e+04 1.095395435525035646e+04
6.718782343757338822e+02 1.095800195312500000e+04 1.095330367901110003e+04
6.718986674770712852e+02 1.095404882812500000e+04 1.095264438846234589e+04
6.719191007781773806e+02 1.095247167968750000e+04 1.095197644973003662e+04
6.719395339800976217e+02 1.095247656250000000e+04 1.095129984837318625e+04
6.719599670819006860e+02 1.094813574218750000e+04 1.095061456040004305e+04
6.719804003839381039e+02 1.095167480468750000e+04 1.094992055152382090e+04
6.720008335863240063e+02 1.095808203125000000e+04 1.094921780771605336e+04
6.720212666885927320e+02 1.094499707031250000e+04 1.094850630497151724e+04
6.720416999915614724e+02 1.094696386718750000e+04 1.094778600860104598e+04
6.720621330947615206e+02 1.097570898437500000e+04 1.094705690857159061e+04
6.720825663977302611e+02 1.094843847656250000e+04 1.094631896647701251e+04
6.721029996015131474e+02 1.095126464843750000e+04 1.094557216889908887e+04
6.721234327051788568e+02 1.094809667968750000e+04 1.094481649185208516e+04
6.721438660090789199e+02 1.094510156250000000e+04 1.094405190001312803e+04
6.721642992133274674e+02 1.094836425781250000e+04 1.094327838038821574e+04
6.721847323179244995e+02 1.094885742187500000e+04 1.094249590895862639e+04
6.722051656227558851e+02 1.094507714843750000e+04 1.094170445002462657e+04
6.722255988274700940e+02 1.094398437500000000e+04 1.094090399100432114e+04
6.722460321327671409e+02 1.094514648437500000e+04 1.094009449988527194e+04
6.722664652382954955e+02 1.094795117187500000e+04 1.093927596448255645e+04
6.722868984439410269e+02 1.094413085937500000e+04 1.093844834869966508e+04
6.723073317497037351e+02 1.093285546875000000e+04 1.093761162825342763e+04
6.723277648556977510e+02 1.093033300781250000e+04 1.093676579134094573e+04
6.723481980622746050e+02 1.093877929687500000e+04 1.093591080144594707e+04
6.723686313689686358e+02 1.093096289062500000e+04 1.093504663430337678e+04
6.723890644758939743e+02 1.093914746093750000e+04 1.093417327851367190e+04
6.724094976829364896e+02 1.092494042968750000e+04 1.093329069717680613e+04
6.724299309900961816e+02 1.092973535156250000e+04 1.093239886600747377e+04
6.724503641976043582e+02 1.092694433593750000e+04 1.093149778864498512e+04
6.724707974055781960e+02 1.093239941406250000e+04 1.093058766475981429e+04
6.724912306135520339e+02 1.092870996093750000e+04 1.092966882754336984e+04
6.725116638219915330e+02 1.093237109375000000e+04 1.092874161205381824e+04
6.725320970304310322e+02 1.093417773437500000e+04 1.092780635339140281e+04
6.725525302393361926e+02 1.092135449218750000e+04 1.092686338661396439e+04
6.725729634482413530e+02 1.092590234375000000e+04 1.092591304682215741e+04
6.725933966576121747e+02 1.093028613281250000e+04 1.092495566907351349e+04
6.726138298669829965e+02 1.092294531250000000e+04 1.092399158846906903e+04
6.726342630768194795e+02 1.092207812500000000e+04 1.092302114006608645e+04
6.726546962866559625e+02 1.092342871093750000e+04 1.092204465896594593e+04
6.726751294969581068e+02 1.091964746093750000e+04 1.092106248022567524e+04
6.726955628073774278e+02 1.091938085937500000e+04 1.092007493409568997e+04
6.727159959180280566e+02 1.091258105468750000e+04 1.091908237018663567e+04
6.727364291287958622e+02 1.091995312500000000e+04 1.091808510904666218e+04
6.727568624401465058e+02 1.091603125000000000e+04 1.091708348566590576e+04
6.727772955512627959e+02 1.091035449218750000e+04 1.091607784989994616e+04
6.727977287629619241e+02 1.091723339843750000e+04 1.091506852205192990e+04
6.728181620747782290e+02 1.091215820312500000e+04 1.091405583717256741e+04
6.728385951868258417e+02 1.090616699218750000e+04 1.091304014522680882e+04
6.728590284995734692e+02 1.090878906250000000e+04 1.091202176138968935e+04
6.728794617117382586e+02 1.091440039062500000e+04 1.091100103573767046e+04
6.728998948247171938e+02 1.090694140625000000e+04 1.090997830331254227e+04
6.729203281379304826e+02 1.090714843750000000e+04 1.090895388419386836e+04
6.729407613510265946e+02 1.091208886718750000e+04 1.090792812850783594e+04
6.729611945645883679e+02 1.090925878906250000e+04 1.090690136629516201e+04
6.729816277781501412e+02 1.090965722656250000e+04 1.090587393265886203e+04
6.730020609926432371e+02 1.090830957031250000e+04 1.090484616263175303e+04
6.730224942066706717e+02 1.090081445312500000e+04 1.090381839136378039e+04
6.730429274211637676e+02 1.089877832031250000e+04 1.090279095388780115e+04
6.730633606361225247e+02 1.090394140625000000e+04 1.090176418528355498e+04
6.730837939507327974e+02 1.089464648437500000e+04 1.090073841565459225e+04
6.731042271661572158e+02 1.090301074218750000e+04 1.089971399006385400e+04
6.731246602814644575e+02 1.089595312500000000e+04 1.089869124361573631e+04
6.731450935974717140e+02 1.090644433593750000e+04 1.089767049634708383e+04
6.731655268133617938e+02 1.089515039062500000e+04 1.089665209838066767e+04
6.731859599296003580e+02 1.089502246093750000e+04 1.089563638473622450e+04
6.732063932460732758e+02 1.089632226562500000e+04 1.089462367560789426e+04
6.732268264624290168e+02 1.089545605468750000e+04 1.089361432098436853e+04
6.732472595795989037e+02 1.088659375000000000e+04 1.089260865584800194e+04
6.732676928965374827e+02 1.089405468750000000e+04 1.089160700059370174e+04
6.733085593315772712e+02 1.088602734375000000e+04 1.088961709925746982e+04
6.733289925493299961e+02 1.088631347656250000e+04 1.088862951844040799e+04
6.733494256674312055e+02 1.087943066406250000e+04 1.088764730241474172e+04
6.733698589857667685e+02 1.088205566406250000e+04 1.088667077188612166e+04
6.733902922044508159e+02 1.088711816406250000e+04 1.088570027630920595e+04
6.734107253234833479e+02 1.088970703125000000e+04 1.088473615067321589e+04
6.734311586422845721e+02 1.088710449218750000e+04 1.088377871597852572e+04
6.734515918618999422e+02 1.088485839843750000e+04 1.088282832136334400e+04
6.734720251811668277e+02 1.088112207031250000e+04 1.088188529266304431e+04
6.735128915212117136e+02 1.087305761718750000e+04 1.088002270078918446e+04
6.735333248414099216e+02 1.087220410156250000e+04 1.087910379413353076e+04
6.735537579618394375e+02 1.087408203125000000e+04 1.087819360723551290e+04
6.735741911828517914e+02 1.087961816406250000e+04 1.087729246173184583e+04
6.735946245035156608e+02 1.087020410156250000e+04 1.087640069287904407e+04
6.736150577249936759e+02 1.086892382812500000e+04 1.087551864443665909e+04
6.736354908463545144e+02 1.087474609375000000e+04 1.087464665138032433e+04
6.736559241679497063e+02 1.087694433593750000e+04 1.087378503604796606e+04
6.736763573898933828e+02 1.086968554687500000e+04 1.087293414624249272e+04
6.736967906123027205e+02 1.087082617187500000e+04 1.087209431279734781e+04
6.737172238347120583e+02 1.086315332031250000e+04 1.087126587081214166e+04
6.737376570575870574e+02 1.087493847656250000e+04 1.087044915534849497e+04
6.737580903805792332e+02 1.087567089843750000e+04 1.086964449759304989e+04
6.737785235033370554e+02 1.087079882812500000e+04 1.086885224436338831e+04
6.737989567266777158e+02 1.086630468750000000e+04 1.086807270494159093e+04
6.738193900506012142e+02 1.086415429687500000e+04 1.086730597033864979e+04
6.738398231742903590e+02 1.086572949218750000e+04 1.086655195448121231e+04
6.738602563985623419e+02 1.086779687500000000e+04 1.086581054339762159e+04
6.738806897229515016e+02 1.086889550781250000e+04 1.086508163451149085e+04
6.739011228475719690e+02 1.085579882812500000e+04 1.086436513565126006e+04
6.739215561724267900e+02 1.086020312500000000e+04 1.086366093001205445e+04
6.739419892975129187e+02 1.086659179687500000e+04 1.086296892860221487e+04
6.739624225227162242e+02 1.086459570312500000e+04 1.086228901839833816e+04
6.739828558485023677e+02 1.085326562500000000e+04 1.086162109678407069e+04
6.740032889745198190e+02 1.086272167968750000e+04 1.086096507071214000e+04
6.740237222006544471e+02 1.086777929687500000e+04 1.086032082768937107e+04
6.740441555269062519e+02 1.085914843750000000e+04 1.085968826510995859e+04
6.740645886533893645e+02 1.086573535156250000e+04 1.085906728939429740e+04
6.740850219801068306e+02 1.085617382812500000e+04 1.085845778560745021e+04
6.741054552071727812e+02 1.086406640625000000e+04 1.085785966000086046e+04
6.741258884342387319e+02 1.085328613281250000e+04 1.085727280679580508e+04
6.741463216617703438e+02 1.085671289062500000e+04 1.085669712320096551e+04
6.741667548897676170e+02 1.086020214843750000e+04 1.085613250643876745e+04
6.741871881177648902e+02 1.086240527343750000e+04 1.085557885374412217e+04
6.742076213457621634e+02 1.084879882812500000e+04 1.085503606233869141e+04
6.742280545746907592e+02 1.085881835937500000e+04 1.085450402942012624e+04
6.742484878031536937e+02 1.085789941406250000e+04 1.085398265224682109e+04
6.742689211321994662e+02 1.085561230468750000e+04 1.085347182553945277e+04
6.742893542614765465e+02 1.084869238281250000e+04 1.085297145395202097e+04
6.743097875909879804e+02 1.086275390625000000e+04 1.085248142491047838e+04
6.743302208203822374e+02 1.085458300781250000e+04 1.085200164291524561e+04
6.743506539505906403e+02 1.085545214843750000e+04 1.085153200501695756e+04
6.743710872805677354e+02 1.085553027343750000e+04 1.085107240164041286e+04
6.743915205113589764e+02 1.085232031250000000e+04 1.085062273680543876e+04
6.744119536420330405e+02 1.084555664062500000e+04 1.085018290760954551e+04
6.744323869729414582e+02 1.084550195312500000e+04 1.084975280488094722e+04
6.744528202041983604e+02 1.084695507812500000e+04 1.084933233222518174e+04
6.744732533353380859e+02 1.085673437500000000e+04 1.084892138673300906e+04
6.744936866671778262e+02 1.084607421875000000e+04 1.084851985964591222e+04
6.745141198989003897e+02 1.084770117187500000e+04 1.084812765416604816e+04
6.745345531310886145e+02 1.085154589843750000e+04 1.084774466551604928e+04
6.745549863632768393e+02 1.084917773437500000e+04 1.084737079092654312e+04
6.745754194962792099e+02 1.084976171875000000e+04 1.084700592936853172e+04
6.745958528290502727e+02 1.084933496093750000e+04 1.084664997279138879e+04
6.746162860621698201e+02 1.084215136718750000e+04 1.084630282369794259e+04
6.746367191956378520e+02 1.084511621093750000e+04 1.084596437918169431e+04
6.746571525288745761e+02 1.084317871093750000e+04 1.084563453156823380e+04
6.746775857629254460e+02 1.084453027343750000e+04 1.084531318296829340e+04
6.746980190970934927e+02 1.084716406250000000e+04 1.084500022746854665e+04
6.747184522314928472e+02 1.085100000000000000e+04 1.084469556682268012e+04
6.747388854660093784e+02 1.084882226562500000e+04 1.084439909372051625e+04
6.747593188006430864e+02 1.084980566406250000e+04 1.084411070550323348e+04
6.747797519359737635e+02 1.084023144531250000e+04 1.084383030355991650e+04
6.748001851709559560e+02 1.084641406250000000e+04 1.084355778095143978e+04
6.748206185065209866e+02 1.085999609375000000e+04 1.084329303500202150e+04
6.748410517424345016e+02 1.084237695312500000e+04 1.084303596552766794e+04
6.748614848782308400e+02 1.084242480468750000e+04 1.084278646964397922e+04
6.748819182147271931e+02 1.083655273437500000e+04 1.084254444095481813e+04
6.749023514511063695e+02 1.085421679687500000e+04 1.084230978029973448e+04
6.749227847880683839e+02 1.083992382812500000e+04 1.084208238259453537e+04
6.749432179252617061e+02 1.083587011718750000e+04 1.084186214835089413e+04
6.749636511625722051e+02 1.084475195312500000e+04 1.084164897150593606e+04
6.749840844999998808e+02 1.084707812500000000e+04 1.084144274938418675e+04
6.750045176376588643e+02 1.084417968750000000e+04 1.084124338218335470e+04
6.750249508754350245e+02 1.084078320312500000e+04 1.084105076414908035e+04
6.750453842137940228e+02 1.083826953125000000e+04 1.084086479259717089e+04
6.750658173523843288e+02 1.083686718750000000e+04 1.084068536743485129e+04
6.750862505910918117e+02 1.084808105468750000e+04 1.084051238320267294e+04
6.751066839299164712e+02 1.084165527343750000e+04 1.084034573721606648e+04
6.751271170694380999e+02 1.083409863281250000e+04 1.084018532909281930e+04
6.751475504087284207e+02 1.084377734375000000e+04 1.084003105614226661e+04
6.751679836483672261e+02 1.083613671875000000e+04 1.083988290602176312e+04
6.751884167883545160e+02 1.083780566406250000e+04 1.083974095538875190e+04
6.752088501285761595e+02 1.084215429687500000e+04 1.083960528347445870e+04
6.752292832690291107e+02 1.084219726562500000e+04 1.083947597420287275e+04
6.752497165095992386e+02 1.083445312500000000e+04 1.083935310689783910e+04
6.752701498507522047e+02 1.083515527343750000e+04 1.083923676292047458e+04
6.752905829916708171e+02 1.083188867187500000e+04 1.083912702520385210e+04
6.753110163332894444e+02 1.083911621093750000e+04 1.083902397286387895e+04
6.753314495747908950e+02 1.083813378906250000e+04 1.083892768873565001e+04
6.753518828167580068e+02 1.083387500000000000e+04 1.083883825356423586e+04
6.753723160591907799e+02 1.083904687500000000e+04 1.083875574861851055e+04
6.753927493016235530e+02 1.083577343750000000e+04 1.083868025516900707e+04
6.754131825440563262e+02 1.083653417968750000e+04 1.083861185448413198e+04
6.754336157869547606e+02 1.083255566406250000e+04 1.083855062783098765e+04
6.754540490298531950e+02 1.084212890625000000e+04 1.083849665647963411e+04
6.754744822736829519e+02 1.083656152343750000e+04 1.083845002169652798e+04
6.754949156171642244e+02 1.083051855468750000e+04 1.083841080457968565e+04
6.755153487608768046e+02 1.084351074218750000e+04 1.083837908691728808e+04
6.755357821052893996e+02 1.083980468750000000e+04 1.083835494935717725e+04
6.755562153495848179e+02 1.083878515625000000e+04 1.083833847357930790e+04
6.755766484942287207e+02 1.083060449218750000e+04 1.083832974073878358e+04
6.755970818391069770e+02 1.083283398437500000e+04 1.083832883203345409e+04
6.756175150838680565e+02 1.083623925781250000e+04 1.083833582880280846e+04
6.756379482294432819e+02 1.083189648437500000e+04 1.083835081219936546e+04
6.756583815747871995e+02 1.084050781250000000e+04 1.083837386377014991e+04
6.756788148209452629e+02 1.083486328125000000e+04 1.083840506450613248e+04
6.756992481667548418e+02 1.083466992187500000e+04 1.083844449598051688e+04
6.757196813132613897e+02 1.084220800781250000e+04 1.083849223882424667e+04
6.757401145598851144e+02 1.082434570312500000e+04 1.083854837494467210e+04
6.757605479066260159e+02 1.083846582031250000e+04 1.083861298573422573e+04
6.757809810535982251e+02 1.083773046875000000e+04 1.083868615145072727e+04
6.758014143011532724e+02 1.083815722656250000e+04 1.083876795437563123e+04
6.758218476488254964e+02 1.084525195312500000e+04 1.083885847590340563e+04
6.758422807962633669e+02 1.083839453125000000e+04 1.083895779590745406e+04
6.758627140447497368e+02 1.083731542968750000e+04 1.083906599705644658e+04
6.758831472927704453e+02 1.084265820312500000e+04 1.083918316014675293e+04
6.759035805412568152e+02 1.084629101562500000e+04 1.083930936645219117e+04
6.759240138903260231e+02 1.083965625000000000e+04 1.083944469792743803e+04
6.759444470391608775e+02 1.083882324218750000e+04 1.083958923378150575e+04
6.759648802885785699e+02 1.084122167968750000e+04 1.083974305734319933e+04
6.759853136381134391e+02 1.083639843750000000e+04 1.083990625001493390e+04
6.760057468879967928e+02 1.083264550781250000e+04 1.084007889147039532e+04
6.760261800377629697e+02 1.083889550781250000e+04 1.084026106283497211e+04
6.760466133882291615e+02 1.084057226562500000e+04 1.084045284812986938e+04
6.760670466385781765e+02 1.084276757812500000e+04 1.084065432587132818e+04
6.760874797892756760e+02 1.083990722656250000e+04 1.084086557718969925e+04
6.761079131406731904e+02 1.084010644531250000e+04 1.084108668653163477e+04
6.761283463914878666e+02 1.083841308593750000e+04 1.084131773197810071e+04
6.761487797433510423e+02 1.084624414062500000e+04 1.084155879707873464e+04
6.761692128949798644e+02 1.083631152343750000e+04 1.084180995947428346e+04
6.761896461471915245e+02 1.084447460937500000e+04 1.084207130405681346e+04
6.762100794990547001e+02 1.083784082031250000e+04 1.084234291223318542e+04
6.762305126516148448e+02 1.084731054687500000e+04 1.084262486122263726e+04
6.762509459042921662e+02 1.084859667968750000e+04 1.084291723634977097e+04
6.762918124105781317e+02 1.084847167968750000e+04 1.084353358603753986e+04
6.763122457643039525e+02 1.084197558593750000e+04 1.084385772475066915e+04
6.763326790179125965e+02 1.084328613281250000e+04 1.084419261175895554e+04
6.763531121718697250e+02 1.084765332031250000e+04 1.084453832818033334e+04
6.763735455260612071e+02 1.083814648437500000e+04 1.084489496043761392e+04
6.763939787806011736e+02 1.084832617187500000e+04 1.084526258464608145e+04
6.764144119354896247e+02 1.085611621093750000e+04 1.084564128191285818e+04
6.764348452901467681e+02 1.084500585937500000e+04 1.084603113913759080e+04
6.764552785456180573e+02 1.084507714843750000e+04 1.084643223196752115e+04
6.764757117009721696e+02 1.084418554687500000e+04 1.084684464148792904e+04
6.764961450565606356e+02 1.084826464843750000e+04 1.084726845428239176e+04
6.765165783124975860e+02 1.085532031250000000e+04 1.084770370487431137e+04
6.765370115689001977e+02 1.085396582031250000e+04 1.084815037949440739e+04
6.765574448253028095e+02 1.085323437500000000e+04 1.084860845801466712e+04
6.765778780821710825e+02 1.084419628906250000e+04 1.084907792032769794e+04
6.765983113390393555e+02 1.085081445312500000e+04 1.084955874630496146e+04
6.766187445963732898e+02 1.085461328125000000e+04 1.085005091583958347e+04
6.766391778537072241e+02 1.084862109375000000e+04 1.085055440880250353e+04
6.766596111115068197e+02 1.084680078125000000e+04 1.085106920508735857e+04
6.766800443693064153e+02 1.085777636718750000e+04 1.085159528456457338e+04
6.767004777276888490e+02 1.085179003906250000e+04 1.085213262978868079e+04
6.767209109859541059e+02 1.085535839843750000e+04 1.085268121536386025e+04
6.767413441445678473e+02 1.085037988281250000e+04 1.085324102101965218e+04
6.767617775034159422e+02 1.086098339843750000e+04 1.085381203493654175e+04
6.767822107626125216e+02 1.085975976562500000e+04 1.085439422869860209e+04
6.768026439221575856e+02 1.085551855468750000e+04 1.085498758202413956e+04
6.768230772819370031e+02 1.085814160156250000e+04 1.085559208358554679e+04
6.768435105415992439e+02 1.085896386718750000e+04 1.085620770446082679e+04
6.768639437020756304e+02 1.085706640625000000e+04 1.085683442439722057e+04
6.768843770623207092e+02 1.085402246093750000e+04 1.085747223252781987e+04
6.769048103229142725e+02 1.084917871093750000e+04 1.085812109946965938e+04
6.769252436840906739e+02 1.085594921875000000e+04 1.085878101146358131e+04
6.769456768450327218e+02 1.085672265625000000e+04 1.085945193859553183e+04
6.769661101065576077e+02 1.087457617187500000e+04 1.086013387054409031e+04
6.769865434681996703e+02 1.086296386718750000e+04 1.086082678733742432e+04
6.770069766300730407e+02 1.086959179687500000e+04 1.086153065860760398e+04
6.770274098925292492e+02 1.086874902343750000e+04 1.086224547450298996e+04
6.770478431549854577e+02 1.085886523437500000e+04 1.086297121146747668e+04
6.770682764174416661e+02 1.085934570312500000e+04 1.086370784938281940e+04
6.770887096803635359e+02 1.087050683593750000e+04 1.086445536814794104e+04
6.771091430434025824e+02 1.086348437500000000e+04 1.086521375137034738e+04
6.771295762071385980e+02 1.086628808593750000e+04 1.086598296773985203e+04
6.771500095706433058e+02 1.086767675781250000e+04 1.086676301216169486e+04
6.771704428344964981e+02 1.086674804687500000e+04 1.086755385316673346e+04
6.771908759986981750e+02 1.085802246093750000e+04 1.086835547047884393e+04
6.772113093631342053e+02 1.086588378906250000e+04 1.086916785582417106e+04
6.772317426279187202e+02 1.087202343750000000e+04 1.086999097724105923e+04
6.772521757925860584e+02 1.086697656250000000e+04 1.087082481443515098e+04
6.772726091579534113e+02 1.086976367187500000e+04 1.087166935964300865e+04
6.772930424232035875e+02 1.087351074218750000e+04 1.087252458039205521e+04
6.773134757890366018e+02 1.086889160156250000e+04 1.087339046496436640e+04
6.773339089546352625e+02 1.087217675781250000e+04 1.087426698041637064e+04
6.773543422208167613e+02 1.088000292968750000e+04 1.087515411945610322e+04
6.773747755871154368e+02 1.087415332031250000e+04 1.087605186210139800e+04
6.773952087541110814e+02 1.087396386718750000e+04 1.087696017500186645e+04
6.774156420207582414e+02 1.087492089843750000e+04 1.087787905125129691e+04
6.774360753879882395e+02 1.088108300781250000e+04 1.087880847092837575e+04
6.774565085554495454e+02 1.088109570312500000e+04 1.087974840017660244e+04
6.774769418230280280e+02 1.087379882812500000e+04 1.088069883259562266e+04
6.774973751911893487e+02 1.087802050781250000e+04 1.088165974824337900e+04
6.775178083591163158e+02 1.087760253906250000e+04 1.088263111277857934e+04
6.775382417277432978e+02 1.088441308593750000e+04 1.088361292514306115e+04
6.775586749962531030e+02 1.088549316406250000e+04 1.088460515084148574e+04
6.775791081651113927e+02 1.088754589843750000e+04 1.088560776962557429e+04
6.775995415342040360e+02 1.088955078125000000e+04 1.088662077616859824e+04
6.776199748036451638e+02 1.088140234375000000e+04 1.088764413556170439e+04
6.776404080735519528e+02 1.088480468750000000e+04 1.088867783262535522e+04
6.776608413434587419e+02 1.088608691406250000e+04 1.088972184721807571e+04
6.776812746133655310e+02 1.089050097656250000e+04 1.089077615922161203e+04
6.777017078837379813e+02 1.089551269531250000e+04 1.089184074854206483e+04
6.777221411545760930e+02 1.089504882812500000e+04 1.089291559506188241e+04
6.777425744254142046e+02 1.089445214843750000e+04 1.089400067863865297e+04
6.777630076962523162e+02 1.089471875000000000e+04 1.089509597915410632e+04
6.777834409680217505e+02 1.089326953125000000e+04 1.089620147654059474e+04
6.778038742393255234e+02 1.089779882812500000e+04 1.089731715060462375e+04
6.778243075115606189e+02 1.089763281250000000e+04 1.089844298130454263e+04
6.778447407837957144e+02 1.089720312500000000e+04 1.089957894711412155e+04
6.778651740560308099e+02 1.089980664062500000e+04 1.090072487874247599e+04
6.778856074288487434e+02 1.089622070312500000e+04 1.090188033396479841e+04
6.779060406014323235e+02 1.090028515625000000e+04 1.090304481690033208e+04
6.779264739747159183e+02 1.090614160156250000e+04 1.090421787159239102e+04
6.779469072483479977e+02 1.090454101562500000e+04 1.090539900205740923e+04
6.779673404218629003e+02 1.091382617187500000e+04 1.090658772935039451e+04
6.779877737956121564e+02 1.090540917968750000e+04 1.090778359219513550e+04
6.780082070697098970e+02 1.090563671875000000e+04 1.090898609428912823e+04
6.780286402441561222e+02 1.090699023437500000e+04 1.091019475673553097e+04
6.780490736188367009e+02 1.091336132812500000e+04 1.091140911851320561e+04
6.780695068938657641e+02 1.091890820312500000e+04 1.091262868303749201e+04
6.780899400687776506e+02 1.091335742187500000e+04 1.091385297140454168e+04
6.781103734443895519e+02 1.091939941406250000e+04 1.091508152286769109e+04
6.781308067198842764e+02 1.091903125000000000e+04 1.091631384056738170e+04
6.781512400959618390e+02 1.091711132812500000e+04 1.091754945779950867e+04
6.781716732722707093e+02 1.092054980468750000e+04 1.091878787757673854e+04
6.781921065486967564e+02 1.091805273437500000e+04 1.092002863925194106e+04
6.782125399252399802e+02 1.092795605468750000e+04 1.092127126405264062e+04
6.782329731020145118e+02 1.092449218750000000e+04 1.092251525492718611e+04
6.782534063793718815e+02 1.092344726562500000e+04 1.092376015134905538e+04
6.782738397568464279e+02 1.093006347656250000e+04 1.092500547449626538e+04
6.782942729345522821e+02 1.093162890625000000e+04 1.092625072728799933e+04
6.783147063124924898e+02 1.092950292968750000e+04 1.092749545529500756e+04
6.783351395907811821e+02 1.093018066406250000e+04 1.092873916144076975e+04
6.783555728690698743e+02 1.092509960937500000e+04 1.092998137299397786e+04
6.783760061478242278e+02 1.093950878906250000e+04 1.093122161117946052e+04
6.783964394265785813e+02 1.093423242187500000e+04 1.093245939716541943e+04
6.784168726056814194e+02 1.093913183593750000e+04 1.093369424613404772e+04
6.784373059850186110e+02 1.092890722656250000e+04 1.093492569738102611e+04
6.784577392647042871e+02 1.093248339843750000e+04 1.093615325400339134e+04
6.784781724447384477e+02 1.094403222656250000e+04 1.093737643725800990e+04
6.784986058250069618e+02 1.093884570312500000e+04 1.093859478625869815e+04
6.785190391056239605e+02 1.093995410156250000e+04 1.093980780428410071e+04
6.785394724863581359e+02 1.094068066406250000e+04 1.094101502438460557e+04
6.785599056668579578e+02 1.095150488281250000e+04 1.094221595005662311e+04
6.785803389484062791e+02 1.094085253906250000e+04 1.094341012025084819e+04
6.786007723296061158e+02 1.094705957031250000e+04 1.094459705597886750e+04
6.786212055115029216e+02 1.095782324218750000e+04 1.094577626112664075e+04
6.786416387935169041e+02 1.095130859375000000e+04 1.094694727422750839e+04
6.786620721756480634e+02 1.094928027343750000e+04 1.094810961635376043e+04
6.786825053580105305e+02 1.094822949218750000e+04 1.094926279170866655e+04
6.787029386404901743e+02 1.094996386718750000e+04 1.095040633848114521e+04
6.787233720235526562e+02 1.094606152343750000e+04 1.095153977774805753e+04
6.787438052068464458e+02 1.094801464843750000e+04 1.095266261412112908e+04
6.787642385903745890e+02 1.094633496093750000e+04 1.095377439077390591e+04
6.787846718742512167e+02 1.095642968750000000e+04 1.095487461250293563e+04
6.788051050580106676e+02 1.095301074218750000e+04 1.095596280065222527e+04
6.788255384424701333e+02 1.095413769531250000e+04 1.095703849234708287e+04
6.788459717268124223e+02 1.095791406250000000e+04 1.095810119285397013e+04
6.788664050116203725e+02 1.095868457031250000e+04 1.095915042869438184e+04
6.788868382964283228e+02 1.095778613281250000e+04 1.096018572104007217e+04
6.789072715817019343e+02 1.095841601562500000e+04 1.096120659111025998e+04
6.789277049670927227e+02 1.095705371093750000e+04 1.096221256496894421e+04
6.789481381527148187e+02 1.096730273437500000e+04 1.096320314915960626e+04
6.789685714389197528e+02 1.095569238281250000e+04 1.096417787955223685e+04
6.789890047251246870e+02 1.096251074218750000e+04 1.096513627242844450e+04
6.790094380117952824e+02 1.095959960937500000e+04 1.096607784900551087e+04
6.790298712984658778e+02 1.097429394531250000e+04 1.096700213045739656e+04
6.790503046852536500e+02 1.096741992187500000e+04 1.096790864237739515e+04
6.790707378727383912e+02 1.096503222656250000e+04 1.096879689280965613e+04
6.790911711603403091e+02 1.097792285156250000e+04 1.096966641610027909e+04
6.791116045480594039e+02 1.097154003906250000e+04 1.097051673316633060e+04
6.791320377360098064e+02 1.097314843750000000e+04 1.097134735286711475e+04
6.791524711241945624e+02 1.096881738281250000e+04 1.097215781265505575e+04
6.791729044127278030e+02 1.097314355468750000e+04 1.097294762168140915e+04
6.791933376016095281e+02 1.096960253906250000e+04 1.097371630196258229e+04
6.792137709902599454e+02 1.097486523437500000e+04 1.097446359559349003e+04
6.792342042797245085e+02 1.097454882812500000e+04 1.097518975208407574e+04
6.792750708591192961e+02 1.098038671875000000e+04 1.097658003712234131e+04
6.792955041490495205e+02 1.097213769531250000e+04 1.097724485188150356e+04
6.793159375395625830e+02 1.097188769531250000e+04 1.097788990873074727e+04
6.793363707298412919e+02 1.097746191406250000e+04 1.097851554142276109e+04
6.793568040207028389e+02 1.098023535156250000e+04 1.097912210241557477e+04
6.793772374116815627e+02 1.097322753906250000e+04 1.097970993452311632e+04
6.793976706033572555e+02 1.098563378906250000e+04 1.098027937237260448e+04
6.794181038946844637e+02 1.097967578125000000e+04 1.098083076753536261e+04
6.794385372865945101e+02 1.098962792968750000e+04 1.098136446288009756e+04
6.794589704787358642e+02 1.098162695312500000e+04 1.098188079379553528e+04
6.794794037709943950e+02 1.097953417968750000e+04 1.098238011109204490e+04
6.794998371633701026e+02 1.097955468750000000e+04 1.098286275762835794e+04
6.795202704560942948e+02 1.098480664062500000e+04 1.098332907179303220e+04
6.795407037492841482e+02 1.098573144531250000e+04 1.098377939909670022e+04
6.795611370424740016e+02 1.097601855468750000e+04 1.098421408263494050e+04
6.795815703361295164e+02 1.098582617187500000e+04 1.098463346552352050e+04
6.796020036302506924e+02 1.099385644531250000e+04 1.098503789086781399e+04
6.796224369243718684e+02 1.098655273437500000e+04 1.098542770176452905e+04
6.796428701183758676e+02 1.097641406250000000e+04 1.098580323951445644e+04
6.796633035130798817e+02 1.098113574218750000e+04 1.098616485264901348e+04
6.796837368081323802e+02 1.099233886718750000e+04 1.098651287885681813e+04
6.797041700030677021e+02 1.098279199218750000e+04 1.098684766143312299e+04
6.797246033982373774e+02 1.098796289062500000e+04 1.098716954830979375e+04
6.797450366942211986e+02 1.098884277343750000e+04 1.098747887778173390e+04
6.797654700898565352e+02 1.100258496093750000e+04 1.098777599596876826e+04
6.797859032861888409e+02 1.098505273437500000e+04 1.098806124171804549e+04
6.798063365826383233e+02 1.098948730468750000e+04 1.098833496240157547e+04
6.798267699792049825e+02 1.099086914062500000e+04 1.098859750095899653e+04
6.798472031760029495e+02 1.098219628906250000e+04 1.098884919672392425e+04
6.798676364729180932e+02 1.099055078125000000e+04 1.098909039657537505e+04
6.798880698704160750e+02 1.098289062500000000e+04 1.098932144347329086e+04
6.799085030681453645e+02 1.099195800781250000e+04 1.098954267720036660e+04
6.799289364661090076e+02 1.098110742187500000e+04 1.098975444519602752e+04
6.799493697644211352e+02 1.099352929687500000e+04 1.098995708738987923e+04
6.799698029626160860e+02 1.099149218750000000e+04 1.099015094701523412e+04
6.799902363615110517e+02 1.099094335937500000e+04 1.099033636996958376e+04
6.800106696602888405e+02 1.099173144531250000e+04 1.099051369656836687e+04
6.800311029595322907e+02 1.099517871093750000e+04 1.099068327085092460e+04
6.800515362587757409e+02 1.099742089843750000e+04 1.099084543591982219e+04
6.800719695584848523e+02 1.099653613281250000e+04 1.099100053488521007e+04
6.800924028586596251e+02 1.099194726562500000e+04 1.099114891085332056e+04
6.801128361583687365e+02 1.099292285156250000e+04 1.099129090692411228e+04
6.801332694590091705e+02 1.099060546875000000e+04 1.099142686621382745e+04
6.801537028597667813e+02 1.099939550781250000e+04 1.099155713244748040e+04
6.801741361608728766e+02 1.098849707031250000e+04 1.099168204745949515e+04
6.801945693618617952e+02 1.099282128906250000e+04 1.099180195442975310e+04
6.802150027635507286e+02 1.099975683593750000e+04 1.099191719819502396e+04
6.802354360651224852e+02 1.099283398437500000e+04 1.099202812013191760e+04
6.802558692670427263e+02 1.099678222656250000e+04 1.099213506341062748e+04
6.802763026691973209e+02 1.099125781250000000e+04 1.099223837267983436e+04
6.802967358720488846e+02 1.099582617187500000e+04 1.099233838902388379e+04
6.803171692746691406e+02 1.099242968750000000e+04 1.099243545750514204e+04
6.803376025776378810e+02 1.099284277343750000e+04 1.099252991978725549e+04
6.803580357809551060e+02 1.099052148437500000e+04 1.099262211901271439e+04
6.803784691845066845e+02 1.099213281250000000e+04 1.099271239962654727e+04
6.803989024879410863e+02 1.099315332031250000e+04 1.099280110339534622e+04
6.804193356921896338e+02 1.099320019531250000e+04 1.099288857345062570e+04
6.804397690966725349e+02 1.099918457031250000e+04 1.099297515417362047e+04
6.804602024010382593e+02 1.099384667968750000e+04 1.099306118739291560e+04
6.804806356057524681e+02 1.100737890625000000e+04 1.099314701622293796e+04
6.805010690107010305e+02 1.099507519531250000e+04 1.099323298503048863e+04
6.805215023159980774e+02 1.098662402343750000e+04 1.099331943566271912e+04
6.805419357214123011e+02 1.100038378906250000e+04 1.099340671206891602e+04
6.805623689275234938e+02 1.099031640625000000e+04 1.099349509584157204e+04
6.805828022332862020e+02 1.099563476562500000e+04 1.099358466382674305e+04
6.806032356400974095e+02 1.098511621093750000e+04 1.099367544703046951e+04
6.806236688462086022e+02 1.099212207031250000e+04 1.099376747508533481e+04
6.806441021533682942e+02 1.100282324218750000e+04 1.099386078032342448e+04
6.806645355601795018e+02 1.099369726562500000e+04 1.099395539373965585e+04
6.806849687676876783e+02 1.099285644531250000e+04 1.099405134492230536e+04
6.807054020753130317e+02 1.098901074218750000e+04 1.099414866624983551e+04
6.807258354830555618e+02 1.099907031250000000e+04 1.099424738872485977e+04
6.807462687911465764e+02 1.098654003906250000e+04 1.099434754236464687e+04
6.807667020997032523e+02 1.099114257812500000e+04 1.099444915863180358e+04
6.807871354082599282e+02 1.099494726562500000e+04 1.099455226850632607e+04
6.808075687172822654e+02 1.099646582031250000e+04 1.099465690297287438e+04
6.808280021264217794e+02 1.099532519531250000e+04 1.099476309353553916e+04
6.808484353357926011e+02 1.099970410156250000e+04 1.099487086960657325e+04
6.808688686452805996e+02 1.099476464843750000e+04 1.099498026373832909e+04
6.808893020553514361e+02 1.099310253906250000e+04 1.099509130693961924e+04
6.809097352651879191e+02 1.099014062500000000e+04 1.099520402854573695e+04
6.809301686757244170e+02 1.099132617187500000e+04 1.099531846175100327e+04
6.809506018864922225e+02 1.100259082031250000e+04 1.099543463529485598e+04
6.809710351973772049e+02 1.099624121093750000e+04 1.099555258185175990e+04
6.809914686083793640e+02 1.100200683593750000e+04 1.099567233243026931e+04
6.810119018200784922e+02 1.099042675781250000e+04 1.099579391624461277e+04
6.810323351318947971e+02 1.099715234375000000e+04 1.099591736604526886e+04
6.810527685433626175e+02 1.099345800781250000e+04 1.099604271283928392e+04
6.810732017559930682e+02 1.099600195312500000e+04 1.099616998576392871e+04
6.810936350682750344e+02 1.098908593750000000e+04 1.099629921764657411e+04
6.811140684811398387e+02 1.099558593750000000e+04 1.099643043950439824e+04
6.811345016937702894e+02 1.099911621093750000e+04 1.099656368037315769e+04
6.811549351071007550e+02 1.099975976562500000e+04 1.099669897384981232e+04
6.811753684207797050e+02 1.099894726562500000e+04 1.099683634894324859e+04
6.811958016343414783e+02 1.099978320312500000e+04 1.099697583660186683e+04
6.812162350486032665e+02 1.099368066406250000e+04 1.099711746987722654e+04
6.812366683627478778e+02 1.099180175781250000e+04 1.099726127768243350e+04
6.812571016773581505e+02 1.099406933593750000e+04 1.099740729169179394e+04
6.812775349919684231e+02 1.099646093750000000e+04 1.099755554288435087e+04
6.812979683070443571e+02 1.099076074218750000e+04 1.099770606224584844e+04
6.813184017222374678e+02 1.100162500000000000e+04 1.099785888150966639e+04
6.813388349376618862e+02 1.099522558593750000e+04 1.099801402939831678e+04
6.813592682536691427e+02 1.099775781250000000e+04 1.099817153915759263e+04
6.813797016697935760e+02 1.099160253906250000e+04 1.099833144180121781e+04
6.814001349862664938e+02 1.099771582031250000e+04 1.099849376674839368e+04
6.814205682026222348e+02 1.101152929687500000e+04 1.099865854494195810e+04
6.814410016196779907e+02 1.100623437500000000e+04 1.099882580980833882e+04
6.814614349366165698e+02 1.100335058593750000e+04 1.099899558988580975e+04
6.814818681539036334e+02 1.099747558593750000e+04 1.099916791612342058e+04
6.815023015714250505e+02 1.100449511718750000e+04 1.099934282205155250e+04
6.815227348892949522e+02 1.099933496093750000e+04 1.099952033610465878e+04
6.815431682076305151e+02 1.099711816406250000e+04 1.099970049011586525e+04
6.815636015259660780e+02 1.099551660156250000e+04 1.099988331506345276e+04
6.815840347446501255e+02 1.099703808593750000e+04 1.100006884101829928e+04
6.816044681631028652e+02 1.100368457031250000e+04 1.100025710170133243e+04
6.816249014823697507e+02 1.100163378906250000e+04 1.100044812536074460e+04
6.816453347019851208e+02 1.099792968750000000e+04 1.100064194293391483e+04
6.816657681213691831e+02 1.099833593750000000e+04 1.100083858826397227e+04
6.816862014415673912e+02 1.100296484375000000e+04 1.100103808947711696e+04
6.817066346616484225e+02 1.100161328125000000e+04 1.100124047750454338e+04
6.817270680819638073e+02 1.100445507812500000e+04 1.100144578632487901e+04
6.817475014026276767e+02 1.100046191406250000e+04 1.100165404392890559e+04
6.817679348238743842e+02 1.099735253906250000e+04 1.100186528334026661e+04
6.817883680448867381e+02 1.099628320312500000e+04 1.100207953240949610e+04
6.818088013664819300e+02 1.100219140625000000e+04 1.100229682525096723e+04
6.818292347881942987e+02 1.099356542968750000e+04 1.100251719288710774e+04
6.818496680101379752e+02 1.100027929687500000e+04 1.100274066304343069e+04
6.818701013321988285e+02 1.099800976562500000e+04 1.100296726995920653e+04
6.818905347548425198e+02 1.100892089843750000e+04 1.100319704466834810e+04
6.819109680778346956e+02 1.100966113281250000e+04 1.100342996686712831e+04
6.819314014003612101e+02 1.100506640625000000e+04 1.100366578813471097e+04
6.819518347238190472e+02 1.100411816406250000e+04 1.100390419071996985e+04
6.819722680472768843e+02 1.100225781250000000e+04 1.100414485683512976e+04
6.819927013712003827e+02 1.100514648437500000e+04 1.100438746870863542e+04
6.820131346951238811e+02 1.100312402343750000e+04 1.100463170855791759e+04
6.820335680195130408e+02 1.100931347656250000e+04 1.100487725861146646e+04
6.820540014440193772e+02 1.101000585937500000e+04 1.100512380229648625e+04
6.820744346687570214e+02 1.099851464843750000e+04 1.100537101821179385e+04
6.820948679940775037e+02 1.100171484375000000e+04 1.100561859220994666e+04
6.821153013193979859e+02 1.101140136718750000e+04 1.100586620529824359e+04
6.821357346447184682e+02 1.100854101562500000e+04 1.100611353969949960e+04
6.821561680706217885e+02 1.100412304687500000e+04 1.100636027884911164e+04
6.821766013968735933e+02 1.100568847656250000e+04 1.100660610255063875e+04
6.821970346230082214e+02 1.100638964843750000e+04 1.100685069303699674e+04
6.822174680498428643e+02 1.100699511718750000e+04 1.100709373612115087e+04
6.822583346036262810e+02 1.100455468750000000e+04 1.100757389823828271e+04
6.822787680309265852e+02 1.100446972656250000e+04 1.100781038524173709e+04
6.822992012589238584e+02 1.100410839843750000e+04 1.100804404904650801e+04
6.823196346866898239e+02 1.100887890625000000e+04 1.100827457643670095e+04
6.823400680148042738e+02 1.100777050781250000e+04 1.100850164623314413e+04
6.823605012432672083e+02 1.101042285156250000e+04 1.100872494071141955e+04
6.823809346719644964e+02 1.101193652343750000e+04 1.100894414534192583e+04
6.824013680010102689e+02 1.100765722656250000e+04 1.100915893909921942e+04
6.824218013300560415e+02 1.101001464843750000e+04 1.100936900528522528e+04
6.824422346595674753e+02 1.101122558593750000e+04 1.100957402612718943e+04
6.824626679895445704e+02 1.101104492187500000e+04 1.100977368384738111e+04
6.824831013195216656e+02 1.101744921875000000e+04 1.100996766066367491e+04
6.825035346494987607e+02 1.100999121093750000e+04 1.101015563879866568e+04
6.825239679799415171e+02 1.100981640625000000e+04 1.101033730047902463e+04
6.825444014109671116e+02 1.101021386718750000e+04 1.101051232876769063e+04
6.825648346417583525e+02 1.100906835937500000e+04 1.101068040336058402e+04
6.825852679731324315e+02 1.101660156250000000e+04 1.101084120900627022e+04
6.826057014046236873e+02 1.101566503906250000e+04 1.101099442781417383e+04
6.826261347364634275e+02 1.101021191406250000e+04 1.101113974050731122e+04
6.826465679686516523e+02 1.101853125000000000e+04 1.101127682942618048e+04
6.826670014006085694e+02 1.100830664062500000e+04 1.101140537874014262e+04
6.826874347333796322e+02 1.101317578125000000e+04 1.101152506872707454e+04
6.827078679660335183e+02 1.100666015625000000e+04 1.101163558173594356e+04
6.827283013993874192e+02 1.101612695312500000e+04 1.101173660154686331e+04
6.827487347326241434e+02 1.101536718750000000e+04 1.101182780882419866e+04
6.827691680663265288e+02 1.101464746093750000e+04 1.101190888631062262e+04
6.827896014000289142e+02 1.101747656250000000e+04 1.101197951622636356e+04
6.828100347341969609e+02 1.101638476562500000e+04 1.101203938079508953e+04
6.828304680688306689e+02 1.101144042968750000e+04 1.101208816223845497e+04
6.828509014034643769e+02 1.101589453125000000e+04 1.101212554277735762e+04
6.828713347380980849e+02 1.100663085937500000e+04 1.101215120463418134e+04
6.828917680731974542e+02 1.101297851562500000e+04 1.101216483003147732e+04
6.829122014087624848e+02 1.101570605468750000e+04 1.101216610119077814e+04
6.829326348444446921e+02 1.100716503906250000e+04 1.101215470024654496e+04
6.829530680803582072e+02 1.101644140625000000e+04 1.101213030968269231e+04
6.829735014168545604e+02 1.102117675781250000e+04 1.101209261145835444e+04
6.829939348530024290e+02 1.102035937500000000e+04 1.101204128759962623e+04
6.830143680898472667e+02 1.101337988281250000e+04 1.101197602118092618e+04
6.830348014268092811e+02 1.101491503906250000e+04 1.101189649357044618e+04
6.830552348638884723e+02 1.100704687500000000e+04 1.101180238677850502e+04
6.830756682013161480e+02 1.101602246093750000e+04 1.101169338394560691e+04
6.830961014390923083e+02 1.101074707031250000e+04 1.101156916751427707e+04
6.831165348771028221e+02 1.101121679687500000e+04 1.101142941776980661e+04
6.831369682154618204e+02 1.100745898437500000e+04 1.101127381886995136e+04
6.831574015542864799e+02 1.101420117187500000e+04 1.101110205238940398e+04
6.831778348926454782e+02 1.101401660156250000e+04 1.101091380055820264e+04
6.832187016713432968e+02 1.101294238281250000e+04 1.101048656856937669e+04
6.832391349109821022e+02 1.101729882812500000e+04 1.101024695512074322e+04
6.832595682507380843e+02 1.100361230468750000e+04 1.100998964391318805e+04
6.832800016906112432e+02 1.100752148437500000e+04 1.100971476670818811e+04
6.833004349311813712e+02 1.100200195312500000e+04 1.100942261590600356e+04
6.833208683715201914e+02 1.100743847656250000e+04 1.100911347446437867e+04
6.833413017126731575e+02 1.100683398437500000e+04 1.100878763544384492e+04
6.833617349537089467e+02 1.100686914062500000e+04 1.100844538776379159e+04
6.833821683949790895e+02 1.100964355468750000e+04 1.100808701493660192e+04
6.834026017365977168e+02 1.100423144531250000e+04 1.100771281076585728e+04
6.834230349785648286e+02 1.100738867187500000e+04 1.100732306414344202e+04
6.834434684207662940e+02 1.099755566406250000e+04 1.100691805789831415e+04
6.834639016631990671e+02 1.100861230468750000e+04 1.100649808861881320e+04
6.834843350057490170e+02 1.100327539062500000e+04 1.100606343891248434e+04
6.835047684488818049e+02 1.100091308593750000e+04 1.100561439721769602e+04
6.835252016922459006e+02 1.100281152343750000e+04 1.100515125890070340e+04
6.835456351358443499e+02 1.100329492187500000e+04 1.100467430355890247e+04
6.835660684793256223e+02 1.100615429687500000e+04 1.100418382676469628e+04
6.835865017231553793e+02 1.100184179687500000e+04 1.100368011736556036e+04
6.836069351676851511e+02 1.100244628906250000e+04 1.100316345652308883e+04
6.836273685120977461e+02 1.100755761718750000e+04 1.100263414041105170e+04
6.836478018569760025e+02 1.100447460937500000e+04 1.100209245517944510e+04
6.836682352018542588e+02 1.099467285156250000e+04 1.100153868950268952e+04
6.836886685471981764e+02 1.100127148437500000e+04 1.100097313203025624e+04
6.837091018930077553e+02 1.100586328125000000e+04 1.100039607142386376e+04
6.837295352388173342e+02 1.100093554687500000e+04 1.099980779635880026e+04
6.837499685846269131e+02 1.099917773437500000e+04 1.099920859549760280e+04
6.837704020310193300e+02 1.099300585937500000e+04 1.099859875447517334e+04
6.837908353777602315e+02 1.099681054687500000e+04 1.099797856793057326e+04
6.838112686243839562e+02 1.099458203125000000e+04 1.099734832469014327e+04
6.838317020717076957e+02 1.099370605468750000e+04 1.099670830406519599e+04
6.838521354189142585e+02 1.100238964843750000e+04 1.099605880406913820e+04
6.838725686669349670e+02 1.099108007812500000e+04 1.099540011347160180e+04
6.838930021147243679e+02 1.099510742187500000e+04 1.099473251123156297e+04
6.839134354628622532e+02 1.098957617187500000e+04 1.099405629572957696e+04
6.839338689111173153e+02 1.099827734375000000e+04 1.099337174901995604e+04
6.839543021596036851e+02 1.099090332031250000e+04 1.099267916987141143e+04
6.839747355086728930e+02 1.098776757812500000e+04 1.099197883682409883e+04
6.839951689578592777e+02 1.099119824218750000e+04 1.099127103844458361e+04
6.840156022077426314e+02 1.098272656250000000e+04 1.099055607382015842e+04
6.840360355572775006e+02 1.098995117187500000e+04 1.098983422120478281e+04
6.840564689072780311e+02 1.098569726562500000e+04 1.098910577271405418e+04
6.840769022572785616e+02 1.099183300781250000e+04 1.098837101702705331e+04
6.840973355080932379e+02 1.099520410156250000e+04 1.098763024641643824e+04
6.841177689586766064e+02 1.098839257812500000e+04 1.098688373866386246e+04
6.841382023100741208e+02 1.098680371093750000e+04 1.098613179331237006e+04
6.841586357611231506e+02 1.097549316406250000e+04 1.098537469171039629e+04
6.841790690128691494e+02 1.098199218750000000e+04 1.098461273363388318e+04
6.841995023642666638e+02 1.097786425781250000e+04 1.098384619663243211e+04
6.842199358167126775e+02 1.098226757812500000e+04 1.098307536925114618e+04
6.842403690689243376e+02 1.098746972656250000e+04 1.098230055154816000e+04
6.842608024217188358e+02 1.098217675781250000e+04 1.098152202080801726e+04
6.842812358746305108e+02 1.098547851562500000e+04 1.098074006565875243e+04
6.843016692274250090e+02 1.097746289062500000e+04 1.097995498242702342e+04
6.843221025811508298e+02 1.097546289062500000e+04 1.097916705591650680e+04
6.843425359344109893e+02 1.097718359375000000e+04 1.097837657484382726e+04
6.843629692886024714e+02 1.097277734375000000e+04 1.097758382781772707e+04
6.843834026427939534e+02 1.097687011718750000e+04 1.097678910353707397e+04
6.844038359969854355e+02 1.096580957031250000e+04 1.097599269066475244e+04
6.844242693516425788e+02 1.097606250000000000e+04 1.097519487784546072e+04
6.844447028068825603e+02 1.097065429687500000e+04 1.097439594982527888e+04
6.844651360618881881e+02 1.098544726562500000e+04 1.097359620703551263e+04
6.844855694174766541e+02 1.096632421875000000e+04 1.097279592637064343e+04
6.845060028731822968e+02 1.097791894531250000e+04 1.097199539650611223e+04
6.845264361291192472e+02 1.096593164062500000e+04 1.097119491785400533e+04
6.845468695852905512e+02 1.096824414062500000e+04 1.097039476340894907e+04
6.845673029422760010e+02 1.096399707031250000e+04 1.096959523356210593e+04
6.845877361986786127e+02 1.096330175781250000e+04 1.096879661701990881e+04
6.846081696557812393e+02 1.096631542968750000e+04 1.096799917056723825e+04
6.846286030132323503e+02 1.096811816406250000e+04 1.096720299013161275e+04
6.846490362710319459e+02 1.096286816406250000e+04 1.096640806086815792e+04
6.846694697286002338e+02 1.097217773437500000e+04 1.096561435536187673e+04
6.846899030865170062e+02 1.097050683593750000e+04 1.096482186947676746e+04
6.847103363452479243e+02 1.096652539062500000e+04 1.096403058740160850e+04
6.847307698037475348e+02 1.096035253906250000e+04 1.096324048179258170e+04
6.847512030624784529e+02 1.097001171875000000e+04 1.096245155232326397e+04
6.847716365219093859e+02 1.095662011718750000e+04 1.096166376775599019e+04
6.847920698812231421e+02 1.096154394531250000e+04 1.096087712392129652e+04
6.848125031408853829e+02 1.096196679687500000e+04 1.096009160500917278e+04
6.848329366007819772e+02 1.096108984375000000e+04 1.095930718372372939e+04
6.848533699610270560e+02 1.096503125000000000e+04 1.095852385580988994e+04
6.848738033212721348e+02 1.096233593750000000e+04 1.095774160166391448e+04
6.848942366819828749e+02 1.095845410156250000e+04 1.095696040549247846e+04
6.849146700431592762e+02 1.095741699218750000e+04 1.095618025152011796e+04
6.849351035044528544e+02 1.096649121093750000e+04 1.095540112017411957e+04
6.849555368660949171e+02 1.094983105468750000e+04 1.095462300329613208e+04
6.849759701276198030e+02 1.095268750000000000e+04 1.095384588511364564e+04
6.849964035898447037e+02 1.095843066406250000e+04 1.095306973841770559e+04
6.850168369519524276e+02 1.095726367187500000e+04 1.095229455886624055e+04
6.850372702144086361e+02 1.094540917968750000e+04 1.095152033065203432e+04
6.850577036770991981e+02 1.095923828125000000e+04 1.095074702664361757e+04
6.850781370406039059e+02 1.094585351562500000e+04 1.094997464240387853e+04
6.850985703039914370e+02 1.095024316406250000e+04 1.094920316217919026e+04
6.851190037676133215e+02 1.094979882812500000e+04 1.094843255886045336e+04
6.851394371311180294e+02 1.094685156250000000e+04 1.094766282800568843e+04
6.851598705952055752e+02 1.095142382812500000e+04 1.094689394627878937e+04
6.851803038599900901e+02 1.094185058593750000e+04 1.094612590918238311e+04
6.852007372244261205e+02 1.094916992187500000e+04 1.094535868969785952e+04
6.852416039546951652e+02 1.094425976562500000e+04 1.094382665165303479e+04
6.852620373200625181e+02 1.094091601562500000e+04 1.094306180155917900e+04
6.852824707855470479e+02 1.093830566406250000e+04 1.094229770598080722e+04
6.853029040517285466e+02 1.094272460937500000e+04 1.094153436033355320e+04
6.853233375176787376e+02 1.093857226562500000e+04 1.094077173393327030e+04
6.853437708844430745e+02 1.094893945312500000e+04 1.094000982216744706e+04
6.853642041510902345e+02 1.093849511718750000e+04 1.093924860928498310e+04
6.853846376184374094e+02 1.093834960937500000e+04 1.093848806830885223e+04
6.854050708855502307e+02 1.094206738281250000e+04 1.093772819838655414e+04
6.854255042532458901e+02 1.094005664062500000e+04 1.093696897255097429e+04
6.854459377205930650e+02 1.093549609375000000e+04 1.093621037507057190e+04
6.854663710887543857e+02 1.093736328125000000e+04 1.093545239755163675e+04
6.854868043572641909e+02 1.093584179687500000e+04 1.093469502422701407e+04
6.855072378260083497e+02 1.092976953125000000e+04 1.093393822821003414e+04
6.855276711946353316e+02 1.093002050781250000e+04 1.093318200485353918e+04
6.855481045637279749e+02 1.092936523437500000e+04 1.093242633465529616e+04
6.855685379332862794e+02 1.092581933593750000e+04 1.093167120183979750e+04
6.855889713028445840e+02 1.093173632812500000e+04 1.093091659064870510e+04
6.856094046728685498e+02 1.093670312500000000e+04 1.093016248528929282e+04
6.856298380428925157e+02 1.093774609375000000e+04 1.092940887000320254e+04
6.856502714133821428e+02 1.093397753906250000e+04 1.092865572899772087e+04
6.856707048839889467e+02 1.093280175781250000e+04 1.092790304282766738e+04
6.856911381552927196e+02 1.092805175781250000e+04 1.092715080674363708e+04
6.857115716263651848e+02 1.093395507812500000e+04 1.092639899027845422e+04
6.857320049977861345e+02 1.092364648437500000e+04 1.092564758867634009e+04
6.857524382695555687e+02 1.092312402343750000e+04 1.092489658615583357e+04
6.857728717415593565e+02 1.092516015625000000e+04 1.092414595592224396e+04
6.857933051139116287e+02 1.091851953125000000e+04 1.092339569321917406e+04
6.858137383866123855e+02 1.092453222656250000e+04 1.092264578226586309e+04
6.858341718595474958e+02 1.091763671875000000e+04 1.092189619628328364e+04
6.858546052323654294e+02 1.092371679687500000e+04 1.092114693051643553e+04
6.858750385055318475e+02 1.092413378906250000e+04 1.092039796916815976e+04
6.858954719793982804e+02 1.091774316406250000e+04 1.091964928545595467e+04
6.859159053531475365e+02 1.092140625000000000e+04 1.091890087462827978e+04
6.859363387273624539e+02 1.091477343750000000e+04 1.091815271722354737e+04
6.859567721015773714e+02 1.091550488281250000e+04 1.091740480131529694e+04
6.859772054762579501e+02 1.091213671875000000e+04 1.091665716610009622e+04
6.859976388514041901e+02 1.092213671875000000e+04 1.091590988723244300e+04
6.860180722265504301e+02 1.091279589843750000e+04 1.091516304116607353e+04
6.860385056016966701e+02 1.091156152343750000e+04 1.091441670433768377e+04
6.861202391064725816e+02 1.090485546875000000e+04 1.091143797798555715e+04
6.861406724830158055e+02 1.090404589843750000e+04 1.091069533384703391e+04
6.861611059601418674e+02 1.090628515625000000e+04 1.090995365391847008e+04
6.861815393376164138e+02 1.090743457031250000e+04 1.090921302190492861e+04
6.862019726149737835e+02 1.091119433593750000e+04 1.090847351424414046e+04
6.862224060930311680e+02 1.090613281250000000e+04 1.090773519649450827e+04
6.862428394709713757e+02 1.090131152343750000e+04 1.090699815597113229e+04
6.862632727492600679e+02 1.090286718750000000e+04 1.090626246907471977e+04
6.862837062277831137e+02 1.090512402343750000e+04 1.090552820145515216e+04
6.863041396066546440e+02 1.090469335937500000e+04 1.090479544033614729e+04
6.863245730861090124e+02 1.090682910156250000e+04 1.090406425497476084e+04
6.863450063653290272e+02 1.090491699218750000e+04 1.090333473256016441e+04
6.863654397451318800e+02 1.090197363281250000e+04 1.090260693877682934e+04
6.863858732250519097e+02 1.089520019531250000e+04 1.090188095010417965e+04
6.864063065052032471e+02 1.090411523437500000e+04 1.090115685362011936e+04
6.864267398854717612e+02 1.090187890625000000e+04 1.090043471512034012e+04
6.864471733663231134e+02 1.090486523437500000e+04 1.089971461105460548e+04
6.864676066474057734e+02 1.089812988281250000e+04 1.089899662842926409e+04
6.864880400286056101e+02 1.090190234375000000e+04 1.089828083312807394e+04
6.865084735099226236e+02 1.089280664062500000e+04 1.089756730162056556e+04
6.865289067919366062e+02 1.088814062500000000e+04 1.089685612078230406e+04
6.865493402737192810e+02 1.089994726562500000e+04 1.089614735316093720e+04
6.865697736563161016e+02 1.089495117187500000e+04 1.089544108558101652e+04
6.865902069387957454e+02 1.089447851562500000e+04 1.089473739447442131e+04
6.866106404215097427e+02 1.089292871093750000e+04 1.089403634595357653e+04
6.866310738045722246e+02 1.089491113281250000e+04 1.089333802676374034e+04
6.866515070879831910e+02 1.089558105468750000e+04 1.089264251330126535e+04
6.866719405716285110e+02 1.089281054687500000e+04 1.089194987181641409e+04
6.866923739556223154e+02 1.089145703125000000e+04 1.089126018893277433e+04
6.867128073400817811e+02 1.088839160156250000e+04 1.089057353768651956e+04
6.867332407245412469e+02 1.090775097656250000e+04 1.088988999453021097e+04
6.867536741090007126e+02 1.088729296875000000e+04 1.088920963590064275e+04
6.867741074939258397e+02 1.089112890625000000e+04 1.088853253821924045e+04
6.867945408793166280e+02 1.089064648437500000e+04 1.088785877792302927e+04
6.868149742647074163e+02 1.088263964843750000e+04 1.088718843146429390e+04
6.868354077502153814e+02 1.088447265625000000e+04 1.088652157202113813e+04
6.868558410364203155e+02 1.088098046875000000e+04 1.088585828577635948e+04
6.868762744227424264e+02 1.088589746093750000e+04 1.088519863942112534e+04
6.868967079091817141e+02 1.088334179687500000e+04 1.088454270944637028e+04
6.869171411958523095e+02 1.088170703125000000e+04 1.088389058188790295e+04
6.869375746832229197e+02 1.087827929687500000e+04 1.088324232040236529e+04
6.869580080704763532e+02 1.088198437500000000e+04 1.088259801099893230e+04
6.869784413580782712e+02 1.088347753906250000e+04 1.088195773004128932e+04
6.869988748459145427e+02 1.088127441406250000e+04 1.088132154459939193e+04
6.870193082340992987e+02 1.088165722656250000e+04 1.088068954047733860e+04
6.870397415226325393e+02 1.088125585937500000e+04 1.088006179405028888e+04
6.870601750109344721e+02 1.087856250000000000e+04 1.087943837258801432e+04
6.870806084000505507e+02 1.086897851562500000e+04 1.087881936168057837e+04
6.871010418892838061e+02 1.088115625000000000e+04 1.087820483172825152e+04
6.871214751787483692e+02 1.087669140625000000e+04 1.087759486815366836e+04
6.871419085683301091e+02 1.087183789062500000e+04 1.087698953840812101e+04
6.871623420584946871e+02 1.088254394531250000e+04 1.087638891898354268e+04
6.871827753488905728e+02 1.087209375000000000e+04 1.087579309511061365e+04
6.872032087394036353e+02 1.087496289062500000e+04 1.087520213444647015e+04
6.872236421299166977e+02 1.088217089843750000e+04 1.087461611635913869e+04
6.872440755208954215e+02 1.087607910156250000e+04 1.087403511727230944e+04
6.872645089123398066e+02 1.087275683593750000e+04 1.087345921362320405e+04
6.872849423037841916e+02 1.086740234375000000e+04 1.087288848186200994e+04
6.873053756956942379e+02 1.087370507812500000e+04 1.087232299848965886e+04
6.873258091877214611e+02 1.087484765625000000e+04 1.087176283888279249e+04
6.873462425800971687e+02 1.087381835937500000e+04 1.087120808809706614e+04
6.873666758728213608e+02 1.086910058593750000e+04 1.087065882568890447e+04
6.873871093657799065e+02 1.087233496093750000e+04 1.087011512327414493e+04
6.874075427590869367e+02 1.085950195312500000e+04 1.086957706850966861e+04
6.874279760522767901e+02 1.087186328125000000e+04 1.086904474096047670e+04
6.874484095461666584e+02 1.086976269531250000e+04 1.086851821246846157e+04
6.874688429399393499e+02 1.087078125000000000e+04 1.086799757046422746e+04
6.874892762345261872e+02 1.086657714843750000e+04 1.086748289447349089e+04
6.875097097288817167e+02 1.087392480468750000e+04 1.086697425664670300e+04
6.875301431235857308e+02 1.086345410156250000e+04 1.086647174411786727e+04
6.875505766188725829e+02 1.086630664062500000e+04 1.086597543160008172e+04
6.875710099139250815e+02 1.086884960937500000e+04 1.086548540599030457e+04
6.875914433095604181e+02 1.086645410156250000e+04 1.086500173966441253e+04
6.876118768053129315e+02 1.086225292968750000e+04 1.086452451236388151e+04
6.876323101012967527e+02 1.086768457031250000e+04 1.086405381068121278e+04
6.876527434978634119e+02 1.086555566406250000e+04 1.086358970728597888e+04
6.876731769945472479e+02 1.086981933593750000e+04 1.086313228192274073e+04
6.876936102914623916e+02 1.086338964843750000e+04 1.086268162089164980e+04
6.877140437886118889e+02 1.086505078125000000e+04 1.086223779500745695e+04
6.877344771861098707e+02 1.086695117187500000e+04 1.086180089047068759e+04
6.877549104834906757e+02 1.086116796875000000e+04 1.086137098682540091e+04
6.877753439815714955e+02 1.086433105468750000e+04 1.086094815743083018e+04
6.877957773795351386e+02 1.087033007812500000e+04 1.086053248820038971e+04
6.878162107784301043e+02 1.086317382812500000e+04 1.086012405666266932e+04
6.878366441768594086e+02 1.085792285156250000e+04 1.085972294248201797e+04
6.878570775762200356e+02 1.086037011718750000e+04 1.085932922526743278e+04
6.878775109751150012e+02 1.086323730468750000e+04 1.085894298468226771e+04
6.878979443749412894e+02 1.085999218750000000e+04 1.085856430033655124e+04
6.879183777747675776e+02 1.085957324218750000e+04 1.085819325188424955e+04
6.879388111745938659e+02 1.085979492187500000e+04 1.085782991896154635e+04
6.879592445748858154e+02 1.085498535156250000e+04 1.085747438119661638e+04
6.879796779756434262e+02 1.085305273437500000e+04 1.085712671822619086e+04
6.880001113764010370e+02 1.085520996093750000e+04 1.085678700969465717e+04
6.880205447776243091e+02 1.084897753906250000e+04 1.085645533523074664e+04
6.880409781793132424e+02 1.086648339843750000e+04 1.085613177447121416e+04
6.880614116806536913e+02 1.084663281250000000e+04 1.085581640554201294e+04
6.880818449826911092e+02 1.085855664062500000e+04 1.085550931263307393e+04
6.881022784849628806e+02 1.085644140625000000e+04 1.085521056937702451e+04
6.881227118875831366e+02 1.084365039062500000e+04 1.085492025985636246e+04
6.881431451900862157e+02 1.085288378906250000e+04 1.085463846358968294e+04
6.881635786932893097e+02 1.085556542968750000e+04 1.085436525612787045e+04
6.882044453998096287e+02 1.085447167968750000e+04 1.085384493828715495e+04
6.882248789034783840e+02 1.085438964843750000e+04 1.085359798335798223e+04
6.882453123079612851e+02 1.085201562500000000e+04 1.085335993972602591e+04
6.882657456123270094e+02 1.085127929687500000e+04 1.085313088690742734e+04
6.882861791169270873e+02 1.085045214843750000e+04 1.085291090123801769e+04
6.883066125214099884e+02 1.085686816406250000e+04 1.085270006565444965e+04
6.883270460269413888e+02 1.085184082031250000e+04 1.085249845771878245e+04
6.883474793322384357e+02 1.084942285156250000e+04 1.085230615997229324e+04
6.883679127376526594e+02 1.085011523437500000e+04 1.085212324915602585e+04
6.883883462436497211e+02 1.085279492187500000e+04 1.085194980504097111e+04
6.884087795498780906e+02 1.084804394531250000e+04 1.085178590974350845e+04
6.884292129562236369e+02 1.085465234375000000e+04 1.085163164042448261e+04
6.884496464631520212e+02 1.084712011718750000e+04 1.085148707685907175e+04
6.884700797703117132e+02 1.085541601562500000e+04 1.085135230073741150e+04
6.884905132777057588e+02 1.084859960937500000e+04 1.085122738905825281e+04
6.885109466849826276e+02 1.085130371093750000e+04 1.085111242336664691e+04
6.885313799926079810e+02 1.085457617187500000e+04 1.085100748314981320e+04
6.885518135009333491e+02 1.084892089843750000e+04 1.085091264657626743e+04
6.885722469091415405e+02 1.084841796875000000e+04 1.085082799475325373e+04
6.885926802176982164e+02 1.084812402343750000e+04 1.085075360716520299e+04
6.886131137264892459e+02 1.085110839843750000e+04 1.085068956243284083e+04
6.886335471356287599e+02 1.084497558593750000e+04 1.085063594120895687e+04
6.886539804451167583e+02 1.084592871093750000e+04 1.085059282338374760e+04
6.886744139548391104e+02 1.085227734375000000e+04 1.085056030259830004e+04
6.886948473649099469e+02 1.084375390625000000e+04 1.085053849107790847e+04
6.887152808750979602e+02 1.085072167968750000e+04 1.085052750136083341e+04
6.887357141855172813e+02 1.085252734375000000e+04 1.085052744627859101e+04
6.887561475960537791e+02 1.085302929687500000e+04 1.085053843850005251e+04
6.887765811071731150e+02 1.085296386718750000e+04 1.085056059093901786e+04
6.887970144185237586e+02 1.085062988281250000e+04 1.085059401593801158e+04
6.888174478299915791e+02 1.085509179687500000e+04 1.085063882665481651e+04
6.888378813415765762e+02 1.085021386718750000e+04 1.085069513600758364e+04
6.888583146538585424e+02 1.085166210937500000e+04 1.085076305583688736e+04
6.888787481663748622e+02 1.084992675781250000e+04 1.085084270022229248e+04
6.888991815787740052e+02 1.084300781250000000e+04 1.085093418082952485e+04
6.889196148915216327e+02 1.084930175781250000e+04 1.085103761023624429e+04
6.889400484045036137e+02 1.085496191406250000e+04 1.085115310279918231e+04
6.889604818182997406e+02 1.084605664062500000e+04 1.085128076966573281e+04
6.889809152316302061e+02 1.085708886718750000e+04 1.085142072411380650e+04
6.890013486458919942e+02 1.085449121093750000e+04 1.085157307890340599e+04
6.890217820601537824e+02 1.086842675781250000e+04 1.085173794677843034e+04
6.890422154744155705e+02 1.085309082031250000e+04 1.085191544048890137e+04
6.890626488891430199e+02 1.085095214843750000e+04 1.085210567278930466e+04
6.890830823043361306e+02 1.085259375000000000e+04 1.085230875643053514e+04
6.891035158196464181e+02 1.085480273437500000e+04 1.085252480524893508e+04
6.891239491351880133e+02 1.085316308593750000e+04 1.085275392872838165e+04
6.891443825508467853e+02 1.085551074218750000e+04 1.085299624288565610e+04
6.891648159669712186e+02 1.085097265625000000e+04 1.085325185938625873e+04
6.891852493830956519e+02 1.084698144531250000e+04 1.085352089097485805e+04
6.892056827996857464e+02 1.085504394531250000e+04 1.085380345040809698e+04
6.892261163168586791e+02 1.086756542968750000e+04 1.085409965192183518e+04
6.892465496337972581e+02 1.085985644531250000e+04 1.085440960380518300e+04
6.892669830513186753e+02 1.086079199218750000e+04 1.085473342327039973e+04
6.892874165689572692e+02 1.085365527343750000e+04 1.085507122326528588e+04
6.893078498868271708e+02 1.086168457031250000e+04 1.085542311147948567e+04
6.893282834049314260e+02 1.085531933593750000e+04 1.085578920755286345e+04
6.893487168233841658e+02 1.085349902343750000e+04 1.085616961896776411e+04
6.893691501421853900e+02 1.086203417968750000e+04 1.085656445826396703e+04
6.893895836612209678e+02 1.086244726562500000e+04 1.085697384409344886e+04
6.894100170806050301e+02 1.086128320312500000e+04 1.085739788330574083e+04
6.894304504003375769e+02 1.085207421875000000e+04 1.085783668843569103e+04
6.894508839198388159e+02 1.086182324218750000e+04 1.085829037877253359e+04
6.894713173401542008e+02 1.085870996093750000e+04 1.085875906053876497e+04
6.894917508601211011e+02 1.086179296875000000e+04 1.085924285104693627e+04
6.895121841807849705e+02 1.085806054687500000e+04 1.085974185585795567e+04
6.895326176020316780e+02 1.086135449218750000e+04 1.086025619493493105e+04
6.895530511229299009e+02 1.085956152343750000e+04 1.086078598123072879e+04
6.895734844445250928e+02 1.086113671875000000e+04 1.086133131963085543e+04
6.895939178662374616e+02 1.086223242187500000e+04 1.086189233076302480e+04
6.896143513880670071e+02 1.085950390625000000e+04 1.086246912760853229e+04
6.896347847101278603e+02 1.086339453125000000e+04 1.086306181433634083e+04
6.896552181327715516e+02 1.085904980468750000e+04 1.086367051229253775e+04
6.896756516555324197e+02 1.086931152343750000e+04 1.086429533445008929e+04
6.896960850786417723e+02 1.087190527343750000e+04 1.086493638745157295e+04
6.897165185017511249e+02 1.086385644531250000e+04 1.086559378705492236e+04
6.897369519253261387e+02 1.086722265625000000e+04 1.086626764602582807e+04
6.897573853493668139e+02 1.086256347656250000e+04 1.086695807711559246e+04
6.897778187734074891e+02 1.086428906250000000e+04 1.086766519305921975e+04
6.897982521974481642e+02 1.086315722656250000e+04 1.086838910660687543e+04
6.898186855223029852e+02 1.086245898437500000e+04 1.086912992687148108e+04
6.898391190469264984e+02 1.086583984375000000e+04 1.086988777756737545e+04
6.898595524723641574e+02 1.086473828125000000e+04 1.087066276048290820e+04
6.898799858978018165e+02 1.087511035156250000e+04 1.087145499200553968e+04
6.899004193237051368e+02 1.087305664062500000e+04 1.087226458490411096e+04
6.899208527496084571e+02 1.087271582031250000e+04 1.087309165191096690e+04
6.899412862756289542e+02 1.087610156250000000e+04 1.087393630995810963e+04
6.899617196023464203e+02 1.087020312500000000e+04 1.087479865929005609e+04
6.899821530291810632e+02 1.087173242187500000e+04 1.087567882516432292e+04
6.900025865561328828e+02 1.088099316406250000e+04 1.087657691744600561e+04
6.900230198833160102e+02 1.087425390625000000e+04 1.087749281508892636e+04
6.900434533110819757e+02 1.087512988281250000e+04 1.087842606933683965e+04
6.900638868389651179e+02 1.088361132812500000e+04 1.087937618570868290e+04
6.900843201666139066e+02 1.087590332031250000e+04 1.088034265540544584e+04
6.901047536954283714e+02 1.087632519531250000e+04 1.088132500269885350e+04
6.901251871236599982e+02 1.088031445312500000e+04 1.088232271848636083e+04
6.901456204527057707e+02 1.087726074218750000e+04 1.088333530790246186e+04
6.901660539819858968e+02 1.088149218750000000e+04 1.088436229118119263e+04
6.901864874111488461e+02 1.088289062500000000e+04 1.088540315861955241e+04
6.902069208412431180e+02 1.088936816406250000e+04 1.088645742055099618e+04
6.902273542708717287e+02 1.089775097656250000e+04 1.088752458219194159e+04
6.902477877014316618e+02 1.088179199218750000e+04 1.088860414890378524e+04
6.902682211319915950e+02 1.088551367187500000e+04 1.088969562592616421e+04
6.902886545625515282e+02 1.088890332031250000e+04 1.089079851854704793e+04
6.903090879935771227e+02 1.089727832031250000e+04 1.089191233207992263e+04
6.903295215251855552e+02 1.089727441406250000e+04 1.089303657734660192e+04
6.903499549566768110e+02 1.089633691406250000e+04 1.089417074859089553e+04
6.903703882885165513e+02 1.089280371093750000e+04 1.089531435098453767e+04
6.903908218205906451e+02 1.089966015625000000e+04 1.089646690666651557e+04
6.904112552530132234e+02 1.089906347656250000e+04 1.089762790407440480e+04
6.904316885857842863e+02 1.090656152343750000e+04 1.089879684837607419e+04
6.904521221187897027e+02 1.090299414062500000e+04 1.089997326207142214e+04
6.904725554520264268e+02 1.090354589843750000e+04 1.090115662742246241e+04
6.904929889854975045e+02 1.090926953125000000e+04 1.090234647287955158e+04
6.905134224188514054e+02 1.090672949218750000e+04 1.090354228628729834e+04
6.905338557530194521e+02 1.090821972656250000e+04 1.090474357290418993e+04
6.905542892874218524e+02 1.090750000000000000e+04 1.090594985565922252e+04
6.905747227221727371e+02 1.090591601562500000e+04 1.090716062217207582e+04
6.905951560568064451e+02 1.090783789062500000e+04 1.090837537764063018e+04
6.906155895916745067e+02 1.090591992187500000e+04 1.090959364523530166e+04
6.906360230273567140e+02 1.090660156250000000e+04 1.091081491241674667e+04
6.906564563629217446e+02 1.091053515625000000e+04 1.091203868437656820e+04
6.906768898987211287e+02 1.091481054687500000e+04 1.091326448440675267e+04
6.906973233348689973e+02 1.092076757812500000e+04 1.091449179981851194e+04
6.907177568711340427e+02 1.091659179687500000e+04 1.091572014789314562e+04
6.907381902080960572e+02 1.091660839843750000e+04 1.091694901591369126e+04
6.907586236447095871e+02 1.091902832031250000e+04 1.091817792714423194e+04
6.907790571819059551e+02 1.092283496093750000e+04 1.091940638692520588e+04
6.907994905197992921e+02 1.092857226562500000e+04 1.092063388252074037e+04
6.908199239573441446e+02 1.091740917968750000e+04 1.092185993718563259e+04
6.908403574954718351e+02 1.092262988281250000e+04 1.092308405623830186e+04
6.908607909339480102e+02 1.092427050781250000e+04 1.092430573296851071e+04
6.908812243724241853e+02 1.092315234375000000e+04 1.092552447863865018e+04
6.909016578113660216e+02 1.092183203125000000e+04 1.092673979856378355e+04
6.909220912503078580e+02 1.092605468750000000e+04 1.092795119800346401e+04
6.909425246897153556e+02 1.093591601562500000e+04 1.092915818227250747e+04
6.909629581291228533e+02 1.093939355468750000e+04 1.093036025663060718e+04
6.909833915689960122e+02 1.092916503906250000e+04 1.093155692639229710e+04
6.910038251094520092e+02 1.092717871093750000e+04 1.093274770266361520e+04
6.910242584496736526e+02 1.093536816406250000e+04 1.093393207324712057e+04
6.910446918904781342e+02 1.092925488281250000e+04 1.093510956091420667e+04
6.910651253317482769e+02 1.093274707031250000e+04 1.093627966513249703e+04
6.910855587730184197e+02 1.093636718750000000e+04 1.093744189116227062e+04
6.911059923144057393e+02 1.093703417968750000e+04 1.093859574992291527e+04
6.911264256560243666e+02 1.093917578125000000e+04 1.093974072983106635e+04
6.911468590982258320e+02 1.094643066406250000e+04 1.094087635306981974e+04
6.911877259830944240e+02 1.094584765625000000e+04 1.094311753373780266e+04
6.912081594262272120e+02 1.095874414062500000e+04 1.094422210176583940e+04
6.912285929690115154e+02 1.094862988281250000e+04 1.094531533391663652e+04
6.912490263124927878e+02 1.094038183593750000e+04 1.094639671956801430e+04
6.912694598562084138e+02 1.093958886718750000e+04 1.094746578514752946e+04
6.912898933002725244e+02 1.094497460937500000e+04 1.094852202016015872e+04
6.913103266446851194e+02 1.095202539062500000e+04 1.094956493008415964e+04
6.913307601888664067e+02 1.095180664062500000e+04 1.095059403538849438e+04
6.913511936338618398e+02 1.095510839843750000e+04 1.095160882707555720e+04
6.913716270788572729e+02 1.095728515625000000e+04 1.095260898103415093e+04
6.913920605238527060e+02 1.095132617187500000e+04 1.095359452585391591e+04
6.914124939697794616e+02 1.094961523437500000e+04 1.095456553709843865e+04
6.914329274152405560e+02 1.095137011718750000e+04 1.095552209022050010e+04
6.914533608616329730e+02 1.094274804687500000e+04 1.095646426080467972e+04
6.914737943080253899e+02 1.095525976562500000e+04 1.095739212432672684e+04
6.914942278545349836e+02 1.095713769531250000e+04 1.095830576074806777e+04
6.915146612012758851e+02 1.096035839843750000e+04 1.095920523228344973e+04
6.915350946485996246e+02 1.095910644531250000e+04 1.096009062777685722e+04
6.915555281960405409e+02 1.096149804687500000e+04 1.096096202252090552e+04
6.915759616438299417e+02 1.095832812500000000e+04 1.096181948351590654e+04
6.915963949915021658e+02 1.096152929687500000e+04 1.096266308646573816e+04
6.916168285398744047e+02 1.096340039062500000e+04 1.096349291920758333e+04
6.916372619885951281e+02 1.096996777343750000e+04 1.096430904496146104e+04
6.916576954373158514e+02 1.096182714843750000e+04 1.096511154332758088e+04
6.916781288865022361e+02 1.096353515625000000e+04 1.096590048984347413e+04
6.916985623356886208e+02 1.096325292968750000e+04 1.096667596001040147e+04
6.917189957853406668e+02 1.096460546875000000e+04 1.096743802936528482e+04
6.917394292349927127e+02 1.097044433593750000e+04 1.096818677341000875e+04
6.917598625854589045e+02 1.097956933593750000e+04 1.096892226412616947e+04
6.917802961356937885e+02 1.097567578125000000e+04 1.096964458769676639e+04
6.918007295862771571e+02 1.098199316406250000e+04 1.097035380896042625e+04
6.918211629372090101e+02 1.097251464843750000e+04 1.097105000362795181e+04
6.918415964883752167e+02 1.097246679687500000e+04 1.097173325734084210e+04
6.918620299398899078e+02 1.098279199218750000e+04 1.097240363549587710e+04
6.918824634919874370e+02 1.097442675781250000e+04 1.097306122018197675e+04
6.919028968438506126e+02 1.097010546875000000e+04 1.097370607733133329e+04
6.919233302962966263e+02 1.097474023437500000e+04 1.097433829205006987e+04
6.919437638488598168e+02 1.097962402343750000e+04 1.097495793965776465e+04
6.919641972016543150e+02 1.097005371093750000e+04 1.097556508667171147e+04
6.919846306545659900e+02 1.097876757812500000e+04 1.097615981761353032e+04
6.920050642080605030e+02 1.096904394531250000e+04 1.097674220783411874e+04
6.920254975617863238e+02 1.096483886718750000e+04 1.097731232438221559e+04
6.920459310156293213e+02 1.097526171875000000e+04 1.097787025123434069e+04
6.920663645695894957e+02 1.097410253906250000e+04 1.097841606373157992e+04
6.920867980243638158e+02 1.097717285156250000e+04 1.097894983206948382e+04
6.921072314786724746e+02 1.097526757812500000e+04 1.097947163443482714e+04
6.921276649339124560e+02 1.097877343750000000e+04 1.097998154638263986e+04
6.921480983891524374e+02 1.097349218750000000e+04 1.098047964340864382e+04
6.921685318448580801e+02 1.098315136718750000e+04 1.098096600104356367e+04
6.921889653005637228e+02 1.098216992187500000e+04 1.098144069479568861e+04
6.922093987567350268e+02 1.098101562500000000e+04 1.098190380019522127e+04
6.922298323130235076e+02 1.098247363281250000e+04 1.098235539493557008e+04
6.922502656695432961e+02 1.098432519531250000e+04 1.098279554799270045e+04
6.922706992262974381e+02 1.097838378906250000e+04 1.098322434350293406e+04
6.922911325837485492e+02 1.097559082031250000e+04 1.098364184860055684e+04
6.923115660408511758e+02 1.099221582031250000e+04 1.098404814499613349e+04
6.923319995985366404e+02 1.098663671875000000e+04 1.098444330806375547e+04
6.923524329564534128e+02 1.098544531250000000e+04 1.098482740759544868e+04
6.923728664149530232e+02 1.099045117187500000e+04 1.098520052483727704e+04
6.923932999731041491e+02 1.097862304687500000e+04 1.098556273513113410e+04
6.924137333319522440e+02 1.098892968750000000e+04 1.098591410877692397e+04
6.924341667909175158e+02 1.098777832031250000e+04 1.098625472652200551e+04
6.924546003504656255e+02 1.098518261718750000e+04 1.098658466373602096e+04
6.924750337097793818e+02 1.098551660156250000e+04 1.098690399115931723e+04
6.924954672697931528e+02 1.099202441406250000e+04 1.098721279057754873e+04
6.925159007296897471e+02 1.099208984375000000e+04 1.098751113288691340e+04
6.925363340904004872e+02 1.098072167968750000e+04 1.098779909377325384e+04
6.925567676508799195e+02 1.098995214843750000e+04 1.098807675289319741e+04
6.925772011121734977e+02 1.098666113281250000e+04 1.098834418162837756e+04
6.925976345730014145e+02 1.098710253906250000e+04 1.098860145686560463e+04
6.926180680342949927e+02 1.098965136718750000e+04 1.098884865413644729e+04
6.926385014960542321e+02 1.098893945312500000e+04 1.098908584896006141e+04
6.926589350583963096e+02 1.099351464843750000e+04 1.098931311794495195e+04
6.926793684205040336e+02 1.098605957031250000e+04 1.098953053333742537e+04
6.926998018831945956e+02 1.099126562500000000e+04 1.098973817394601610e+04
6.927202354460023344e+02 1.099389355468750000e+04 1.098993613391704639e+04
6.927406689091585577e+02 1.099377441406250000e+04 1.099012456058286989e+04
6.927611022721976042e+02 1.099208789062500000e+04 1.099030361336323404e+04
6.927815358359366655e+02 1.098757910156250000e+04 1.099047345411111746e+04
6.928019693000242114e+02 1.099093652343750000e+04 1.099063423954753125e+04
6.928224026639945805e+02 1.098834765625000000e+04 1.099078612908585637e+04
6.928428362286649644e+02 1.099837890625000000e+04 1.099092928418274096e+04
6.928632696932181716e+02 1.099660839843750000e+04 1.099106386195202867e+04
6.928837032583542168e+02 1.098474511718750000e+04 1.099119002300242209e+04
6.929041366232559085e+02 1.099027832031250000e+04 1.099130792482286597e+04
6.929245700887404382e+02 1.098647753906250000e+04 1.099141772849457993e+04
6.929450035546906292e+02 1.098812011718750000e+04 1.099151959270470979e+04
6.929654370206408203e+02 1.100123242187500000e+04 1.099161367673614404e+04
6.929858703869394958e+02 1.099328027343750000e+04 1.099170013947102052e+04
6.930063039534725249e+02 1.099930175781250000e+04 1.099177914140829489e+04
6.930267374203540385e+02 1.099906640625000000e+04 1.099185084061932321e+04
6.930471709873527288e+02 1.099472558593750000e+04 1.099191539709201243e+04
6.930676043550483882e+02 1.099923828125000000e+04 1.099197296921715679e+04
6.930880378223955631e+02 1.098894628906250000e+04 1.099202371717328060e+04
6.931084713907912374e+02 1.098315722656250000e+04 1.099206780015001641e+04
6.931289047589525580e+02 1.098950976562500000e+04 1.099210537683066650e+04
6.931493382272310555e+02 1.099628515625000000e+04 1.099213660710053227e+04
6.931697717960923910e+02 1.098700683593750000e+04 1.099216165015354454e+04
6.931902051651850343e+02 1.099103515625000000e+04 1.099218066495141284e+04
6.932106386343948543e+02 1.098546777343750000e+04 1.099219381110247195e+04
6.932310722037218511e+02 1.099293750000000000e+04 1.099220124780718834e+04
6.932515056738629937e+02 1.098867187500000000e+04 1.099220313427886504e+04
6.932719391440041363e+02 1.098970800781250000e+04 1.099219962985290476e+04
6.932923726141452789e+02 1.099452734375000000e+04 1.099219089381488811e+04
6.933128060847520828e+02 1.099684472656250000e+04 1.099217708545003006e+04
6.933332395558245480e+02 1.099054785156250000e+04 1.099215836404358197e+04
6.933536730268970132e+02 1.098764062500000000e+04 1.099213488888140273e+04
6.933741064984351397e+02 1.098738281250000000e+04 1.099210681924840173e+04
6.933945400700904429e+02 1.099215429687500000e+04 1.099207431426081530e+04
6.934149734419770539e+02 1.099478222656250000e+04 1.099203753371297353e+04
6.934354070145636797e+02 1.098875683593750000e+04 1.099199663617039732e+04
6.934558404870331287e+02 1.098905078125000000e+04 1.099195178149080493e+04
6.934762738598510623e+02 1.098866699218750000e+04 1.099190312901567631e+04
6.934967074329033494e+02 1.099168750000000000e+04 1.099185083728935570e+04
6.935171409063041210e+02 1.099663085937500000e+04 1.099179506633846540e+04
6.935375742795877159e+02 1.099323925781250000e+04 1.099173597549978513e+04
6.935580078535713255e+02 1.098781738281250000e+04 1.099167372316532055e+04
6.935784413279034197e+02 1.099058593750000000e+04 1.099160846951272651e+04
6.935988747021183372e+02 1.099043164062500000e+04 1.099154037387201970e+04
6.936193082770332694e+02 1.099562890625000000e+04 1.099146959450618670e+04
6.936397416517138481e+02 1.099361621093750000e+04 1.099139629208856786e+04
6.936601752270944417e+02 1.099849511718750000e+04 1.099132062446751661e+04
6.936806087028235197e+02 1.099209375000000000e+04 1.099124275202381250e+04
6.937010420784354210e+02 1.098812792968750000e+04 1.099116283407611809e+04
6.937419091309420764e+02 1.098930859375000000e+04 1.099099749642980169e+04
6.937623425074853003e+02 1.098681445312500000e+04 1.099091239651566320e+04
6.937827760842628777e+02 1.099497070312500000e+04 1.099082588700285669e+04
6.938032095613889396e+02 1.099295605468750000e+04 1.099073812843673477e+04
6.938236431386321783e+02 1.098843066406250000e+04 1.099064927924671065e+04
6.938440765165723860e+02 1.098831738281250000e+04 1.099055950002764439e+04
6.938645099946297705e+02 1.098533203125000000e+04 1.099046894875610087e+04
6.938849435728043318e+02 1.099661425781250000e+04 1.099037778470768535e+04
6.939053769512102008e+02 1.098936328125000000e+04 1.099028616850980325e+04
6.939258104297332466e+02 1.099175878906250000e+04 1.099019425810656685e+04
6.939462440088391304e+02 1.099475781250000000e+04 1.099010221277851633e+04
6.939666774882934988e+02 1.099243457031250000e+04 1.099001019271405312e+04
6.939871108676306903e+02 1.098710253906250000e+04 1.098991835719954906e+04
6.940075444476678967e+02 1.099435937500000000e+04 1.098982686417095829e+04
6.940279779275879264e+02 1.098667968750000000e+04 1.098973587426394806e+04
6.940484115080907941e+02 1.098500683593750000e+04 1.098964554587233215e+04
