1.051840858997311443e+03 1.089345214843750000e+04 1.090446793990532569e+04
1.051861292292829603e+03 1.089531835937500000e+04 1.090466168464425209e+04
1.051881725588347763e+03 1.093060253906250000e+04 1.090483128595469316e+04
1.051902158884331584e+03 1.090523437500000000e+04 1.090497709057099928e+04
1.051922592180315405e+03 1.089986621093750000e+04 1.090509944522035585e+04
1.051943025576882064e+03 1.091590039062500000e+04 1.090519869706636200e+04
1.051963458873331547e+03 1.090768457031250000e+04 1.090527519186611789e+04
1.051983892070129514e+03 1.090517773437500000e+04 1.090532927668390585e+04
1.052004325467161834e+03 1.091115136718750000e+04 1.090536129888109645e+04
1.052024758764542639e+03 1.091018750000000000e+04 1.090537160455705089e+04
1.052045191962271929e+03 1.091431835937500000e+04 1.090536054075835636e+04
1.052065625360235572e+03 1.090368164062500000e+04 1.090532845389796057e+04
1.052086058558430523e+03 1.091466406250000000e+04 1.090527569133244833e+04
1.052106491956859827e+03 1.091702050781250000e+04 1.090520259876192722e+04
1.052126925255637616e+03 1.091069433593750000e+04 1.090510952384132179e+04
1.052147358454298228e+03 1.090256054687500000e+04 1.090499681359472015e+04
1.052167791853658855e+03 1.090564062500000000e+04 1.090486481295099111e+04
1.052188225152902305e+03 1.089328906250000000e+04 1.090471387044334006e+04
1.052208658352959901e+03 1.090471582031250000e+04 1.090454433307099862e+04
1.052229091752786189e+03 1.089671875000000000e+04 1.090435654494940900e+04
1.052269958453252912e+03 1.089450292968750000e+04 1.090392760923215610e+04
1.052290391654241830e+03 1.090602246093750000e+04 1.090368715648916987e+04
1.052310824954882264e+03 1.090542285156250000e+04 1.090342984053820692e+04
1.052331258356105536e+03 1.090899121093750000e+04 1.090315600785380229e+04
1.052351691557560116e+03 1.090379003906250000e+04 1.090286600931118483e+04
1.052372124859597534e+03 1.090252246093750000e+04 1.090256018749611394e+04
1.052392558261286467e+03 1.090125390625000000e+04 1.090223888892412106e+04
1.052412991463672370e+03 1.089791308593750000e+04 1.090190246513917373e+04
1.052433424766175449e+03 1.089845312500000000e+04 1.090155125805239732e+04
1.052453858168795705e+03 1.089342675781250000e+04 1.090118561418072568e+04
1.052474291371647269e+03 1.089072558593750000e+04 1.090080588572600755e+04
1.052494724775198847e+03 1.089141308593750000e+04 1.090041241197896852e+04
1.052515158078633249e+03 1.089650585937500000e+04 1.090000554536335039e+04
1.052535591382533312e+03 1.090978613281250000e+04 1.089958563070663149e+04
1.052556024686433375e+03 1.089809667968750000e+04 1.089915301474965963e+04
1.052576457990799099e+03 1.089948339843750000e+04 1.089870804421387584e+04
1.052596891295164824e+03 1.089912402343750000e+04 1.089825106584075183e+04
1.052617324700113386e+03 1.090355664062500000e+04 1.089778242402703472e+04
1.052637757904827595e+03 1.089917578125000000e+04 1.089730247248736487e+04
1.052658191310241818e+03 1.089997949218750000e+04 1.089681154853794214e+04
1.052678624615538865e+03 1.089073339843750000e+04 1.089631000605773079e+04
1.052699057821650058e+03 1.089746289062500000e+04 1.089579819190854323e+04
1.052719491227529943e+03 1.090574804687500000e+04 1.089527644525978394e+04
1.052739924434106797e+03 1.089344140625000000e+04 1.089474512303059601e+04
1.052760357740335166e+03 1.089303320312500000e+04 1.089420456424838994e+04
1.052780791147146374e+03 1.089145507812500000e+04 1.089365511548721224e+04
1.052801224354188889e+03 1.089351171875000000e+04 1.089309713161831678e+04
1.052821657661814243e+03 1.089011132812500000e+04 1.089253095123303865e+04
1.052842091069091111e+03 1.089746777343750000e+04 1.089195692097119536e+04
1.052862524277064949e+03 1.089545898437500000e+04 1.089137539601886601e+04
1.052882957685273141e+03 1.089370214843750000e+04 1.089078671173898329e+04
1.052903390993364155e+03 1.088437988281250000e+04 1.089019122346485165e+04
1.052923824202269316e+03 1.087959570312500000e+04 1.088958927799835146e+04
1.052944257610943168e+03 1.089292382812500000e+04 1.088898121321849248e+04
1.052964690919965506e+03 1.089345898437500000e+04 1.088836738472342222e+04
1.052985124129336327e+03 1.088475683593750000e+04 1.088774813932697361e+04
1.053005557539407164e+03 1.088846386718750000e+04 1.088712381462025587e+04
1.053025990848895162e+03 1.088490820312500000e+04 1.088649476650428005e+04
1.053046424259431660e+03 1.088740234375000000e+04 1.088586133550730665e+04
1.053066857469733804e+03 1.089020507812500000e+04 1.088522387773128139e+04
1.053087290780153126e+03 1.088770898437500000e+04 1.088458273056693724e+04
1.053107724191155285e+03 1.088629199218750000e+04 1.088393824067997775e+04
1.053128157402388752e+03 1.088333007812500000e+04 1.088329076429850466e+04
1.053148590713739395e+03 1.088112304687500000e+04 1.088264063867303776e+04
1.053169024125672877e+03 1.088928125000000000e+04 1.088198821048444552e+04
1.053189457437489182e+03 1.087396093750000000e+04 1.088133383287444485e+04
1.053209890649653971e+03 1.087615039062500000e+04 1.088067785258635195e+04
1.053230324062053114e+03 1.087323242187500000e+04 1.088002060671473737e+04
1.053250757374800742e+03 1.087762304687500000e+04 1.087936245162922023e+04
1.053271190687548369e+03 1.087567187500000000e+04 1.087870373085945903e+04
1.053291624000761658e+03 1.087276171875000000e+04 1.087804479112260742e+04
1.053312057314440608e+03 1.087416796875000000e+04 1.087738597915086939e+04
1.053332490628119558e+03 1.088249902343750000e+04 1.087672764169148468e+04
1.053352923942264169e+03 1.087525195312500000e+04 1.087607012546170154e+04
1.053373357256408781e+03 1.088078320312500000e+04 1.087541377720878518e+04
1.053393790571019053e+03 1.088161621093750000e+04 1.087475894365007844e+04
1.053414223885629326e+03 1.086602929687500000e+04 1.087410597153282288e+04
1.053434657300356776e+03 1.086681835937500000e+04 1.087345520440672408e+04
1.053455090515781194e+03 1.086925683593750000e+04 1.087280699852229009e+04
1.053475523831322789e+03 1.087905761718750000e+04 1.087216169109383918e+04
1.053495957246981561e+03 1.087211718750000000e+04 1.087151962889888091e+04
1.053516390463337302e+03 1.087229296875000000e+04 1.087088116805285426e+04
1.053536823779344559e+03 1.086517285156250000e+04 1.087024664591975306e+04
1.053557257195934653e+03 1.086809570312500000e+04 1.086961640926350810e+04
1.053577690412756056e+03 1.087502343750000000e+04 1.086899081404744902e+04
1.053598123729694635e+03 1.087260546875000000e+04 1.086837019778772083e+04
1.053618557147216052e+03 1.088185351562500000e+04 1.086775490727853685e+04
1.053638990364968777e+03 1.087076855468750000e+04 1.086714529825600766e+04
1.053659423782490194e+03 1.086035449218750000e+04 1.086654170553492804e+04
1.053679857100825757e+03 1.086195507812500000e+04 1.086594448472403019e+04
1.053700290419161320e+03 1.086366210937500000e+04 1.086535397961097988e+04
1.053720723737496883e+03 1.086197753906250000e+04 1.086477053692823392e+04
1.053741157056298107e+03 1.086797460937500000e+04 1.086419450339522155e+04
1.053761590375564992e+03 1.086597558593750000e+04 1.086362622574494344e+04
1.053782023694831878e+03 1.086623144531250000e+04 1.086306605072312232e+04
1.053802457014564425e+03 1.085908593750000000e+04 1.086251432504979311e+04
1.053822890434414148e+03 1.086143066406250000e+04 1.086197139283227443e+04
1.053843323754612356e+03 1.085537792968750000e+04 1.086143760611284233e+04
1.053863756975159049e+03 1.086183691406250000e+04 1.086091331148774589e+04
1.053884190395474434e+03 1.086238867187500000e+04 1.086039884807819544e+04
1.053904623716603965e+03 1.086116113281250000e+04 1.085989457021719863e+04
1.053925056937616318e+03 1.085801269531250000e+04 1.085940082450880436e+04
1.053945490359328687e+03 1.085621093750000000e+04 1.085891795049617212e+04
1.053965923680923879e+03 1.085554394531250000e+04 1.085844630210187097e+04
1.053986356902867556e+03 1.086758105468750000e+04 1.085798622588065700e+04
1.054006790325045586e+03 1.086240234375000000e+04 1.085753806190005707e+04
1.054027223547454923e+03 1.084963769531250000e+04 1.085710216566409872e+04
1.054047656970098615e+03 1.086031250000000000e+04 1.085667887537498609e+04
1.054068090293090791e+03 1.085382617187500000e+04 1.085626854407167775e+04
1.054088523516431451e+03 1.085450292968750000e+04 1.085587151829477079e+04
1.054108956940006465e+03 1.085609472656250000e+04 1.085548813905001043e+04
1.054129390263464302e+03 1.085535742187500000e+04 1.085511875880659863e+04
1.054149823487736285e+03 1.084496777343750000e+04 1.085476372407311101e+04
1.054170256911776960e+03 1.085113574218750000e+04 1.085442337649546789e+04
1.054190690236631781e+03 1.086604785156250000e+04 1.085409806789527647e+04
1.054211123661138117e+03 1.085520703125000000e+04 1.085378814184391740e+04
1.054231556886341423e+03 1.084335253906250000e+04 1.085349394949438101e+04
1.054251990211661905e+03 1.085675585937500000e+04 1.085321583315311364e+04
1.054272423637099564e+03 1.085576367187500000e+04 1.085295413979180375e+04
