1.229412553138099611e+03 9.663230468750000000e+03 9.662895238653272827e+03
1.229432986970059574e+03 9.663376953125000000e+03 9.662897497393332742e+03
1.229453420901671052e+03 9.661981445312500000e+03 9.662899724982464249e+03
1.229473854733165354e+03 9.661921875000000000e+03 9.662901921934613711e+03
1.229494288564659655e+03 9.663271484375000000e+03 9.662904088796478391e+03
1.229514722396153957e+03 9.668447265625000000e+03 9.662906226103772497e+03
1.229535156227182597e+03 9.664984375000000000e+03 9.662908334392159304e+03
1.229555590057745576e+03 9.681368164062500000e+03 9.662910414197358477e+03
1.229576023888308555e+03 9.670465820312500000e+03 9.662912466055131517e+03
1.229596457718871534e+03 9.659897460937500000e+03 9.662914490501181717e+03
1.229616891649086028e+03 9.665244140625000000e+03 9.662916488080903946e+03
1.229637325379066169e+03 9.664170898437500000e+03 9.662918459300894028e+03
1.229657759209163487e+03 9.665348632812500000e+03 9.662920404726028210e+03
1.229678193138912320e+03 9.660411132812500000e+03 9.662922324891598691e+03
1.229698626868426800e+03 9.663611328125000000e+03 9.662924220305321796e+03
1.229719060697592795e+03 9.659230468750000000e+03 9.662926091530911435e+03
1.229739494626410306e+03 9.666996093750000000e+03 9.662927939103727113e+03
1.229759928355924785e+03 9.660318359375000000e+03 9.662929763532625657e+03
1.229780362284276634e+03 9.667297851562500000e+03 9.662931565388866147e+03
1.229800796112976968e+03 9.664616210937500000e+03 9.662933345181678305e+03
1.229821229841094464e+03 9.666150390625000000e+03 9.662935103447020083e+03
1.229841663769446313e+03 9.665750000000000000e+03 9.662936840746322559e+03
1.229862097597215325e+03 9.666064453125000000e+03 9.662938557589579432e+03
1.229882531424984336e+03 9.669438476562500000e+03 9.662940254521101451e+03
1.229902965252287686e+03 9.655132812500000000e+03 9.662941932076566445e+03
1.229923399080056697e+03 9.664012695312500000e+03 9.662943590791757742e+03
1.229943832906894386e+03 9.662054687500000000e+03 9.662945231202282230e+03
1.229964266734197736e+03 9.674087890625000000e+03 9.662946853843957797e+03
1.229984700560569763e+03 9.660234375000000000e+03 9.662948459252387693e+03
1.230005134387407452e+03 9.663396484375000000e+03 9.662950047963402540e+03
1.230025568213779479e+03 9.667411132812500000e+03 9.662951620512631052e+03
1.230046002039685845e+03 9.648282226562500000e+03 9.662953177435792895e+03
1.230066435866057873e+03 9.667899414062500000e+03 9.662954719268667759e+03
1.230086869691964239e+03 9.672639648437500000e+03 9.662956246546898910e+03
1.230107303517404944e+03 9.660455078125000000e+03 9.662957759806202375e+03
1.230127737442962825e+03 9.660668945312500000e+03 9.662959259589639260e+03
1.230148171167820692e+03 9.659257812500000000e+03 9.662960746410939464e+03
1.230168604993261397e+03 9.663180664062500000e+03 9.662962220827832425e+03
1.230189038917887956e+03 9.662235351562500000e+03 9.662963683375748587e+03
1.230209472642280161e+03 9.663852539062500000e+03 9.662965134569058137e+03
1.230229906466789544e+03 9.663506835937500000e+03 9.662966574964881147e+03
1.230250340390950441e+03 9.662818359375000000e+03 9.662968005098748108e+03
1.230270774115342647e+03 9.656198242187500000e+03 9.662969425485483953e+03
1.230291208039037883e+03 9.662572265625000000e+03 9.662970836688547934e+03
1.230311641863081604e+03 9.655541015625000000e+03 9.662972239222937787e+03
1.230332075586542487e+03 9.654165039062500000e+03 9.662973633624422291e+03
1.230352509509772062e+03 9.668044921875000000e+03 9.662975020449161093e+03
1.230372943332884461e+03 9.660848632812500000e+03 9.662976400212450244e+03
1.230393377055414021e+03 9.666524414062500000e+03 9.662977773450078530e+03
1.230413810978177935e+03 9.655866210937500000e+03 9.662979140717918199e+03
1.230434244800824672e+03 9.654275390625000000e+03 9.662980502531550883e+03
1.230454678623005748e+03 9.666327148437500000e+03 9.662981859433370118e+03
1.230475112445186824e+03 9.657501953125000000e+03 9.662983211959115579e+03
1.230495546266902238e+03 9.662704101562500000e+03 9.662984560644468729e+03
1.230515980089083314e+03 9.662554687500000000e+03 9.662985906025205622e+03
1.230536413910333067e+03 9.658113281250000000e+03 9.662987248636942240e+03
1.230556847731582820e+03 9.654916992187500000e+03 9.662988589015452817e+03
1.230577281652949750e+03 9.665690429687500000e+03 9.662989927703009016e+03
1.230597715473733842e+03 9.656458984375000000e+03 9.662991265222171933e+03
1.230618149194866419e+03 9.661809570312500000e+03 9.662992602108728533e+03
1.230638583115302026e+03 9.665556640625000000e+03 9.662993938917952619e+03
1.230659016935620457e+03 9.658780273437500000e+03 9.662995276165958785e+03
1.230679450655821711e+03 9.657710937500000000e+03 9.662996614388455782e+03
1.230699884575791657e+03 9.665012695312500000e+03 9.662997954140802904e+03
1.230720318295527250e+03 9.659227539062500000e+03 9.662999295932480891e+03
1.230740752114914358e+03 9.653692382812500000e+03 9.663000640318879960e+03
1.230761186034418643e+03 9.660493164062500000e+03 9.663001987835781620e+03
1.230781619753688574e+03 9.658999023437500000e+03 9.663003338999065818e+03
1.230802053672727197e+03 9.670885742187500000e+03 9.663004694370898505e+03
1.230822487491648644e+03 9.664782226562500000e+03 9.663006054467132344e+03
1.230842921210452914e+03 9.655302734375000000e+03 9.663007419823401506e+03
1.230863355128560215e+03 9.669355468750000000e+03 9.663008790995470918e+03
1.230883788947016001e+03 9.669346679687500000e+03 9.663010168499033171e+03
1.230904222664888948e+03 9.657928710937500000e+03 9.663011552869636944e+03
1.230924656582530588e+03 9.664727539062500000e+03 9.663012944663400049e+03
1.230945090400520712e+03 9.663975585937500000e+03 9.663014344395693115e+03
1.230965524218045175e+03 9.658991210937500000e+03 9.663015752608964249e+03
1.230985958035103977e+03 9.659979492187500000e+03 9.663017169838924019e+03
1.231006391852162778e+03 9.659217773437500000e+03 9.663018596621319375e+03
1.231026825669221580e+03 9.665340820312500000e+03 9.663020033491859067e+03
1.231047259485814720e+03 9.663917968750000000e+03 9.663021480986219103e+03
1.231067693301942199e+03 9.662934570312500000e+03 9.663022939640117329e+03
1.231088127218652517e+03 9.654736328125000000e+03 9.663024409996556642e+03
1.231108561034314334e+03 9.658794921875000000e+03 9.663025892576748447e+03
1.231128994750324637e+03 9.658331054687500000e+03 9.663027387916317821e+03
1.231149428666103631e+03 9.664695312500000000e+03 9.663028896572985104e+03
1.231169862481765449e+03 9.659038085937500000e+03 9.663030419060418353e+03
1.231190296196844429e+03 9.670769531250000000e+03 9.663031955914088030e+03
1.231210730112157762e+03 9.654026367187500000e+03 9.663033507692440253e+03
1.231231163926888257e+03 9.665263671875000000e+03 9.663035074908444585e+03
1.231251597641501576e+03 9.661469726562500000e+03 9.663036658097626059e+03
1.231292465370614082e+03 9.665181640625000000e+03 9.663039874585094367e+03
1.231312899284530431e+03 9.662750976562500000e+03 9.663041508947226248e+03
1.231333332998678088e+03 9.655747070312500000e+03 9.663043161417102965e+03
1.231353766812477261e+03 9.669602539062500000e+03 9.663044832554523964e+03
1.231374200625810772e+03 9.657083984375000000e+03 9.663046522887136234e+03
1.231394634439144284e+03 9.664918945312500000e+03 9.663048232950697638e+03
1.231415068152360618e+03 9.659605468750000000e+03 9.663049963272389505e+03
1.231435502065345645e+03 9.663082031250000000e+03 9.663051714413464651e+03
1.231455935878213495e+03 9.663060546875000000e+03 9.663053486884091399e+03
1.231476369690615684e+03 9.667214843750000000e+03 9.663055281228465901e+03
1.231496803503483534e+03 9.667509765625000000e+03 9.663057097982382402e+03
1.231517237315420061e+03 9.662808593750000000e+03 9.663058937681427778e+03
1.231537671127356589e+03 9.662755859375000000e+03 9.663060800861394455e+03
1.231558104939293116e+03 9.667377929687500000e+03 9.663062688057994819e+03
1.231578538750763983e+03 9.661441406250000000e+03 9.663064599806892147e+03
1.231598972662352026e+03 9.665228515625000000e+03 9.663066536653397634e+03
1.231619406373240054e+03 9.668463867187500000e+03 9.663068499104516377e+03
1.231639840184245259e+03 9.661747070312500000e+03 9.663070487724664417e+03
1.231660274095367640e+03 9.656203125000000000e+03 9.663072503049936131e+03
1.231680707905907184e+03 9.663180664062500000e+03 9.663074545596253301e+03
1.231701141616329551e+03 9.662986328125000000e+03 9.663076615898966338e+03
1.231721575526520610e+03 9.674632812500000000e+03 9.663078714524377574e+03
1.231742009336594492e+03 9.667721679687500000e+03 9.663080841977603995e+03
1.231762443046085536e+03 9.660741210937500000e+03 9.663082998793881416e+03
1.231782876955810934e+03 9.652779296875000000e+03 9.663085185540890961e+03
1.231803310765419155e+03 9.671025390625000000e+03 9.663087402722419938e+03
1.231823744474444538e+03 9.662938476562500000e+03 9.663089650873678693e+03
1.231844178383704275e+03 9.663872070312500000e+03 9.663091930563699862e+03
1.231864612192381173e+03 9.656439453125000000e+03 9.663094242294871947e+03
1.231885046101175249e+03 9.664689453125000000e+03 9.663096586625610144e+03
1.231905479809734970e+03 9.665562500000000000e+03 9.663098964056927798e+03
1.231925913617946208e+03 9.662503906250000000e+03 9.663101375159181771e+03
1.231946347526274621e+03 9.657615234375000000e+03 9.663103820468633785e+03
1.231966781233903021e+03 9.661159179687500000e+03 9.663106300484738313e+03
1.231987215041648597e+03 9.658766601562500000e+03 9.663108815779463839e+03
1.232007648848928511e+03 9.672606445312500000e+03 9.663111366876393731e+03
1.232028082656208426e+03 9.664605468750000000e+03 9.663113954311296766e+03
1.232048516463488340e+03 9.661516601562500000e+03 9.663116578619883512e+03
1.232068950270302594e+03 9.670783203125000000e+03 9.663119240337802694e+03
1.232089384077116847e+03 9.663306640625000000e+03 9.663121940000823088e+03
1.232109817983582616e+03 9.665078125000000000e+03 9.663124678158104871e+03
1.232130251789931208e+03 9.657237304687500000e+03 9.663127455318595821e+03
1.232150685496162623e+03 9.671999023437500000e+03 9.663130272017420793e+03
1.232171119401697069e+03 9.653050781250000000e+03 9.663133128831857903e+03
1.232191553207580000e+03 9.663504882812500000e+03 9.663136026256117475e+03
1.232211986913345754e+03 9.661434570312500000e+03 9.663138964825242510e+03
1.232232420818414539e+03 9.664227539062500000e+03 9.663141945118308286e+03
1.232252854623831809e+03 9.660879882812500000e+03 9.663144967627726146e+03
1.232273288328666240e+03 9.661738281250000000e+03 9.663148032888444504e+03
1.232293722233269364e+03 9.670754882812500000e+03 9.663151141481546802e+03
1.232314156037755311e+03 9.665892578125000000e+03 9.663154293897438038e+03
1.232334589742124081e+03 9.664889648437500000e+03 9.663157490671177584e+03
1.232355023646261543e+03 9.659871093750000000e+03 9.663160732385724259e+03
1.232375457450281829e+03 9.662819335937500000e+03 9.663164019529536745e+03
1.232395891353953630e+03 9.663547851562500000e+03 9.663167352670474429e+03
1.232416325057391077e+03 9.672307617187500000e+03 9.663170732294986010e+03
1.232436758860945702e+03 9.668017578125000000e+03 9.663174158988109411e+03
1.232457192764151841e+03 9.665235351562500000e+03 9.663177633286177297e+03
1.232477626467123628e+03 9.660693359375000000e+03 9.663181155673555622e+03
1.232498060269746929e+03 9.666016601562500000e+03 9.663184726737292294e+03
1.232518494172487408e+03 9.656517578125000000e+03 9.663188347013900056e+03
1.232538927874527872e+03 9.676264648437500000e+03 9.663192016985420196e+03
1.232559361677151173e+03 9.667512695312500000e+03 9.663195737241316237e+03
1.232579795578960329e+03 9.658798828125000000e+03 9.663199508317778964e+03
1.232600229380652308e+03 9.669115234375000000e+03 9.663203330713738978e+03
1.232620663182344288e+03 9.667890625000000000e+03 9.663207204983256815e+03
1.232641096983570606e+03 9.669088867187500000e+03 9.663211131661955733e+03
1.232661530784796923e+03 9.666873046875000000e+03 9.663215111285629973e+03
1.232681964586023241e+03 9.666780273437500000e+03 9.663219144389990106e+03
1.232702398386783898e+03 9.654664062500000000e+03 9.663223231510657570e+03
1.232722832187078893e+03 9.661356445312500000e+03 9.663227373183333839e+03
1.232743265987839550e+03 9.661514648437500000e+03 9.663231569943915019e+03
1.232763699788134545e+03 9.664408203125000000e+03 9.663235822327927963e+03
1.232784133487846702e+03 9.667048828125000000e+03 9.663240130849826528e+03
1.232804567387793213e+03 9.661768554687500000e+03 9.663244496109164174e+03
1.232825001187622547e+03 9.666541015625000000e+03 9.663248918577904988e+03
1.232845434886869043e+03 9.667705078125000000e+03 9.663253398790806386e+03
1.232865868786349893e+03 9.668747070312500000e+03 9.663257937349966596e+03
1.232886302585247904e+03 9.661670898437500000e+03 9.663262534724704892e+03
1.232906736483797431e+03 9.661188476562500000e+03 9.663267191495786392e+03
1.232927170182578266e+03 9.668081054687500000e+03 9.663271908130245720e+03
1.232947603981010616e+03 9.657413085937500000e+03 9.663276685232460295e+03
1.232968037879560143e+03 9.663245117187500000e+03 9.663281523339148407e+03
1.232988471577409655e+03 9.663982421875000000e+03 9.663286422914336072e+03
1.233008905375376344e+03 9.658085937500000000e+03 9.663291384565407498e+03
1.233029339272994548e+03 9.664449218750000000e+03 9.663296408828875428e+03
1.233049772970378399e+03 9.665385742187500000e+03 9.663301496166252036e+03
1.233070206767879426e+03 9.666376953125000000e+03 9.663306647187553608e+03
1.233090640664566308e+03 9.662309570312500000e+03 9.663311862429198300e+03
1.233111074461601675e+03 9.667239257812500000e+03 9.663317142376145057e+03
1.233131508158054203e+03 9.658801757812500000e+03 9.663322487562902097e+03
1.233151942054741085e+03 9.672974609375000000e+03 9.663327898604355141e+03
1.233172375850845128e+03 9.663706054687500000e+03 9.663333375957037788e+03
1.233192809646949172e+03 9.658379882812500000e+03 9.663338920183130540e+03
1.233213243443053216e+03 9.664414062500000000e+03 9.663344531818343967e+03
1.233233677238691598e+03 9.656208984375000000e+03 9.663350211398259489e+03
1.233254111033864319e+03 9.665642578125000000e+03 9.663355959458578582e+03
1.233274544829502702e+03 9.659980468750000000e+03 9.663361776535275567e+03
1.233294978624675423e+03 9.660985351562500000e+03 9.663367663163797260e+03
1.233315412519499660e+03 9.663629882812500000e+03 9.663373619909201807e+03
1.233335846214089543e+03 9.670972656250000000e+03 9.663379647219258914e+03
1.233356280008796602e+03 9.662504882812500000e+03 9.663385745717756436e+03
1.233376713803038001e+03 9.661666015625000000e+03 9.663391915910902753e+03
1.233397147596813738e+03 9.666944335937500000e+03 9.663398158334402979e+03
1.233417581391055137e+03 9.671945312500000000e+03 9.663404473524249624e+03
1.233438015184830874e+03 9.659113281250000000e+03 9.663410862015862222e+03
1.233458448978140950e+03 9.668201171875000000e+03 9.663417324344951339e+03
1.233478882871568203e+03 9.677469726562500000e+03 9.663423861079580092e+03
1.233499316564761102e+03 9.663886718750000000e+03 9.663430472658825238e+03
1.233519750357605517e+03 9.660675781250000000e+03 9.663437159714878362e+03
1.233540184250101447e+03 9.657376953125000000e+03 9.663443922784546885e+03
1.233560617942828685e+03 9.665594726562500000e+03 9.663450762303889860e+03
1.233581051735207438e+03 9.664729492187500000e+03 9.663457678908267553e+03
1.233601485627237707e+03 9.667879882812500000e+03 9.663464673134527402e+03
1.233621919319033623e+03 9.658580078125000000e+03 9.663471745415148689e+03
1.233642353110946715e+03 9.657613281250000000e+03 9.663478896389226065e+03
1.233662787002045661e+03 9.659252929687500000e+03 9.663486126593294102e+03
1.233683220793493092e+03 9.660158203125000000e+03 9.663493436492712135e+03
1.233703654584940523e+03 9.657553710937500000e+03 9.663500826658248116e+03
1.233724088375922292e+03 9.664587890625000000e+03 9.663508297625445266e+03
1.233744522166438401e+03 9.667870117187500000e+03 9.663515849930008699e+03
1.233764955956954509e+03 9.661438476562500000e+03 9.663523484107812692e+03
1.233785389747470617e+03 9.666333007812500000e+03 9.663531200694567815e+03
1.233805823537521064e+03 9.666552734375000000e+03 9.663539000225810014e+03
1.233826257427688688e+03 9.663630859375000000e+03 9.663546883276245353e+03
1.233846691117156297e+03 9.653444335937500000e+03 9.663554850264918059e+03
1.233867124906741083e+03 9.667984375000000000e+03 9.663562901844203225e+03
1.233887558795977384e+03 9.658179687500000000e+03 9.663571038550868252e+03
1.233907992485444993e+03 9.668174804687500000e+03 9.663579260800766860e+03
1.233928426274098456e+03 9.656151367187500000e+03 9.663587569249270018e+03
1.233948860162869096e+03 9.656400390625000000e+03 9.663595964433732661e+03
1.233969293851405382e+03 9.660668945312500000e+03 9.663604446765824832e+03
1.233989727740176022e+03 9.657361328125000000e+03 9.663613016947496362e+03
1.234010161527898163e+03 9.661408203125000000e+03 9.663621675388740186e+03
1.234030595215968788e+03 9.667392578125000000e+03 9.663630422624552011e+03
1.234051029103808105e+03 9.663657226562500000e+03 9.663639259319472330e+03
1.234071462891530246e+03 9.673363281250000000e+03 9.663648185880174424e+03
1.234091896578669548e+03 9.667564453125000000e+03 9.663657202840840910e+03
1.234112330466043204e+03 9.666098632812500000e+03 9.663666310870583402e+03
1.234132764252834022e+03 9.669891601562500000e+03 9.663675510371702330e+03
1.234153197939507663e+03 9.669759765625000000e+03 9.663684801878760481e+03
1.234173631826415658e+03 9.661455078125000000e+03 9.663694186064716632e+03
1.234194065612740815e+03 9.665537109375000000e+03 9.663703663327818504e+03
1.234214499298948795e+03 9.665731445312500000e+03 9.663713234202605236e+03
1.234234933184925467e+03 9.665875976562500000e+03 9.663722899365940975e+03
1.234275800756178796e+03 9.672791992187500000e+03 9.663742514324530930e+03
1.234296234541572630e+03 9.665251953125000000e+03 9.663752465238321747e+03
1.234316668326966465e+03 9.662678710937500000e+03 9.663762512489462097e+03
1.234337102212011814e+03 9.663333007812500000e+03 9.663772656663368252e+03
1.234357535896357149e+03 9.667434570312500000e+03 9.663782898145924264e+03
1.234377969681285322e+03 9.665079101562500000e+03 9.663793237623123787e+03
1.234398403565399349e+03 9.658394531250000000e+03 9.663803675631410442e+03
1.234418837249744684e+03 9.668150390625000000e+03 9.663814212553053949e+03
1.234439271033741534e+03 9.657414062500000000e+03 9.663824849077427643e+03
1.234459704917389899e+03 9.665304687500000000e+03 9.663835585741711839e+03
1.234480138600803912e+03 9.667075195312500000e+03 9.663846422923292266e+03
1.234500572384335101e+03 9.665059570312500000e+03 9.663857361316437164e+03
1.234521006267517805e+03 9.665746093750000000e+03 9.663868401458094013e+03
1.234541439950931817e+03 9.659440429687500000e+03 9.663879543721446680e+03
1.234561873833648860e+03 9.659837890625000000e+03 9.663890788859815075e+03
1.234582307616248727e+03 9.665037109375000000e+03 9.663902137244876940e+03
1.234602741298731416e+03 9.663268554687500000e+03 9.663913589410825807e+03
1.234623175180517137e+03 9.660253906250000000e+03 9.663925146061930718e+03
1.234643608962651342e+03 9.660022460937500000e+03 9.663936807565598428e+03
1.234664042744785547e+03 9.658883789062500000e+03 9.663948574513637141e+03
1.234684476525988430e+03 9.665015625000000000e+03 9.663960447441215365e+03
1.234704910307656974e+03 9.672037109375000000e+03 9.663972426884840388e+03
1.234725344088859856e+03 9.669438476562500000e+03 9.663984513379684358e+03
1.234745777870062739e+03 9.664203125000000000e+03 9.663996707461723418e+03
1.234766211650799960e+03 9.659463867187500000e+03 9.664009009666388010e+03
1.234786645431071520e+03 9.667485351562500000e+03 9.664021420529374154e+03
1.234807079211808741e+03 9.658597656250000000e+03 9.664033940586959943e+03
1.234827512992080301e+03 9.664804687500000000e+03 9.664046570374284784e+03
1.234847946872003376e+03 9.668106445312500000e+03 9.664059310489741620e+03
1.234868380551692098e+03 9.661938476562500000e+03 9.664072161281241279e+03
1.234888814331497997e+03 9.668303710937500000e+03 9.664085123472577834e+03
1.234909248210955411e+03 9.660091796875000000e+03 9.664098197600800631e+03
1.234929681890178472e+03 9.667534179687500000e+03 9.664111384008909226e+03
1.234950115669053048e+03 9.661314453125000000e+03 9.664124683425307012e+03
1.234970549548044801e+03 9.659790039062500000e+03 9.664138096387670885e+03
1.234990983226336539e+03 9.659921875000000000e+03 9.664151623233401551e+03
1.235011417004745454e+03 9.657700195312500000e+03 9.664165264696510349e+03
1.235031850883271545e+03 9.663748046875000000e+03 9.664179021314386773e+03
1.235052284561097622e+03 9.666746093750000000e+03 9.664192893419372922e+03
1.235072718439158052e+03 9.659292968750000000e+03 9.664206881819362025e+03
1.235093152216635644e+03 9.657219726562500000e+03 9.664220986844988147e+03
1.235113585893996060e+03 9.666550781250000000e+03 9.664235209030550322e+03
1.235134019771125168e+03 9.665738281250000000e+03 9.664249549121348537e+03
1.235154453548137099e+03 9.671568359375000000e+03 9.664264007443500304e+03
1.235174887325149029e+03 9.658457031250000000e+03 9.664278584602681804e+03
1.235195321101695299e+03 9.674518554687500000e+03 9.664293281134267090e+03
1.235215754878241569e+03 9.664967773437500000e+03 9.664308097574295971e+03
1.235236188654322177e+03 9.667966796875000000e+03 9.664323034458129769e+03
1.235256622430402786e+03 9.661417968750000000e+03 9.664338092321822842e+03
1.235277056206483394e+03 9.662703125000000000e+03 9.664353271701074846e+03
1.235297489982098341e+03 9.665049804687500000e+03 9.664368573131247103e+03
1.235317923857364804e+03 9.663661132812500000e+03 9.664383997223912957e+03
1.235338357532396913e+03 9.661371093750000000e+03 9.664399544287509343e+03
1.235358791407663375e+03 9.661265625000000000e+03 9.664415215162443928e+03
1.235379225182347000e+03 9.661859375000000000e+03 9.664431010154637988e+03
1.235399658857379109e+03 9.658985351562500000e+03 9.664446929798683414e+03
1.235420092731714249e+03 9.662831054687500000e+03 9.664462974864121861e+03
1.235440526405815035e+03 9.664643554687500000e+03 9.664479145572920970e+03
1.235460960180032998e+03 9.665565429687500000e+03 9.664495442697554608e+03
1.235481394053436816e+03 9.664353515625000000e+03 9.664511866774842929e+03
1.235501827827189118e+03 9.658429687500000000e+03 9.664528418180667359e+03
1.235522261500824243e+03 9.662785156250000000e+03 9.664545097448492015e+03
1.235542695373762399e+03 9.662047851562500000e+03 9.664561905359363664e+03
1.235563129046931863e+03 9.660992187500000000e+03 9.664578842120721674e+03
1.235583562819752842e+03 9.670445312500000000e+03 9.664595908515510018e+03
1.235603996692690998e+03 9.662005859375000000e+03 9.664613105081723916e+03
1.235624430364929140e+03 9.662644531250000000e+03 9.664630432100952021e+03
1.235644864237401634e+03 9.676548828125000000e+03 9.664647890448879480e+03
1.235665298009291291e+03 9.660786132812500000e+03 9.664665480405157723e+03
1.235685731781180948e+03 9.659877929687500000e+03 9.664683202591113513e+03
1.235706165552604944e+03 9.678193359375000000e+03 9.664701057542042690e+03
1.235726599324028939e+03 9.666230468750000000e+03 9.664719045794056001e+03
1.235747033095452935e+03 9.660966796875000000e+03 9.664737167882864014e+03
1.235767466866411269e+03 9.662713867187500000e+03 9.664755424343751656e+03
1.235787900637369603e+03 9.672012695312500000e+03 9.664773815712844225e+03
1.235808334407862276e+03 9.667393554687500000e+03 9.664792342525423010e+03
1.235828768278472126e+03 9.666233398437500000e+03 9.664811005409388599e+03
1.235849201948381960e+03 9.666348632812500000e+03 9.664829804624694589e+03
1.235869635818526149e+03 9.662031250000000000e+03 9.664848741075911676e+03
1.235890069588553160e+03 9.655859375000000000e+03 9.664867815021420029e+03
1.235910503257997334e+03 9.659301757812500000e+03 9.664887026994452754e+03
1.235930937127675861e+03 9.667818359375000000e+03 9.664906377814571897e+03
1.235951370896771550e+03 9.672434570312500000e+03 9.664925867733620180e+03
1.235971804565750062e+03 9.658539062500000000e+03 9.664945497285702004e+03
1.235992238434497267e+03 9.664438476562500000e+03 9.664965267295625381e+03
1.236012672203127295e+03 9.662627929687500000e+03 9.664985178009992524e+03
1.236033105871640146e+03 9.666931640625000000e+03 9.665005229962429439e+03
1.236053539739921689e+03 9.668986328125000000e+03 9.665025423983966903e+03
1.236073973508086056e+03 9.658416015625000000e+03 9.665045760314989820e+03
1.236094407175667584e+03 9.661006835937500000e+03 9.665066239488631254e+03
1.236114841043483466e+03 9.662128906250000000e+03 9.665086862343145185e+03
1.236135274810716510e+03 9.667002929687500000e+03 9.665107629111682400e+03
1.236155708678066730e+03 9.663336914062500000e+03 9.665128540533925843e+03
1.236176142345182598e+03 9.667658203125000000e+03 9.665149596837145509e+03
1.236196576111949980e+03 9.666617187500000000e+03 9.665170798864997778e+03
1.236217009878717363e+03 9.664489257812500000e+03 9.665192147050862332e+03
1.236237443645019084e+03 9.666194335937500000e+03 9.665213641929953155e+03
1.236257877411320806e+03 9.662105468750000000e+03 9.665235284038459213e+03
1.236278311177622527e+03 9.667454101562500000e+03 9.665257073912092892e+03
1.236298744942992926e+03 9.668532226562500000e+03 9.665279012085553404e+03
1.236319178708828986e+03 9.665511718750000000e+03 9.665301099096048347e+03
1.236339612474199384e+03 9.666518554687500000e+03 9.665323335478275112e+03
1.236360046239569783e+03 9.660001953125000000e+03 9.665345721768442672e+03
1.236380480004474521e+03 9.663607421875000000e+03 9.665368258501741366e+03
1.236400913869030774e+03 9.663640625000000000e+03 9.665390946325405821e+03
1.236421347533818334e+03 9.657215820312500000e+03 9.665413785441578511e+03
1.236441781398374587e+03 9.661057617187500000e+03 9.665436776832542819e+03
1.236462215162813663e+03 9.664298828125000000e+03 9.665459920697698180e+03
1.236482648826669902e+03 9.669559570312500000e+03 9.665483217569975750e+03
1.236503082690294832e+03 9.665695312500000000e+03 9.665506668328634987e+03
1.236523516454268247e+03 9.667978515625000000e+03 9.665530273166888946e+03
1.236543950117658824e+03 9.661605468750000000e+03 9.665554032617092162e+03
1.236564383980818093e+03 9.662942382812500000e+03 9.665577947565325303e+03
1.236584817743860185e+03 9.664380859375000000e+03 9.665602018197458165e+03
1.236605251406319439e+03 9.662387695312500000e+03 9.665626245046347321e+03
1.236625685269478709e+03 9.660194335937500000e+03 9.665650629006066083e+03
1.236646119031589478e+03 9.670712890625000000e+03 9.665675170253383840e+03
1.236666552793700248e+03 9.668634765625000000e+03 9.665699869444209980e+03
1.236686986555811018e+03 9.667401367187500000e+03 9.665724727114245979e+03
1.236707420317921788e+03 9.668708007812500000e+03 9.665749743799202406e+03
1.236727854179218411e+03 9.665700195312500000e+03 9.665774920157378801e+03
1.236748287840746343e+03 9.676374023437500000e+03 9.665800256354963494e+03
1.236768721601925790e+03 9.665182617187500000e+03 9.665825753297744086e+03
1.236789155462756753e+03 9.668270507812500000e+03 9.665851411523777642e+03
1.236809589123819023e+03 9.651712890625000000e+03 9.665877231191616374e+03
1.236830022884532809e+03 9.673398437500000000e+03 9.665903213214120115e+03
1.236850456644780934e+03 9.667943359375000000e+03 9.665929358000874345e+03
1.236870890505146235e+03 9.663072265625000000e+03 9.665955666217470934e+03
1.236891324164811522e+03 9.661700195312500000e+03 9.665982138011117058e+03
1.236911758024711162e+03 9.671891601562500000e+03 9.666008774436926615e+03
1.236932191684376448e+03 9.668952148437500000e+03 9.666035575508576585e+03
1.236952625543810427e+03 9.667454101562500000e+03 9.666062542286419557e+03
1.236973059303127229e+03 9.664786132812500000e+03 9.666089674911610928e+03
1.236993492961861193e+03 9.673833984375000000e+03 9.666116973916792631e+03
1.237013926820829511e+03 9.653120117187500000e+03 9.666144440240772383e+03
1.237034360579680651e+03 9.665528320312500000e+03 9.666172074016776605e+03
1.237054794237948954e+03 9.663710937500000000e+03 9.666199875777401758e+03
1.237075228095985949e+03 9.670854492187500000e+03 9.666227846468238567e+03
1.237095661853905767e+03 9.670219726562500000e+03 9.666255986215730445e+03
1.237116095511708409e+03 9.664082031250000000e+03 9.666284295553097763e+03
1.237136529369279742e+03 9.667090820312500000e+03 9.666312775432757917e+03
1.237156963126733899e+03 9.667273437500000000e+03 9.666341425973696460e+03
1.237177396784070879e+03 9.659040039062500000e+03 9.666370247709104660e+03
1.237197830641176552e+03 9.667569335937500000e+03 9.666399241598937806e+03
1.237218264397699386e+03 9.666128906250000000e+03 9.666428407753981446e+03
1.237259131910745054e+03 9.673127929687500000e+03 9.666487259429410187e+03
1.237279565666802227e+03 9.658543945312500000e+03 9.666516946020532487e+03
1.237299999522976577e+03 9.669470703125000000e+03 9.666546807308714051e+03
1.237320433178450912e+03 9.669202148437500000e+03 9.666576843388771522e+03
1.237340866934042424e+03 9.668357421875000000e+03 9.666607055237289387e+03
1.237361300789751112e+03 9.662989257812500000e+03 9.666637443392566638e+03
1.237381734544876963e+03 9.665543945312500000e+03 9.666668008091830416e+03
1.237402168199885637e+03 9.673717773437500000e+03 9.666698749868888626e+03
1.237422602054663002e+03 9.660987304687500000e+03 9.666729669711901806e+03
1.237443035809323192e+03 9.668525390625000000e+03 9.666760767704105092e+03
1.237463469463400543e+03 9.675164062500000000e+03 9.666792044377871207e+03
1.237483903317712247e+03 9.685810546875000000e+03 9.666823500730653905e+03
1.237504337071441114e+03 9.669643554687500000e+03 9.666855136836391466e+03
1.237524770925287157e+03 9.668623046875000000e+03 9.666886953541519688e+03
1.237545204578898847e+03 9.661082031250000000e+03 9.666918950912753644e+03
1.237565638232510537e+03 9.665877929687500000e+03 9.666951129796678288e+03
1.237586072085425258e+03 9.663559570312500000e+03 9.666983491045524715e+03
1.237606505838222802e+03 9.668265625000000000e+03 9.667016034722129916e+03
1.237626939491368830e+03 9.662785156250000000e+03 9.667048761360258140e+03
1.237647373343817890e+03 9.667482421875000000e+03 9.667081671975767676e+03
1.237667807096149772e+03 9.673908203125000000e+03 9.667114766623459218e+03
1.237688240748364478e+03 9.665332031250000000e+03 9.667148045836331221e+03
1.237708674600347877e+03 9.669552734375000000e+03 9.667181510639848057e+03
1.237729108352214098e+03 9.665120117187500000e+03 9.667215161079941026e+03
1.237749542103614658e+03 9.662515625000000000e+03 9.667248997855063863e+03
1.237769975855015218e+03 9.660180664062500000e+03 9.667283021501678377e+03
1.237790409605950117e+03 9.660618164062500000e+03 9.667317232554709335e+03
1.237810843457002193e+03 9.668322265625000000e+03 9.667351631719646321e+03
1.237831277107819915e+03 9.674019531250000000e+03 9.667386219025182072e+03
1.237851710858289152e+03 9.673041992187500000e+03 9.667420995513235539e+03
1.237872144708409905e+03 9.665144531250000000e+03 9.667455961722283973e+03
1.237892578458879143e+03 9.660526367187500000e+03 9.667491117846991983e+03
1.237913012108765543e+03 9.674688476562500000e+03 9.667526464418660908e+03
1.237933445958420634e+03 9.671125976562500000e+03 9.667562002493947148e+03
1.237953879707958549e+03 9.670543945312500000e+03 9.667597732088399425e+03
1.237974313356913626e+03 9.668778320312500000e+03 9.667633653734083055e+03
1.237994747206568718e+03 9.664206054687500000e+03 9.667669768497758923e+03
