1.405117835756391287e+03 1.107101464843750000e+04 1.105159999689407050e+04
1.405138268989510834e+03 1.105705664062500000e+04 1.105219758112769523e+04
1.405158702022861689e+03 1.106517382812500000e+04 1.105279417325034774e+04
1.405179135256446898e+03 1.105472753906250000e+04 1.105338967641664567e+04
1.405199568389914930e+03 1.106472753906250000e+04 1.105398397334117908e+04
1.405220001423731446e+03 1.106061425781250000e+04 1.105457695553222766e+04
1.405240434657316655e+03 1.104965039062500000e+04 1.105516852314532480e+04
1.405260867791716009e+03 1.106237402343750000e+04 1.105575855899090129e+04
1.405281300825998187e+03 1.105273925781250000e+04 1.105634695454151370e+04
1.405301734060514718e+03 1.105935156250000000e+04 1.105693360990988731e+04
1.405322167195379734e+03 1.104871191406250000e+04 1.105751840794918098e+04
1.405342600330244750e+03 1.105512500000000000e+04 1.105810124300109055e+04
1.405363033465109766e+03 1.104811035156250000e+04 1.105868200654189968e+04
1.405383466600440443e+03 1.104127539062500000e+04 1.105926059006104151e+04
1.405403899835888296e+03 1.084514550781250000e+04 1.105983688783944490e+04
1.405424332871567458e+03 1.080555273437500000e+04 1.106041078291268968e+04
1.405444766007363796e+03 1.080146972656250000e+04 1.106098217519761602e+04
1.405465199243277311e+03 1.082507324218750000e+04 1.106155095613286903e+04
1.405485632379539311e+03 1.103328222656250000e+04 1.106211701163339785e+04
1.405506065416149795e+03 1.106171289062500000e+04 1.106268023321608416e+04
1.405526498652528971e+03 1.105836718750000000e+04 1.106324052058914094e+04
1.405546931789256632e+03 1.106168945312500000e+04 1.106379775699673337e+04
1.405567364926449955e+03 1.106941210937500000e+04 1.106435183666743069e+04
1.405587798063643277e+03 1.106615527343750000e+04 1.106490265106474908e+04
1.405608231200836599e+03 1.106913281250000000e+04 1.106545009166492673e+04
1.405628664338495582e+03 1.106031933593750000e+04 1.106599404995656005e+04
1.405649097476154566e+03 1.106751464843750000e+04 1.106653441740337075e+04
1.405669530613813549e+03 1.106784960937500000e+04 1.106707108548158976e+04
1.405689963751938194e+03 1.106551953125000000e+04 1.106760394567955518e+04
1.405710396890528500e+03 1.105989941406250000e+04 1.106813288947322508e+04
1.405730829929001629e+03 1.106160839843750000e+04 1.106865780576470388e+04
1.405751263167709112e+03 1.107086230468750000e+04 1.106917859371599843e+04
1.405771696306299418e+03 1.106297558593750000e+04 1.106969513711753825e+04
1.405792129545472562e+03 1.107564160156250000e+04 1.107020733251787897e+04
1.405812562584411353e+03 1.106619824218750000e+04 1.107071506388506350e+04
1.405832995723932981e+03 1.107021875000000000e+04 1.107121823020306692e+04
1.405853428963571787e+03 1.106838964843750000e+04 1.107171672286852845e+04
1.405873862003441900e+03 1.107367871093750000e+04 1.107221042607632262e+04
1.405894295143429190e+03 1.107042480468750000e+04 1.107269923858375842e+04
1.405914728383533657e+03 1.107984082031250000e+04 1.107318305179431263e+04
1.405935161423869431e+03 1.107109082031250000e+04 1.107366175012067288e+04
1.405976027805358171e+03 1.107510156250000000e+04 1.107460338914848580e+04
1.405996460946276784e+03 1.107092871093750000e+04 1.107506610813644147e+04
1.406016894087195396e+03 1.107703710937500000e+04 1.107552328284932628e+04
1.406037327228579670e+03 1.107606542968750000e+04 1.107597480477354839e+04
1.406057760369963944e+03 1.107710644531250000e+04 1.107642056537479948e+04
1.406078193511813879e+03 1.108501562500000000e+04 1.107686045613920942e+04
1.406098626653663814e+03 1.107742285156250000e+04 1.107729436853272637e+04
1.406119059795513749e+03 1.107509960937500000e+04 1.107772219403151030e+04
1.406139493037946522e+03 1.107511914062500000e+04 1.107814382617179581e+04
1.406159926080610603e+03 1.107734277343750000e+04 1.107855915027773881e+04
1.406180359323043376e+03 1.107852343750000000e+04 1.107896806594582995e+04
1.406200792465824634e+03 1.108461816406250000e+04 1.107937045861274419e+04
1.406221225508954376e+03 1.108111132812500000e+04 1.107976621985083329e+04
1.406241658752318472e+03 1.108038769531250000e+04 1.108015524689516860e+04
1.406262091895565391e+03 1.107963671875000000e+04 1.108053742545372188e+04
1.406282524939160794e+03 1.107583691406250000e+04 1.108091264711255280e+04
1.406302958182990551e+03 1.107294921875000000e+04 1.108128080880286143e+04
1.406323391326703131e+03 1.109361425781250000e+04 1.108164179653693282e+04
1.406343824371229857e+03 1.108776953125000000e+04 1.108199550191308117e+04
1.406364257615525275e+03 1.108698925781250000e+04 1.108234182152818903e+04
1.406384690660052001e+03 1.109913378906250000e+04 1.108268064008739384e+04
1.406405123904813081e+03 1.109350292968750000e+04 1.108301185569865993e+04
1.406425557049456984e+03 1.109280078125000000e+04 1.108333535491336079e+04
1.406445990094915032e+03 1.109639746093750000e+04 1.108365102933601338e+04
1.406466423340141773e+03 1.108410839843750000e+04 1.108395877500305141e+04
1.406486856485716999e+03 1.108315820312500000e+04 1.108425847882245034e+04
1.406507289631292224e+03 1.108586816406250000e+04 1.108455003379059781e+04
1.406527722777333111e+03 1.108414648437500000e+04 1.108483333138996568e+04
1.406548155923373997e+03 1.108624804687500000e+04 1.108510826308991454e+04
1.406568589169532061e+03 1.109047167968750000e+04 1.108537472165117651e+04
1.406589022215921432e+03 1.109095019531250000e+04 1.108563259470173944e+04
1.406609455362427980e+03 1.108861621093750000e+04 1.108588177756541700e+04
1.406650321756489575e+03 1.108150000000000000e+04 1.108635363590510678e+04
1.406670754803810269e+03 1.108242382812500000e+04 1.108657609210815281e+04
1.406691188050899655e+03 1.108400781250000000e+04 1.108678942487335735e+04
1.406711621198803186e+03 1.108457031250000000e+04 1.108699352248792093e+04
1.406732054246589541e+03 1.108893652343750000e+04 1.108718827655451787e+04
1.406752487494610250e+03 1.108912011718750000e+04 1.108737358134276474e+04
1.406772920642513782e+03 1.107985449218750000e+04 1.108754932553518302e+04
1.406793353790882975e+03 1.108530078125000000e+04 1.108771540154270406e+04
1.406813786939717829e+03 1.108837011718750000e+04 1.108787170084072022e+04
1.406834220088552684e+03 1.108451855468750000e+04 1.108801811490139880e+04
1.406854653337504715e+03 1.108556250000000000e+04 1.108815453584455645e+04
1.406875086386222392e+03 1.108336523437500000e+04 1.108828087183128991e+04
1.406895519535988569e+03 1.108947460937500000e+04 1.108839725136338529e+04
1.406915952685289085e+03 1.109046289062500000e+04 1.108850394004185728e+04
1.406936385835055262e+03 1.108463378906250000e+04 1.108860120645402094e+04
1.406956819084938616e+03 1.108229003906250000e+04 1.108868931958953544e+04
1.406977252135053277e+03 1.109330761718750000e+04 1.108876854680334145e+04
1.406997685285285115e+03 1.108852246093750000e+04 1.108883915790503306e+04
1.407018118535634130e+03 1.108947460937500000e+04 1.108890142135240239e+04
1.407038551586680114e+03 1.108756347656250000e+04 1.108895560487503826e+04
1.407058984737377614e+03 1.109125781250000000e+04 1.108900197790663697e+04
1.407079417988657951e+03 1.109014746093750000e+04 1.108904080891898775e+04
1.407099851039703935e+03 1.108744726562500000e+04 1.108907236597679002e+04
1.407120284191332757e+03 1.108639453125000000e+04 1.108909691817970634e+04
1.407140717442613095e+03 1.108473828125000000e+04 1.108911473400814066e+04
1.407161150494590402e+03 1.109337695312500000e+04 1.108912608183194061e+04
1.407181583746802062e+03 1.108999023437500000e+04 1.108913123045684915e+04
1.407202016898896545e+03 1.108307324218750000e+04 1.108913044834483844e+04
1.407222450051456690e+03 1.108976367187500000e+04 1.108912400411843555e+04
1.407242883204016834e+03 1.109366796875000000e+04 1.108911216636017343e+04
1.407263316356576979e+03 1.108245703125000000e+04 1.108909520365261415e+04
1.407283749509602785e+03 1.109167480468750000e+04 1.108907338457777587e+04
1.407304182762745768e+03 1.107558984375000000e+04 1.108904697757838767e+04
1.407324615816120058e+03 1.109045800781250000e+04 1.108901625165685618e+04
1.407345049069728702e+03 1.108395214843750000e+04 1.108898147479589170e+04
1.407365482223685831e+03 1.109481250000000000e+04 1.108894291605925355e+04
1.407385915277525783e+03 1.109597753906250000e+04 1.108890084408393886e+04
1.407406348531600088e+03 1.109966699218750000e+04 1.108885552680963701e+04
1.407426781686022878e+03 1.108328906250000000e+04 1.108880723346076775e+04
1.407447214740794152e+03 1.108297753906250000e+04 1.108875623266156254e+04
1.407467647995334119e+03 1.108849804687500000e+04 1.108870279222872705e+04
1.407488081150222570e+03 1.108628808593750000e+04 1.108864718151074885e+04
1.407508514205459505e+03 1.108529980468750000e+04 1.108858966912007054e+04
1.407528947460930794e+03 1.109622070312500000e+04 1.108853052278257383e+04
1.407549380616284907e+03 1.107657031250000000e+04 1.108847001193898177e+04
1.407569813772104681e+03 1.108350781250000000e+04 1.108840840488454342e+04
1.407590246927924454e+03 1.109307910156250000e+04 1.108834597020332512e+04
1.407610680083744228e+03 1.109055273437500000e+04 1.108828297647802174e+04
1.407631113240029663e+03 1.108016210937500000e+04 1.108821969228988746e+04
1.407651546396780759e+03 1.109458789062500000e+04 1.108815638622162624e+04
1.407671979553531855e+03 1.108963183593750000e+04 1.108809332685741538e+04
1.407692412710282952e+03 1.110975585937500000e+04 1.108803078277998975e+04
1.407712845867499709e+03 1.107689550781250000e+04 1.108796902257068359e+04
1.407733279124833643e+03 1.109402832031250000e+04 1.108790831451925078e+04
1.407753712181933224e+03 1.109876660156250000e+04 1.108784892809174562e+04
1.407774145339615643e+03 1.108857128906250000e+04 1.108779113098631933e+04
1.407794578597415239e+03 1.109728808593750000e+04 1.108773519181246047e+04
1.407815011655446142e+03 1.109120996093750000e+04 1.108768137995901270e+04
1.407835444814059883e+03 1.107926171875000000e+04 1.108762996320163984e+04
1.407855878072325140e+03 1.108648242187500000e+04 1.108758121016266705e+04
1.407876311230938882e+03 1.108421679687500000e+04 1.108753538990152083e+04
1.407896744289901108e+03 1.108493750000000000e+04 1.108749277095614161e+04
1.407917177548632026e+03 1.108657910156250000e+04 1.108745362130965623e+04
1.407937610708177090e+03 1.107879589843750000e+04 1.108741821014396555e+04
1.407958043867256492e+03 1.108848437500000000e+04 1.108738680584391113e+04
1.407978477027267218e+03 1.109187207031250000e+04 1.108735967699032517e+04
1.407998910186812282e+03 1.109303710937500000e+04 1.108733709216805801e+04
1.408019343446940184e+03 1.108894140625000000e+04 1.108731931988408905e+04
1.408039776506833732e+03 1.108479394531250000e+04 1.108730662894640773e+04
1.408060209667310119e+03 1.108535253906250000e+04 1.108729928771320556e+04
1.408080642927903682e+03 1.108086816406250000e+04 1.108729756484833706e+04
1.408101075988728553e+03 1.107378320312500000e+04 1.108730172891755683e+04
1.408121509249787778e+03 1.108390039062500000e+04 1.108731204858723868e+04
1.408141942410729825e+03 1.108911914062500000e+04 1.108732879233449057e+04
1.408162375472486019e+03 1.108749511718750000e+04 1.108735222864702882e+04
1.408182808734010905e+03 1.108756835937500000e+04 1.108738262650141041e+04
1.408203241895418614e+03 1.109855371093750000e+04 1.108742025408600239e+04
1.408223674957640469e+03 1.108392382812500000e+04 1.108746537987771262e+04
1.408244108219631016e+03 1.109087402343750000e+04 1.108751827317638890e+04
1.408264541281852871e+03 1.107085351562500000e+04 1.108757920152899169e+04
1.408284974444657564e+03 1.107846582031250000e+04 1.108764843435492367e+04
1.408305407707113773e+03 1.108442480468750000e+04 1.108772624035802437e+04
1.408325840770266950e+03 1.110342285156250000e+04 1.108781288691888403e+04
1.408346274033188820e+03 1.108387304687500000e+04 1.108790864431480259e+04
1.408366707196924835e+03 1.107926660156250000e+04 1.108801377979569224e+04
1.408387140360195190e+03 1.108968261718750000e+04 1.108812856238433233e+04
1.408407573523931205e+03 1.110445214843750000e+04 1.108825326066895650e+04
1.408428006688132882e+03 1.108782812500000000e+04 1.108838814323326187e+04
1.408448439851868898e+03 1.108175781250000000e+04 1.108853347865411524e+04
1.408468873016536236e+03 1.108960351562500000e+04 1.108868953552484163e+04
1.408489306180737913e+03 1.108784179687500000e+04 1.108885658241817873e+04
1.408509739445522428e+03 1.108843457031250000e+04 1.108903488882644342e+04
1.408530172610655427e+03 1.109560058593750000e+04 1.108922472158726305e+04
1.408550605675671250e+03 1.109570019531250000e+04 1.108942634910835113e+04
1.408571038940921426e+03 1.109367285156250000e+04 1.108964004302456124e+04
1.408591472106520087e+03 1.108101367187500000e+04 1.108986606318208396e+04
1.408611905172001570e+03 1.109271191406250000e+04 1.109010433070663930e+04
1.408632338437717408e+03 1.109155566406250000e+04 1.109035424095172675e+04
1.408652771603781730e+03 1.109000878906250000e+04 1.109061513653480142e+04
1.408673204670194536e+03 1.110440039062500000e+04 1.109088636350076376e+04
1.408693637936841697e+03 1.109540332031250000e+04 1.109116727210418685e+04
1.408714071103371680e+03 1.109788183593750000e+04 1.109145720448630163e+04
1.408734504370484501e+03 1.109822070312500000e+04 1.109175550968906282e+04
1.408754937437362969e+03 1.108679101562500000e+04 1.109206152946357906e+04
1.408775370604824275e+03 1.109286621093750000e+04 1.109237461446098132e+04
1.408795803871937096e+03 1.109616406250000000e+04 1.109269411096678596e+04
1.408816236939746886e+03 1.110108300781250000e+04 1.109301936046353512e+04
1.408836670107673854e+03 1.110226464843750000e+04 1.109334971387772021e+04
1.408857103275600821e+03 1.108936230468750000e+04 1.109368451582994203e+04
1.408877536443993449e+03 1.109231347656250000e+04 1.109402311252864092e+04
1.408897969612386078e+03 1.108413964843750000e+04 1.109436485016686493e+04
1.408918402781244367e+03 1.109181640625000000e+04 1.109470907495313077e+04
1.408938835950102657e+03 1.110353222656250000e+04 1.109505513308026275e+04
1.408959269219078124e+03 1.110109179687500000e+04 1.109540237245205208e+04
1.408979702288284898e+03 1.108902636718750000e+04 1.109575013416743241e+04
1.409000135457608849e+03 1.109940234375000000e+04 1.109609776952863467e+04
1.409020568727515638e+03 1.109643847656250000e+04 1.109644462473740714e+04
1.409041001797188073e+03 1.109222265625000000e+04 1.109679004089680166e+04
1.409061434966977686e+03 1.109492187500000000e+04 1.109713336929684738e+04
1.409081868237350136e+03 1.109480761718750000e+04 1.109747395611025058e+04
1.409102301408071071e+03 1.108388281250000000e+04 1.109781114419703226e+04
1.409122734578326344e+03 1.109200488281250000e+04 1.109814428141830649e+04
1.409143167749512941e+03 1.110707617187500000e+04 1.109847271399710371e+04
1.409163600920233876e+03 1.109750488281250000e+04 1.109879578811121974e+04
1.409184034191537648e+03 1.109575488281250000e+04 1.109911285151347693e+04
1.409204467263072729e+03 1.110240820312500000e+04 1.109942324579064552e+04
1.409224900434724987e+03 1.110804101562500000e+04 1.109972632174892169e+04
1.409245333706494421e+03 1.109482226562500000e+04 1.110002142547622134e+04
1.409265766778495163e+03 1.111147265625000000e+04 1.110030789890334199e+04
1.409286199950613081e+03 1.109883789062500000e+04 1.110058509249969211e+04
1.409306633223313838e+03 1.109214843750000000e+04 1.110085235233030107e+04
1.409327066295780241e+03 1.109935644531250000e+04 1.110110902073670695e+04
1.409347499568480998e+03 1.110075976562500000e+04 1.110135444894533066e+04
1.409367932741530240e+03 1.110807421875000000e+04 1.110158797946976847e+04
1.409388365814927965e+03 1.110055078125000000e+04 1.110180895868905100e+04
1.409408799088560045e+03 1.110495703125000000e+04 1.110201673595065586e+04
1.409429232262074947e+03 1.109523242187500000e+04 1.110221065430193448e+04
1.409449665335938334e+03 1.110652246093750000e+04 1.110239006015545601e+04
1.409470098610036075e+03 1.109646191406250000e+04 1.110255430223401709e+04
1.409490531784016639e+03 1.109945898437500000e+04 1.110270272421043956e+04
1.409510964958462864e+03 1.110827832031250000e+04 1.110283467313006622e+04
1.409531398132909089e+03 1.110199121093750000e+04 1.110294949518938301e+04
1.409551831307820976e+03 1.111732324218750000e+04 1.110304653659045289e+04
1.409572264482732862e+03 1.110175097656250000e+04 1.110312514353046936e+04
1.409592697658110410e+03 1.110831835937500000e+04 1.110318466221058043e+04
1.409633564009331167e+03 1.110356152343750000e+04 1.110324381958513186e+04
1.409653997185174376e+03 1.109639550781250000e+04 1.110324215067853584e+04
1.409674430361017585e+03 1.109810058593750000e+04 1.110321877830887024e+04
1.409694863637443632e+03 1.110358007812500000e+04 1.110317304839485223e+04
1.409715296713635325e+03 1.110534960937500000e+04 1.110310430797635127e+04
1.409735729990527034e+03 1.109161035156250000e+04 1.110301190189935369e+04
1.409756163167301565e+03 1.109482031250000000e+04 1.110289517754774170e+04
1.409776596243958920e+03 1.110156152343750000e+04 1.110275348148362536e+04
1.409797029521316290e+03 1.110817480468750000e+04 1.110258615763315538e+04
1.409817462699022144e+03 1.109819531250000000e+04 1.110239255446390780e+04
1.409837895776610821e+03 1.110280273437500000e+04 1.110217201857025429e+04
1.409858329054433852e+03 1.111068457031250000e+04 1.110192389270905551e+04
1.409878762232139707e+03 1.111462890625000000e+04 1.110164752652293464e+04
1.409899195510428399e+03 1.110095605468750000e+04 1.110134226348915399e+04
1.409919628588948399e+03 1.110344238281250000e+04 1.110100745450809336e+04
1.409940061767585576e+03 1.109850000000000000e+04 1.110064244108334969e+04
1.409960495046339929e+03 1.109370605468750000e+04 1.110024656896582019e+04
1.409980928125325590e+03 1.109615429687500000e+04 1.109981919039401510e+04
1.410001361304428428e+03 1.109974609375000000e+04 1.109935964552724545e+04
1.410021794584114105e+03 1.109248828125000000e+04 1.109886728007592319e+04
1.410042227663565427e+03 1.109748242187500000e+04 1.109834144773147273e+04
1.410062660843599588e+03 1.110118066406250000e+04 1.109778148719854289e+04
1.410083094123750925e+03 1.109627832031250000e+04 1.109718674418183036e+04
1.410103527203667909e+03 1.110277734375000000e+04 1.109655657388188229e+04
1.410123960484284908e+03 1.108382812500000000e+04 1.109589031012761552e+04
1.410144393664784729e+03 1.109177246093750000e+04 1.109518730865912949e+04
1.410164826845750213e+03 1.108760546875000000e+04 1.109444691248303570e+04
1.410185260026715696e+03 1.110220312500000000e+04 1.109366846781436834e+04
1.410205693108029664e+03 1.109525683593750000e+04 1.109285132493316996e+04
1.410226126289460808e+03 1.109421875000000000e+04 1.109199482205119421e+04
1.410246559571009129e+03 1.108934765625000000e+04 1.109109830478452022e+04
1.410266992752905935e+03 1.109207324218750000e+04 1.109016112809338665e+04
1.410287425934802741e+03 1.109361523437500000e+04 1.108918263390297943e+04
1.410307859117165208e+03 1.108904492187500000e+04 1.108816216838890796e+04
