9.971415152573026717e+02 4.060592500000000000e+05 4.060402591599447769e+05
9.971619482948444784e+02 4.060885625000000000e+05 4.060406044191463152e+05
9.971823812327347696e+02 4.060785937500000000e+05 4.060409519828564371e+05
9.972028140705078840e+02 4.060841875000000000e+05 4.060413018100117915e+05
9.972232471080496907e+02 4.060176875000000000e+05 4.060416538647417910e+05
9.972436800459399819e+02 4.060402500000000000e+05 4.060420081008819398e+05
9.972641128841787577e+02 4.060119375000000000e+05 4.060423644773793640e+05
9.972845459217205644e+02 4.060178125000000000e+05 4.060427229584419401e+05
9.973049788600765169e+02 4.060152812500000000e+05 4.060430834978267085e+05
9.973254117979668081e+02 4.060500625000000000e+05 4.060434460562390741e+05
9.973458447363227606e+02 4.060123437500000000e+05 4.060438105926738353e+05
9.973662775745615363e+02 4.060705625000000000e+05 4.060441770643009804e+05
9.973867106130346656e+02 4.060144375000000000e+05 4.060445454354997491e+05
9.974071435513906181e+02 4.060414687500000000e+05 4.060449156598479603e+05
9.974275764897465706e+02 4.060750937500000000e+05 4.060452876981238951e+05
9.974480094285681844e+02 4.060814687500000000e+05 4.060456615093150176e+05
9.974684423669241369e+02 4.060600312500000000e+05 4.060460370523823658e+05
9.974888753057457507e+02 4.060596250000000000e+05 4.060464142863218440e+05
9.975093082445673645e+02 4.060483750000000000e+05 4.060467931701031048e+05
9.975297411833889782e+02 4.060528437500000000e+05 4.060471736627047067e+05
9.975501742223277688e+02 4.060635312500000000e+05 4.060475557249807753e+05
9.975706071611493826e+02 4.060563750000000000e+05 4.060479393121656030e+05
9.975910400003194809e+02 4.060199062500000000e+05 4.060483243832243606e+05
9.976114730392582715e+02 4.060844375000000000e+05 4.060487109027888509e+05
9.976319059785455465e+02 4.060437187500000000e+05 4.060490988241841551e+05
9.976523388177156448e+02 4.060468750000000000e+05 4.060494881063597277e+05
9.976727718571200967e+02 4.060926250000000000e+05 4.060498787140257191e+05
9.976932047964073718e+02 4.060504687500000000e+05 4.060502706004288048e+05
9.977136378358118236e+02 4.060460000000000000e+05 4.060506637283872114e+05
9.977340706754475832e+02 4.060540000000000000e+05 4.060510580511008156e+05
9.977545036152005196e+02 4.060548125000000000e+05 4.060514535333266249e+05
9.977749366546049714e+02 4.060035625000000000e+05 4.060518501340508228e+05
9.977953694942407310e+02 4.060338437500000000e+05 4.060522478064321331e+05
9.978158024339936674e+02 4.060298125000000000e+05 4.060526465152777382e+05
9.978362354738637805e+02 4.060399687500000000e+05 4.060530462195809232e+05
9.978566683139652014e+02 4.060735312500000000e+05 4.060534468724468607e+05
9.978771012537181377e+02 4.060477500000000000e+05 4.060538484387183562e+05
9.978975341939367354e+02 4.060374687500000000e+05 4.060542508754309383e+05
9.979179671341553330e+02 4.060743125000000000e+05 4.060546541415541433e+05
9.979384001744911075e+02 4.060903437500000000e+05 4.060550581980481511e+05
9.979588330145925283e+02 4.060447187500000000e+05 4.060554629979461315e+05
9.979792659548111260e+02 4.060073750000000000e+05 4.060558685061717988e+05
9.979996989956125617e+02 4.060335312500000000e+05 4.060562746817226871e+05
9.980201318357139826e+02 4.059971250000000000e+05 4.060566814775837120e+05
9.980405647763982415e+02 4.060458750000000000e+05 4.060570888587269001e+05
9.980609978171996772e+02 4.060321875000000000e+05 4.060574967841298785e+05
9.980814307578839362e+02 4.060577812500000000e+05 4.060579052087730961e+05
9.981018635984510183e+02 4.060588125000000000e+05 4.060583140916281845e+05
9.981222966392524540e+02 4.060814062500000000e+05 4.060587233976870775e+05
9.981427295804023743e+02 4.060311562500000000e+05 4.060591330799239222e+05
9.981631625210866332e+02 4.060329375000000000e+05 4.060595430993031478e+05
9.981835954622365534e+02 4.060432187500000000e+05 4.060599534148216480e+05
9.982040284033864737e+02 4.060451875000000000e+05 4.060603639854487265e+05
9.982244613445363939e+02 4.060489687500000000e+05 4.060607747701625922e+05
9.982448942856863141e+02 4.060661562500000000e+05 4.060611857279419200e+05
9.982653272273018956e+02 4.060038437500000000e+05 4.060615968177743489e+05
9.982857602685689926e+02 4.060488750000000000e+05 4.060620080006343778e+05
9.983061931100673974e+02 4.060410000000000000e+05 4.060624192294748500e+05
9.983266260516829789e+02 4.060675000000000000e+05 4.060628304693091195e+05
9.983470590934157372e+02 4.060833750000000000e+05 4.060632416791155702e+05
9.983674919349141419e+02 4.060237187500000000e+05 4.060636528118285351e+05
9.983879249766469002e+02 4.060516875000000000e+05 4.060640638344839681e+05
9.984083579187281430e+02 4.060546250000000000e+05 4.060644747000273201e+05
9.984287907606922090e+02 4.060793437500000000e+05 4.060648853674298152e+05
9.984492238024249673e+02 4.060993750000000000e+05 4.060652958016957855e+05
9.984696567445062101e+02 4.060625312500000000e+05 4.060657059557872126e+05
9.984900895864702761e+02 4.060120937500000000e+05 4.060661157886775909e+05
9.985105226286686957e+02 4.060570937500000000e+05 4.060665252653671196e+05
9.985309555712155998e+02 4.060820000000000000e+05 4.060669343388219131e+05
9.985513885132968426e+02 4.060795000000000000e+05 4.060673429700088454e+05
9.985718214558437467e+02 4.060678125000000000e+05 4.060677511179249268e+05
9.985922543983906507e+02 4.060320000000000000e+05 4.060681587415393442e+05
9.986126873409375548e+02 4.060969062500000000e+05 4.060685657998305978e+05
9.986331202834844589e+02 4.060705625000000000e+05 4.060689722517768969e+05
9.986535532260313630e+02 4.060840937500000000e+05 4.060693780563568580e+05
9.986739861690439284e+02 4.061177500000000000e+05 4.060697831725580618e+05
9.986944191120564938e+02 4.060670312500000000e+05 4.060701875593495788e+05
9.987148520546033978e+02 4.060922812500000000e+05 4.060705911757007707e+05
9.987352850977331400e+02 4.060180000000000000e+05 4.060709939825800247e+05
9.987557179410941899e+02 4.060982812500000000e+05 4.060713959330508369e+05
9.987761509842239320e+02 4.060689062500000000e+05 4.060717969939509640e+05
9.987965839272364974e+02 4.060915625000000000e+05 4.060721971183661371e+05
9.988170167705975473e+02 4.060736875000000000e+05 4.060725962652977323e+05
9.988374498137272894e+02 4.061212187500000000e+05 4.060729943995659123e+05
9.988578827572055161e+02 4.060700937500000000e+05 4.060733914743073401e+05
9.988783156010322273e+02 4.060740937500000000e+05 4.060737874485163484e+05
9.988987486446276307e+02 4.060690000000000000e+05 4.060741822869653115e+05
9.989191815881058574e+02 4.060945312500000000e+05 4.060745759428297170e+05
9.989396144319325686e+02 4.060770000000000000e+05 4.060749683751143748e+05
9.989600474755279720e+02 4.061000937500000000e+05 4.060753595485391561e+05
9.989804804194718599e+02 4.060774375000000000e+05 4.060757494163410156e+05
9.990009134635329247e+02 4.060917187500000000e+05 4.060761379413094837e+05
9.990213463073596358e+02 4.060695625000000000e+05 4.060765250767221441e+05
9.990417792517691851e+02 4.060958437500000000e+05 4.060769107872669701e+05
9.990622122958302498e+02 4.060871250000000000e+05 4.060772950318835210e+05
9.990826451401226223e+02 4.060701562500000000e+05 4.060776777639306383e+05
9.991030780845321715e+02 4.060791250000000000e+05 4.060780589480153285e+05
9.991235111290588975e+02 4.060905937500000000e+05 4.060784385430924594e+05
9.991439439733512700e+02 4.060814062500000000e+05 4.060788165025729686e+05
9.991643769177608192e+02 4.061336562500000000e+05 4.060791927910028026e+05
9.991848098626360297e+02 4.061112187500000000e+05 4.060795673655131832e+05
9.992052429071627557e+02 4.060846875000000000e+05 4.060799401868876303e+05
9.992256758520379663e+02 4.060623437500000000e+05 4.060803112104681204e+05
9.992665416416712105e+02 4.060860000000000000e+05 4.060810477038329118e+05
9.992869746866635978e+02 4.061190937500000000e+05 4.060814130951642292e+05
9.993074076320044696e+02 4.060865625000000000e+05 4.060817765246508643e+05
9.993278404772281647e+02 4.061008125000000000e+05 4.060821379512920976e+05
9.993482735222205520e+02 4.061025000000000000e+05 4.060824973393555847e+05
9.993687064675614238e+02 4.060918437500000000e+05 4.060828546425388195e+05
9.993891394129022956e+02 4.060551875000000000e+05 4.060832098215775331e+05
9.994095723587088287e+02 4.060688750000000000e+05 4.060835628354583168e+05
9.994300053040497005e+02 4.060700625000000000e+05 4.060839136431435472e+05
9.994504383495077491e+02 4.060944375000000000e+05 4.060842622053218074e+05
9.994708711951971054e+02 4.060825937500000000e+05 4.060846084758725483e+05
9.994913041410036385e+02 4.060960937500000000e+05 4.060849524188732612e+05
9.995117371869273484e+02 4.035085312500000000e+05 4.060852939932675217e+05
9.995321700330823660e+02 4.004209687500000000e+05 4.060856331530383904e+05
9.995526029788888991e+02 4.012651875000000000e+05 4.060859698621518328e+05
9.995730360248126090e+02 4.053776250000000000e+05 4.060863040795580018e+05
9.995934688709676266e+02 4.060388750000000000e+05 4.060866357593483408e+05
9.996139019173569977e+02 4.061162812500000000e+05 4.060869648669941816e+05
9.996343348636291921e+02 4.061091562500000000e+05 4.060872913566169445e+05
9.996547677102498710e+02 4.061033437500000000e+05 4.060876151872414630e+05
9.996752007566392422e+02 4.060970312500000000e+05 4.060879363225715933e+05
9.996956337029114366e+02 4.060618750000000000e+05 4.060882547168528545e+05
9.997160666496492922e+02 4.060532187500000000e+05 4.060885703306507785e+05
9.997364995963871479e+02 4.060535625000000000e+05 4.060888831229365896e+05
9.997569325431250036e+02 4.060894687500000000e+05 4.060891930526887299e+05
9.997773654898628592e+02 4.060983750000000000e+05 4.060895000788854086e+05
9.997977984370663762e+02 4.060833750000000000e+05 4.060898041605121689e+05
9.998182313838042319e+02 4.061168437500000000e+05 4.060901052565333666e+05
9.998386643310077488e+02 4.061257500000000000e+05 4.060904033259411226e+05
9.998590972782112658e+02 4.061085000000000000e+05 4.060906983277070103e+05
9.998795302254147828e+02 4.060982187500000000e+05 4.060909902208094136e+05
9.998999631726182997e+02 4.061034687500000000e+05 4.060912789642266580e+05
9.999203961202874780e+02 4.060643125000000000e+05 4.060915645169436466e+05
9.999408290674909949e+02 4.060809375000000000e+05 4.060918468379257829e+05
9.999612621152773499e+02 4.060901562500000000e+05 4.060921258875234053e+05
9.999816949628293514e+02 4.060693125000000000e+05 4.060924016206309898e+05
1.000002127910498530e+03 4.061304687500000000e+05 4.060926740003044833e+05
1.000022560958284885e+03 4.061006250000000000e+05 4.060929429854726186e+05
1.000042993806302547e+03 4.060971250000000000e+05 4.060932085311909905e+05
1.000063426854088902e+03 4.061067187500000000e+05 4.060934706016302807e+05
1.000083859802223742e+03 4.060820000000000000e+05 4.060937291519028367e+05
1.000104292650241405e+03 4.060703750000000000e+05 4.060939841410329682e+05
1.000124725698493421e+03 4.061139687500000000e+05 4.060942355317210313e+05
1.000145158646628261e+03 4.060871562500000000e+05 4.060944832792235538e+05
1.000165591495111585e+03 4.061177187500000000e+05 4.060947273425782332e+05
1.000186024543363601e+03 4.060948750000000000e+05 4.060949676843126072e+05
1.000206457491964102e+03 4.060564062500000000e+05 4.060952042598557891e+05
1.000226890540681779e+03 4.060918437500000000e+05 4.060954370304985205e+05
1.000247323389165103e+03 4.060822187500000000e+05 4.060956659518256783e+05
1.000267756338231266e+03 4.061082187500000000e+05 4.060958909862142755e+05
1.000288189386948943e+03 4.061005937500000000e+05 4.060961120925750583e+05
1.000308622235897928e+03 4.060824375000000000e+05 4.060963292266751523e+05
1.000329055184964091e+03 4.060869062500000000e+05 4.060965423507092637e+05
1.000349488233681768e+03 4.061165625000000000e+05 4.060967514235913986e+05
1.000369921083096415e+03 4.060892500000000000e+05 4.060969564012711635e+05
1.000390354032162577e+03 4.060987812500000000e+05 4.060971572457558359e+05
1.000410787081345916e+03 4.060707187500000000e+05 4.060973539159675711e+05
1.000431220030877739e+03 4.060610937500000000e+05 4.060975463689616299e+05
1.000451652980409563e+03 4.060791875000000000e+05 4.060977345646856120e+05
1.000472085929941386e+03 4.060760000000000000e+05 4.060979184621180757e+05
1.000492518879473209e+03 4.060852187500000000e+05 4.060980980202373466e+05
1.000512951829005033e+03 4.061092500000000000e+05 4.060982731980216922e+05
1.000533384779002517e+03 4.060806250000000000e+05 4.060984439544534544e+05
1.000553817628882825e+03 4.060717500000000000e+05 4.060986102477031527e+05
1.000574250678997487e+03 4.061072812500000000e+05 4.060987720391605399e+05
1.000594683628994972e+03 4.060828125000000000e+05 4.060989292853925144e+05
1.000615116478875279e+03 4.061141250000000000e+05 4.060990819454448065e+05
1.000635549528989941e+03 4.060706562500000000e+05 4.060992299805055372e+05
1.000655982479453087e+03 4.061103437500000000e+05 4.060993733473464381e+05
1.000676415529567748e+03 4.060811250000000000e+05 4.060995120063438080e+05
1.000696848380379379e+03 4.060960937500000000e+05 4.060996459144818946e+05
1.000717281330842525e+03 4.061327812500000000e+05 4.060997750327332178e+05
1.000737714381422848e+03 4.060818125000000000e+05 4.060998993200084660e+05
1.000758147232234478e+03 4.061402187500000000e+05 4.061000187334973598e+05
1.000778580182697624e+03 4.060947812500000000e+05 4.061001332339643268e+05
1.000799013233743608e+03 4.061041875000000000e+05 4.061002427803202299e+05
1.000819446084555238e+03 4.061174375000000000e+05 4.061003473299670732e+05
1.000839879135601223e+03 4.061123437500000000e+05 4.061004468439322663e+05
1.000860312086530030e+03 4.060725000000000000e+05 4.061005412796940655e+05
1.000880744937807322e+03 4.061179062500000000e+05 4.061006305963079212e+05
1.000901177989318967e+03 4.061147812500000000e+05 4.061007147540250444e+05
1.000921610940247774e+03 4.060797500000000000e+05 4.061007937105467427e+05
1.000942043892107904e+03 4.061302187500000000e+05 4.061008674252820201e+05
1.000962476843502373e+03 4.061044062500000000e+05 4.061009358572037891e+05
1.000982909794896841e+03 4.061069687500000000e+05 4.061009989652921213e+05
1.001003342746756971e+03 4.061066562500000000e+05 4.061010567085267976e+05
1.001023775698617101e+03 4.061100000000000000e+05 4.061011090458844556e+05
1.001044208650477231e+03 4.061247187500000000e+05 4.061011559363438282e+05
1.001064641701988876e+03 4.060836875000000000e+05 4.061011973390713683e+05
1.001085074654314667e+03 4.061023437500000000e+05 4.061012332126423134e+05
1.001105507506523281e+03 4.061020000000000000e+05 4.061012635161147336e+05
1.001125940558500588e+03 4.061156562500000000e+05 4.061012882088705665e+05
1.001146373510826379e+03 4.061248750000000000e+05 4.061013072494852822e+05
1.001166806363034993e+03 4.061091250000000000e+05 4.061013205970195122e+05
1.001187239415477961e+03 4.060972187500000000e+05 4.061013282106063562e+05
1.001207672268152237e+03 4.060925625000000000e+05 4.061013300490748370e+05
1.001228105220478028e+03 4.061099375000000000e+05 4.061013260714728967e+05
1.001248538273386657e+03 4.061096250000000000e+05 4.061013162366928882e+05
1.001268971126060933e+03 4.061071250000000000e+05 4.061013005039010895e+05
1.001289404178969562e+03 4.060858437500000000e+05 4.061012788317671511e+05
1.001309837131761014e+03 4.061262812500000000e+05 4.061012511795443133e+05
1.001330269984900951e+03 4.061220937500000000e+05 4.061012175062983297e+05
1.001350703037809581e+03 4.061240625000000000e+05 4.061011777704693959e+05
1.001371135991066694e+03 4.061020625000000000e+05 4.061011319315738510e+05
1.001391568844206631e+03 4.060888437500000000e+05 4.061010799486807082e+05
1.001412001897580922e+03 4.060832187500000000e+05 4.061010217799588572e+05
1.001432434851303697e+03 4.060936562500000000e+05 4.061009573851947207e+05
1.001452867904677987e+03 4.061076250000000000e+05 4.061008867227379233e+05
1.001473300758283585e+03 4.060999375000000000e+05 4.061008097526486963e+05
1.001493733712006360e+03 4.060821562500000000e+05 4.061007264328218298e+05
1.001514166765846312e+03 4.061100625000000000e+05 4.061006367221421096e+05
1.001534599619451910e+03 4.061179375000000000e+05 4.061005405809538206e+05
1.001555032573640347e+03 4.061102187500000000e+05 4.061004379668670008e+05
1.001575465627480298e+03 4.061082500000000000e+05 4.061003288387692301e+05
1.001595898581668735e+03 4.061150625000000000e+05 4.061002131567031611e+05
1.001616331435739994e+03 4.060901562500000000e+05 4.061000908797461307e+05
1.001636764490045607e+03 4.060771875000000000e+05 4.060999619650304085e+05
1.001657197444699705e+03 4.061157812500000000e+05 4.060998263733772910e+05
1.001677630398888141e+03 4.061099062500000000e+05 4.060996840631560190e+05
1.001698063353542238e+03 4.060760000000000000e+05 4.060995349933382822e+05
1.001718496308196336e+03 4.060928750000000000e+05 4.060993791229056660e+05
1.001738929262850434e+03 4.060626562500000000e+05 4.060992164108366705e+05
1.001759362217504531e+03 4.061204375000000000e+05 4.060990468161095632e+05
1.001779795172624290e+03 4.060714062500000000e+05 4.060988702976984787e+05
1.001800228227395564e+03 4.060911562500000000e+05 4.060986868136737030e+05
1.001820661082863808e+03 4.060944375000000000e+05 4.060984963257493218e+05
1.001841094037983567e+03 4.061160312500000000e+05 4.060982987901678425e+05
1.001861526993103325e+03 4.060972812500000000e+05 4.060980941668197047e+05
1.001881959948223084e+03 4.060799375000000000e+05 4.060978824146832339e+05
1.001902393003925681e+03 4.060888437500000000e+05 4.060976634916412295e+05
1.001922825859393924e+03 4.060804687500000000e+05 4.060974373599478859e+05
1.001943258814979345e+03 4.060817500000000000e+05 4.060972039753103163e+05
1.001963691870681942e+03 4.060984687500000000e+05 4.060969632966003846e+05
1.001984124726150185e+03 4.030995937500000000e+05 4.060967152863878873e+05
1.002004557682201266e+03 4.003900937500000000e+05 4.060964599000534508e+05
1.002024990737903863e+03 4.015291562500000000e+05 4.060961970964786015e+05
1.002045423593837768e+03 4.056298125000000000e+05 4.060959268385472824e+05
1.002065856650006026e+03 4.060628125000000000e+05 4.060956490799466847e+05
1.002086289606522769e+03 4.060778125000000000e+05 4.060953637836761773e+05
1.002106722462456673e+03 4.061126250000000000e+05 4.060950709088382428e+05
1.002127155519090593e+03 4.061359687500000000e+05 4.060947704100369010e+05
1.002147588475607336e+03 4.060573125000000000e+05 4.060944622506179730e+05
1.002168021432124078e+03 4.060320312500000000e+05 4.060941463881062809e+05
1.002188454388640821e+03 4.061413437500000000e+05 4.060938227814799175e+05
1.002208887345157564e+03 4.061059375000000000e+05 4.060934913897174993e+05
1.002249753259122372e+03 4.060926250000000000e+05 4.060928050866813865e+05
1.002270186216104776e+03 4.060696250000000000e+05 4.060924500933718518e+05
1.002290619273204356e+03 4.061128750000000000e+05 4.060920871490412392e+05
1.002311052230186760e+03 4.060774687500000000e+05 4.060917162162243621e+05
1.002331485087517649e+03 4.060930312500000000e+05 4.060913372540086275e+05
1.002351918144617230e+03 4.060512500000000000e+05 4.060909502157598035e+05
1.002372351102065295e+03 4.060971875000000000e+05 4.060905550660685403e+05
1.002392783959861845e+03 4.060856875000000000e+05 4.060901517640318489e+05
1.002413217017427087e+03 4.061064375000000000e+05 4.060897402626582189e+05
1.002433649974875152e+03 4.061250625000000000e+05 4.060893205269052414e+05
1.002454082832671702e+03 4.060868125000000000e+05 4.060888925158630009e+05
1.002474515890702605e+03 4.060853437500000000e+05 4.060884561821663519e+05
1.002494948748499155e+03 4.060420937500000000e+05 4.060880114933458390e+05
1.002515381806530058e+03 4.061192187500000000e+05 4.060875583996641217e+05
1.002535814764909446e+03 4.060553750000000000e+05 4.060870968666868284e+05
1.002556247623171657e+03 4.060611250000000000e+05 4.060866268535272102e+05
1.002576680681202561e+03 4.061154687500000000e+05 4.060861483122030040e+05
1.002597113639581949e+03 4.060917500000000000e+05 4.060856612086421228e+05
1.002617546498309821e+03 4.060868750000000000e+05 4.060851655019486789e+05
1.002637979556806386e+03 4.060761250000000000e+05 4.060846611437734100e+05
1.002658412515651435e+03 4.060959375000000000e+05 4.060841481004218222e+05
1.002678845574147999e+03 4.060821875000000000e+05 4.060836263258674298e+05
1.002699278433341533e+03 4.060738750000000000e+05 4.060830957867867546e+05
1.002719711392186582e+03 4.060688125000000000e+05 4.060825564344598679e+05
1.002740144451148808e+03 4.060894687500000000e+05 4.060820082277234760e+05
1.002760577310342342e+03 4.060911562500000000e+05 4.060814511336666183e+05
1.002781010269653052e+03 4.060692500000000000e+05 4.060808851031563245e+05
1.002801443328615278e+03 4.060870312500000000e+05 4.060803100950526423e+05
1.002821876288391650e+03 4.061317187500000000e+05 4.060797260739288758e+05
1.002842309147585183e+03 4.060759062500000000e+05 4.060791329989357619e+05
1.002862742207478732e+03 4.061065000000000000e+05 4.060785308202400338e+05
1.002883175166789442e+03 4.060729062500000000e+05 4.060779195056319586e+05
1.002903608126565814e+03 4.060915625000000000e+05 4.060772990111339604e+05
1.002924041086807847e+03 4.060832500000000000e+05 4.060766692957234336e+05
1.002944474046584219e+03 4.060625000000000000e+05 4.060760303184076911e+05
1.002964907106477767e+03 4.060794687500000000e+05 4.060753820349513553e+05
1.002985339966602623e+03 4.060685000000000000e+05 4.060747244139156537e+05
