1.338301898591220379e+03 4.031933437500000000e+05 4.032056189535918529e+05
1.338322331629227847e+03 4.032168750000000000e+05 4.032055722452590126e+05
1.338342764466535300e+03 4.032088437500000000e+05 4.032055255273133516e+05
1.338363197404425591e+03 4.032309687500000000e+05 4.032054788031209027e+05
1.338383630441967398e+03 4.032158750000000000e+05 4.032054320767376921e+05
1.338404063279740512e+03 4.031731250000000000e+05 4.032053853529030457e+05
1.338424496217165142e+03 4.032027812500000000e+05 4.032053386349864304e+05
1.338444929254706949e+03 4.031618437500000000e+05 4.032052919270414859e+05
1.338465362092014402e+03 4.032048125000000000e+05 4.032052452338087023e+05
1.338485795129556209e+03 4.032261250000000000e+05 4.032051985584274516e+05
1.338506227966398001e+03 4.032399687500000000e+05 4.032051519058680860e+05
1.338526660903822631e+03 4.031970312500000000e+05 4.032051052794965217e+05
1.338547093940898776e+03 4.032145312500000000e+05 4.032050586833701236e+05
1.338567526877857745e+03 4.031811875000000000e+05 4.032050121219985886e+05
1.338587959715165198e+03 4.032457187500000000e+05 4.032049655994344503e+05
1.338608392751775682e+03 4.032175625000000000e+05 4.032049191190520069e+05
1.338628825688734651e+03 4.031826562500000000e+05 4.032048726855858695e+05
1.338649258525576442e+03 4.032214062500000000e+05 4.032048263030906674e+05
1.338669691562186927e+03 4.032251562500000000e+05 4.032047799749404658e+05
1.338690124499145895e+03 4.031819062500000000e+05 4.032047337058688863e+05
1.338710557435639203e+03 4.032301250000000000e+05 4.032046874997053528e+05
1.338730990372132510e+03 4.031815000000000000e+05 4.032046413605030393e+05
1.338751423308625817e+03 4.032280937500000000e+05 4.032045952923164004e+05
1.338771856345236301e+03 4.032220625000000000e+05 4.032045492989744525e+05
1.338792289181612432e+03 4.032267187500000000e+05 4.032045033852071501e+05
1.338812722117640078e+03 4.031302812500000000e+05 4.032044575543944375e+05
1.338833155154250562e+03 4.031917812500000000e+05 4.032044118105898378e+05
1.338853587990161031e+03 4.031672812500000000e+05 4.032043661585213267e+05
1.338874020926188678e+03 4.031741250000000000e+05 4.032043206015706528e+05
1.338894453962333500e+03 4.031815312500000000e+05 4.032042751437934930e+05
1.338914886798243970e+03 4.032015312500000000e+05 4.032042297899118857e+05
1.338935319734271616e+03 4.031560312500000000e+05 4.032041845433122944e+05
1.338955752770416439e+03 4.032263125000000000e+05 4.032041394080511527e+05
1.338976185605861247e+03 4.031566562500000000e+05 4.032040943888461916e+05
1.338996618641540408e+03 4.031893437500000000e+05 4.032040494888683897e+05
1.339017051577568054e+03 4.031610312500000000e+05 4.032040047128320439e+05
1.339037484513130039e+03 4.032001250000000000e+05 4.032039600645732717e+05
1.339057917448692024e+03 4.031769687500000000e+05 4.032039155481455382e+05
1.339078350383788347e+03 4.032547500000000000e+05 4.032038711676038220e+05
1.339098783319350332e+03 4.031587187500000000e+05 4.032038269270006567e+05
1.339119216254912317e+03 4.032072500000000000e+05 4.032037828303914866e+05
1.339139649190008640e+03 4.032057187500000000e+05 4.032037388818315812e+05
1.339160082125570625e+03 4.032335312500000000e+05 4.032036950853732415e+05
1.339180515060666949e+03 4.031652812500000000e+05 4.032036514450730174e+05
1.339200947995763272e+03 4.032120937500000000e+05 4.032036079649839085e+05
1.339221381030976772e+03 4.032290312500000000e+05 4.032035646489487262e+05
1.339241813865955919e+03 4.032163125000000000e+05 4.032035215016572620e+05
1.339262246800586581e+03 4.032067812500000000e+05 4.032034785265291575e+05
1.339282679835800081e+03 4.032050625000000000e+05 4.032034357276196824e+05
1.339303112670313567e+03 4.032175000000000000e+05 4.032033931096126325e+05
1.339323545604944229e+03 4.032318125000000000e+05 4.032033506759337615e+05
1.339343978639692068e+03 4.031901562500000000e+05 4.032033084306401433e+05
1.339364411474671215e+03 4.032231562500000000e+05 4.032032663784046308e+05
1.339384844409301877e+03 4.032011250000000000e+05 4.032032245226640953e+05
1.339405277443584055e+03 4.032177187500000000e+05 4.032031828674756689e+05
1.339425710278097540e+03 4.031920312500000000e+05 4.032031414175026584e+05
1.339446143312379718e+03 4.032164062500000000e+05 4.032031001759889768e+05
1.339466576247010380e+03 4.032069375000000000e+05 4.032030591475947294e+05
1.339487009081058204e+03 4.031911562500000000e+05 4.032030183363730321e+05
1.339507442115340382e+03 4.032032812500000000e+05 4.032029777457790915e+05
1.339527875049505383e+03 4.032101250000000000e+05 4.032029373804654460e+05
1.339548307883553207e+03 4.032273437500000000e+05 4.032028972444831161e+05
1.339568740917369723e+03 4.031979687500000000e+05 4.032028573412992409e+05
1.339589173851534724e+03 4.031710312500000000e+05 4.032028176755543682e+05
1.339609606785699725e+03 4.032025625000000000e+05 4.032027782511077821e+05
1.339630039719399065e+03 4.032088437500000000e+05 4.032027390720148687e+05
1.339650472653098404e+03 4.032396250000000000e+05 4.032027001423287438e+05
1.339670905586797744e+03 4.032171875000000000e+05 4.032026614661040949e+05
1.339691338620614260e+03 4.032107187500000000e+05 4.032026230472074822e+05
1.339711771454196423e+03 4.032010000000000000e+05 4.032025848902560538e+05
1.339732204487547278e+03 4.031885000000000000e+05 4.032025469985573436e+05
1.339752637321129441e+03 4.031909062500000000e+05 4.032025093769064406e+05
1.339773070254828781e+03 4.031962187500000000e+05 4.032024720288036624e+05
1.339793503288179636e+03 4.032082500000000000e+05 4.032024349583082367e+05
1.339813936221413314e+03 4.032178125000000000e+05 4.032023981698367861e+05
1.339834369054529816e+03 4.032117500000000000e+05 4.032023616674397490e+05
1.339875234920997173e+03 4.032203437500000000e+05 4.032022895361920819e+05
1.339895667854230851e+03 4.032358437500000000e+05 4.032022539156298153e+05
1.339916100887116045e+03 4.031765000000000000e+05 4.032022185970096034e+05
1.339936533720232546e+03 4.032028437500000000e+05 4.032021835849010386e+05
1.339956966753117740e+03 4.032251562500000000e+05 4.032021488826738205e+05
1.339977399685885757e+03 4.031814687500000000e+05 4.032021144948940491e+05
1.339997832518536597e+03 4.031882812500000000e+05 4.032020804256111151e+05
1.340018265551421791e+03 4.031827500000000000e+05 4.032020466783813317e+05
1.340038698484189808e+03 4.031657187500000000e+05 4.032020132577572949e+05
1.340059131416492164e+03 4.031692500000000000e+05 4.032019801676279167e+05
1.340079564349260181e+03 4.032467812500000000e+05 4.032019474120460218e+05
1.340099997281562537e+03 4.032023437500000000e+05 4.032019149950675201e+05
1.340120430214330554e+03 4.032100625000000000e+05 4.032018829207452945e+05
1.340140863146632910e+03 4.031692187500000000e+05 4.032018511931351968e+05
1.340161296078935266e+03 4.032343125000000000e+05 4.032018198162906338e+05
1.340181729111354798e+03 4.032355937500000000e+05 4.032017887941149529e+05
1.340202162043191493e+03 4.031965000000000000e+05 4.032017581309673842e+05
1.340222594875376672e+03 4.032171875000000000e+05 4.032017278308953391e+05
1.340243027907796204e+03 4.032128437500000000e+05 4.032016978975111851e+05
1.340263460839632899e+03 4.032381562500000000e+05 4.032016683353127446e+05
1.340283893671818078e+03 4.031952812500000000e+05 4.032016391483475454e+05
1.340304326703771949e+03 4.031765937500000000e+05 4.032016103402448352e+05
1.340324759635608643e+03 4.032280937500000000e+05 4.032015819154847413e+05
1.340345192467328161e+03 4.031838750000000000e+05 4.032015538781158393e+05
1.340365625499282032e+03 4.032135312500000000e+05 4.032015262317832094e+05
1.340386058430653065e+03 4.032008750000000000e+05 4.032014989809512626e+05
1.340406491262372583e+03 4.031828437500000000e+05 4.032014721296669450e+05
1.340426924293860793e+03 4.032239062500000000e+05 4.032014456815943122e+05
1.340447357225697488e+03 4.024530937500000000e+05 4.032014196411781595e+05
1.340467790157068521e+03 3.983251562500000000e+05 4.032013940123436041e+05
1.340488223088439554e+03 3.975600312500000000e+05 4.032013687991441693e+05
1.340508655926678330e+03 4.007903437500000000e+05 4.032013440057463013e+05
1.340529088957700878e+03 4.032106562500000000e+05 4.032013196358606801e+05
1.340549521889071912e+03 4.032022187500000000e+05 4.032012956938931020e+05
1.340569954720325768e+03 4.032011562500000000e+05 4.032012721838922589e+05
1.340590387751348317e+03 4.032164687500000000e+05 4.032012491095707519e+05
1.340610820682253689e+03 4.031480312500000000e+05 4.032012264753245399e+05
1.340631253613624722e+03 4.031916250000000000e+05 4.032012042850933503e+05
1.340651686544530094e+03 4.032438437500000000e+05 4.032011825429329183e+05
1.340672119475435466e+03 4.032160000000000000e+05 4.032011612528965343e+05
1.340692552505992353e+03 4.032016250000000000e+05 4.032011404189384775e+05
1.340712985337246209e+03 4.031793437500000000e+05 4.032011200454144273e+05
1.340733418267685920e+03 4.032022812500000000e+05 4.032011001360777300e+05
1.340753851298708469e+03 4.032130312500000000e+05 4.032010806949881371e+05
1.340774284229148179e+03 4.031884062500000000e+05 4.032010617263914319e+05
1.340794717059936374e+03 4.031987812500000000e+05 4.032010432343341527e+05
1.340815150090027601e+03 4.032190937500000000e+05 4.032010252226034645e+05
1.340835583020932972e+03 4.031852812500000000e+05 4.032010076955207041e+05
1.340856015851255506e+03 4.031991562500000000e+05 4.032009906571339816e+05
1.340876448881812394e+03 4.031944062500000000e+05 4.032009741112506017e+05
1.340896881811786443e+03 4.031975312500000000e+05 4.032009580621718778e+05
1.340917314842343330e+03 4.031880000000000000e+05 4.032009425137942308e+05
1.340937747672200203e+03 4.032123437500000000e+05 4.032009274703977862e+05
1.340958180602639914e+03 4.031920625000000000e+05 4.032009129358112114e+05
1.340978613632731140e+03 4.031971875000000000e+05 4.032008989140969934e+05
1.340999046462588012e+03 4.032569375000000000e+05 4.032008854095115094e+05
1.341019479392562062e+03 4.031821875000000000e+05 4.032008724259068840e+05
1.341039912422653288e+03 4.031630000000000000e+05 4.032008599673449062e+05
1.341060345252510160e+03 4.032085937500000000e+05 4.032008480380593101e+05
1.341080778182018548e+03 4.031972187500000000e+05 4.032008366419255035e+05
1.341101211212109774e+03 4.031838125000000000e+05 4.032008257830051007e+05
1.341121644041500986e+03 4.031910312500000000e+05 4.032008154655086109e+05
1.341142077071592212e+03 4.032258437500000000e+05 4.032008056932878098e+05
1.341162509900983423e+03 4.032600625000000000e+05 4.032007964705887716e+05
1.341182942830491811e+03 4.031794687500000000e+05 4.032007878013262525e+05
1.341203375860117376e+03 4.032309687500000000e+05 4.032007796895626234e+05
1.341223808689508587e+03 4.032061562500000000e+05 4.032007721394672990e+05
1.341244241619016975e+03 4.032311875000000000e+05 4.032007651549797156e+05
1.341264674648176879e+03 4.031633125000000000e+05 4.032007587401624769e+05
1.341285107577685267e+03 4.032117187500000000e+05 4.032007528991325526e+05
1.341305540407076478e+03 4.031530625000000000e+05 4.032007476359360735e+05
1.341325973435770720e+03 4.032020937500000000e+05 4.032007429545545019e+05
1.341346406365279108e+03 4.031812187500000000e+05 4.032007388591148192e+05
1.341366839194204658e+03 4.032037500000000000e+05 4.032007353536628652e+05
1.341387272223364562e+03 4.032408437500000000e+05 4.032007324422060046e+05
1.341407705152407289e+03 4.031935625000000000e+05 4.032007301288454328e+05
1.341428138181101531e+03 4.031795000000000000e+05 4.032007284176131943e+05
1.341448571010027081e+03 4.032035625000000000e+05 4.032007273125842330e+05
1.341469003939069808e+03 4.031552812500000000e+05 4.032007268177919905e+05
1.341489436967764050e+03 4.032237500000000000e+05 4.032007269373000599e+05
1.341509869796223938e+03 4.032416562500000000e+05 4.032007276751563186e+05
1.341530302724801004e+03 4.032020625000000000e+05 4.032007290354215074e+05
1.341550735753495246e+03 4.032000625000000000e+05 4.032007310221590451e+05
1.341571168581955135e+03 4.032028125000000000e+05 4.032007336393896258e+05
1.341591601510532200e+03 4.031761875000000000e+05 4.032007368912010570e+05
1.341612034539226443e+03 4.031824375000000000e+05 4.032007407816574560e+05
1.341632467367686331e+03 4.032001250000000000e+05 4.032007453147510532e+05
1.341652900395914912e+03 4.031922187500000000e+05 4.032007504946250701e+05
1.341673333324026316e+03 4.032325000000000000e+05 4.032007563252623659e+05
1.341693766152486205e+03 4.031652812500000000e+05 4.032007628107081400e+05
1.341714199180714786e+03 4.032013125000000000e+05 4.032007699551163241e+05
1.341734632108826190e+03 4.031749375000000000e+05 4.032007777624413138e+05
1.341755065036937594e+03 4.031916875000000000e+05 4.032007862367710331e+05
1.341775497965048999e+03 4.031990312500000000e+05 4.032007953821595293e+05
1.341795930892694741e+03 4.032159687500000000e+05 4.032008052026611404e+05
1.341816363720688969e+03 4.031738750000000000e+05 4.032008157022774685e+05
1.341836796748917550e+03 4.031820625000000000e+05 4.032008268852219335e+05
1.341857229676563293e+03 4.032011875000000000e+05 4.032008387553893263e+05
1.341877662604209036e+03 4.031831250000000000e+05 4.032008513168873615e+05
1.341898095532320440e+03 4.032026562500000000e+05 4.032008645737705519e+05
1.341918528459966183e+03 4.032195312500000000e+05 4.032008785300928866e+05
1.341938961487263441e+03 4.032200625000000000e+05 4.032008931899821619e+05
1.341959394314792007e+03 4.031896875000000000e+05 4.032009085572723998e+05
1.341979827242437750e+03 4.032250937500000000e+05 4.032009246362387785e+05
1.342000260270200670e+03 4.031893750000000000e+05 4.032009414309457643e+05
1.342020693097263575e+03 4.032208750000000000e+05 4.032009589451953652e+05
1.342041126024909317e+03 4.032037187500000000e+05 4.032009771832946572e+05
1.342061559052206576e+03 4.032119062500000000e+05 4.032009961493080482e+05
1.342081991879269481e+03 4.031952187500000000e+05 4.032010158470059978e+05
1.342102424906566739e+03 4.031929375000000000e+05 4.032010362808289938e+05
1.342122857833746821e+03 4.031919375000000000e+05 4.032010574545363779e+05
1.342143290660809726e+03 4.031924062500000000e+05 4.032010793721717782e+05
1.342163723688106984e+03 4.031781875000000000e+05 4.032011020381168928e+05
1.342184156615287066e+03 4.032063437500000000e+05 4.032011254560985835e+05
1.342225022469181567e+03 4.031983437500000000e+05 4.032011745647161733e+05
1.342245455395895988e+03 4.031956250000000000e+05 4.032012002634606324e+05
1.342265888322610408e+03 4.032206875000000000e+05 4.032012267305683345e+05
1.342286321249790490e+03 4.032198437500000000e+05 4.032012539700940251e+05
1.342306754176504910e+03 4.032181562500000000e+05 4.032012819860909367e+05
1.342327187103219330e+03 4.032101250000000000e+05 4.032013107826140476e+05
1.342347620029468089e+03 4.032096875000000000e+05 4.032013403637169395e+05
1.342368052956182510e+03 4.032000937500000000e+05 4.032013707334553474e+05
1.342388485983014107e+03 4.032221875000000000e+05 4.032014018960376270e+05
1.342408918909262866e+03 4.031825625000000000e+05 4.032014338552118861e+05
1.342429351735860109e+03 4.031601562500000000e+05 4.032014666150223929e+05
1.342449784762226045e+03 4.032042500000000000e+05 4.032015001800092869e+05
1.342470217588357627e+03 4.031567812500000000e+05 4.032015345535697415e+05
1.342490650514606386e+03 4.031923750000000000e+05 4.032015697402575752e+05
1.342511083540972322e+03 4.032155000000000000e+05 4.032016057441391749e+05
1.342531516367103904e+03 4.031509062500000000e+05 4.032016425687333103e+05
1.342551949293352664e+03 4.031635000000000000e+05 4.032016802186298883e+05
1.342572382319718599e+03 4.032172187500000000e+05 4.032017186978951795e+05
1.342592815145850182e+03 4.031634687500000000e+05 4.032017580100120394e+05
1.342613248171750456e+03 4.031910000000000000e+05 4.032017981598043116e+05
1.342654113923665136e+03 4.032153750000000000e+05 4.032018809868713724e+05
1.342674546949565411e+03 4.031873750000000000e+05 4.032019236728628166e+05
1.342694979875348508e+03 4.031950000000000000e+05 4.032019672121515032e+05
1.342715412701014429e+03 4.032090625000000000e+05 4.032020116087791394e+05
1.342735845726914704e+03 4.032109062500000000e+05 4.032020568674590904e+05
1.342756278652697802e+03 4.032608437500000000e+05 4.032021029915867257e+05
1.342776711578015238e+03 4.032353437500000000e+05 4.032021499854348367e+05
1.342797144503798336e+03 4.032275000000000000e+05 4.032021978530602064e+05
1.342817577429115772e+03 4.032119062500000000e+05 4.032022465985147282e+05
1.342858443280216306e+03 4.031966562500000000e+05 4.032023467391334125e+05
1.342878876205533743e+03 4.032393750000000000e+05 4.032023981424049125e+05
1.342899309230968356e+03 4.032070625000000000e+05 4.032024504399826401e+05
1.342919742156285793e+03 4.021869687500000000e+05 4.032025036354084732e+05
1.342940174981486052e+03 3.980467812500000000e+05 4.032025577327232459e+05
1.342960608006920666e+03 3.977210312500000000e+05 4.032026127367833396e+05
1.342981040931772441e+03 4.011725312500000000e+05 4.032026686508401181e+05
1.343001473756972700e+03 4.031997500000000000e+05 4.032027254789368017e+05
1.343021906782407314e+03 4.031839062500000000e+05 4.032027832259687129e+05
1.343042339707259089e+03 4.032269375000000000e+05 4.032028418951466447e+05
1.343062772632110864e+03 4.032391250000000000e+05 4.032029014908069512e+05
1.343083205556962639e+03 4.031925937500000000e+05 4.032029620170041453e+05
1.343103638382162899e+03 4.032002187500000000e+05 4.032030234774903511e+05
1.343124071406666189e+03 4.032011875000000000e+05 4.032030858772262000e+05
1.343144504331983626e+03 4.032073437500000000e+05 4.032031492193610175e+05
1.343164937156252563e+03 4.031961250000000000e+05 4.032032135079298750e+05
1.343185370181221515e+03 4.031802812500000000e+05 4.032032787479433464e+05
1.343205803106073290e+03 4.032063437500000000e+05 4.032033449425023282e+05
1.343226235930342227e+03 4.031925000000000000e+05 4.032034120956455008e+05
1.343246668954845518e+03 4.031946562500000000e+05 4.032034802124229027e+05
1.343267101879697293e+03 4.032238750000000000e+05 4.032035492958964314e+05
1.343287534804083407e+03 4.032153750000000000e+05 4.032036193504484836e+05
1.343307967728469521e+03 4.032121875000000000e+05 4.032036903801349690e+05
1.343328400652855635e+03 4.031863750000000000e+05 4.032037623890104005e+05
1.343348833677358925e+03 4.032057500000000000e+05 4.032038353814890143e+05
1.343369266501627862e+03 4.031526875000000000e+05 4.032039093605450471e+05
1.343389699426013976e+03 4.031781562500000000e+05 4.032039843313130550e+05
1.343410132450051606e+03 4.031937812500000000e+05 4.032040602978601819e+05
1.343430565274320543e+03 4.032104375000000000e+05 4.032041372631201521e+05
1.343450998198240995e+03 4.031848125000000000e+05 4.032042152322680922e+05
1.343471431222278625e+03 4.031819375000000000e+05 4.032042942093745805e+05
1.343491864146664739e+03 4.031988437500000000e+05 4.032043741977219470e+05
1.343512296970468014e+03 4.031965312500000000e+05 4.032044552013460197e+05
1.343532729994505644e+03 4.032337812500000000e+05 4.032045372255010880e+05
1.343553162918426096e+03 4.031765000000000000e+05 4.032046202730434597e+05
1.343573595842346549e+03 4.032088437500000000e+05 4.032047043484267779e+05
1.343594028766267002e+03 4.032097812500000000e+05 4.032047894557052059e+05
1.343614461689721793e+03 4.032252812500000000e+05 4.032048755989313358e+05
1.343634894713759422e+03 4.032083125000000000e+05 4.032049627825932112e+05
1.343655327537562698e+03 4.031938437500000000e+05 4.032050510094538913e+05
1.343675760461017489e+03 4.031657500000000000e+05 4.032051402848548023e+05
1.343696193484589458e+03 4.032280000000000000e+05 4.032052306128679775e+05
1.343716626307927072e+03 4.032001250000000000e+05 4.032053219962120056e+05
1.343737059231847525e+03 4.032281250000000000e+05 4.032054144402788952e+05
1.343757492155302316e+03 4.032082812500000000e+05 4.032055079486737959e+05
1.343777925078757107e+03 4.031915312500000000e+05 4.032056025254529668e+05
1.343798358101863414e+03 4.031954062500000000e+05 4.032056981751398416e+05
1.343818790925201029e+03 4.032085625000000000e+05 4.032057949003793765e+05
1.343839223848655820e+03 4.031950937500000000e+05 4.032058927066373872e+05
1.343859656871762127e+03 4.032113750000000000e+05 4.032059915979822399e+05
1.343880089695099741e+03 4.032084687500000000e+05 4.032060915770108113e+05
1.343900522618554533e+03 4.032087500000000000e+05 4.032061926492369967e+05
1.343920955641660839e+03 4.032481562500000000e+05 4.032062948187288130e+05
1.343941388464532793e+03 4.032190625000000000e+05 4.032063980880330782e+05
1.343961821387521923e+03 4.032178437500000000e+05 4.032065024627139792e+05
1.343982254410628229e+03 4.032110312500000000e+05 4.032066079468420940e+05
1.344002687333617359e+03 4.032065000000000000e+05 4.032067145434381673e+05
1.344023120256606489e+03 4.032182812500000000e+05 4.032068222570706275e+05
1.344043553179595619e+03 4.032275312500000000e+05 4.032069310917938710e+05
1.344063986102119088e+03 4.032064687500000000e+05 4.032070410516596166e+05
1.344084419025108218e+03 4.032045625000000000e+05 4.032071521407272667e+05
1.344104851947631687e+03 4.032280000000000000e+05 4.032072643630461534e+05
1.344125284870620817e+03 4.031997500000000000e+05 4.032073777226756210e+05
1.344145717893261462e+03 4.032174062500000000e+05 4.032074922242288012e+05
1.344166150715667754e+03 4.032502812500000000e+05 4.032076078700710204e+05
1.344186583638191223e+03 4.032414375000000000e+05 4.032077246659481898e+05
1.344207016660831869e+03 4.031578125000000000e+05 4.032078426159314113e+05
1.344227449483238161e+03 4.032025312500000000e+05 4.032079617223330424e+05
1.344247882505878806e+03 4.032077187500000000e+05 4.032080819915416068e+05
1.344268315428402275e+03 4.032152500000000000e+05 4.032082034258522326e+05
1.344288748250808567e+03 4.032134687500000000e+05 4.032083260293019703e+05
1.344309181272983551e+03 4.031825000000000000e+05 4.032084498077532626e+05
1.344329614195507020e+03 4.032115625000000000e+05 4.032085747634554282e+05
1.344350047017447650e+03 4.031863125000000000e+05 4.032087009004392894e+05
1.344370480040088296e+03 4.031890000000000000e+05 4.032088282246282906e+05
1.344390912962146103e+03 4.031984687500000000e+05 4.032089567382079549e+05
1.344411345784086734e+03 4.031935937500000000e+05 4.032090864452177775e+05
1.344431778806261718e+03 4.031584375000000000e+05 4.032092173516277689e+05
1.344452211728319526e+03 4.032160000000000000e+05 4.032093494595768279e+05
1.344472644650377333e+03 4.032346250000000000e+05 4.032094827737576561e+05
1.344493077572435141e+03 4.032075312500000000e+05 4.032096172982246499e+05
1.344513510494492948e+03 4.032200937500000000e+05 4.032097530370322056e+05
1.344533943416085094e+03 4.031914375000000000e+05 4.032098899942314602e+05
1.344554376338142902e+03 4.032658750000000000e+05 4.032100281738829799e+05
1.344574809259735048e+03 4.032071250000000000e+05 4.032101675800349913e+05
1.344595242181792855e+03 4.032149687500000000e+05 4.032103082167479442e+05
1.344615675103385001e+03 4.032294375000000000e+05 4.032104500880697742e+05
1.344636108024977148e+03 4.032100625000000000e+05 4.032105931980581954e+05
1.344656541046686471e+03 4.031917812500000000e+05 4.032107375514778541e+05
1.344676973868627101e+03 4.032292812500000000e+05 4.032108831502553658e+05
1.344697406790219247e+03 4.031990312500000000e+05 4.032110300005694153e+05
1.344717839811462909e+03 4.032209687500000000e+05 4.032111781064926763e+05
1.344738272632937878e+03 4.031623125000000000e+05 4.032113274699000176e+05
1.344758705654647201e+03 4.032167187500000000e+05 4.032114780977698392e+05
1.344779138575773686e+03 4.032335312500000000e+05 4.032116299919480807e+05
1.344799571397248656e+03 4.032299062500000000e+05 4.032117831564774970e+05
1.344820004418957978e+03 4.032106875000000000e+05 4.032119375976696610e+05
1.344840437340084463e+03 4.032130000000000000e+05 4.032120933173146332e+05
1.344860870161559433e+03 4.031870937500000000e+05 4.032122503194550518e+05
1.344881303182337433e+03 4.032279375000000000e+05 4.032124086104516173e+05
1.344901736103929579e+03 4.032202812500000000e+05 4.032125681920560310e+05
1.344922168924938887e+03 4.032255000000000000e+05 4.032127290682924795e+05
1.344942601946182549e+03 4.031733125000000000e+05 4.032128912455934915e+05
1.344963034867309034e+03 4.032269375000000000e+05 4.032130547256389400e+05
1.344983467888087034e+03 4.032526562500000000e+05 4.032132195140816038e+05
1.345003900709096342e+03 4.032383125000000000e+05 4.032133856125514139e+05
1.345024333630222827e+03 4.032235625000000000e+05 4.032135530275306082e+05
1.345044766550883651e+03 4.032055937500000000e+05 4.032137217622592580e+05
1.345065199472010136e+03 4.032449062500000000e+05 4.032138918207995594e+05
1.345085632392670959e+03 4.032128437500000000e+05 4.032140632071978180e+05
1.345106065313797444e+03 4.032257187500000000e+05 4.032142359255162301e+05
1.345126498234458268e+03 4.032025625000000000e+05 4.032144099798013922e+05
1.345146931155119091e+03 4.032276250000000000e+05 4.032145853741114261e+05
1.345167364175897092e+03 4.032010000000000000e+05 4.032147621133701177e+05
1.345187796996440738e+03 4.032214375000000000e+05 4.032149401990237529e+05
1.345208230017218739e+03 4.032312812500000000e+05 4.032151196386173251e+05
1.345228662937879562e+03 4.032303437500000000e+05 4.032153004335771548e+05
1.345249095758423209e+03 4.032258437500000000e+05 4.032154825879378477e+05
1.345269528778735548e+03 4.032169062500000000e+05 4.032156661084371153e+05
1.345289961699396372e+03 4.031831250000000000e+05 4.032158509964500554e+05
1.345310394519940019e+03 4.031983125000000000e+05 4.032160372560066171e+05
1.345330827540252358e+03 4.032156875000000000e+05 4.032162248939050478e+05
1.345351260460447520e+03 4.032037812500000000e+05 4.032164139114556019e+05
1.345371693280991167e+03 4.032184687500000000e+05 4.032166043126969598e+05
1.345392126301303506e+03 4.018613437500000000e+05 4.032167961044835392e+05
1.345432992241811007e+03 3.977977812500000000e+05 4.032171838693892350e+05
1.345453425061888993e+03 4.015738437500000000e+05 4.032173798496396630e+05
1.345473857982084155e+03 4.029695937500000000e+05 4.032175772357414244e+05
1.345494291002396494e+03 4.031893125000000000e+05 4.032177760317692300e+05
1.345514723822008818e+03 4.032233125000000000e+05 4.032179762388404924e+05
1.345535156742203981e+03 4.032095937500000000e+05 4.032181778639511322e+05
1.345576022582128644e+03 4.032166562500000000e+05 4.032185853815574665e+05
1.345596455502323806e+03 4.032165625000000000e+05 4.032187912821663194e+05
1.345616888522170484e+03 4.032087187500000000e+05 4.032189986170645570e+05
1.345657754362095147e+03 4.032199062500000000e+05 4.032194176008825307e+05
1.345678187281824648e+03 4.031983437500000000e+05 4.032196292589185759e+05
1.345698620201554149e+03 4.032396250000000000e+05 4.032198423664465663e+05
1.345719053121283650e+03 4.032021250000000000e+05 4.032200569275211310e+05
1.345739486041013151e+03 4.032488125000000000e+05 4.032202729461962590e+05
1.345759918960276991e+03 4.032314687500000000e+05 4.032204904265215155e+05
1.345780351880006492e+03 4.031756250000000000e+05 4.032207093725611921e+05
1.345800784799735993e+03 4.032324062500000000e+05 4.032209297883645631e+05
