1.893423562762327492e+02 1.007297851562500000e+04 1.006763794638474428e+04
1.893627894325181842e+02 1.007947558593750000e+04 1.006736351475647461e+04
1.893832226893864572e+02 1.006891308593750000e+04 1.006710096068310668e+04
1.894036560454405844e+02 1.005987792968750000e+04 1.006684993166500863e+04
1.894240892017260194e+02 1.005864746093750000e+04 1.006661007860233440e+04
1.894445224576629698e+02 1.005052148437500000e+04 1.006638104520992420e+04
1.894649558132514358e+02 1.005871777343750000e+04 1.006616247895433116e+04
1.894853890687227249e+02 1.005900000000000000e+04 1.006595402928143085e+04
1.895058222240768373e+02 1.006238964843750000e+04 1.006575534335597331e+04
1.895262554790824652e+02 1.007457519531250000e+04 1.006556606654743155e+04
1.895466887340880930e+02 1.006619726562500000e+04 1.006538584715917750e+04
1.895671219886280596e+02 1.006881835937500000e+04 1.006521433250588416e+04
1.895875551430508494e+02 1.006673730468750000e+04 1.006505117067380706e+04
1.896079884972423315e+02 1.006777832031250000e+04 1.006489600663858801e+04
1.896284217513166368e+02 1.006874902343750000e+04 1.006474849004602220e+04
1.896692881584167480e+02 1.008291503906250000e+04 1.006447498673636801e+04
1.896897215116769075e+02 1.006949511718750000e+04 1.006434829336730581e+04
1.897101547652855515e+02 1.006431835937500000e+04 1.006422783653839906e+04
1.897305879178456962e+02 1.007952246093750000e+04 1.006411326347957038e+04
1.897510212706401944e+02 1.007166992187500000e+04 1.006400421985355570e+04
1.897714545233175159e+02 1.006352734375000000e+04 1.006390035461396837e+04
1.897918876754119992e+02 1.006562207031250000e+04 1.006380131500048446e+04
1.898123209276236594e+02 1.006698437500000000e+04 1.006370674735259308e+04
1.898327542794868350e+02 1.006727734375000000e+04 1.006361629904647816e+04
1.898531874311156571e+02 1.006099707031250000e+04 1.006352961869192222e+04
1.898736206823959947e+02 1.007170703125000000e+04 1.006344635230087079e+04
1.898940540337935090e+02 1.005677246093750000e+04 1.006336614722996092e+04
1.899144872850738466e+02 1.005841210937500000e+04 1.006328865157477776e+04
1.899349204357713461e+02 1.005769042968750000e+04 1.006321351261084055e+04
1.899553536861203611e+02 1.005727148437500000e+04 1.006314037691420344e+04
1.899757870370522141e+02 1.006440136718750000e+04 1.006306889181948281e+04
1.899962201868183911e+02 1.005423828125000000e+04 1.006299870568298502e+04
1.900166534371674061e+02 1.006355468750000000e+04 1.006292946477062651e+04
1.900370867867022753e+02 1.006353222656250000e+04 1.006286081640954944e+04
1.900575199364684522e+02 1.005919824218750000e+04 1.006279240891261907e+04
1.900779531858861446e+02 1.005834472656250000e+04 1.006272388858766863e+04
1.900983863347209990e+02 1.005731054687500000e+04 1.006265490342107660e+04
1.901188196837902069e+02 1.006181347656250000e+04 1.006258509970329033e+04
1.901392529322765768e+02 1.006543945312500000e+04 1.006251412576629991e+04
1.901596861807629466e+02 1.005136523437500000e+04 1.006244162858000709e+04
1.901801194292493165e+02 1.006752832031250000e+04 1.006236725545561785e+04
1.902005526772700250e+02 1.006895703125000000e+04 1.006229065370610988e+04
1.902209859252907336e+02 1.006252929687500000e+04 1.006221147064104298e+04
1.902414190727286041e+02 1.006002832031250000e+04 1.006212935398366790e+04
1.902618524199351668e+02 1.005652148437500000e+04 1.006204394981510268e+04
1.902822856674902141e+02 1.006271875000000000e+04 1.006195490667306512e+04
1.903027188144624233e+02 1.006198339843750000e+04 1.006186187192896978e+04
1.903231521612033248e+02 1.006039746093750000e+04 1.006176449149577638e+04
1.903435854078270495e+02 1.006279785156250000e+04 1.006166241408131464e+04
1.903640185543335974e+02 1.005838867187500000e+04 1.006155528706853147e+04
1.903844518004916608e+02 1.005993554687500000e+04 1.006144275672300682e+04
1.904048851467669010e+02 1.006093164062500000e+04 1.006132447027167655e+04
1.904253183919936419e+02 1.005766503906250000e+04 1.006120007618937234e+04
1.904457515380345285e+02 1.006126171875000000e+04 1.006106922186847441e+04
1.904661848833784461e+02 1.005967578125000000e+04 1.006093155265960377e+04
1.904866181286051869e+02 1.006231835937500000e+04 1.006078671784098697e+04
1.905070512732490897e+02 1.006084082031250000e+04 1.006063436483549231e+04
1.905274845180101693e+02 1.005962207031250000e+04 1.006047413945975677e+04
1.905479178624227643e+02 1.005862988281250000e+04 1.006030568891081566e+04
1.905683510066010058e+02 1.005537988281250000e+04 1.006012866303477495e+04
1.905887842508964241e+02 1.006589843750000000e+04 1.005994270660481561e+04
1.906092175948433578e+02 1.006822558593750000e+04 1.005974746680306635e+04
1.906296507385559380e+02 1.005965722656250000e+04 1.005954259387663114e+04
1.906500839819200337e+02 1.006098632812500000e+04 1.005932773220217859e+04
1.906705172252841294e+02 1.007022363281250000e+04 1.005910253006655330e+04
1.906909504681825638e+02 1.005553613281250000e+04 1.005886663478672381e+04
1.907113837110809982e+02 1.005866699218750000e+04 1.005861969366917401e+04
1.907318169535137713e+02 1.006785351562500000e+04 1.005836135403141998e+04
1.907522502960637212e+02 1.005731933593750000e+04 1.005809126182674299e+04
1.907726834379136562e+02 1.006658007812500000e+04 1.005780906843143748e+04
1.907931166803464293e+02 1.005798632812500000e+04 1.005751441708596758e+04
1.908135498217307031e+02 1.005423437500000000e+04 1.005720695801361398e+04
1.908339831638149917e+02 1.005365722656250000e+04 1.005688633389005736e+04
1.908544164048507810e+02 1.006038867187500000e+04 1.005655219666452831e+04
1.908748496458865702e+02 1.006259082031250000e+04 1.005620419209587635e+04
1.908952828869223595e+02 1.005719433593750000e+04 1.005584196749569674e+04
1.909157161279581487e+02 1.006360449218750000e+04 1.005546517017558290e+04
1.909361493680626154e+02 1.005428222656250000e+04 1.005507344746531817e+04
1.909565825085155666e+02 1.005856933593750000e+04 1.005466644868245203e+04
1.909770158487372100e+02 1.005030664062500000e+04 1.005424381506057762e+04
1.909974489887244999e+02 1.005815917968750000e+04 1.005380520218765196e+04
1.910178822283633053e+02 1.004132324218750000e+04 1.005335025105692876e+04
1.910383155676536262e+02 1.004788281250000000e+04 1.005287860873848331e+04
1.910587487071752548e+02 1.004132031250000000e+04 1.005238992957958544e+04
1.910791819463483989e+02 1.004285351562500000e+04 1.005188385385709262e+04
1.910996150849387050e+02 1.005421289062500000e+04 1.005136003384689320e+04
1.911200484237633646e+02 1.004954003906250000e+04 1.005081810901746212e+04
1.911404816620051861e+02 1.004510937500000000e+04 1.005025773452539943e+04
1.911609149002470076e+02 1.005892968750000000e+04 1.004967855505966145e+04
1.911813481384888291e+02 1.005348925781250000e+04 1.004908021793199077e+04
1.912017813762649894e+02 1.004584277343750000e+04 1.004846237046842361e+04
1.912222146135754883e+02 1.005000976562500000e+04 1.004782465998206681e+04
1.912426477512344718e+02 1.003831835937500000e+04 1.004716673702937806e+04
1.912630810881964862e+02 1.003997851562500000e+04 1.004648823914655077e+04
1.912835143255069852e+02 1.003427734375000000e+04 1.004578882342096404e+04
1.913039474622346461e+02 1.004261914062500000e+04 1.004506813750640686e+04
1.913243807987309992e+02 1.005004687500000000e+04 1.004432581796454178e+04
1.913448140351101756e+02 1.005423242187500000e+04 1.004356152284263590e+04
1.913652471709065139e+02 1.006459570312500000e+04 1.004277489979637539e+04
1.914061137428507209e+02 1.004195312500000000e+04 1.004113323566947292e+04
1.914265468781813979e+02 1.004316015625000000e+04 1.004027750130215281e+04
1.914469801136292517e+02 1.004747167968750000e+04 1.003939802019872513e+04
1.914674134487286210e+02 1.003420117187500000e+04 1.003849443934035116e+04
