1.643931885277852416e+02 1.006934472656250000e+04 1.004468891692672332e+04
1.644136220598593354e+02 1.006254296875000000e+04 1.004415620986041358e+04
1.644340555919334292e+02 1.005243261718750000e+04 1.004363270797354380e+04
1.644544891230762005e+02 1.005112011718750000e+04 1.004311836358691653e+04
1.644749226546846330e+02 1.004804003906250000e+04 1.004261312896262461e+04
1.644953561858274043e+02 1.004315429687500000e+04 1.004211695642126506e+04
1.645157897165045142e+02 1.005056250000000000e+04 1.004162979825979346e+04
1.645362232471816242e+02 1.004961621093750000e+04 1.004115160676437335e+04
1.645566566777415574e+02 1.004951953125000000e+04 1.004068233651008632e+04
1.645770903080701828e+02 1.005053222656250000e+04 1.004022193297239392e+04
1.645975237376987934e+02 1.005287304687500000e+04 1.003977035747180344e+04
1.646179572674445808e+02 1.004992871093750000e+04 1.003932755559286488e+04
1.646383908968418837e+02 1.003738671875000000e+04 1.003889347977158286e+04
1.646588244261220098e+02 1.004011914062500000e+04 1.003846808654878623e+04
1.646792578552849591e+02 1.004547265625000000e+04 1.003805132809481620e+04
1.646996913840994239e+02 1.004131445312500000e+04 1.003764315263269600e+04
1.647201250125654042e+02 1.004418750000000000e+04 1.003724351258526804e+04
1.647405584407970309e+02 1.004050097656250000e+04 1.003685236605247701e+04
1.647609919691458344e+02 1.004041796875000000e+04 1.003646965952016217e+04
1.647814255966804922e+02 1.003715625000000000e+04 1.003609534542652545e+04
1.648018590244464576e+02 1.003986914062500000e+04 1.003572938148382491e+04
1.648222925518639386e+02 1.003389550781250000e+04 1.003537171456579563e+04
1.648427260788157582e+02 1.003366113281250000e+04 1.003502229878298385e+04
1.648631596057675779e+02 1.003128906250000000e+04 1.003468108642475090e+04
1.648835931322537363e+02 1.002911914062500000e+04 1.003434802979619053e+04
1.649040266587398946e+02 1.003095898437500000e+04 1.003402308118704241e+04
1.649244602853432298e+02 1.003255664062500000e+04 1.003370619136193818e+04
1.649448937112465501e+02 1.003289355468750000e+04 1.003339731722434954e+04
1.649653272368013859e+02 1.003138476562500000e+04 1.003309640647242122e+04
1.649857606627047062e+02 1.003397949218750000e+04 1.003280341433926515e+04
1.650061942879110575e+02 1.003085058593750000e+04 1.003251828889351236e+04
1.650266278125345707e+02 1.003395800781250000e+04 1.003224098667422004e+04
1.650470612375065684e+02 1.003323046875000000e+04 1.003197145985174029e+04
1.650674948622472584e+02 1.003670507812500000e+04 1.003170965683109898e+04
1.650879283868707716e+02 1.002597949218750000e+04 1.003145553380856290e+04
1.651083619105629623e+02 1.002907226562500000e+04 1.003120904179118224e+04
1.651287954347208142e+02 1.002376367187500000e+04 1.003097013305946894e+04
1.651492289584130049e+02 1.002492871093750000e+04 1.003073875992193462e+04
1.651696624816395342e+02 1.002509472656250000e+04 1.003051487467569132e+04
1.651900959047488868e+02 1.001457714843750000e+04 1.003029843065536625e+04
1.652105295276269317e+02 1.003087988281250000e+04 1.003008937703619449e+04
1.652309630508534610e+02 1.002785644531250000e+04 1.002988766923334879e+04
1.652513964730314910e+02 1.001397949218750000e+04 1.002969325945038872e+04
1.652718300954438746e+02 1.002973632812500000e+04 1.002950609717135376e+04
1.652922636172734201e+02 1.002373632812500000e+04 1.002932613750213204e+04
1.653126970389857888e+02 1.001844433593750000e+04 1.002915333263050888e+04
1.653331305608153343e+02 1.003193945312500000e+04 1.002898763316094119e+04
1.653535641822963953e+02 1.001717578125000000e+04 1.002882899149870354e+04
1.653739976035431027e+02 1.002455957031250000e+04 1.002867736221779887e+04
1.653944311239756644e+02 1.003111425781250000e+04 1.002853269534208812e+04
1.654148647449910641e+02 1.003369335937500000e+04 1.002839494326108252e+04
1.654352982649579644e+02 1.001626757812500000e+04 1.002826405963129582e+04
1.654557316852733493e+02 1.001346289062500000e+04 1.002813999664058611e+04
1.654761652052402496e+02 1.001958398437500000e+04 1.002802270537672484e+04
1.654965988253243268e+02 1.002680273437500000e+04 1.002791213823363978e+04
1.655170322447083890e+02 1.001808789062500000e+04 1.002780824908731302e+04
1.655374657637439668e+02 1.001644628906250000e+04 1.002771098865891145e+04
1.655578993828967214e+02 1.001408105468750000e+04 1.002762030934074392e+04
1.655783328013494611e+02 1.002148535156250000e+04 1.002753616471705573e+04
1.655987663203850389e+02 1.002076562500000000e+04 1.002745850579692706e+04
1.656191998384892941e+02 1.001597753906250000e+04 1.002738728531135348e+04
1.656396333565935493e+02 1.001840625000000000e+04 1.002732245555430927e+04
1.656600668742321432e+02 1.001941894531250000e+04 1.002726396882472181e+04
1.656805003918707371e+02 1.001730957031250000e+04 1.002721177741871361e+04
1.657009339095093310e+02 1.002547851562500000e+04 1.002716583363394602e+04
1.657213674266822636e+02 1.002682617187500000e+04 1.002712608976892079e+04
1.657418009433895350e+02 1.001873535156250000e+04 1.002709249812088819e+04
1.657622343599796295e+02 1.002578125000000000e+04 1.002706501110634599e+04
1.658031014930456877e+02 1.001998925781250000e+04 1.002702815944990834e+04
1.658235349087044597e+02 1.001523828125000000e+04 1.002701869967466155e+04
1.658439685245975852e+02 1.001564062500000000e+04 1.002701515353961804e+04
1.658644020399078727e+02 1.002099023437500000e+04 1.002701747343780517e+04
1.658848355556838214e+02 1.002123632812500000e+04 1.002702561163518840e+04
1.659052690705284476e+02 1.002212988281250000e+04 1.002703952042869969e+04
1.659257024852558970e+02 1.001524609375000000e+04 1.002705915200613163e+04
1.659461360001005232e+02 1.002527539062500000e+04 1.002708445885774199e+04
1.659665695144794881e+02 1.003489746093750000e+04 1.002711539319823896e+04
1.659870031285099685e+02 1.001317480468750000e+04 1.002715190751743285e+04
1.660074365423060954e+02 1.002025585937500000e+04 1.002719395353616346e+04
1.660278700562193990e+02 1.001218164062500000e+04 1.002724148412961404e+04
1.660483036693185568e+02 1.003470996093750000e+04 1.002729445167320591e+04
1.660687370826490223e+02 1.001762304687500000e+04 1.002735280764978779e+04
1.660891705956310034e+02 1.002712695312500000e+04 1.002741650517268135e+04
1.661096041086129844e+02 1.002592480468750000e+04 1.002748549626809472e+04
1.661300376206636429e+02 1.002352636718750000e+04 1.002755973323022772e+04
1.661504711331799626e+02 1.002756152343750000e+04 1.002763916836167482e+04
1.661709046452306211e+02 1.002459472656250000e+04 1.002772375395652489e+04
1.661913381572812796e+02 1.003620996093750000e+04 1.002781344231423645e+04
1.662117716684006155e+02 1.003255761718750000e+04 1.002790818572807802e+04
1.662322051799856126e+02 1.002696582031250000e+04 1.002800793650206833e+04
1.662526385909877717e+02 1.002358886718750000e+04 1.002811264640425361e+04
1.662730722022242844e+02 1.001276953125000000e+04 1.002822226930991383e+04
1.662935057124122977e+02 1.002370214843750000e+04 1.002833675593608496e+04
1.663139391234144568e+02 1.001581542968750000e+04 1.002845605851977234e+04
1.663343727332539856e+02 1.002105371093750000e+04 1.002858013113372363e+04
1.663548062434419990e+02 1.002143261718750000e+04 1.002870892429785454e+04
1.663752396530471742e+02 1.002400585937500000e+04 1.002884239023496411e+04
1.663956731627695262e+02 1.002451171875000000e+04 1.002898048255373578e+04
1.664161067716777325e+02 1.002394531250000000e+04 1.002912315361293076e+04
1.664365401808172464e+02 1.002667773437500000e+04 1.002927035358934700e+04
1.664569736896082759e+02 1.002599707031250000e+04 1.002942203690452880e+04
1.664774072980508208e+02 1.002372851562500000e+04 1.002957815592143743e+04
1.664978408063761890e+02 1.002849023437500000e+04 1.002973866141116741e+04
1.665182742145843804e+02 1.003696484375000000e+04 1.002990350560730803e+04
1.665387077224440873e+02 1.003034667968750000e+04 1.003007264241925805e+04
1.665591413299553096e+02 1.003467675781250000e+04 1.003024602420719384e+04
1.665795747376978397e+02 1.002650390625000000e+04 1.003042360069727147e+04
1.666000082446262240e+02 1.003115820312500000e+04 1.003060532675443028e+04
1.666204418516717851e+02 1.004240625000000000e+04 1.003079115474504215e+04
1.666408752580173314e+02 1.003432812500000000e+04 1.003098103420110056e+04
1.666613087649457157e+02 1.003953417968750000e+04 1.003117492019038036e+04
1.666817423710599542e+02 1.002853906250000000e+04 1.003137276505575210e+04
1.667021757769398391e+02 1.002830078125000000e+04 1.003157451816676985e+04
1.667226092829369009e+02 1.003045117187500000e+04 1.003178013475813168e+04
1.667430427884683013e+02 1.003456152343750000e+04 1.003198956614378039e+04
1.667634763936512172e+02 1.004573046875000000e+04 1.003220276567496694e+04
1.667839097990654409e+02 1.004006933593750000e+04 1.003241968249790807e+04
1.668043433036655188e+02 1.003206445312500000e+04 1.003264027205664570e+04
1.668247769083827734e+02 1.003055859375000000e+04 1.003286448671237304e+04
1.668452103128656745e+02 1.003072753906250000e+04 1.003309227544073110e+04
1.668656438170000911e+02 1.004218261718750000e+04 1.003332359385627751e+04
1.668860772205516696e+02 1.003781835937500000e+04 1.003355839199027832e+04
1.669065108243376017e+02 1.003658203125000000e+04 1.003379662562239537e+04
1.669269443280063570e+02 1.003555273437500000e+04 1.003403824357372469e+04
1.669473778312094510e+02 1.003536914062500000e+04 1.003428319929530335e+04
1.669678113339468837e+02 1.004221191406250000e+04 1.003453144508467085e+04
1.669882448366843164e+02 1.004481152343750000e+04 1.003478293324514379e+04
1.670086783394217491e+02 1.003672656250000000e+04 1.003503761607449269e+04
1.670291117415763438e+02 1.004134863281250000e+04 1.003529544459367389e+04
1.670495453434996307e+02 1.004033203125000000e+04 1.003555637491296875e+04
1.670699788457714021e+02 1.004010937500000000e+04 1.003582035552932575e+04
1.670904122469946742e+02 1.005005957031250000e+04 1.003608733867786214e+04
1.671108458484522998e+02 1.004272460937500000e+04 1.003635728061456030e+04
1.671312793497927487e+02 1.005801562500000000e+04 1.003663012969096417e+04
1.671517127505503595e+02 1.003951953125000000e+04 1.003690583815614264e+04
1.671721462514251471e+02 1.004700683593750000e+04 1.003718436101602492e+04
1.671925798514857888e+02 1.004731835937500000e+04 1.003746565059651039e+04
1.672130133518949151e+02 1.005727929687500000e+04 1.003774965645789416e+04
1.672334467517212033e+02 1.004458789062500000e+04 1.003803633084542889e+04
1.672538803517818451e+02 1.004110644531250000e+04 1.003832563029657649e+04
1.672743138512596488e+02 1.004698437500000000e+04 1.003861750286922143e+04
1.672947472506202757e+02 1.005420019531250000e+04 1.003891190083022229e+04
1.673151807496324182e+02 1.004524316406250000e+04 1.003920877935569115e+04
1.673356142481788993e+02 1.004917871093750000e+04 1.003950808930695348e+04
1.673560477467253804e+02 1.005243554687500000e+04 1.003980978298854279e+04
1.673764812452718616e+02 1.004329199218750000e+04 1.004011381269826597e+04
1.673969147433526814e+02 1.003837500000000000e+04 1.004042013072691407e+04
1.674173482414335012e+02 1.004132519531250000e+04 1.004072868937919520e+04
1.674377816389314830e+02 1.003577246093750000e+04 1.004103943941793477e+04
1.674582152366638184e+02 1.005324316406250000e+04 1.004135233773156142e+04
1.674786487333476543e+02 1.006127148437500000e+04 1.004166733201986062e+04
1.674990822304971516e+02 1.004523828125000000e+04 1.004198437612998714e+04
1.675195156270638108e+02 1.005580468750000000e+04 1.004230342077724708e+04
1.675399492233991623e+02 1.005288281250000000e+04 1.004262442296346671e+04
1.675603827200829983e+02 1.004986132812500000e+04 1.004294733029694362e+04
1.675808161157183349e+02 1.005312207031250000e+04 1.004327209502568803e+04
1.676012496119365096e+02 1.005185546875000000e+04 1.004359867265233879e+04
1.676216832073405385e+02 1.004751953125000000e+04 1.004392701547860270e+04
1.676421166029758751e+02 1.004577636718750000e+04 1.004425707098567727e+04
1.676625500977970660e+02 1.005116113281250000e+04 1.004458879628777322e+04
1.676829836927354336e+02 1.005054589843750000e+04 1.004492214372189483e+04
1.677034170874394476e+02 1.005371289062500000e+04 1.004525706067434476e+04
1.677238505817949772e+02 1.004727441406250000e+04 1.004559350434679072e+04
1.677442841758020222e+02 1.004926855468750000e+04 1.004593142705902210e+04
1.677647175700403750e+02 1.006449609375000000e+04 1.004627077614655354e+04
1.677851510634645820e+02 1.005950097656250000e+04 1.004661150886169344e+04
1.678055845573544502e+02 1.005135351562500000e+04 1.004695357586627688e+04
1.678260181504301727e+02 1.004668359375000000e+04 1.004729693112010682e+04
1.678464515432715416e+02 1.006100097656250000e+04 1.004764152188041044e+04
1.678668850362300873e+02 1.005294531250000000e+04 1.004798730550119944e+04
1.678873186288401484e+02 1.005295214843750000e+04 1.004833423428955211e+04
1.679077520207501948e+02 1.005251464843750000e+04 1.004868225543558947e+04
1.679281855132430792e+02 1.006745312500000000e+04 1.004903132636066221e+04
1.679486190048046410e+02 1.006329296875000000e+04 1.004938139763617255e+04
1.679690524968318641e+02 1.007261816406250000e+04 1.004973242158386529e+04
1.679894859879277647e+02 1.006254296875000000e+04 1.005008435047755847e+04
1.680099194790236652e+02 1.005205566406250000e+04 1.005043713663108247e+04
1.680303529701195657e+02 1.005681347656250000e+04 1.005079073234229327e+04
1.680507864607498050e+02 1.005049804687500000e+04 1.005114508990095965e+04
1.680712199513800442e+02 1.005297363281250000e+04 1.005150016161298481e+04
1.680916533414274454e+02 1.004539257812500000e+04 1.005185589802356117e+04
1.681120869317092001e+02 1.004994433593750000e+04 1.005221225667228282e+04
1.681325204209424555e+02 1.005599804687500000e+04 1.005256918460708221e+04
1.681529538109898567e+02 1.005332324218750000e+04 1.005292663415030620e+04
1.681733874003402889e+02 1.005901367187500000e+04 1.005328456282502339e+04
1.681938208891078830e+02 1.006721875000000000e+04 1.005364291767942268e+04
1.682142542782239616e+02 1.005524707031250000e+04 1.005400165102176652e+04
1.682346877665258944e+02 1.005923535156250000e+04 1.005436071864094083e+04
1.682551213549450040e+02 1.005313183593750000e+04 1.005472007285570362e+04
1.682755548432469368e+02 1.005435546875000000e+04 1.005507966244231284e+04
1.682959882309660316e+02 1.005822070312500000e+04 1.005543943968730855e+04
1.683164218189194798e+02 1.006465234375000000e+04 1.005579936218630610e+04
1.683368553062900901e+02 1.005319531250000000e+04 1.005615937693943124e+04
1.683572886935435236e+02 1.005941308593750000e+04 1.005651943625172862e+04
1.683777221804484725e+02 1.006797558593750000e+04 1.005687949594142628e+04
1.683981557670049369e+02 1.006134765625000000e+04 1.005723950830603644e+04
1.684185891537927091e+02 1.006365429687500000e+04 1.005759942081830923e+04
1.684390226402319968e+02 1.007337988281250000e+04 1.005795920179136738e+04
1.684594562258571386e+02 1.006382324218750000e+04 1.005831882451558886e+04
1.684798896117135882e+02 1.005720410156250000e+04 1.005867825747548704e+04
1.685003230972215533e+02 1.004852832031250000e+04 1.005903747968411335e+04
1.685207565827295184e+02 1.005281738281250000e+04 1.005939646313276353e+04
1.685411900682374835e+02 1.005995605468750000e+04 1.005975518156611543e+04
1.685616235528141260e+02 1.005604882812500000e+04 1.006011360871251964e+04
1.685820570373907685e+02 1.005091308593750000e+04 1.006047171833301945e+04
1.686024906220845878e+02 1.005444140625000000e+04 1.006082948592434695e+04
1.686229240060783923e+02 1.006251464843750000e+04 1.006118687996690460e+04
1.686433574901893735e+02 1.005868945312500000e+04 1.006154387946967836e+04
1.686637908741831779e+02 1.005851171875000000e+04 1.006190045467927848e+04
1.686842244574800134e+02 1.006107812500000000e+04 1.006225658456225392e+04
1.687046579406596720e+02 1.005534667968750000e+04 1.006261223764147508e+04
1.687250914238393307e+02 1.006440136718750000e+04 1.006296738940766045e+04
1.687455249065533280e+02 1.006469921875000000e+04 1.006332201359742248e+04
1.687863918715156615e+02 1.006170898437500000e+04 1.006402957424270608e+04
1.688068252536468208e+02 1.005904882812500000e+04 1.006438245646015093e+04
1.688272588355466723e+02 1.005900292968750000e+04 1.006473470953501965e+04
1.688476922172121704e+02 1.005730175781250000e+04 1.006508630031657776e+04
1.688681256985291839e+02 1.005064062500000000e+04 1.006543720771449262e+04
1.688885592799633741e+02 1.005257421875000000e+04 1.006578740547121924e+04
1.689089926611632109e+02 1.006155761718750000e+04 1.006613686218928342e+04
1.689294261415489018e+02 1.007095019531250000e+04 1.006648555673967712e+04
1.689498597220517695e+02 1.006701464843750000e+04 1.006683346287162567e+04
1.689702931023202837e+02 1.007183105468750000e+04 1.006718054922192459e+04
1.689907265827059746e+02 1.006675781250000000e+04 1.006752679464318135e+04
1.690111600621603429e+02 1.007072460937500000e+04 1.006787217116173815e+04
1.690315935416147113e+02 1.006574316406250000e+04 1.006821665253810352e+04
1.690520270210690796e+02 1.006996386718750000e+04 1.006856021251697894e+04
1.690724605000577867e+02 1.007133593750000000e+04 1.006890282483527517e+04
1.690928939790464938e+02 1.007612695312500000e+04 1.006924446324553719e+04
1.691133274575695395e+02 1.006676855468750000e+04 1.006958510148471942e+04
1.691337609360925853e+02 1.007757519531250000e+04 1.006992471330532862e+04
1.691541943144984543e+02 1.007745703125000000e+04 1.007026327079586918e+04
1.691746278922073543e+02 1.006930468750000000e+04 1.007060075265429987e+04
1.691950613702647388e+02 1.006137890625000000e+04 1.007093712767983379e+04
1.692154947472736239e+02 1.005644238281250000e+04 1.007127236961066410e+04
1.692359283245168626e+02 1.007160253906250000e+04 1.007160645712615224e+04
1.692563618016429245e+02 1.008934472656250000e+04 1.007193935905171747e+04
1.692767951786518097e+02 1.008126855468750000e+04 1.007227104914967276e+04
1.692972286553122103e+02 1.006650878906250000e+04 1.007260150440767211e+04
1.693176622316241264e+02 1.007736718750000000e+04 1.007293069855215253e+04
1.693380957078188658e+02 1.007255175781250000e+04 1.007325860210940118e+04
1.693585290834307671e+02 1.006787988281250000e+04 1.007358518883584838e+04
1.693789626592770219e+02 1.007537402343750000e+04 1.007391043727442593e+04
1.693993961345404387e+02 1.006858984375000000e+04 1.007423431637176327e+04
1.694198295096866786e+02 1.007381054687500000e+04 1.007455679990030330e+04
1.694402629844844341e+02 1.007060058593750000e+04 1.007487786475771281e+04
1.694606965593993664e+02 1.007434277343750000e+04 1.007519748467501267e+04
1.694811299340799451e+02 1.006960449218750000e+04 1.007551562870961425e+04
1.695015634084120393e+02 1.008187500000000000e+04 1.007583227528635143e+04
1.695219969823956490e+02 1.007356250000000000e+04 1.007614739812782500e+04
1.695424303561449051e+02 1.007202050781250000e+04 1.007646096636536458e+04
1.695628638295456767e+02 1.007405273437500000e+04 1.007677295835723635e+04
1.695832973029464483e+02 1.007292382812500000e+04 1.007708334631511752e+04
1.696037308759987354e+02 1.007653417968750000e+04 1.007739210548549454e+04
1.696241642488166690e+02 1.007568945312500000e+04 1.007769920509387157e+04
1.696445977212861180e+02 1.008034863281250000e+04 1.007800462340435843e+04
1.696650312938727438e+02 1.008123535156250000e+04 1.007830833414376684e+04
1.696854646657593548e+02 1.007327734375000000e+04 1.007861030659843891e+04
1.697058981377631426e+02 1.007244726562500000e+04 1.007891051897158286e+04
1.697263315096497536e+02 1.006930859375000000e+04 1.007920894206632875e+04
1.697467650808393955e+02 1.007598535156250000e+04 1.007950555398720826e+04
1.697671985523775220e+02 1.009066406250000000e+04 1.007980032412602304e+04
1.697876320234499872e+02 1.007340625000000000e+04 1.008009322767182857e+04
1.698080654940567911e+02 1.007795117187500000e+04 1.008038423836949369e+04
1.698284989646635950e+02 1.007709863281250000e+04 1.008067332997045378e+04
1.698489324348047376e+02 1.007638671875000000e+04 1.008096047621292564e+04
1.698693658048287034e+02 1.007469335937500000e+04 1.008124564945587008e+04
1.698897993750870228e+02 1.007852636718750000e+04 1.008152882762119589e+04
1.699102328442968428e+02 1.008006347656250000e+04 1.008180998026370617e+04
1.699306662138551474e+02 1.006730957031250000e+04 1.008208908117738611e+04
1.699510997831821442e+02 1.007448730468750000e+04 1.008236610818158078e+04
1.699715332519263029e+02 1.007851171875000000e+04 1.008264103093385347e+04
1.699919666210189462e+02 1.008308007812500000e+04 1.008291382322257959e+04
1.700124000892974436e+02 1.007691699218750000e+04 1.008318446144723202e+04
1.700328336576931179e+02 1.007563867187500000e+04 1.008345291933316912e+04
1.700532670253887773e+02 1.008791894531250000e+04 1.008371916668921040e+04
1.700737004932016134e+02 1.008279687500000000e+04 1.008398318119613396e+04
1.700941340606659651e+02 1.008394140625000000e+04 1.008424493655971310e+04
1.701145675280131400e+02 1.007976171875000000e+04 1.008450440396562044e+04
1.701350008952431381e+02 1.008852832031250000e+04 1.008476155719241433e+04
1.701554344617761672e+02 1.008529003906250000e+04 1.008501637373606536e+04
1.701758679286576807e+02 1.007464160156250000e+04 1.008526882359604861e+04
1.701963012949563563e+02 1.008013671875000000e+04 1.008551888054057235e+04
1.702167347613722086e+02 1.008623925781250000e+04 1.008576652077068502e+04
1.702371683269739151e+02 1.008216992187500000e+04 1.008601171798427822e+04
1.702576016928069293e+02 1.009202929687500000e+04 1.008625444235692339e+04
1.702780351582914591e+02 1.008634570312500000e+04 1.008649467120835470e+04
1.702984686237759888e+02 1.008772949218750000e+04 1.008673237709354180e+04
1.703189020887948573e+02 1.008411328125000000e+04 1.008696753375191474e+04
1.703393355533480644e+02 1.007995312500000000e+04 1.008720011492840786e+04
1.703597689177840948e+02 1.008229589843750000e+04 1.008743009325276580e+04
1.703802024819888175e+02 1.009012695312500000e+04 1.008765744582581829e+04
1.704006359465420246e+02 1.008987792968750000e+04 1.008788214304147186e+04
1.704210693100467324e+02 1.008059667968750000e+04 1.008810415866842777e+04
1.704415028737857938e+02 1.008924511718750000e+04 1.008832346970534854e+04
1.704619363369420171e+02 1.008757421875000000e+04 1.008854004664849890e+04
1.704823697004467249e+02 1.008043164062500000e+04 1.008875386329288631e+04
1.705028031631372869e+02 1.008544531250000000e+04 1.008896489546412886e+04
1.705232367259450257e+02 1.009948339843750000e+04 1.008917311687566689e+04
1.705436700880527496e+02 1.008657031250000000e+04 1.008937849822778662e+04
1.705641035507433116e+02 1.008180078125000000e+04 1.008958101631445606e+04
1.705845371126197278e+02 1.008149316406250000e+04 1.008978064482440459e+04
1.706049704742617905e+02 1.008335644531250000e+04 1.008997735459874457e+04
1.706254039355553687e+02 1.008595312500000000e+04 1.009017112229082340e+04
1.706458373973146081e+02 1.009140234375000000e+04 1.009036192068326272e+04
1.706662709582597017e+02 1.008244042968750000e+04 1.009054972442067810e+04
1.706867043189704418e+02 1.008609765625000000e+04 1.009073450451824829e+04
1.707071377797983587e+02 1.008179394531250000e+04 1.009091623745911602e+04
1.707275713398121297e+02 1.007716796875000000e+04 1.009109489693498836e+04
1.707480047000572085e+02 1.008381152343750000e+04 1.009127045409958373e+04
1.707684381599538028e+02 1.008587011718750000e+04 1.009144288529306141e+04
1.707888716198503971e+02 1.008635351562500000e+04 1.009161216339644307e+04
1.708093050792813301e+02 1.009473632812500000e+04 1.009177826215076129e+04
1.708297385387122631e+02 1.008757617187500000e+04 1.009194115530468844e+04
1.708501719972118735e+02 1.008713769531250000e+04 1.009210081659580828e+04
1.708706054561771452e+02 1.008747851562500000e+04 1.009225721977992544e+04
1.708910389146767557e+02 1.008971289062500000e+04 1.009241033859470008e+04
1.709114723731763661e+02 1.008042187500000000e+04 1.009256014678851898e+04
1.709319057310931385e+02 1.008662792968750000e+04 1.009270661739342358e+04
1.709523392887786031e+02 1.010098632812500000e+04 1.009284972628275864e+04
1.709727727468125522e+02 1.009127832031250000e+04 1.009298944507950910e+04
1.709932061037980020e+02 1.008895703125000000e+04 1.009312574756903450e+04
1.710136396610178053e+02 1.009674316406250000e+04 1.009325860948086665e+04
1.710340731181204319e+02 1.009088964843750000e+04 1.009338800258150877e+04
1.710545064746402204e+02 1.009301074218750000e+04 1.009351390066408749e+04
1.710749399312771857e+02 1.008957324218750000e+04 1.009363627871021708e+04
1.710953734875656664e+02 1.008272070312500000e+04 1.009375511041008212e+04
1.711158068431541324e+02 1.009479687500000000e+04 1.009387036778821493e+04
1.711362402993254364e+02 1.010423730468750000e+04 1.009398202631516870e+04
1.711566738546825945e+02 1.009645703125000000e+04 1.009409005967512712e+04
1.711771073099225760e+02 1.009758105468750000e+04 1.009419444055930217e+04
1.711975406650453806e+02 1.010303125000000000e+04 1.009429514276636473e+04
1.712179741198197007e+02 1.009059570312500000e+04 1.009439214102587357e+04
1.712384076742455363e+02 1.010001367187500000e+04 1.009448540902823515e+04
1.712588410289026797e+02 1.007938867187500000e+04 1.009457491917911102e+04
1.712792744832113385e+02 1.007672460937500000e+04 1.009466064656261005e+04
1.712997080371715128e+02 1.008420214843750000e+04 1.009474256486799641e+04
1.713201413908973336e+02 1.009141796875000000e+04 1.009482064666608494e+04
1.713405748442746699e+02 1.008877832031250000e+04 1.009489486687601311e+04
1.713610082971863449e+02 1.008646582031250000e+04 1.009496519885085945e+04
1.713814417505636811e+02 1.008957910156250000e+04 1.009503161633863056e+04
1.714018752030096948e+02 1.009941894531250000e+04 1.009509409307973692e+04
1.714223086559213698e+02 1.008296484375000000e+04 1.009515260282337840e+04
1.714427422080188990e+02 1.008839941406250000e+04 1.009520711956779633e+04
1.714631755598820746e+02 1.009213671875000000e+04 1.009525761628869441e+04
1.714836090118624270e+02 1.009695800781250000e+04 1.009530406750274960e+04
1.715040423637256026e+02 1.010254003906250000e+04 1.009534644649985057e+04
1.715244759148918092e+02 1.010288574218750000e+04 1.009538472761603771e+04
1.715449093659408391e+02 1.010090332031250000e+04 1.009541888400527750e+04
1.715653427168726921e+02 1.010366699218750000e+04 1.009544888947319851e+04
1.715857762675732374e+02 1.009304882812500000e+04 1.009547471817449332e+04
1.716062097181566060e+02 1.009859179687500000e+04 1.009549634344429069e+04
1.716266431682743132e+02 1.010426171875000000e+04 1.009551373916386729e+04
1.716470766183920205e+02 1.009951269531250000e+04 1.009552687907857580e+04
1.716675100680440664e+02 1.009318554687500000e+04 1.009553573693308863e+04
1.716879435176961124e+02 1.009791992187500000e+04 1.009554028647256746e+04
1.717083768667653203e+02 1.008990625000000000e+04 1.009554050145148722e+04
1.717288104160688818e+02 1.008760253906250000e+04 1.009553635558599854e+04
1.717696772133931518e+02 1.008471093750000000e+04 1.009551487645291854e+04
1.717901107617653906e+02 1.007986816406250000e+04 1.009549749051719482e+04
1.718105441099032760e+02 1.008880664062500000e+04 1.009547563892831386e+04
1.718309775581583381e+02 1.009378417968750000e+04 1.009544929514277828e+04
1.718514110059477389e+02 1.008495507812500000e+04 1.009541843300227629e+04
1.718718444528058171e+02 1.009825195312500000e+04 1.009538302625281176e+04
1.718922779001295567e+02 1.008580859375000000e+04 1.009534304863693797e+04
1.719127113474532962e+02 1.009929003906250000e+04 1.009529847390024042e+04
1.719331447943113744e+02 1.009596386718750000e+04 1.009524927578872666e+04
1.719535782407037914e+02 1.009994335937500000e+04 1.009519542804753655e+04
1.719740116870962083e+02 1.009353027343750000e+04 1.009513690442044026e+04
1.719944450329057872e+02 1.009252734375000000e+04 1.009507367897510812e+04
1.720148785789497197e+02 1.008979492187500000e+04 1.009500572449105312e+04
1.720353120244108140e+02 1.009156445312500000e+04 1.009493301567886192e+04
1.720557453697547317e+02 1.009840527343750000e+04 1.009485552635196109e+04
1.720761789153330028e+02 1.009689062500000000e+04 1.009477322908089263e+04
1.720966123598627746e+02 1.009683007812500000e+04 1.009468609878886309e+04
1.721170457047410309e+02 1.009148144531250000e+04 1.009459410928616308e+04
1.721374791492708027e+02 1.008745996093750000e+04 1.009449723342048674e+04
1.721579126934520900e+02 1.008340039062500000e+04 1.009439544486499653e+04
1.721783461375162005e+02 1.009464062500000000e+04 1.009428871835973041e+04
1.721987794814631343e+02 1.009503906250000000e+04 1.009417702772231314e+04
1.722192130247130990e+02 1.010512500000000000e+04 1.009406034502465263e+04
1.722396464683115482e+02 1.009619628906250000e+04 1.009393864568215213e+04
1.722600798113271594e+02 1.009283496093750000e+04 1.009381190351913938e+04
1.722805132539942861e+02 1.009158496093750000e+04 1.009368009103892291e+04
1.723009467967785895e+02 1.010341503906250000e+04 1.009354318190879894e+04
1.723213801388628781e+02 1.010599902343750000e+04 1.009340115192691519e+04
1.723418135810643435e+02 1.009502734375000000e+04 1.009325397278505625e+04
1.723622471229173243e+02 1.009222656250000000e+04 1.009310161815572792e+04
1.723826804650016129e+02 1.008876660156250000e+04 1.009294406405444897e+04
1.724031139062717557e+02 1.008785058593750000e+04 1.009278128195941099e+04
1.724235473475418985e+02 1.008054394531250000e+04 1.009261325924801713e+04
1.724439807888120413e+02 1.009054980468750000e+04 1.009244003380438880e+04
1.724644142291508615e+02 1.009310742187500000e+04 1.009226165627022783e+04
1.724848476699553430e+02 1.009649316406250000e+04 1.009207817726695976e+04
1.725052812104113400e+02 1.008956054687500000e+04 1.009188964650037451e+04
1.725257145501673222e+02 1.009571582031250000e+04 1.009169611741234075e+04
1.725461479900404811e+02 1.009089355468750000e+04 1.009149763782398804e+04
1.725665813297964633e+02 1.008624316406250000e+04 1.009129426031318872e+04
1.725870148693211377e+02 1.008902343750000000e+04 1.009108603249296903e+04
1.726074483082629740e+02 1.008420117187500000e+04 1.009087300802232130e+04
1.726278817472048104e+02 1.007828125000000000e+04 1.009065523652158663e+04
1.726483151861466467e+02 1.009107617187500000e+04 1.009043276862420134e+04
1.726687486246228218e+02 1.009779687500000000e+04 1.009020565496882773e+04
1.726891820626333356e+02 1.008962792968750000e+04 1.008997394618922408e+04
1.727096154009923339e+02 1.008605468750000000e+04 1.008973769407686632e+04
1.727300489386543632e+02 1.008211621093750000e+04 1.008949694577565606e+04
1.727504823761992157e+02 1.008378613281250000e+04 1.008925175541419958e+04
1.727709157136268914e+02 1.008708105468750000e+04 1.008900217369085476e+04
1.727913492508232594e+02 1.007683203125000000e+04 1.008874824754423207e+04
1.728117826874367893e+02 1.008921093750000000e+04 1.008849003130870915e+04
1.728322160243988037e+02 1.008598632812500000e+04 1.008822757566864311e+04
1.728526494605466723e+02 1.008055859375000000e+04 1.008796092870342909e+04
1.728730829968117177e+02 1.009039843750000000e+04 1.008769014097340187e+04
1.728935163328424096e+02 1.008345214843750000e+04 1.008741526712244377e+04
1.729139497685246170e+02 1.009220703125000000e+04 1.008713635377991159e+04
1.729343833038583398e+02 1.008764941406250000e+04 1.008685345152049740e+04
1.729548167390748858e+02 1.009407128906250000e+04 1.008656661374376017e+04
1.729752500741742551e+02 1.009017871093750000e+04 1.008627589114060356e+04
1.729956835089251399e+02 1.007901171875000000e+04 1.008598133150207650e+04
1.730161170437932014e+02 1.009310156250000000e+04 1.008568298539900388e+04
1.730365503779612482e+02 1.009098535156250000e+04 1.008538090788465706e+04
1.730569838122464716e+02 1.008650585937500000e+04 1.008507514517273921e+04
1.730774173457175493e+02 1.008484375000000000e+04 1.008476574785706543e+04
1.730978506798855960e+02 1.008258984375000000e+04 1.008445277111709584e+04
1.731182841132394969e+02 1.007864355468750000e+04 1.008413626104049763e+04
1.731387175461277366e+02 1.008576074218750000e+04 1.008381626977856467e+04
1.731591509794816375e+02 1.007403027343750000e+04 1.008349284795011044e+04
1.731795844119042158e+02 1.007391308593750000e+04 1.008316604621075385e+04
1.732000178443267941e+02 1.009135839843750000e+04 1.008283591517921741e+04
1.732204512767493725e+02 1.007591308593750000e+04 1.008250250548889744e+04
1.732408847087062895e+02 1.008650878906250000e+04 1.008216586778088458e+04
1.732613180405460298e+02 1.008417187500000000e+04 1.008182605435369442e+04
1.732817514725029469e+02 1.008375781250000000e+04 1.008148311251053201e+04
1.733021850036457181e+02 1.008599023437500000e+04 1.008113709285504228e+04
1.733226184346713126e+02 1.008611718750000000e+04 1.008078804939599286e+04
1.733430517655797303e+02 1.008218164062500000e+04 1.008043603281087053e+04
1.733839186266995966e+02 1.008040722656250000e+04 1.007972327418054010e+04
1.734043520567938685e+02 1.008143945312500000e+04 1.007936263511987454e+04
1.734247855870053172e+02 1.008092968750000000e+04 1.007899922194735700e+04
1.734452189169824123e+02 1.008715722656250000e+04 1.007863309065828435e+04
1.734656523466110229e+02 1.009311523437500000e+04 1.007826428653254334e+04
1.734860857753083110e+02 1.009495019531250000e+04 1.007789286199948037e+04
1.735065193045884371e+02 1.008675488281250000e+04 1.007751886582849329e+04
1.735269526336342096e+02 1.008656054687500000e+04 1.007714235417737291e+04
1.735473860618658364e+02 1.007768554687500000e+04 1.007676337218081790e+04
1.735678195906803012e+02 1.008730078125000000e+04 1.007638197041046078e+04
1.735882529187947512e+02 1.007921289062500000e+04 1.007599820514076055e+04
1.736086863465607166e+02 1.007523437500000000e+04 1.007561212138151677e+04
1.736291196742095053e+02 1.007521679687500000e+04 1.007522377354019045e+04
1.736495532016269863e+02 1.007638476562500000e+04 1.007483320653430019e+04
1.736699866289272904e+02 1.007844140625000000e+04 1.007444047671313092e+04
1.736904200562275946e+02 1.007737402343750000e+04 1.007404563280178627e+04
1.737108534825965762e+02 1.007016406250000000e+04 1.007364872545174694e+04
1.737312869094312191e+02 1.007126660156250000e+04 1.007324980526930085e+04
1.737517203358002007e+02 1.006851171875000000e+04 1.007284892290597054e+04
1.737721536615863442e+02 1.007580566406250000e+04 1.007244613097339970e+04
1.737925871876068413e+02 1.007662988281250000e+04 1.007204147416132400e+04
1.738130206130445004e+02 1.006965527343750000e+04 1.007163500904685498e+04
1.738334539383649826e+02 1.007386816406250000e+04 1.007122678628036738e+04
1.738538874639198184e+02 1.007711523437500000e+04 1.007081685048200234e+04
1.738743208884261549e+02 1.007612890625000000e+04 1.007040525831708510e+04
1.738947542132809758e+02 1.007144726562500000e+04 1.006999206041487560e+04
1.739151876377873123e+02 1.006963867187500000e+04 1.006957730337823159e+04
1.739356211619451642e+02 1.007197558593750000e+04 1.006916103781808124e+04
1.739560544863343239e+02 1.006981445312500000e+04 1.006874332047826829e+04
1.739764879099093378e+02 1.006693652343750000e+04 1.006832419589123492e+04
1.739969214336015284e+02 1.009660156250000000e+04 1.006790371465101452e+04
1.740173548567108810e+02 1.007740820312500000e+04 1.006748193152118620e+04
1.740377881801687181e+02 1.006487500000000000e+04 1.006705889713464785e+04
1.740582216028124094e+02 1.006118066406250000e+04 1.006663465800798622e+04
1.740786551255732775e+02 1.005863574218750000e+04 1.006620926473796499e+04
1.740990884476341307e+02 1.006844531250000000e+04 1.006578277422868268e+04
1.741195218702778220e+02 1.006581835937500000e+04 1.006535523083295993e+04
1.741399553921073675e+02 1.006776464843750000e+04 1.006492668519830477e+04
1.741603887137025595e+02 1.007159863281250000e+04 1.006449719424484283e+04
1.741808221354149282e+02 1.005893359375000000e+04 1.006406680229959602e+04
1.742012555566616356e+02 1.006416015625000000e+04 1.006363556210781098e+04
1.742216889774426818e+02 1.006472460937500000e+04 1.006320352430284947e+04
1.742421223982237279e+02 1.006096289062500000e+04 1.006277073950819249e+04
1.742625558190047741e+02 1.005559472656250000e+04 1.006233725835714358e+04
1.742829893394373357e+02 1.006279882812500000e+04 1.006190312936432747e+04
1.743034226591698825e+02 1.006350000000000000e+04 1.006146840954882646e+04
1.743238560794852674e+02 1.005858105468750000e+04 1.006103314313837836e+04
1.743442893987521529e+02 1.006724121093750000e+04 1.006059738506085705e+04
1.743647229182533920e+02 1.005829199218750000e+04 1.006016117952108289e+04
1.743851563376374543e+02 1.006120019531250000e+04 1.005972458356098468e+04
1.744055896569043398e+02 1.006265917968750000e+04 1.005928764781925747e+04
1.744260231754742563e+02 1.006467968750000000e+04 1.005885041652429209e+04
1.744464565939269960e+02 1.005842871093750000e+04 1.005841294671430296e+04
1.744668900119140744e+02 1.006596679687500000e+04 1.005797528689093451e+04
1.744873233302496374e+02 1.006581542968750000e+04 1.005753748981285753e+04
1.745077568478882313e+02 1.005923535156250000e+04 1.005709959970729142e+04
1.745281902654096484e+02 1.005452929687500000e+04 1.005666167362356100e+04
1.745486235832795501e+02 1.006341894531250000e+04 1.005622376218515456e+04
1.745690570999868214e+02 1.005201953125000000e+04 1.005578590962869930e+04
1.745894905170425773e+02 1.005612500000000000e+04 1.005534817298411872e+04
1.746099238339811563e+02 1.004890625000000000e+04 1.005491060289262168e+04
1.746303572501055896e+02 1.005049316406250000e+04 1.005447324571927675e+04
1.746507907663471997e+02 1.006356738281250000e+04 1.005403615208093834e+04
1.746712240823544562e+02 1.005111328125000000e+04 1.005359937903350146e+04
1.746916574984788895e+02 1.005272070312500000e+04 1.005316297078760363e+04
1.747120909141376615e+02 1.005246582031250000e+04 1.005272698012732144e+04
1.747529577440582216e+02 1.005612304687500000e+04 1.005185645409653807e+04
1.747733910591341555e+02 1.005199414062500000e+04 1.005142202209980314e+04
1.747938245739787817e+02 1.005297363281250000e+04 1.005098820596741643e+04
1.748142579882405698e+02 1.006047167968750000e+04 1.005055506271392369e+04
1.748346913023851812e+02 1.006058886718750000e+04 1.005012264295245222e+04
1.748551248162984848e+02 1.005805273437500000e+04 1.004969099097544859e+04
1.748755582300946116e+02 1.004867773437500000e+04 1.004926016375693871e+04
1.748959915433079004e+02 1.004613671875000000e+04 1.004883021192749220e+04
1.749164249566383660e+02 1.004744238281250000e+04 1.004840118189705026e+04
1.749368584696203470e+02 1.005753710937500000e+04 1.004797312432255603e+04
1.749572917823679745e+02 1.004306054687500000e+04 1.004754609611206251e+04
1.749777251952327788e+02 1.006159472656250000e+04 1.004712014161421757e+04
1.749981587072834373e+02 1.005182031250000000e+04 1.004669531149778413e+04
1.750185921196825802e+02 1.005840332031250000e+04 1.004627166053016845e+04
1.750390254314988852e+02 1.006146289062500000e+04 1.004584923934625112e+04
1.750594588434323668e+02 1.005179785156250000e+04 1.004542809442990438e+04
1.750798923545517027e+02 1.003864355468750000e+04 1.004500827645264144e+04
1.751003256659023464e+02 1.004367382812500000e+04 1.004458984217981924e+04
1.751207590769045055e+02 1.005156738281250000e+04 1.004417283610286540e+04
1.751411925875581801e+02 1.004498632812500000e+04 1.004375730887630198e+04
1.751616258979775012e+02 1.004825097656250000e+04 1.004334331722052593e+04
1.751820593085139990e+02 1.004636328125000000e+04 1.004293090567208128e+04
1.752024927185848355e+02 1.005209375000000000e+04 1.004252012690575793e+04
1.752229261281900108e+02 1.004856054687500000e+04 1.004211103155467208e+04
1.752433595377951860e+02 1.005295898437500000e+04 1.004170367024265761e+04
1.752637929474003613e+02 1.005642187500000000e+04 1.004129809360293439e+04
1.752842263565398753e+02 1.004702539062500000e+04 1.004089435227790818e+04
1.753046597652137280e+02 1.004389257812500000e+04 1.004049249690065881e+04
1.753250931738875806e+02 1.005968261718750000e+04 1.004009257809518022e+04
1.753455264824442565e+02 1.004663671875000000e+04 1.003969464843947208e+04
1.753659599907696247e+02 1.004558007812500000e+04 1.003929875274138976e+04
1.753863933989778161e+02 1.004940429687500000e+04 1.003890494745940305e+04
1.754068267066031694e+02 1.004594628906250000e+04 1.003851328320455286e+04
1.754272602139972150e+02 1.003263183593750000e+04 1.003812380486875554e+04
1.754476936212740839e+02 1.005750976562500000e+04 1.003773656881740317e+04
1.754681270285509527e+02 1.003896191406250000e+04 1.003735162376998596e+04
1.755089938417077065e+02 1.004325488281250000e+04 1.003658880924566984e+04
1.755294272480532527e+02 1.004317285156250000e+04 1.003621104102625941e+04
1.755498605542816222e+02 1.004076269531250000e+04 1.003583576817589164e+04
1.755702940602786839e+02 1.009149902343750000e+04 1.003546303583862391e+04
1.755907274661585689e+02 1.003657812500000000e+04 1.003509290013667305e+04
1.756111607714556158e+02 1.005020507812500000e+04 1.003472541167306008e+04
1.756315941768698394e+02 1.005047558593750000e+04 1.003436061747112763e+04
1.756520276819355786e+02 1.002929394531250000e+04 1.003399856821229150e+04
1.756724609867669642e+02 1.003032910156250000e+04 1.003363931982270515e+04
1.756928943912498653e+02 1.004210253906250000e+04 1.003328291764232745e+04
1.757133278953842819e+02 1.002836621093750000e+04 1.003292941234637510e+04
1.757337611997500062e+02 1.003634960937500000e+04 1.003257885972653094e+04
1.757541946037672460e+02 1.003574707031250000e+04 1.003223130525734268e+04
1.757746280073188245e+02 1.003329687500000000e+04 1.003188680129664499e+04
1.757950614108704031e+02 1.003396289062500000e+04 1.003154539846966509e+04
1.758154948139563203e+02 1.004081738281250000e+04 1.003120714741724441e+04
1.758359282170422375e+02 1.004559277343750000e+04 1.003087209876473753e+04
1.758563617197796702e+02 1.003901953125000000e+04 1.003054030153520034e+04
1.758767950222827494e+02 1.003171777343750000e+04 1.003021181120704932e+04
1.758972284244373441e+02 1.003495800781250000e+04 1.002988667356790393e+04
1.759176619267091155e+02 1.003610937500000000e+04 1.002956493929308272e+04
1.759380952287465334e+02 1.002784960937500000e+04 1.002924666371962849e+04
1.759585286304354668e+02 1.002848242187500000e+04 1.002893189278395948e+04
1.759789620316587389e+02 1.002862890625000000e+04 1.002862067868695885e+04
1.759993954328820109e+02 1.003171972656250000e+04 1.002831307205456505e+04
1.760198288336396217e+02 1.003517480468750000e+04 1.002800912352681917e+04
1.760402622343972325e+02 1.004309277343750000e+04 1.002770888372982517e+04
1.760606956346891820e+02 1.003779589843750000e+04 1.002741240330345317e+04
1.760811290349811316e+02 1.004260839843750000e+04 1.002711973287396359e+04
1.761015624352730811e+02 1.002576660156250000e+04 1.002683092307451079e+04
1.761219957349821925e+02 1.003733496093750000e+04 1.002654602593093659e+04
1.761424292344599962e+02 1.002543750000000000e+04 1.002626508791737797e+04
1.761628626338206232e+02 1.003031054687500000e+04 1.002598816381918004e+04
1.761832959330640733e+02 1.002996679687500000e+04 1.002571530421013995e+04
1.762037294320762157e+02 1.002028906250000000e+04 1.002544655574878925e+04
1.762241627303883433e+02 1.003024023437500000e+04 1.002518197433475507e+04
1.762445961292833090e+02 1.003092871093750000e+04 1.002492160666928248e+04
1.762650295272469521e+02 1.002532128906250000e+04 1.002466550470975926e+04
1.762854629252105951e+02 1.002650195312500000e+04 1.002441371907736902e+04
1.763058963231742382e+02 1.002634570312500000e+04 1.002416630040524433e+04
1.763263297206722200e+02 1.001613671875000000e+04 1.002392329933200017e+04
1.763467632178217173e+02 1.001658300781250000e+04 1.002368476533275680e+04
1.763671965147368610e+02 1.001712890625000000e+04 1.002345075250817172e+04
1.763876299117691815e+02 1.002011230468750000e+04 1.002322130801825006e+04
1.764080632082186639e+02 1.002085742187500000e+04 1.002299648315603918e+04
1.764284967044368386e+02 1.002273828125000000e+04 1.002277628736914266e+04
1.764489301010034978e+02 1.002926660156250000e+04 1.002256070049169284e+04
1.764693633965216577e+02 1.003364062500000000e+04 1.002234969748647563e+04
1.764897968922741711e+02 1.002667285156250000e+04 1.002214325029130487e+04
1.765102302879095078e+02 1.002054492187500000e+04 1.002194133698993210e+04
1.765306636830791831e+02 1.002230078125000000e+04 1.002174393157989107e+04
1.765510969781316817e+02 1.002157226562500000e+04 1.002155101000659124e+04
1.765715304729528725e+02 1.001728808593750000e+04 1.002136254448707768e+04
1.765919638676568866e+02 1.002983984375000000e+04 1.002117851283561140e+04
1.766123971617780626e+02 1.001646289062500000e+04 1.002099889000700932e+04
1.766328306561335921e+02 1.001533593750000000e+04 1.002082364840475930e+04
1.766532640499062836e+02 1.001456054687500000e+04 1.002065276565647946e+04
1.766736973435617983e+02 1.001413574218750000e+04 1.002048621671001092e+04
1.766941307368688285e+02 1.001660937500000000e+04 1.002032397495278201e+04
1.767145642302930355e+02 1.001059570312500000e+04 1.002016601545983940e+04
1.767349975230172276e+02 1.001228320312500000e+04 1.002001231554088918e+04
1.767554309158585966e+02 1.001405664062500000e+04 1.001986284791755133e+04
1.767758644083514810e+02 1.001450097656250000e+04 1.001971758767088431e+04
1.767962977006100118e+02 1.002034667968750000e+04 1.001957651191757395e+04
1.768167310929857194e+02 1.001512792968750000e+04 1.001943959356900086e+04
1.768371644848957658e+02 1.001610351562500000e+04 1.001930680834536543e+04
1.768575979764573276e+02 1.001639550781250000e+04 1.001917813064170150e+04
1.768780312677845359e+02 1.003333007812500000e+04 1.001905353733205629e+04
1.768984646587632596e+02 1.001805273437500000e+04 1.001893300157353224e+04
1.769188981498591602e+02 1.001995703125000000e+04 1.001881649843848209e+04
1.769393314402550459e+02 1.001371289062500000e+04 1.001870400462814359e+04
1.769597648307681084e+02 1.001768945312500000e+04 1.001859549347263237e+04
1.769801982212811708e+02 1.002324316406250000e+04 1.001849094054869784e+04
1.770006316113285720e+02 1.002003613281250000e+04 1.001839032087435589e+04
1.770210650009103119e+02 1.001978125000000000e+04 1.001829360946511224e+04
1.770414983904920518e+02 1.002008984375000000e+04 1.001820078133439893e+04
1.770619317800737917e+02 1.002146777343750000e+04 1.001811181149798540e+04
1.770823651691898704e+02 1.002270996093750000e+04 1.001802667497354560e+04
1.771027985578402877e+02 1.001477636718750000e+04 1.001794534677658339e+04
1.771232318463735282e+02 1.001457812500000000e+04 1.001786780229161013e+04
1.771436653351411223e+02 1.001308886718750000e+04 1.001779401542225060e+04
1.771640987233258784e+02 1.001575781250000000e+04 1.001772396229798687e+04
1.771845320113934577e+02 1.000323632812500000e+04 1.001765761787817610e+04
1.772049654992297292e+02 1.001285546875000000e+04 1.001759495623190742e+04
1.772253988864831626e+02 1.001454882812500000e+04 1.001753595332278019e+04
1.772458321740850806e+02 1.001250292968750000e+04 1.001748058411029888e+04
1.772662655608728528e+02 1.000958300781250000e+04 1.001742882307141372e+04
1.772866990477778018e+02 1.000814941406250000e+04 1.001738064527216011e+04
1.773071324345655739e+02 1.001510546875000000e+04 1.001733602620032616e+04
1.773275657207705081e+02 1.000932226562500000e+04 1.001729494082046949e+04
1.773479992067441344e+02 1.001314160156250000e+04 1.001725736357006463e+04
1.773684325930662453e+02 1.001205371093750000e+04 1.001722327004124600e+04
1.773888658788055182e+02 1.001235644531250000e+04 1.001719263520033564e+04
1.774092992641963065e+02 1.001260156250000000e+04 1.001716543376278059e+04
1.774297327492386103e+02 1.001345605468750000e+04 1.001714164079442344e+04
1.774501660345122218e+02 1.000179980468750000e+04 1.001712123163476645e+04
1.774705994194373488e+02 1.001217871093750000e+04 1.001710418097572619e+04
1.774910329035483301e+02 1.000235937500000000e+04 1.001709046388232309e+04
1.775114661878906190e+02 1.000539941406250000e+04 1.001708005554654301e+04
1.775318995723500848e+02 1.001694628906250000e+04 1.001707293080728050e+04
1.775523329563438892e+02 9.992114257812500000e+03 1.001706906473945492e+04
1.775727663398720324e+02 9.992079101562500000e+03 1.001706843235864289e+04
1.775931997234001756e+02 1.000358593750000000e+04 1.001707100868050838e+04
1.776136331064626575e+02 1.001503027343750000e+04 1.001707676872067714e+04
1.776340664895251393e+02 1.000867285156250000e+04 1.001708568749497135e+04
1.776544998725876212e+02 1.001323437500000000e+04 1.001709774001918049e+04
1.776749331550672650e+02 1.001530957031250000e+04 1.001711290122686478e+04
1.776953665371984243e+02 1.001298437500000000e+04 1.001713114628227959e+04
1.777362334011122584e+02 1.001422265625000000e+04 1.001717678792640254e+04
1.777566666826605797e+02 1.001504687500000000e+04 1.001720413429330074e+04
1.777771001639775932e+02 1.001640917968750000e+04 1.001723446478640108e+04
1.777975334450602531e+02 1.002091894531250000e+04 1.001726775382781852e+04
1.778179668262600899e+02 1.001347265625000000e+04 1.001730397690099744e+04
1.778384002069942653e+02 1.001280761718750000e+04 1.001734310886493040e+04
1.778588336873799562e+02 1.001469238281250000e+04 1.001738512494811948e+04
1.778792669675312936e+02 1.000702246093750000e+04 1.001742999952855826e+04
1.778997003477998078e+02 1.001749023437500000e+04 1.001747770826071610e+04
1.779201338277198374e+02 1.001066113281250000e+04 1.001752822620069128e+04
1.779405671069398522e+02 1.001260449218750000e+04 1.001758152760101802e+04
1.779610004867427051e+02 1.000719238281250000e+04 1.001763758824301840e+04
1.779814337654970586e+02 1.000572949218750000e+04 1.001769638258947452e+04
1.780018672449514270e+02 1.001263085937500000e+04 1.001775788654432108e+04
1.780223006233572960e+02 1.000650097656250000e+04 1.001782207423487489e+04
1.780427340017631650e+02 1.002002246093750000e+04 1.001788892097443022e+04
1.780631673801690340e+02 1.001374414062500000e+04 1.001795840177878927e+04
1.780836007581092417e+02 1.001625000000000000e+04 1.001803049166210076e+04
1.781040341360494494e+02 1.002323828125000000e+04 1.001810516564172212e+04
1.781244674134068191e+02 1.002011035156250000e+04 1.001818239834704582e+04
1.781449008909985423e+02 1.001170605468750000e+04 1.001826216594948710e+04
1.781653342680074275e+02 1.001412109375000000e+04 1.001834444230902227e+04
1.781857675448991358e+02 1.001255468750000000e+04 1.001842920240656531e+04
1.782062010215595365e+02 1.001556250000000000e+04 1.001851642251994599e+04
1.782266343981027603e+02 1.001496875000000000e+04 1.001860607640285161e+04
1.782470676740631461e+02 1.001782128906250000e+04 1.001869813903338581e+04
1.782675010501407087e+02 1.001021191406250000e+04 1.001879258633164682e+04
1.782879345258697867e+02 1.000816796875000000e+04 1.001888939334607858e+04
1.783083678013645113e+02 1.001002050781250000e+04 1.001898853365445575e+04
1.783288011765107512e+02 1.001391699218750000e+04 1.001908998371044072e+04
1.783492346517741680e+02 1.001809375000000000e+04 1.001919371856585167e+04
1.783696680264547467e+02 1.001268750000000000e+04 1.001929971221743290e+04
1.783901013010181487e+02 1.001141406250000000e+04 1.001940793965032935e+04
1.784105346756987274e+02 1.000224804687500000e+04 1.001951837694103779e+04
1.784309681500308216e+02 1.000183203125000000e+04 1.001963099913507904e+04
1.784514014236629009e+02 1.001519824218750000e+04 1.001974577957676593e+04
1.784718347974121571e+02 1.001844628906250000e+04 1.001986269495584202e+04
1.784922682708129287e+02 1.001592871093750000e+04 1.001998172031658578e+04
1.785127015444450080e+02 1.000565332031250000e+04 1.002010282891531824e+04
1.785331349172629416e+02 1.001609863281250000e+04 1.002022599752445603e+04
1.785535682900808752e+02 1.001540136718750000e+04 1.002035120057699169e+04
1.785740016628988087e+02 1.000941601562500000e+04 1.002047841308875650e+04
1.785944350352510810e+02 1.000101953125000000e+04 1.002060761007262045e+04
1.786148684071376920e+02 1.000989550781250000e+04 1.002073876654428386e+04
1.786353017790243030e+02 9.997837890625000000e+03 1.002087185752249934e+04
1.786557351509109139e+02 1.001278125000000000e+04 1.002100685802310909e+04
1.786761685223318636e+02 1.000841894531250000e+04 1.002114374305880665e+04
1.786966019938699901e+02 1.000370117187500000e+04 1.002128248833280304e+04
1.787170352647081017e+02 1.000872851562500000e+04 1.002142306680475667e+04
1.787374686356633902e+02 1.001069726562500000e+04 1.002156545554660261e+04
1.787579019060358405e+02 1.000827246093750000e+04 1.002170962817582404e+04
1.787783353761769831e+02 1.000699414062500000e+04 1.002185556184034431e+04
1.787987687466666102e+02 1.001186718750000000e+04 1.002200322943045103e+04
1.788192021162249148e+02 1.001229980468750000e+04 1.002215260666257018e+04
1.788396354862488806e+02 1.001041503906250000e+04 1.002230366856270120e+04
1.788600688553415239e+02 1.001444335937500000e+04 1.002245639013629989e+04
1.788805022248998284e+02 1.000767187500000000e+04 1.002261074640959851e+04
1.789009354934096336e+02 1.001550000000000000e+04 1.002276671161974627e+04
1.789213689621537924e+02 1.001912792968750000e+04 1.002292426309385519e+04
1.789622355992905796e+02 1.001766015625000000e+04 1.002324401796180791e+04
1.789826690675690770e+02 1.001053906250000000e+04 1.002340617373338864e+04
1.790031024352647364e+02 1.002403808593750000e+04 1.002356981350150454e+04
1.790235357028432190e+02 1.003201074218750000e+04 1.002373491226404076e+04
1.790439690700732172e+02 1.002068457031250000e+04 1.002390144665101616e+04
1.790644025374203920e+02 1.001286230468750000e+04 1.002406939170293663e+04
1.790848358045332134e+02 1.001584082031250000e+04 1.002423871995679292e+04
1.791052691712975502e+02 1.000859179687500000e+04 1.002440940890339516e+04
1.791257025375962257e+02 1.001757519531250000e+04 1.002458143273221503e+04
1.791461360040120780e+02 1.001641503906250000e+04 1.002475476731544404e+04
1.791665692701935768e+02 1.001217871093750000e+04 1.002492938511157809e+04
1.792074360013939440e+02 1.003019042968750000e+04 1.002528237721345795e+04
1.792278693667612970e+02 1.002884960937500000e+04 1.002546070070238056e+04
1.792483026320114732e+02 1.003346582031250000e+04 1.002564020829003675e+04
1.792687360970303416e+02 1.003396679687500000e+04 1.002582087763534946e+04
1.792891694614663720e+02 1.004078125000000000e+04 1.002600268110690922e+04
1.793096027262508869e+02 1.002685253906250000e+04 1.002618559371236915e+04
1.793300360902212560e+02 1.002969335937500000e+04 1.002636959224758721e+04
1.793504695547744632e+02 1.002753906250000000e+04 1.002655465175673635e+04
1.793709028181619942e+02 1.003174511718750000e+04 1.002674074451513661e+04
1.793913361821323633e+02 1.002755078125000000e+04 1.002692784827919604e+04
1.794117696452885866e+02 1.002949121093750000e+04 1.002711593806662313e+04
1.794322030083276331e+02 1.003270703125000000e+04 1.002730498705853461e+04
1.794526362712495029e+02 1.002772070312500000e+04 1.002749497025687015e+04
1.794730696338228881e+02 1.004486914062500000e+04 1.002768586453496391e+04
1.794935030965134501e+02 1.002637304687500000e+04 1.002787764492620772e+04
1.795139363585039973e+02 1.002772070312500000e+04 1.002807028361670382e+04
1.795343697206117213e+02 1.003517089843750000e+04 1.002826375845204711e+04
1.795548031823709607e+02 1.003545898437500000e+04 1.002845804445576687e+04
1.795752364438958466e+02 1.003663574218750000e+04 1.002865311378649858e+04
1.795956698055379093e+02 1.003753808593750000e+04 1.002884894432175497e+04
1.796161031667143106e+02 1.003511718750000000e+04 1.002904551011904186e+04
1.796365365274250507e+02 1.003476464843750000e+04 1.002924278619418692e+04
1.796569698881357908e+02 1.002707031250000000e+04 1.002944074756753434e+04
1.796774032483808696e+02 1.003341503906250000e+04 1.002963936925043345e+04
1.796978367087431252e+02 1.002622070312500000e+04 1.002983862724107894e+04
1.797182699684053659e+02 1.002600585937500000e+04 1.003003849361734865e+04
1.797387033286504447e+02 1.003436425781250000e+04 1.003023894633766758e+04
1.797591365878470242e+02 1.003720410156250000e+04 1.003043995844015080e+04
1.797795700472779572e+02 1.004027441406250000e+04 1.003064150790850181e+04
1.798000034061260521e+02 1.003112011718750000e+04 1.003084356679529446e+04
1.798204366653226316e+02 1.003983496093750000e+04 1.003104611011829911e+04
1.798408701238222420e+02 1.003919531250000000e+04 1.003124911586019516e+04
1.798613034822046757e+02 1.003184667968750000e+04 1.003145255606543469e+04
1.798817368405871093e+02 1.003835156250000000e+04 1.003165640674345195e+04
1.799021700983867049e+02 1.003998632812500000e+04 1.003186064190387879e+04
1.799226035564206541e+02 1.004130957031250000e+04 1.003206523957203899e+04
1.799430369138717651e+02 1.004309960937500000e+04 1.003227017175434594e+04
1.799634701712056994e+02 1.005171289062500000e+04 1.003247541346661092e+04
1.799839036283083260e+02 1.003341503906250000e+04 1.003268094273906172e+04
1.800043369848281145e+02 1.003030566406250000e+04 1.003288673156854020e+04
1.800247702416963875e+02 1.002889062500000000e+04 1.003309275497667113e+04
1.800452035982161760e+02 1.002973632812500000e+04 1.003329898998897079e+04
1.800656370543874800e+02 1.003200878906250000e+04 1.003350541162422451e+04
1.800860703103244305e+02 1.003165722656250000e+04 1.003371199186759623e+04
1.801065036659128964e+02 1.002970117187500000e+04 1.003391870876570101e+04
1.801269371211528778e+02 1.002664453125000000e+04 1.003412553733623645e+04
1.801473704767413437e+02 1.003099609375000000e+04 1.003433245057763997e+04
1.801678037317469716e+02 1.003414257812500000e+04 1.003453942349530553e+04
1.801882370864041150e+02 1.004085644531250000e+04 1.003474643313344495e+04
1.802086705411784351e+02 1.003378710937500000e+04 1.003495345451301546e+04
1.802291037952527404e+02 1.004127148437500000e+04 1.003516045960223710e+04
1.802495371499098837e+02 1.003033007812500000e+04 1.003536742646940183e+04
1.802699706037528813e+02 1.003433105468750000e+04 1.003557433011551257e+04
1.802904038573615253e+02 1.003453125000000000e+04 1.003578114252521664e+04
1.803108372106216848e+02 1.003518066406250000e+04 1.003598784175039327e+04
1.803312705638818443e+02 1.003913671875000000e+04 1.003619440179810408e+04
1.803517039171420038e+02 1.003943652343750000e+04 1.003640079768424766e+04
1.803721372699365020e+02 1.003862207031250000e+04 1.003660700442003690e+04
1.803925706227310002e+02 1.004386425781250000e+04 1.003681299702607794e+04
1.804130039750598371e+02 1.004486816406250000e+04 1.003701875331663541e+04
1.804334373269230127e+02 1.004598925781250000e+04 1.003722426226782591e+04
1.804538706787861884e+02 1.003371191406250000e+04 1.003742951563608221e+04
1.804743039305321872e+02 1.003810449218750000e+04 1.003763450416939304e+04
1.804947373820468783e+02 1.004827539062500000e+04 1.003783922262600572e+04
1.805151707334443927e+02 1.003697070312500000e+04 1.003804365975114706e+04
1.805356039842590690e+02 1.005610742187500000e+04 1.003824780729607301e+04
1.805560374353080988e+02 1.004068847656250000e+04 1.003845166001580947e+04
1.805764707857742906e+02 1.004279394531250000e+04 1.003865520665881195e+04
1.805969040361233056e+02 1.003438867187500000e+04 1.003885843898601161e+04
1.806173373861238360e+02 1.004169628906250000e+04 1.003906135073610312e+04
1.806377707361243665e+02 1.003799609375000000e+04 1.003926393266889500e+04
1.806582040856592357e+02 1.003660742187500000e+04 1.003946617653151952e+04
1.806786374351941049e+02 1.004067285156250000e+04 1.003966807408032037e+04
1.807195041337981820e+02 1.004579003906250000e+04 1.004007079723879178e+04
1.807399374824017286e+02 1.004732421875000000e+04 1.004027160634736902e+04
1.807603707308880985e+02 1.004066894531250000e+04 1.004047203516797708e+04
1.807808041791431606e+02 1.004961816406250000e+04 1.004067207839109869e+04
1.808421042230911553e+02 1.003793164062500000e+04 1.004126979729922095e+04
1.808625375702977180e+02 1.003476269531250000e+04 1.004146820682905309e+04
1.808829709179699421e+02 1.004784765625000000e+04 1.004166618756696698e+04
1.809034041645936668e+02 1.004542675781250000e+04 1.004186373028435628e+04
1.809238376114517450e+02 1.003955371093750000e+04 1.004206082964244706e+04
1.809442709581926465e+02 1.004490527343750000e+04 1.004225747449251503e+04
1.809647042043507099e+02 1.004164453125000000e+04 1.004245365658855007e+04
1.809851376502774656e+02 1.004302539062500000e+04 1.004264937056260533e+04
1.810055709965527058e+02 1.002787304687500000e+04 1.004284460529504577e+04
1.810260042417794466e+02 1.004660742187500000e+04 1.004303935253137206e+04
1.810464376872405410e+02 1.004524511718750000e+04 1.004323360689123001e+04
1.810668710325844586e+02 1.004329394531250000e+04 1.004342735726734827e+04
1.810873042773455381e+02 1.006109863281250000e+04 1.004362059541452618e+04
1.811077376222237945e+02 1.005199218750000000e+04 1.004381331498257168e+04
1.811281710667535663e+02 1.004440917968750000e+04 1.004400550771115559e+04
1.811486043115146458e+02 1.004232617187500000e+04 1.004419716253964361e+04
1.811690376554615796e+02 1.003325000000000000e+04 1.004438827402780953e+04
1.811894710995256901e+02 1.003369140625000000e+04 1.004457883392808253e+04
1.812099044430069625e+02 1.002944335937500000e+04 1.004476883212047687e+04
1.812507710293866694e+02 1.004726171875000000e+04 1.004514711227856424e+04
1.812712044725194573e+02 1.005341796875000000e+04 1.004533537959553723e+04
1.812916377154178917e+02 1.004624023437500000e+04 1.004552305130903551e+04
1.813120710579678416e+02 1.004623046875000000e+04 1.004571012192954367e+04
1.813325045001693070e+02 1.004207812500000000e+04 1.004589658319993578e+04
1.813529377421364188e+02 1.004897460937500000e+04 1.004608242413994230e+04
1.813733710842207074e+02 1.004396093750000000e+04 1.004626763923757608e+04
1.813938044258393347e+02 1.004991503906250000e+04 1.004645221932828281e+04
1.814142377669923007e+02 1.005528613281250000e+04 1.004663615616385323e+04
1.814346711086109281e+02 1.005581933593750000e+04 1.004681944150440177e+04
1.814551044492982328e+02 1.006687304687500000e+04 1.004700206708916812e+04
1.814755377899855375e+02 1.005648144531250000e+04 1.004718402467825581e+04
1.814959711306728423e+02 1.005043261718750000e+04 1.004736530602340645e+04
1.815164044708944857e+02 1.005210449218750000e+04 1.004754590287225074e+04
1.815368377109989524e+02 1.005295410156250000e+04 1.004772580610090881e+04
1.815572711508721113e+02 1.006835644531250000e+04 1.004790501009633954e+04
1.815777044906280935e+02 1.006191894531250000e+04 1.004808350397509275e+04
1.815981377298012376e+02 1.006494042968750000e+04 1.004826127949535294e+04
1.816185711692087352e+02 1.004938476562500000e+04 1.004843833102078133e+04
1.816390045080333948e+02 1.004670117187500000e+04 1.004861464769126906e+04
1.816594378468580544e+02 1.005062207031250000e+04 1.004879022213188000e+04
1.816798710855655372e+02 1.003814843750000000e+04 1.004896504523962903e+04
1.817003045240417123e+02 1.005087304687500000e+04 1.004913911132649446e+04
1.817207378619350493e+02 1.005014257812500000e+04 1.004931240958007402e+04
1.817411710997112095e+02 1.004437792968750000e+04 1.004948493176741977e+04
1.817616045372560620e+02 1.004526660156250000e+04 1.004965667216657312e+04
1.817820378751493990e+02 1.005189550781250000e+04 1.004982762000690127e+04
1.818024711119942367e+02 1.005951855468750000e+04 1.004999776704019132e+04
1.818229044489562511e+02 1.005977148437500000e+04 1.005016710669337772e+04
1.818433378860354424e+02 1.005667382812500000e+04 1.005033563070626406e+04
1.818637711224146187e+02 1.004178417968750000e+04 1.005050332835569134e+04
1.818842044589109719e+02 1.005430664062500000e+04 1.005067019386833999e+04
1.819046378945931792e+02 1.005430664062500000e+04 1.005083621897611556e+04
1.819250711305066943e+02 1.005627929687500000e+04 1.005100139300795126e+04
1.819455044660717249e+02 1.005510253906250000e+04 1.005116571014225337e+04
1.819659378016367555e+02 1.004926269531250000e+04 1.005132916132314858e+04
1.819863712368533015e+02 1.004542382812500000e+04 1.005149173909310593e+04
1.820068044718354940e+02 1.005193554687500000e+04 1.005165343282434333e+04
1.820272378064692020e+02 1.004797851562500000e+04 1.005181423664822432e+04
1.820476711411029100e+02 1.006123144531250000e+04 1.005197414152576312e+04
1.820681044752709568e+02 1.006015625000000000e+04 1.005213313920509790e+04
1.820885378094390035e+02 1.005454980468750000e+04 1.005229122144163193e+04
1.821089710434898734e+02 1.006022949218750000e+04 1.005244837921935687e+04
1.821294044773094356e+02 1.005468847656250000e+04 1.005260460658973170e+04
1.821498378105461597e+02 1.004970312500000000e+04 1.005275989300131187e+04
1.821702710436657071e+02 1.005951464843750000e+04 1.005291423022329764e+04
1.821907044765539467e+02 1.005962207031250000e+04 1.005306761226557137e+04
1.822111377092078328e+02 1.006027734375000000e+04 1.005322002787737802e+04
1.822315710419788957e+02 1.005082226562500000e+04 1.005337147105795884e+04
1.822520043742842972e+02 1.005848046875000000e+04 1.005352193280648498e+04
1.822724378062412143e+02 1.005344433593750000e+04 1.005367140560470398e+04
1.822928710379637778e+02 1.005565234375000000e+04 1.005381987901801403e+04
1.823133043698035181e+02 1.005473632812500000e+04 1.005396734698795808e+04
1.823337378012947738e+02 1.006255468750000000e+04 1.005411380124811149e+04
1.823541710325516760e+02 1.006479589843750000e+04 1.005425923140835948e+04
1.823746043634600937e+02 1.006112988281250000e+04 1.005440363136241103e+04
1.823950376943685114e+02 1.005615136718750000e+04 1.005454699215026994e+04
1.824154710248112679e+02 1.006576074218750000e+04 1.005468930552044912e+04
1.824359043547883630e+02 1.004806933593750000e+04 1.005483056322478114e+04
1.824563376852311194e+02 1.005439941406250000e+04 1.005497075702145230e+04
1.824767710152082145e+02 1.006367285156250000e+04 1.005510987865583229e+04
1.824972043447196484e+02 1.005385449218750000e+04 1.005524791987973913e+04
1.825176376742310822e+02 1.005650878906250000e+04 1.005538487244811768e+04
1.825380709031596780e+02 1.005462890625000000e+04 1.005552072744668112e+04
1.825585043323226273e+02 1.005695996093750000e+04 1.005565547861917184e+04
1.825789376609027386e+02 1.004956054687500000e+04 1.005578911572546349e+04
1.825993708898313344e+02 1.006012695312500000e+04 1.005592163053982222e+04
1.826198043180629611e+02 1.006057714843750000e+04 1.005605301674455404e+04
1.826402376461774111e+02 1.007186035156250000e+04 1.005618326415791671e+04
1.826606708741746843e+02 1.005610839843750000e+04 1.005631236454845020e+04
1.826811042018234730e+02 1.007019726562500000e+04 1.005644031093014746e+04
1.827015376291237772e+02 1.005240332031250000e+04 1.005656709503781894e+04
1.827219709563069046e+02 1.005755664062500000e+04 1.005669270738371415e+04
1.827424041833728552e+02 1.006064746093750000e+04 1.005681713973686237e+04
1.827628376102074981e+02 1.005751562500000000e+04 1.005694038566657036e+04
1.827832709364593029e+02 1.006330371093750000e+04 1.005706243510433160e+04
1.828037041630595922e+02 1.006335644531250000e+04 1.005718327982510891e+04
1.828241374893113971e+02 1.006937890625000000e+04 1.005730291275939453e+04
1.828445709147490561e+02 1.005591894531250000e+04 1.005742132563846280e+04
1.828650041404180229e+02 1.005967578125000000e+04 1.005753850849067021e+04
1.828854374662041664e+02 1.006388183593750000e+04 1.005765445479660048e+04
1.829058708911761642e+02 1.006322656250000000e+04 1.005776915628457209e+04
1.829263041163794696e+02 1.005933789062500000e+04 1.005788260303742209e+04
1.829467374412342906e+02 1.006302441406250000e+04 1.005799478847853970e+04
1.829671707656234503e+02 1.006528125000000000e+04 1.005810570380084027e+04
1.829876040900126100e+02 1.006171386718750000e+04 1.005821534075865566e+04
1.830080374139361084e+02 1.007482128906250000e+04 1.005832369110128639e+04
1.830284707378596067e+02 1.006690429687500000e+04 1.005843074658301703e+04
1.830489041614346206e+02 1.006604589843750000e+04 1.005853649946814949e+04
1.830693373852409422e+02 1.005767382812500000e+04 1.005864093996842712e+04
1.830897707082331181e+02 1.006605078125000000e+04 1.005874406137335609e+04
1.831102041313424706e+02 1.005717968750000000e+04 1.005884585542003333e+04
1.831306373542174697e+02 1.006480859375000000e+04 1.005894631237375143e+04
1.831510706767439842e+02 1.006863281250000000e+04 1.005904542547049277e+04
1.831715038991533220e+02 1.006428320312500000e+04 1.005914318549317068e+04
1.831919373213313520e+02 1.007287402343750000e+04 1.005923958561837389e+04
1.832123706433922052e+02 1.007354687500000000e+04 1.005933461617310240e+04
1.832328039649873972e+02 1.006021386718750000e+04 1.005942826938266444e+04
1.832532372861169279e+02 1.006441601562500000e+04 1.005952053699892167e+04
1.832736706077121198e+02 1.006250097656250000e+04 1.005961141077784123e+04
1.832941039288416505e+02 1.006247460937500000e+04 1.005970088246704654e+04
1.833145371493883431e+02 1.006030664062500000e+04 1.005978894339039471e+04
1.833349705701693892e+02 1.006401367187500000e+04 1.005987558658571652e+04
1.833554038903675973e+02 1.005881250000000000e+04 1.005996080251883905e+04
1.833758371104486287e+02 1.005293457031250000e+04 1.006004458296455050e+04
1.833962705302983522e+02 1.007154980468750000e+04 1.006012692089366828e+04
1.834167038500308990e+02 1.006169140625000000e+04 1.006020780683897465e+04
1.834371370696462691e+02 1.007042968750000000e+04 1.006028723257362799e+04
1.834575703889131546e+02 1.005695410156250000e+04 1.006036519062599837e+04
1.834780038078315556e+02 1.005800195312500000e+04 1.006044167272631239e+04
1.834984370269812644e+02 1.005939648437500000e+04 1.006051666951650077e+04
1.835188703453168273e+02 1.006586718750000000e+04 1.006059017385657535e+04
1.835393036636523902e+02 1.005758398437500000e+04 1.006066217713064907e+04
1.835597369819879532e+02 1.005889550781250000e+04 1.006073267109048902e+04
1.835801702998578548e+02 1.005103320312500000e+04 1.006080164748630705e+04
1.836006035176105797e+02 1.006040234375000000e+04 1.006086909774476044e+04
1.836210369351319969e+02 1.005732617187500000e+04 1.006093501459634354e+04
1.836414702525362372e+02 1.004973046875000000e+04 1.006099938881416347e+04
1.836619035694748163e+02 1.005800585937500000e+04 1.006106221247532085e+04
1.837027702028863132e+02 1.005270605468750000e+04 1.006118317513781221e+04
1.837232035193592310e+02 1.005643750000000000e+04 1.006124129764276222e+04
1.837436367357149720e+02 1.005414843750000000e+04 1.006129783632654653e+04
1.837640701513737440e+02 1.004983789062500000e+04 1.006135278375786038e+04
1.837845034673810005e+02 1.004944335937500000e+04 1.006140613087289057e+04
1.838049366828054190e+02 1.004324316406250000e+04 1.006145786944456268e+04
1.838253700979985297e+02 1.004553125000000000e+04 1.006150799197340348e+04
1.838458034130744636e+02 1.004834570312500000e+04 1.006155648946373185e+04
1.838662366280332208e+02 1.005056250000000000e+04 1.006160335369126187e+04
1.838866699426434934e+02 1.005664746093750000e+04 1.006164857686603318e+04
1.839071033569052815e+02 1.005727636718750000e+04 1.006169215071574035e+04
1.839275365713983774e+02 1.003923925781250000e+04 1.006173406636581240e+04
1.839479698850773275e+02 1.004839453125000000e+04 1.006177431619354684e+04
1.839684032993391156e+02 1.005134960937500000e+04 1.006181289192897020e+04
1.839888365124352276e+02 1.005233203125000000e+04 1.006184978476659853e+04
1.840092698261141777e+02 1.004896582031250000e+04 1.006188498701546268e+04
1.840297031388618052e+02 1.005809863281250000e+04 1.006191849024009571e+04
1.840501364520750940e+02 1.006230664062500000e+04 1.006195028619462028e+04
1.840705697648227215e+02 1.005387988281250000e+04 1.006198036662936283e+04
1.840910030771046877e+02 1.005458300781250000e+04 1.006200872329621052e+04
1.841114364895038307e+02 1.006670214843750000e+04 1.006203534807384494e+04
1.841318697012029588e+02 1.004875097656250000e+04 1.006206023233489941e+04
1.841523030130192637e+02 1.006464941406250000e+04 1.006208336821036937e+04
1.841727362247183919e+02 1.005990917968750000e+04 1.006210474722539584e+04
1.841931696357205510e+02 1.004328515625000000e+04 1.006212436143220475e+04
1.842136029470711946e+02 1.006878222656250000e+04 1.006214220228267186e+04
1.842340362579561770e+02 1.006121191406250000e+04 1.006215826162819576e+04
1.842544695688411593e+02 1.006151171875000000e+04 1.006217253122097463e+04
1.842749028792604804e+02 1.005350195312500000e+04 1.006218500281252454e+04
1.842953361896798015e+02 1.006247265625000000e+04 1.006219566815496910e+04
1.843157693995162845e+02 1.006520410156250000e+04 1.006220451896099803e+04
1.843362028095871210e+02 1.006017285156250000e+04 1.006221154709936854e+04
1.843566361190751195e+02 1.006350488281250000e+04 1.006221674420504860e+04
1.843770693279802799e+02 1.006628222656250000e+04 1.006222010205690640e+04
1.843975027375854552e+02 1.004770605468750000e+04 1.006222161332824362e+04
1.844179360461421311e+02 1.005136718750000000e+04 1.006222129089401278e+04
1.844383692550472915e+02 1.005637695312500000e+04 1.006221916791282820e+04
1.844588025636039674e+02 1.005537792968750000e+04 1.006221527837080248e+04
1.844792359718121588e+02 1.005070703125000000e+04 1.006220965624930977e+04
1.844996691797859967e+02 1.006047070312500000e+04 1.006220233565044509e+04
1.845201024878770113e+02 1.005601660156250000e+04 1.006219335048596622e+04
1.845405358956195414e+02 1.006471875000000000e+04 1.006218273473887530e+04
1.845609692027792335e+02 1.006825585937500000e+04 1.006217052252041685e+04
1.845814024102874100e+02 1.005474609375000000e+04 1.006215674786020099e+04
1.846018357169814408e+02 1.005314160156250000e+04 1.006214144463106095e+04
1.846222691237926483e+02 1.004799316406250000e+04 1.006212464681714118e+04
1.846427023303695023e+02 1.005929980468750000e+04 1.006210638868312890e+04
1.846631356365978718e+02 1.005717578125000000e+04 1.006208670397870992e+04
1.846835690424777567e+02 1.005587207031250000e+04 1.006206562669022060e+04
1.847040022485889494e+02 1.005425976562500000e+04 1.006204319114353166e+04
1.847244355543516576e+02 1.006921093750000000e+04 1.006201943102673431e+04
1.847448688596487045e+02 1.006117382812500000e+04 1.006199438045349598e+04
1.847653021649457514e+02 1.006206542968750000e+04 1.006196807343024011e+04
1.847857354697771370e+02 1.005682421875000000e+04 1.006194054396455613e+04
1.848061687746085227e+02 1.007102636718750000e+04 1.006191182606280199e+04
1.848266021790914237e+02 1.006119824218750000e+04 1.006188195358348094e+04
1.848470353838056326e+02 1.006530957031250000e+04 1.006185096097958922e+04
1.848674686877056956e+02 1.006378125000000000e+04 1.006181888181281829e+04
1.848879018914885819e+02 1.005421972656250000e+04 1.006178575040270880e+04
1.849083352955058217e+02 1.007571972656250000e+04 1.006175160026163394e+04
1.849287685984745622e+02 1.006123437500000000e+04 1.006171646589273223e+04
1.849492018022574484e+02 1.006472558593750000e+04 1.006168038131395951e+04
1.849696352048777044e+02 1.006320898437500000e+04 1.006164337999916279e+04
1.849900685078464448e+02 1.006025878906250000e+04 1.006160549648920096e+04
1.850105017102323472e+02 1.006227832031250000e+04 1.006156676480545684e+04
1.850309350127354264e+02 1.007159570312500000e+04 1.006152721857432516e+04
1.850513683147728443e+02 1.006393554687500000e+04 1.006148689199138607e+04
1.850718017169274390e+02 1.006257421875000000e+04 1.006144581885966181e+04
1.850922349188476801e+02 1.005831445312500000e+04 1.006140403379514828e+04
1.851126683200709522e+02 1.005580566406250000e+04 1.006136156998799743e+04
1.851331015215255320e+02 1.005309863281250000e+04 1.006131846227427741e+04
1.851535348226316273e+02 1.005167480468750000e+04 1.006127474403388260e+04
1.851739680231548846e+02 1.005505859375000000e+04 1.006123044970183400e+04
1.851944014239124954e+02 1.005863378906250000e+04 1.006118561262890762e+04
1.852148347240872681e+02 1.006317285156250000e+04 1.006114026747822754e+04
1.852352680247277021e+02 1.005119824218750000e+04 1.006109444803626320e+04
1.852557013244368136e+02 1.005336425781250000e+04 1.006104818831308512e+04
1.852761346246115863e+02 1.005115625000000000e+04 1.006100152231246830e+04
1.852965679238550365e+02 1.005848925781250000e+04 1.006095448404454146e+04
1.853170011229813099e+02 1.006020605468750000e+04 1.006090710774699983e+04
1.853374345223419368e+02 1.005622167968750000e+04 1.006085942672805322e+04
1.853578678211197257e+02 1.005835253906250000e+04 1.006081147569443056e+04
1.853783010197803378e+02 1.005714160156250000e+04 1.006076328865568394e+04
1.853987344182096422e+02 1.005461523437500000e+04 1.006071489890995326e+04
1.854191677165217698e+02 1.006178906250000000e+04 1.006066634117293870e+04
1.854396009147167206e+02 1.005494238281250000e+04 1.006061764945377035e+04
1.854600342125631869e+02 1.004793359375000000e+04 1.006056885728319139e+04
1.854804676100611687e+02 1.004599609375000000e+04 1.006051999866688857e+04
1.855009008073247969e+02 1.005306738281250000e+04 1.006047110832915860e+04
1.855213341042399406e+02 1.006026953125000000e+04 1.006042221955952664e+04
1.855417675012722611e+02 1.005866699218750000e+04 1.006037336636406508e+04
1.855622007981874049e+02 1.005493652343750000e+04 1.006032458322854472e+04
1.855826339945197105e+02 1.005925781250000000e+04 1.006027590415970735e+04
1.856030672909691930e+02 1.006066699218750000e+04 1.006022736268617336e+04
1.856235006870701909e+02 1.005432421875000000e+04 1.006017899281822611e+04
1.856439338824711740e+02 1.005921289062500000e+04 1.006013082927231881e+04
1.856643671784549952e+02 1.005010937500000000e+04 1.006008290534358457e+04
1.856848005736246705e+02 1.006292382812500000e+04 1.006003525504597746e+04
1.857052337690256536e+02 1.005675195312500000e+04 1.005998791308135515e+04
1.857256670636124909e+02 1.006084179687500000e+04 1.005994091276161635e+04
1.857461003586649895e+02 1.006172167968750000e+04 1.005989428832316480e+04
1.857665336532518268e+02 1.005918066406250000e+04 1.005984807377503057e+04
1.857869669473730028e+02 1.005829003906250000e+04 1.005980230312407366e+04
1.858074002414941788e+02 1.005676171875000000e+04 1.005975701037613180e+04
1.858278335356153548e+02 1.005431738281250000e+04 1.005971222953809411e+04
1.858482668292708695e+02 1.005401464843750000e+04 1.005966799461785922e+04
1.858687001224607229e+02 1.005390917968750000e+04 1.005962433962227442e+04
1.858891333159990609e+02 1.006270117187500000e+04 1.005958129876557177e+04
1.859095667088404298e+02 1.005777343750000000e+04 1.005953890542957015e+04
1.859300000015646219e+02 1.005722363281250000e+04 1.005949719424716750e+04
1.859504331941716373e+02 1.006237792968750000e+04 1.005945619921497382e+04
1.859708665865473449e+02 1.005997460937500000e+04 1.005941595374361896e+04
1.859912998788058758e+02 1.005650292968750000e+04 1.005937649243621127e+04
1.860117330704815686e+02 1.006008886718750000e+04 1.005933784928872410e+04
1.860321663622744381e+02 1.005884863281250000e+04 1.005930005792831435e+04
1.860525997537188232e+02 1.006006738281250000e+04 1.005926315237546805e+04
1.860730330450460315e+02 1.006129003906250000e+04 1.005922716699798184e+04
1.860934662362560630e+02 1.006832128906250000e+04 1.005919213578895506e+04
1.861138996267691255e+02 1.006097363281250000e+04 1.005915809224904660e+04
1.861343329176306725e+02 1.006245800781250000e+04 1.005912507089052815e+04
1.861547661079093814e+02 1.006352050781250000e+04 1.005909310570649905e+04
1.861751993983052671e+02 1.006026464843750000e+04 1.005906223038969256e+04
1.861956327883526683e+02 1.006597949218750000e+04 1.005903247896391804e+04
1.862160659781657159e+02 1.006272558593750000e+04 1.005900388586422014e+04
1.862364992676302791e+02 1.006649511718750000e+04 1.005897648466919418e+04
1.862569326567463577e+02 1.006220019531250000e+04 1.005895030940339348e+04
1.862773658460937440e+02 1.006185058593750000e+04 1.005892539444807335e+04
1.862977991346269846e+02 1.006134179687500000e+04 1.005890177343618052e+04
1.863182324236258864e+02 1.006244335937500000e+04 1.005887948049811894e+04
1.863386658118106425e+02 1.006052734375000000e+04 1.005885854954306706e+04
1.863590990002267063e+02 1.006665039062500000e+04 1.005883901487389812e+04
1.863795322882942855e+02 1.006304589843750000e+04 1.005882091020087319e+04
1.863999656760133803e+02 1.006542089843750000e+04 1.005880426955203438e+04
1.864203988634981215e+02 1.006336132812500000e+04 1.005878912716748346e+04
1.864408321511000395e+02 1.005648242187500000e+04 1.005877551682040576e+04
1.864612653381191194e+02 1.005988378906250000e+04 1.005876347265092772e+04
1.864816987249068916e+02 1.007408105468750000e+04 1.005875302850044136e+04
1.865021320120431483e+02 1.006880371093750000e+04 1.005874421854068532e+04
1.865225651981309056e+02 1.006685742187500000e+04 1.005873707675479272e+04
1.865429985844530165e+02 1.005840722656250000e+04 1.005873163705662409e+04
1.865634318706579506e+02 1.006011328125000000e+04 1.005872793354558598e+04
1.865838650567457080e+02 1.005862500000000000e+04 1.005872600020275786e+04
1.866042983420193195e+02 1.005982910156250000e+04 1.005872587101587851e+04
1.866247317274101079e+02 1.005982226562500000e+04 1.005872758001843249e+04
1.866451649130322039e+02 1.006909960937500000e+04 1.005873116117856989e+04
1.866860315827652812e+02 1.006863378906250000e+04 1.005874407614286247e+04
1.867064647674560547e+02 1.006396386718750000e+04 1.005875347786548809e+04
1.867268980517983437e+02 1.006443261718750000e+04 1.005876488783968125e+04
1.867473312360234559e+02 1.006799218750000000e+04 1.005877833996030677e+04
1.867677646195515990e+02 1.005549902343750000e+04 1.005879386844635883e+04
1.867881979034282267e+02 1.006728515625000000e+04 1.005881150709276517e+04
1.868086311868391931e+02 1.007216308593750000e+04 1.005883128997652966e+04
1.868290644702501595e+02 1.007044921875000000e+04 1.005885325110486519e+04
1.868494977531954646e+02 1.006481738281250000e+04 1.005887742448403696e+04
1.868699310361407697e+02 1.006840625000000000e+04 1.005890384412135973e+04
1.868903642185032368e+02 1.006447753906250000e+04 1.005893254387672096e+04
1.869107976011000574e+02 1.006184960937500000e+04 1.005896355819632663e+04
1.869312308831140399e+02 1.005060449218750000e+04 1.005899692064742703e+04
1.869516640650108457e+02 1.006409179687500000e+04 1.005903266520277248e+04
1.869720974466763437e+02 1.006222265625000000e+04 1.005907082641138913e+04
1.869925307286903262e+02 1.006072949218750000e+04 1.005911143773875483e+04
1.870129639096558094e+02 1.006011914062500000e+04 1.005915453315257218e+04
1.870333971907384694e+02 1.005388378906250000e+04 1.005920014708363306e+04
1.870538305719383061e+02 1.006564257812500000e+04 1.005924831357603762e+04
1.870742638525553048e+02 1.006019921875000000e+04 1.005929906616355584e+04
1.870946970330551267e+02 1.005583593750000000e+04 1.005935243881582210e+04
1.871151304133236408e+02 1.006800390625000000e+04 1.005940846634230911e+04
1.871355636930093169e+02 1.006561230468750000e+04 1.005946718194570349e+04
1.871559968730434775e+02 1.006261425781250000e+04 1.005952861959572692e+04
1.871764301527291536e+02 1.006285546875000000e+04 1.005959281389832540e+04
1.871968635320663452e+02 1.006264355468750000e+04 1.005965979890089511e+04
1.872172967111691833e+02 1.006161914062500000e+04 1.005972960760639035e+04
1.872377299903891981e+02 1.006216308593750000e+04 1.005980227502692651e+04
1.872581633692607284e+02 1.006384179687500000e+04 1.005987783520982339e+04
1.872785965474322438e+02 1.006055761718750000e+04 1.005995632102961827e+04
1.872990298257209361e+02 1.005734375000000000e+04 1.006003776762689449e+04
1.873194631040096283e+02 1.009879687500000000e+04 1.006012220863110815e+04
1.873398963818326592e+02 1.006066992187500000e+04 1.006020967804704196e+04
1.873603296596556902e+02 1.005349804687500000e+04 1.006030020988339493e+04
1.873807629370130599e+02 1.006181933593750000e+04 1.006039383814481698e+04
1.874011963140219450e+02 1.006461816406250000e+04 1.006049059731970556e+04
1.874216294912621379e+02 1.006035351562500000e+04 1.006059051997384813e+04
1.874420627681538463e+02 1.006512988281250000e+04 1.006069364155493167e+04
1.874624959444627166e+02 1.005939160156250000e+04 1.006079999505865271e+04
1.874829293210059404e+02 1.005441601562500000e+04 1.006090961608136786e+04
1.875033625969663262e+02 1.006591992187500000e+04 1.006102253704002942e+04
1.875237957728095353e+02 1.005501367187500000e+04 1.006113879189513682e+04
1.875442291488870978e+02 1.005002734375000000e+04 1.006125841638702332e+04
1.875646624243818223e+02 1.005527246093750000e+04 1.006138144278611435e+04
1.875850956998765469e+02 1.006798437500000000e+04 1.006150790567974400e+04
1.876055288747884333e+02 1.004656835937500000e+04 1.006163783842651537e+04
1.876259622499346733e+02 1.006334179687500000e+04 1.006177127697164906e+04
1.876463955240324140e+02 1.005354980468750000e+04 1.006190825338003924e+04
1.876668286989443004e+02 1.006490625000000000e+04 1.006204880161870096e+04
1.876872620731592178e+02 1.007205273437500000e+04 1.006219295777399020e+04
1.877076953472569585e+02 1.005484765625000000e+04 1.006234075376664805e+04
1.877281285207718611e+02 1.005779101562500000e+04 1.006249222354621270e+04
1.877485617944039404e+02 1.006389257812500000e+04 1.006264740260699000e+04
1.877689951676875353e+02 1.005756347656250000e+04 1.006280632500686625e+04
1.877894283407367766e+02 1.005874804687500000e+04 1.006296902239243173e+04
1.878098616139031947e+02 1.006113378906250000e+04 1.006313553113416856e+04
1.878302949867211282e+02 1.005387109375000000e+04 1.006330588529119450e+04
1.878507281593047082e+02 1.004868457031250000e+04 1.006348011634157592e+04
1.878711614315398037e+02 1.006174023437500000e+04 1.006365826082046806e+04
1.878915947037748992e+02 1.006575390625000000e+04 1.006384035189441965e+04
1.879120280751958489e+02 1.006387402343750000e+04 1.006402642448314691e+04
1.879324612468481064e+02 1.005706347656250000e+04 1.006421650984150074e+04
1.879528945186175406e+02 1.006702441406250000e+04 1.006441064473658298e+04
1.879733277899213135e+02 1.006275488281250000e+04 1.006460886224910610e+04
1.879937610607594252e+02 1.006718945312500000e+04 1.006481119638556629e+04
1.880141942314803600e+02 1.006611718750000000e+04 1.006501768013526998e+04
1.880346276019699872e+02 1.006858203125000000e+04 1.006522835056596523e+04
1.880550608728080988e+02 1.006603808593750000e+04 1.006544323862820966e+04
1.880754941427148879e+02 1.007640234375000000e+04 1.006566237933588127e+04
1.880959273129701614e+02 1.007353222656250000e+04 1.006588580560530681e+04
1.881163606825284660e+02 1.006018750000000000e+04 1.006611355474368793e+04
1.881367939519695938e+02 1.007320507812500000e+04 1.006634565745202599e+04
1.881572271212935448e+02 1.005932421875000000e+04 1.006658214767282334e+04
1.881776604903861880e+02 1.006603417968750000e+04 1.006682306291595523e+04
1.881980937593616545e+02 1.006356445312500000e+04 1.006706843368488262e+04
1.882185269277542830e+02 1.006029980468750000e+04 1.006731829391486826e+04
1.882389601962640882e+02 1.005888378906250000e+04 1.006757268006658160e+04
1.882593935644254088e+02 1.006649609375000000e+04 1.006783162620758776e+04
1.882798267323523760e+02 1.006222851562500000e+04 1.006809516251045898e+04
1.883002600003965199e+02 1.006443359375000000e+04 1.006836332682189823e+04
1.883206933680921793e+02 1.006825585937500000e+04 1.006863615321064572e+04
1.883411265350878239e+02 1.007458886718750000e+04 1.006891367163843825e+04
1.883615598026663065e+02 1.007689550781250000e+04 1.006919592016939350e+04
1.883819930693134665e+02 1.007504589843750000e+04 1.006948293144256968e+04
