2.143523064316250384e+02 7.295251953125000000e+03 7.293256332348841170e+03
2.143727394780144095e+02 7.302180664062500000e+03 7.293248237112002244e+03
2.143931725248694420e+02 7.299522949218750000e+03 7.293240257379924515e+03
2.144136055707931519e+02 7.288994628906250000e+03 7.293232392655168951e+03
2.144340386171825230e+02 7.294648437500000000e+03 7.293224642439207855e+03
2.144544716631062329e+02 7.287548828125000000e+03 7.293217006234413020e+03
2.144749046093784273e+02 7.294432128906250000e+03 7.293209483579033076e+03
2.144953377549536526e+02 7.294256835937500000e+03 7.293202073865848433e+03
2.145157708008773625e+02 7.299205566406250000e+03 7.293194776706116500e+03
2.145362037466838956e+02 7.306881347656250000e+03 7.293187591600364613e+03
2.145566368917934597e+02 7.293423828125000000e+03 7.293180517946139844e+03
2.145770699372515082e+02 7.295235351562500000e+03 7.293173555349764683e+03
2.145975028825923800e+02 7.294268066406250000e+03 7.293166703311790116e+03
2.146179359275847673e+02 7.293026855468750000e+03 7.293159961267239851e+03
2.146383690722286701e+02 7.288398437500000000e+03 7.293153328719734418e+03
2.146588020175695419e+02 7.292050781250000000e+03 7.293146805267533637e+03
2.146792350620962679e+02 7.291794433593750000e+03 7.293140390316558296e+03
2.146996682067401707e+02 7.293688964843750000e+03 7.293134083370115150e+03
2.147201012508012354e+02 7.283082519531250000e+03 7.293127883992162424e+03
2.147405341952107847e+02 7.298294921875000000e+03 7.293121791682859111e+03
2.147609673393890262e+02 7.296930175781250000e+03 7.293115805855730287e+03
2.147814003834500909e+02 7.284598632812500000e+03 7.293109926101419660e+03
2.148018333273939788e+02 7.287247558593750000e+03 7.293104151920390905e+03
2.148222663714550436e+02 7.299087890625000000e+03 7.293098482758077807e+03
2.148426995151676238e+02 7.296826660156250000e+03 7.293092918118159105e+03
2.148631324586458504e+02 7.292650390625000000e+03 7.293087457583556898e+03
2.148835655022412539e+02 7.294026855468750000e+03 7.293082100575253207e+03
2.149039986454881728e+02 7.293752929687500000e+03 7.293076846596901305e+03
2.149244315885007381e+02 7.297442871093750000e+03 7.293071695226869451e+03
2.149448646316304803e+02 7.294639648437500000e+03 7.293066645890703512e+03
2.149652976742945611e+02 7.290594238281250000e+03 7.293061698116018306e+03
2.149857308175414801e+02 7.285404785156250000e+03 7.293056851381108572e+03
2.150061637600883842e+02 7.295817382812500000e+03 7.293052105258705524e+03
2.150265968022868037e+02 7.295249511718750000e+03 7.293047459180328588e+03
2.150470299450680614e+02 7.294620117187500000e+03 7.293042912649241771e+03
2.150674628871493042e+02 7.295875488281250000e+03 7.293038465233772513e+03
2.150878959293477237e+02 7.288265136718750000e+03 7.293034116369730327e+03
2.151083288714289665e+02 7.280845703125000000e+03 7.293029865601754864e+03
2.151287620132789016e+02 7.297032714843750000e+03 7.293025712370188558e+03
2.151491950550116599e+02 7.290693847656250000e+03 7.293021656238719515e+03
2.151696279970929027e+02 7.292715820312500000e+03 7.293017696707849609e+03
2.151900611384771764e+02 7.293656250000000000e+03 7.293013833222366884e+03
2.152104941797442734e+02 7.288666503906250000e+03 7.293010065341603877e+03
2.152309272210113704e+02 7.297512207031250000e+03 7.293006392548406438e+03
2.152513602622784674e+02 7.287797851562500000e+03 7.293002814344795297e+03
2.152717933035455644e+02 7.294346679687500000e+03 7.292999330232787543e+03
2.152922263443470001e+02 7.291189941406250000e+03 7.292995939714476663e+03
2.153126592850312591e+02 7.292732421875000000e+03 7.292992642307724054e+03
2.153535254662856460e+02 7.287870605468750000e+03 7.292986324741465069e+03
2.153739584069699049e+02 7.289903808593750000e+03 7.292983303632352545e+03
2.153943915469571948e+02 7.290797363281250000e+03 7.292980373597914877e+03
2.154148244871757925e+02 7.290943847656250000e+03 7.292977534197389105e+03
2.154352575270459056e+02 7.289917480468750000e+03 7.292974784890522642e+03
2.154556905673816800e+02 7.287686523437500000e+03 7.292972125193336979e+03
2.154761236067861319e+02 7.287783691406250000e+03 7.292969554608031103e+03
2.154965566466562450e+02 7.299870605468750000e+03 7.292967072636442026e+03
2.155169896860606968e+02 7.292721679687500000e+03 7.292964678780699614e+03
2.155374227254651487e+02 7.288745605468750000e+03 7.292962372542762751e+03
2.155578557648696005e+02 7.293732910156250000e+03 7.292960153424648524e+03
2.155782888042740524e+02 7.294458496093750000e+03 7.292958020928372207e+03
2.155987217430956662e+02 7.292537109375000000e+03 7.292955974565816177e+03
2.156191548821516335e+02 7.296953613281250000e+03 7.292954013809494427e+03
2.156395879210904241e+02 7.299521484375000000e+03 7.292952138190877122e+03
2.156600208594463766e+02 7.294947265625000000e+03 7.292950347210768996e+03
2.156804539980366826e+02 7.289922851562500000e+03 7.292948640345441163e+03
2.157008870365098119e+02 7.297513671875000000e+03 7.292947017122613033e+03
2.157213200749829412e+02 7.295120605468750000e+03 7.292945477035735166e+03
2.157417531129904091e+02 7.290027832031250000e+03 7.292944019586855575e+03
2.157621861514635384e+02 7.293745605468750000e+03 7.292942644277924046e+03
2.157826191890053451e+02 7.288827148437500000e+03 7.292941350611052258e+03
2.158030521268956363e+02 7.292806640625000000e+03 7.292940138093903442e+03
2.158234852645546198e+02 7.291868652343750000e+03 7.292939006211324340e+03
2.158439183020964265e+02 7.290502441406250000e+03 7.292937954482533314e+03
2.158643512395210564e+02 7.293802246093750000e+03 7.292936982408371478e+03
2.158847843771800399e+02 7.300850585937500000e+03 7.292936089477148926e+03
2.159052174142561853e+02 7.299914062500000000e+03 7.292935275204607024e+03
2.159256503512151539e+02 7.298091796875000000e+03 7.292934539091588704e+03
2.159460833882912993e+02 7.286996093750000000e+03 7.292933880632899672e+03
2.159665165250189602e+02 7.291970214843750000e+03 7.292933299331706621e+03
2.159869494619779289e+02 7.296750488281250000e+03 7.292932794697981080e+03
2.160073824985884130e+02 7.290307617187500000e+03 7.292932366225782062e+03
2.160278156348504126e+02 7.290702636718750000e+03 7.292932013418238057e+03
2.160482486709952354e+02 7.288241699218750000e+03 7.292931735780810413e+03
2.160686816074885428e+02 7.298094726562500000e+03 7.292931532814411185e+03
2.160891147432848811e+02 7.287735839843750000e+03 7.292931404018630019e+03
2.161095477794297040e+02 7.298270996093750000e+03 7.292931348897913267e+03
2.161299807154573500e+02 7.288657714843750000e+03 7.292931366953198449e+03
2.161504137511365116e+02 7.292304199218750000e+03 7.292931457686683643e+03
2.161708468869328499e+02 7.295235351562500000e+03 7.292931620601446411e+03
2.161912798220291734e+02 7.297154296875000000e+03 7.292931855196573451e+03
2.162117128577083349e+02 7.303117187500000000e+03 7.292932160977018611e+03
2.162321459930390120e+02 7.288415039062500000e+03 7.292932537445828530e+03
2.162525789281353354e+02 7.287462890625000000e+03 7.292932984098972156e+03
2.162730119628831744e+02 7.295716308593750000e+03 7.292933500444507445e+03
2.162934449976310134e+02 7.292244628906250000e+03 7.292934085982440592e+03
2.163138780328445137e+02 7.288895996093750000e+03 7.292934740214809608e+03
2.163343110671266913e+02 7.284551269531250000e+03 7.292935462643579740e+03
2.163547441018745303e+02 7.296172363281250000e+03 7.292936252770819920e+03
2.163751771361567080e+02 7.293369140625000000e+03 7.292937110098507219e+03
2.163956101704388857e+02 7.300349609375000000e+03 7.292938034128676009e+03
2.164160432047210634e+02 7.286056152343750000e+03 7.292939024363346107e+03
2.164364762385375798e+02 7.295276367187500000e+03 7.292940080304510957e+03
2.164569092723540962e+02 7.298318847656250000e+03 7.292941201454204020e+03
2.164773422060534358e+02 7.293240722656250000e+03 7.292942387308479738e+03
2.164977752398699522e+02 7.291076171875000000e+03 7.292943637380976725e+03
2.165182083733379841e+02 7.292657226562500000e+03 7.292944951174618836e+03
2.165386413070373237e+02 7.292125000000000000e+03 7.292946328171709865e+03
2.165590743403881788e+02 7.295226562500000000e+03 7.292947767893980199e+03
2.165795074733905494e+02 7.297453613281250000e+03 7.292949269844358241e+03
2.165999405062757432e+02 7.298107910156250000e+03 7.292950833510180018e+03
2.166203734395094216e+02 7.293367675781250000e+03 7.292952458392589506e+03
2.166408064723946154e+02 7.292659667968750000e+03 7.292954144009458105e+03
2.166612396049313247e+02 7.300339355468750000e+03 7.292955889863688753e+03
2.166816725376993418e+02 7.284955566406250000e+03 7.292957695431274260e+03
2.167021055701188743e+02 7.295050781250000000e+03 7.292959560240253268e+03
2.167225387021899223e+02 7.290083496093750000e+03 7.292961483793504158e+03
2.167429716344922781e+02 7.292934570312500000e+03 7.292963465564429498e+03
2.167634046664461493e+02 7.294165039062500000e+03 7.292965505083665448e+03
2.167838377985171974e+02 7.285899902343750000e+03 7.292967601854109489e+03
2.168042707303538918e+02 7.292649902343750000e+03 7.292969755346543934e+03
2.168247037623077631e+02 7.299676757812500000e+03 7.292971965094224288e+03
2.168451367937959731e+02 7.293312011718750000e+03 7.292974230588704813e+03
2.168655698252841830e+02 7.298517578125000000e+03 7.292976551332053532e+03
2.168860028567723930e+02 7.291287597656250000e+03 7.292978926826284805e+03
2.169064358882606030e+02 7.289198242187500000e+03 7.292981356573415724e+03
2.169268690189346671e+02 7.295254882812500000e+03 7.292983840087652425e+03
2.169473019503057003e+02 7.292515625000000000e+03 7.292986376834334806e+03
2.169677349808625877e+02 7.285909179687500000e+03 7.292988966352151692e+03
2.169881679117679596e+02 7.289054199218750000e+03 7.292991608117925352e+03
2.170086010424420238e+02 7.296796875000000000e+03 7.292994301672762958e+03
2.170290340729989111e+02 7.296915527343750000e+03 7.292997046479531491e+03
2.170494671035557985e+02 7.287390625000000000e+03 7.292999842053317479e+03
2.170699001336470246e+02 7.289555664062500000e+03 7.293002687896072530e+03
2.170903331642039120e+02 7.293520996093750000e+03 7.293005583509946518e+03
2.171107661938294768e+02 7.299245605468750000e+03 7.293008528396754627e+03
2.171311991238035262e+02 7.291776367187500000e+03 7.293011522043927471e+03
2.171516322535462677e+02 7.299321777343750000e+03 7.293014563997709047e+03
2.171720652836374938e+02 7.286427734375000000e+03 7.293017653715894085e+03
2.171924982131458819e+02 7.289505859375000000e+03 7.293020790699658392e+03
2.172129313424229622e+02 7.292440917968750000e+03 7.293023974497473318e+03
2.172333643720485270e+02 7.295378906250000000e+03 7.293027204565045395e+03
2.172537973010912538e+02 7.294840332031250000e+03 7.293030480403569527e+03
2.172742304303683341e+02 7.290737792968750000e+03 7.293033801563623456e+03
2.172946634595282376e+02 7.289206054687500000e+03 7.293037167498736380e+03
2.173150963881053030e+02 7.295697265625000000e+03 7.293040577710191428e+03
2.173559625456109643e+02 7.315550292968750000e+03 7.293047529071338431e+03
2.173763954741880298e+02 7.293108398437500000e+03 7.293051069173976430e+03
2.173968285024166107e+02 7.289600097656250000e+03 7.293054651595088217e+03
2.174172616307623684e+02 7.287878417968750000e+03 7.293058275837382098e+03
2.174376945588737726e+02 7.297301269531250000e+03 7.293061941349299559e+03
2.174581275871023536e+02 7.290502441406250000e+03 7.293065647686439661e+03
2.174785606148652732e+02 7.291234863281250000e+03 7.293069394332869706e+03
2.174989936426281929e+02 7.296582519531250000e+03 7.293073180790695915e+03
2.175194266703911126e+02 7.293646972656250000e+03 7.293077006561934468e+03
2.175398595980368555e+02 7.297183105468750000e+03 7.293080871129570369e+03
2.175602927254512906e+02 7.297644531250000000e+03 7.293084774052627836e+03
2.175807257527485490e+02 7.295988769531250000e+03 7.293088714776115012e+03
2.176011586799286306e+02 7.294635742187500000e+03 7.293092692801503290e+03
2.176215918073430657e+02 7.293573730468750000e+03 7.293096707689552204e+03
2.176420248341746628e+02 7.294446777343750000e+03 7.293100758883443632e+03
2.176624578610062599e+02 7.293875488281250000e+03 7.293104845904867034e+03
2.176828907877206802e+02 7.292536621093750000e+03 7.293108968235556858e+03
2.177033239142037928e+02 7.297391113281250000e+03 7.293113125438286261e+03
2.177237569410353899e+02 7.304025390625000000e+03 7.293117316954413582e+03
2.177441898672841489e+02 7.292619628906250000e+03 7.293121542285261057e+03
2.177646229937672615e+02 7.287651367187500000e+03 7.293125800995298050e+03
2.177850560196675360e+02 7.293745117187500000e+03 7.293130092524090287e+03
2.178054889459162951e+02 7.289077636718750000e+03 7.293134416373370186e+03
2.178259219718165696e+02 7.288904296875000000e+03 7.293138772087329926e+03
2.178463550978340209e+02 7.296239746093750000e+03 7.293143159168555940e+03
2.178667880231514573e+02 7.287091796875000000e+03 7.293147577054247449e+03
2.178872210490517318e+02 7.294124023437500000e+03 7.293152025311336729e+03
2.179076541746035218e+02 7.292870117187500000e+03 7.293156503442081885e+03
2.179280872000381351e+02 7.289377929687500000e+03 7.293161010904716022e+03
2.179485201248899102e+02 7.296574707031250000e+03 7.293165547200728724e+03
2.179689532499760389e+02 7.297630371093750000e+03 7.293170111899125914e+03
2.179893862749449909e+02 7.291368164062500000e+03 7.293174704435039530e+03
2.180098191997967660e+02 7.288976074218750000e+03 7.293179324310078300e+03
2.180302522247657180e+02 7.291587402343750000e+03 7.293183971071535780e+03
2.180506853493861854e+02 7.296143066406250000e+03 7.293188644221716459e+03
2.180711182742379606e+02 7.290080566406250000e+03 7.293193343193965120e+03
2.180915512982755899e+02 7.294461914062500000e+03 7.293198067558862022e+03
2.181119844228960574e+02 7.299321777343750000e+03 7.293202816819117288e+03
2.181324173468165100e+02 7.291301269531250000e+03 7.293207590406538657e+03
2.181528503708541393e+02 7.289469726562500000e+03 7.293212387893244340e+03
2.181732833948917687e+02 7.298448730468750000e+03 7.293217208757921981e+03
2.181937164189293981e+02 7.288570800781250000e+03 7.293222052502591396e+03
2.182141494425013661e+02 7.294841308593750000e+03 7.293226918629157808e+03
2.182345824660733342e+02 7.295945800781250000e+03 7.293231806639749266e+03
2.182550155897624791e+02 7.293285644531250000e+03 7.293236716060489925e+03
2.182754485132172704e+02 7.286446289062500000e+03 7.293241646321078406e+03
2.182958815363235772e+02 7.294452148437500000e+03 7.293246596995738400e+03
2.183367475825361907e+02 7.292062988281250000e+03 7.293256557523366610e+03
2.183571806056424975e+02 7.293323730468750000e+03 7.293261566380370823e+03
2.183776135281659663e+02 7.296055664062500000e+03 7.293266593610730524e+03
2.183980466509237885e+02 7.298877929687500000e+03 7.293271638790612997e+03
2.184184796735644341e+02 7.289782226562500000e+03 7.293276701348002462e+03
2.184389126962050796e+02 7.299223632812500000e+03 7.293281780809596967e+03
2.184593457183800638e+02 7.292773925781250000e+03 7.293286876677295368e+03
2.184797787405550480e+02 7.286303710937500000e+03 7.293291988453232989e+03
2.185002117627300322e+02 7.295624023437500000e+03 7.293297115639425101e+03
2.185206446847878397e+02 7.285461425781250000e+03 7.293302257712663049e+03
2.185410778066143394e+02 7.290456054687500000e+03 7.293307414250538386e+03
2.185615107282064855e+02 7.297353027343750000e+03 7.293312584654122475e+03
2.185819437499158084e+02 7.294288085937500000e+03 7.293317768501341561e+03
2.186023768717423081e+02 7.288271484375000000e+03 7.293322965294402820e+03
2.186228097933344543e+02 7.295049804687500000e+03 7.293328174458840294e+03
2.186432428145781159e+02 7.295871093750000000e+03 7.293333395573040434e+03
2.186636758358217776e+02 7.294580566406250000e+03 7.293338628113642699e+03
2.186841088565997779e+02 7.291199218750000000e+03 7.293343871582543215e+03
2.187045418778434396e+02 7.290210937500000000e+03 7.293349125482005547e+03
2.187249748986214399e+02 7.296554199218750000e+03 7.293354389313803040e+03
2.187454079193994403e+02 7.293348632812500000e+03 7.293359662580076474e+03
2.187658409401774406e+02 7.287757812500000000e+03 7.293364944782842940e+03
2.187862739604897797e+02 7.294097167968750000e+03 7.293370235423997656e+03
2.188067070809192955e+02 7.292176269531250000e+03 7.293375534031663847e+03
2.188271400011144578e+02 7.289763671875000000e+03 7.293380840029914907e+03
2.188475730214267969e+02 7.298307128906250000e+03 7.293386152998712532e+03
2.188680059416219592e+02 7.291824707031250000e+03 7.293391472388015245e+03
2.188884390615858138e+02 7.295725585937500000e+03 7.293396797777955726e+03
2.189088720814324915e+02 7.298829589843750000e+03 7.293402128592435474e+03
2.189293050011619925e+02 7.298131347656250000e+03 7.293407464333398821e+03
2.189497381206601858e+02 7.292251953125000000e+03 7.293412804581206728e+03
2.189701711400412023e+02 7.291547363281250000e+03 7.293418148759532414e+03
2.189906041594222188e+02 7.305625976562500000e+03 7.293423496396553674e+03
2.190110370786860585e+02 7.299132812500000000e+03 7.293428846968059588e+03
2.190314701981842518e+02 7.292630371093750000e+03 7.293434200054742178e+03
2.190519032170996070e+02 7.291266113281250000e+03 7.293439555079826278e+03
2.190723361358977854e+02 7.293804199218750000e+03 7.293444911545428113e+03
2.191132022733800113e+02 7.292847167968750000e+03 7.293455626963621398e+03
2.191336351921781898e+02 7.304610351562500000e+03 7.293460984841625759e+03
2.191540683107450604e+02 7.293173828125000000e+03 7.293466342246849308e+03
2.191745013291947544e+02 7.294107421875000000e+03 7.293471698602681499e+03
2.191949342475272715e+02 7.294396972656250000e+03 7.293477053411152156e+03
2.192153672655113041e+02 7.298685546875000000e+03 7.293482406226639796e+03
2.192358003836125135e+02 7.296356933593750000e+03 7.293487756551249731e+03
2.192562334015965462e+02 7.294062988281250000e+03 7.293493103834570320e+03
2.192766663194634020e+02 7.293520019531250000e+03 7.293498447578664127e+03
2.192970994370989501e+02 7.296986816406250000e+03 7.293503787363952142e+03
2.193175324546173215e+02 7.292503906250000000e+03 7.293509122614050284e+03
2.193379653720185161e+02 7.289172851562500000e+03 7.293514452831051130e+03
2.193583983895368874e+02 7.299286621093750000e+03 7.293519777569204052e+03
2.193788315067067742e+02 7.291409667968750000e+03 7.293525096330327870e+03
2.193992644241079688e+02 7.296387695312500000e+03 7.293530408538541451e+03
2.194196974411606789e+02 7.284762207031250000e+03 7.293535713773762836e+03
2.194401305578649044e+02 7.294185546875000000e+03 7.293541011537898157e+03
2.194605634748004377e+02 7.290795410156250000e+03 7.293546301255397339e+03
2.194809964913874865e+02 7.286631347656250000e+03 7.293551582505849183e+03
2.195014296080917120e+02 7.292043457031250000e+03 7.293556854791266232e+03
2.195218625245615840e+02 7.293627441406250000e+03 7.293562117536235746e+03
2.195422955406829715e+02 7.292207519531250000e+03 7.293567370320087321e+03
2.195627285572700202e+02 7.286094726562500000e+03 7.293572612619271240e+03
2.195831615733914077e+02 7.286983398437500000e+03 7.293577843935563578e+03
2.196035945895127952e+02 7.293075683593750000e+03 7.293583063771102388e+03
2.196240276051685214e+02 7.295888183593750000e+03 7.293588271627790164e+03
2.196444606212899089e+02 7.290467773437500000e+03 7.293593467007881372e+03
2.196648936369456351e+02 7.301628417968750000e+03 7.293598649413156636e+03
2.196853265524841845e+02 7.297436523437500000e+03 7.293603818320462779e+03
2.197057595676742494e+02 7.286055664062500000e+03 7.293608973282354782e+03
2.197261926834471524e+02 7.292711914062500000e+03 7.293614113800877931e+03
2.197466255985200405e+02 7.291774414062500000e+03 7.293619239302361166e+03
2.197670586137101054e+02 7.291736816406250000e+03 7.293624349364396949e+03
2.197874917285516858e+02 7.299127929687500000e+03 7.293629443488654942e+03
2.198079246436245739e+02 7.293638183593750000e+03 7.293634521102625513e+03
2.198283576583489776e+02 7.295485351562500000e+03 7.293639581782855203e+03
2.198487907731905580e+02 7.302721679687500000e+03 7.293644625031228315e+03
2.198692237879149616e+02 7.292929687500000000e+03 7.293649650300338180e+03
2.198896567025221884e+02 7.295882812500000000e+03 7.293654657092471098e+03
2.199100897167809308e+02 7.285131347656250000e+03 7.293659644958599529e+03
2.199305228311568499e+02 7.293150878906250000e+03 7.293664613400573216e+03
2.199509557452984154e+02 7.285883789062500000e+03 7.293669561847525983e+03
2.199713887590914965e+02 7.287830566406250000e+03 7.293674489874249048e+03
2.199918218730017543e+02 7.295020996093750000e+03 7.293679396982568505e+03
2.200122547871433198e+02 7.294933593750000000e+03 7.293684282602644998e+03
2.200326878009364009e+02 7.290666503906250000e+03 7.293689146308242925e+03
2.200531208142638206e+02 7.285736816406250000e+03 7.293693987577396001e+03
2.200735538280569017e+02 7.293078125000000000e+03 7.293698805912339594e+03
2.200939868413843215e+02 7.287106445312500000e+03 7.293703600814875244e+03
2.201144198547117412e+02 7.291791503906250000e+03 7.293708371787130091e+03
2.201348529676906765e+02 7.294914550781250000e+03 7.293713118354214203e+03
2.201552858809009194e+02 7.291836914062500000e+03 7.293717839948772962e+03
2.201757188937626779e+02 7.297490234375000000e+03 7.293722536142193348e+03
2.201961520067416131e+02 7.298328613281250000e+03 7.293727206436232336e+03
2.202165849194861948e+02 7.290986816406250000e+03 7.293731850264446621e+03
2.202370179318822920e+02 7.293181640625000000e+03 7.293736467197210914e+03
2.202574508446268737e+02 7.291298339843750000e+03 7.293741056691510494e+03
2.202778839571401477e+02 7.291191894531250000e+03 7.293745618316419495e+03
2.202983169695362449e+02 7.303600585937500000e+03 7.293750151506797920e+03
2.203187499814666808e+02 7.287645996093750000e+03 7.293754655786984586e+03
2.203391829933971167e+02 7.284951171875000000e+03 7.293759130659102993e+03
2.203596160057932138e+02 7.294878417968750000e+03 7.293763575625270278e+03
2.203800490177236497e+02 7.293348632812500000e+03 7.293767990187303440e+03
2.204004819290712476e+02 7.287073242187500000e+03 7.293772373825823706e+03
2.204209150411188602e+02 7.293061035156250000e+03 7.293776726107252216e+03
2.204413480525836349e+02 7.298104492187500000e+03 7.293781046469202920e+03
2.204617809639312327e+02 7.294131347656250000e+03 7.293785334414271347e+03
2.204822140750475228e+02 7.300128906250000000e+03 7.293789589507165147e+03
2.205026470865122974e+02 7.296312011718750000e+03 7.293793811187308165e+03
2.205230799973942339e+02 7.294676269531250000e+03 7.293797998957022173e+03
2.205435131085105240e+02 7.297497070312500000e+03 7.293802152379728795e+03
2.205639461195096374e+02 7.290664550781250000e+03 7.293806270896140632e+03
2.205843790303915739e+02 7.294088378906250000e+03 7.293810354008791364e+03
2.206048120409250259e+02 7.296018554687500000e+03 7.293814401259625811e+03
2.206252450519241393e+02 7.288721679687500000e+03 7.293818412130753131e+03
2.206456781621091068e+02 7.295586425781250000e+03 7.293822386143297081e+03
2.206661110725253820e+02 7.299285156250000000e+03 7.293826322741409967e+03
2.206865440825931728e+02 7.292905273437500000e+03 7.293830221485074617e+03
2.207069770931266248e+02 7.286683593750000000e+03 7.293834081857103229e+03
2.207274101031944156e+02 7.287468750000000000e+03 7.293837903359342818e+03
2.207478430131450295e+02 7.303467285156250000e+03 7.293841685475463237e+03
2.207682761228643358e+02 7.294181640625000000e+03 7.293845427762701547e+03
2.207887091324664652e+02 7.293541992187500000e+03 7.293849129667863963e+03
2.208091420419514179e+02 7.295099121093750000e+03 7.293852790693565112e+03
2.208295751516707242e+02 7.288664062500000000e+03 7.293856410395332205e+03
2.208500081612728536e+02 7.292810546875000000e+03 7.293859988221677668e+03
2.208704411704093218e+02 7.292716796875000000e+03 7.293863523692374656e+03
2.208908740794286132e+02 7.292725585937500000e+03 7.293867016292515473e+03
2.209317401978187263e+02 7.285612792968750000e+03 7.293873870991256808e+03
2.209521731063723564e+02 7.291055175781250000e+03 7.293877232043445474e+03
2.209726062151603401e+02 7.288813964843750000e+03 7.293880548282881136e+03
2.209930392238311470e+02 7.291893066406250000e+03 7.293883819162510008e+03
2.210134721323847771e+02 7.300232421875000000e+03 7.293887044185018567e+03
2.210339052411727607e+02 7.286112792968750000e+03 7.293890222899493892e+03
2.210543382493779063e+02 7.296007812500000000e+03 7.293893354760815782e+03
2.210747711574658751e+02 7.297577636718750000e+03 7.293896439271768031e+03
2.210952041656710207e+02 7.298998046875000000e+03 7.293899475964604790e+03
2.211156372739933431e+02 7.298009277343750000e+03 7.293902464340630104e+03
2.211360701816156507e+02 7.295744140625000000e+03 7.293905403858232603e+03
2.211565031893551350e+02 7.297701660156250000e+03 7.293908294063066933e+03
2.211769362972117960e+02 7.293791015625000000e+03 7.293911134456426225e+03
2.211973693049512804e+02 7.286223632812500000e+03 7.293913924512487938e+03
2.212178022125735879e+02 7.289243164062500000e+03 7.293916663734021313e+03
2.212382352198474109e+02 7.301847656250000000e+03 7.293919351649825330e+03
2.212586683272384107e+02 7.301173339843750000e+03 7.293921987761224955e+03
2.212791012343950570e+02 7.294546875000000000e+03 7.293924571531874790e+03
2.213199673481285572e+02 7.295111328125000000e+03 7.293929580173204158e+03
2.213404002552852035e+02 7.296062011718750000e+03 7.293932004011232493e+03
2.213608332620933652e+02 7.295967285156250000e+03 7.293934373554118793e+03
2.213812663685530424e+02 7.294800781250000000e+03 7.293936688303083429e+03
2.214016992752440274e+02 7.287040039062500000e+03 7.293938947726634069e+03
2.214221322815865278e+02 7.292706054687500000e+03 7.293941151360303593e+03
2.214425652879290283e+02 7.289906250000000000e+03 7.293943298694958685e+03
2.214629983943887055e+02 7.300416015625000000e+03 7.293945389242723650e+03
2.214834313006140292e+02 7.300717285156250000e+03 7.293947422475303028e+03
2.215038643064908683e+02 7.292412597656250000e+03 7.293949397924986442e+03
2.215242974124848843e+02 7.294394042968750000e+03 7.293951315092981531e+03
2.215447303182445467e+02 7.295110839843750000e+03 7.293953173453563977e+03
2.215651633241213858e+02 7.289454101562500000e+03 7.293954972536496825e+03
2.215855962294153869e+02 7.300753417968750000e+03 7.293956711826140236e+03
2.216060293349437416e+02 7.289674316406250000e+03 7.293958390849678835e+03
2.216264623403549194e+02 7.296176269531250000e+03 7.293960009084004923e+03
2.216468953457660973e+02 7.285770019531250000e+03 7.293961566039512036e+03
2.216673283511772752e+02 7.299527343750000000e+03 7.293963061218223629e+03
2.216877612560056150e+02 7.297655761718750000e+03 7.293964494115258276e+03
2.217081943610683084e+02 7.293101074218750000e+03 7.293965864253270411e+03
2.217286273660138249e+02 7.298328613281250000e+03 7.293967171113677978e+03
2.217490603709593415e+02 7.294301757812500000e+03 7.293968414205370209e+03
2.217694932757876813e+02 7.293495117187500000e+03 7.293969593024743517e+03
2.217899262802675366e+02 7.297530761718750000e+03 7.293970707085351933e+03
2.218103593848645687e+02 7.295639160156250000e+03 7.293971755888283951e+03
2.218307922892272472e+02 7.292498046875000000e+03 7.293972738920623669e+03
2.218512252932414412e+02 7.294440917968750000e+03 7.293973655699306619e+03
2.218716583973728120e+02 7.293144042968750000e+03 7.293974505725396739e+03
2.218920913012698293e+02 7.294084472656250000e+03 7.293975288488913066e+03
2.219125243052840233e+02 7.294398925781250000e+03 7.293976003503875290e+03
2.219329573092982173e+02 7.302887207031250000e+03 7.293976650268303274e+03
2.219533903133124113e+02 7.292659667968750000e+03 7.293977228284216835e+03
2.219738233168609440e+02 7.294327636718750000e+03 7.293977737053621240e+03
2.219942563204094768e+02 7.283505371093750000e+03 7.293978176078553588e+03
2.220146893239580095e+02 7.294370117187500000e+03 7.293978544861030059e+03
2.220351223270408809e+02 7.296240722656250000e+03 7.293978842903067743e+03
2.220555553305894136e+02 7.291136230468750000e+03 7.293979069706698283e+03
2.220759884337894619e+02 7.296357421875000000e+03 7.293979224774511749e+03
2.220964213367551565e+02 7.300486816406250000e+03 7.293979307606786278e+03
2.221168543393723667e+02 7.289144042968750000e+03 7.293979317707292466e+03
2.221372872423380613e+02 7.299262207031250000e+03 7.293979254577952815e+03
2.221577203450724483e+02 7.294159667968750000e+03 7.293979117719324677e+03
2.221781533476896584e+02 7.296787597656250000e+03 7.293978906634894884e+03
2.221985863503068686e+02 7.299676757812500000e+03 7.293978620826192127e+03
2.222190193529240787e+02 7.290560546875000000e+03 7.293978259795237136e+03
2.222394523550756276e+02 7.301158203125000000e+03 7.293977823044060642e+03
2.222598853572271764e+02 7.285925781250000000e+03 7.293977310074671550e+03
2.222803182592615485e+02 7.297376953125000000e+03 7.293976720392170137e+03
2.223007513615302742e+02 7.288272460937500000e+03 7.293976053489342121e+03
2.223211843632161617e+02 7.290593750000000000e+03 7.293975308877456882e+03
2.223416172652505338e+02 7.297371093750000000e+03 7.293974486059649280e+03
2.223620503670535982e+02 7.291992675781250000e+03 7.293973584525301703e+03
2.223824833687394857e+02 7.296334472656250000e+03 7.293972603789088680e+03
2.224029162703081965e+02 7.294479492187500000e+03 7.293971543354196911e+03
2.224233493716455996e+02 7.289868164062500000e+03 7.293970402706498135e+03
2.224437823728658259e+02 7.297555664062500000e+03 7.293969181364165706e+03
2.224642152739688754e+02 7.296769042968750000e+03 7.293967878830406335e+03
2.224846482751891017e+02 7.288717773437500000e+03 7.293966494594476899e+03
2.225050813760608435e+02 7.293050292968750000e+03 7.293965028157229426e+03
2.225255143768154085e+02 7.300742187500000000e+03 7.293963479035022829e+03
2.225459472779184580e+02 7.289649414062500000e+03 7.293961846731051992e+03
2.225663803787901998e+02 7.294317871093750000e+03 7.293960130722807662e+03
2.225868133790791035e+02 7.289302734375000000e+03 7.293958330536923313e+03
2.226072462797164917e+02 7.298440429687500000e+03 7.293956445676572912e+03
2.226276792800053954e+02 7.295178710937500000e+03 7.293954475625400846e+03
2.226481123804114759e+02 7.296714843750000000e+03 7.293952419884122719e+03
2.226685452805832028e+02 7.293529785156250000e+03 7.293950277985608409e+03
2.226889782808721066e+02 7.308271972656250000e+03 7.293948049401029493e+03
2.227094112806953490e+02 7.293535644531250000e+03 7.293945733642744017e+03
2.227298442805185914e+02 7.293519042968750000e+03 7.293943330212718138e+03
2.227502772803418338e+02 7.298834960937500000e+03 7.293940838612976222e+03
2.227707102801650763e+02 7.286162597656250000e+03 7.293938258345534450e+03
2.227911432799883187e+02 7.283831542968750000e+03 7.293935588912411731e+03
2.228115762793458998e+02 7.292246093750000000e+03 7.293932829815697005e+03
2.228320091785863042e+02 7.289405761718750000e+03 7.293929980571527267e+03
2.228524422780610621e+02 7.295995117187500000e+03 7.293927040639377083e+03
2.228728752774186432e+02 7.303852539062500000e+03 7.293924009563814252e+03
2.228933081761933863e+02 7.289051757812500000e+03 7.293920886848269220e+03
2.229137412756681442e+02 7.297438476562500000e+03 7.293917671948051066e+03
2.229341742745600641e+02 7.298640625000000000e+03 7.293914364411893985e+03
2.229546071733348072e+02 7.290688476562500000e+03 7.293910963743117463e+03
2.229750401717610657e+02 7.290596679687500000e+03 7.293907469410496560e+03
2.229954732703045011e+02 7.291283203125000000e+03 7.293903880914594993e+03
2.230159061690792441e+02 7.305484863281250000e+03 7.293900197810790814e+03
2.230363391675055027e+02 7.294731445312500000e+03 7.293896419547827463e+03
2.230567722655832767e+02 7.296573730468750000e+03 7.293892545626328683e+03
2.230772052640095353e+02 7.296632812500000000e+03 7.293888575586101069e+03
2.230976381623186171e+02 7.292759277343750000e+03 7.293884508930665106e+03
2.231180712599307299e+02 7.297285156250000000e+03 7.293880345101744751e+03
2.231385042578913271e+02 7.294111328125000000e+03 7.293876083661569282e+03
2.231589371557347476e+02 7.292095703125000000e+03 7.293871724113687378e+03
2.231793701536953449e+02 7.293593750000000000e+03 7.293867265917404438e+03
2.231998032513074577e+02 7.288115234375000000e+03 7.293862708573387863e+03
2.232202361486852169e+02 7.291240722656250000e+03 7.293858051651275673e+03
2.232406691461801529e+02 7.300371093750000000e+03 7.293853294585371259e+03
2.232611022437922657e+02 7.286786621093750000e+03 7.293848436876220148e+03
2.232815351407043636e+02 7.293959960937500000e+03 7.293843478098098785e+03
2.233019681377336383e+02 7.288042968750000000e+03 7.293838417680774000e+03
2.233224011347629130e+02 7.290702636718750000e+03 7.293833255150312652e+03
2.233428341317921877e+02 7.293565429687500000e+03 7.293827990008738198e+03
2.233632671288214624e+02 7.289069824218750000e+03 7.293822621758064088e+03
2.233837001253850758e+02 7.292950683593750000e+03 7.293817149900442928e+03
2.234041332220658660e+02 7.293154296875000000e+03 7.293811573910191328e+03
2.234245661185123026e+02 7.288171386718750000e+03 7.293805893372063110e+03
2.234449991150759161e+02 7.291297363281250000e+03 7.293800107705345908e+03
2.234654322112910450e+02 7.296583984375000000e+03 7.293794216410646186e+03
2.235062981038354337e+02 7.300999023437500000e+03 7.293782115119606715e+03
2.235267309998162091e+02 7.294020019531250000e+03 7.293775904099888066e+03
2.235471640960313380e+02 7.299240234375000000e+03 7.293769585427868151e+03
