1.492246050423011184e+03 8.393248046875000000e+03 8.396444790194096640e+03
1.492266484771855175e+03 8.405492187500000000e+03 8.396473604534525293e+03
1.492286919221282005e+03 8.406507812500000000e+03 8.396502187349273299e+03
1.492307353470474482e+03 8.393022460937500000e+03 8.396530538830513251e+03
1.492327787820249796e+03 8.406375000000000000e+03 8.396558660008544393e+03
1.492348222270142287e+03 8.405250976562500000e+03 8.396586551490592683e+03
1.492368656520266086e+03 8.392971679687500000e+03 8.396614213480257604e+03
1.492389090971089900e+03 8.403848632812500000e+03 8.396641647130891215e+03
1.492409525321330875e+03 8.391695312500000000e+03 8.396668852647595486e+03
1.492429959672503173e+03 8.396659179687500000e+03 8.396695830778433447e+03
1.492450394023675472e+03 8.391596679687500000e+03 8.396722582133408650e+03
1.492470828374847770e+03 8.388717773437500000e+03 8.396749107323768840e+03
1.492491262726485729e+03 8.401725585937500000e+03 8.396775406961365661e+03
1.492511697078589350e+03 8.404038085937500000e+03 8.396801481657425029e+03
1.492532131430692971e+03 8.396169921875000000e+03 8.396827332022599876e+03
1.492552565782796592e+03 8.394416992187500000e+03 8.396852958668137944e+03
1.492573000135365874e+03 8.395673828125000000e+03 8.396878362205861777e+03
1.492593434488400817e+03 8.391724609375000000e+03 8.396903543247008201e+03
1.492613868841435760e+03 8.398529296875000000e+03 8.396928502402242884e+03
1.492634303194936365e+03 8.399046875000000000e+03 8.396953240283377454e+03
1.492654737548436970e+03 8.390022460937500000e+03 8.396977757501088490e+03
1.492675172002520412e+03 8.394440429687500000e+03 8.397002054785680230e+03
1.492695606256369501e+03 8.395046875000000000e+03 8.397026132392329600e+03
1.492716040610801429e+03 8.394694335937500000e+03 8.397049991288338788e+03
1.492736475065350533e+03 8.400467773437500000e+03 8.397073632081193864e+03
1.492756909320130944e+03 8.401299804687500000e+03 8.397097055036796519e+03
1.492777343775145710e+03 8.399813476562500000e+03 8.397120261224901697e+03
1.492797778130508959e+03 8.397744140625000000e+03 8.397143250914596138e+03
1.492818212386220694e+03 8.390457031250000000e+03 8.397166024720285350e+03
1.492838646841701120e+03 8.394870117187500000e+03 8.397188583585339074e+03
1.492859081197995692e+03 8.398233398437500000e+03 8.397210927789390553e+03
1.492879515454173088e+03 8.402940429687500000e+03 8.397233057945795736e+03
1.492899949910584837e+03 8.393868164062500000e+03 8.397254974989524271e+03
1.492920384267345071e+03 8.395549804687500000e+03 8.397276679208598580e+03
1.492940818724222481e+03 8.383080078125000000e+03 8.397298171426453337e+03
1.492961252981331199e+03 8.395256835937500000e+03 8.397319451940478757e+03
1.492981687339022756e+03 8.399123046875000000e+03 8.397340521676251228e+03
1.493002121796831489e+03 8.397439453125000000e+03 8.397361381241440540e+03
1.493022556054871529e+03 8.409115234375000000e+03 8.397382030942702841e+03
1.493042990413028747e+03 8.396781250000000000e+03 8.397402471695870190e+03
1.493063424871303141e+03 8.402101562500000000e+03 8.397422704109125334e+03
1.493083859130274504e+03 8.395158203125000000e+03 8.397442728498768702e+03
1.493104293589014560e+03 8.391104492187500000e+03 8.397462545867118024e+03
1.493124727948103100e+03 8.396089843750000000e+03 8.397482156533518719e+03
1.493145162207540125e+03 8.409906250000000000e+03 8.397501561112239870e+03
1.493165596667211503e+03 8.389754882812500000e+03 8.397520760497787705e+03
1.493186031027231365e+03 8.396063476562500000e+03 8.397539755018140568e+03
1.493206465287134051e+03 8.391952148437500000e+03 8.397558545287109155e+03
1.493226899747736752e+03 8.394423828125000000e+03 8.397577132191056080e+03
1.493247334108222276e+03 8.395895507812500000e+03 8.397595516066110577e+03
1.493267768369056284e+03 8.397339843750000000e+03 8.397613697526910983e+03
1.493288202830124646e+03 8.391792968750000000e+03 8.397631677450044663e+03
1.493308637191541493e+03 8.403450195312500000e+03 8.397649456181405185e+03
1.493329071552958339e+03 8.401310546875000000e+03 8.397667034420417622e+03
1.493349505914840847e+03 8.401389648437500000e+03 8.397684412778718979e+03
1.493369940277189016e+03 8.394799804687500000e+03 8.397701591867556999e+03
1.493390374739188701e+03 8.392103515625000000e+03 8.397718572380101250e+03
1.493410809001885355e+03 8.398957031250000000e+03 8.397735354680628006e+03
1.493431243364699185e+03 8.403069335937500000e+03 8.397751939627736647e+03
1.493451677827630192e+03 8.393938476562500000e+03 8.397768327829779082e+03
1.493472112090792507e+03 8.399651367187500000e+03 8.397784519658938734e+03
1.493492546554189175e+03 8.392810546875000000e+03 8.397800516043420430e+03
1.493512980917934328e+03 8.401309570312500000e+03 8.397816317358274318e+03
1.493533415182027966e+03 8.401523437500000000e+03 8.397831924217596679e+03
1.493553849646355957e+03 8.383938476562500000e+03 8.397847337460252675e+03
1.493574284010566771e+03 8.401010742187500000e+03 8.397862557469514286e+03
1.493594718275591731e+03 8.406138671875000000e+03 8.397877584860152638e+03
1.493615152740385383e+03 8.396975585937500000e+03 8.397892420461848815e+03
1.493635587105527520e+03 8.391121093750000000e+03 8.397907064667058876e+03
1.493656021471135318e+03 8.399051757812500000e+03 8.397921518160177584e+03
1.493676455836743116e+03 8.395805664062500000e+03 8.397935781552121625e+03
1.493696890202350914e+03 8.396180664062500000e+03 8.397949855454138742e+03
1.493737758934963495e+03 8.399790039062500000e+03 8.397977437234325407e+03
1.493758193301502615e+03 8.407138671875000000e+03 8.397990946334663022e+03
1.493778627768158913e+03 8.405691406250000000e+03 8.398004268454871635e+03
1.493799062035512179e+03 8.398618164062500000e+03 8.398017404012352927e+03
1.493819496402516961e+03 8.386507812500000000e+03 8.398030353811898749e+03
1.493839930870104581e+03 8.415505859375000000e+03 8.398043118462621351e+03
1.493962537080515176e+03 8.395063476562500000e+03 8.398115850786847659e+03
1.493982971349731088e+03 8.394400390625000000e+03 8.398127335956305615e+03
1.494003405819181353e+03 8.392185546875000000e+03 8.398138640916184158e+03
1.494023840188980103e+03 8.399055664062500000e+03 8.398149766110500423e+03
1.494044274658896029e+03 8.403874023437500000e+03 8.398160712259263164e+03
1.494064708929043263e+03 8.398226562500000000e+03 8.398171479814394843e+03
1.494085143299307674e+03 8.390312500000000000e+03 8.398182069546470302e+03
1.494105577770154923e+03 8.391143554687500000e+03 8.398192482064361684e+03
1.494126012040767819e+03 8.393660156250000000e+03 8.398202717827332890e+03
1.494146446411963552e+03 8.396792968750000000e+03 8.398212777598606408e+03
1.494166880883276463e+03 8.392502929687500000e+03 8.398222661986617823e+03
1.494187315154820681e+03 8.408306640625000000e+03 8.398232371458831039e+03
1.494207749526482075e+03 8.392612304687500000e+03 8.398241906770281275e+03
1.494228183998726308e+03 8.397041015625000000e+03 8.398251268529860681e+03
1.494248618271201849e+03 8.408048828125000000e+03 8.398260457212487381e+03
1.494269052743446082e+03 8.416771484375000000e+03 8.398269473609072520e+03
1.494289487116504461e+03 8.402778320312500000e+03 8.398278318197690169e+03
1.494309921489562839e+03 8.392911132812500000e+03 8.398286991633767684e+03
1.494330355862621218e+03 8.395429687500000000e+03 8.398295494528558265e+03
1.494350790236145258e+03 8.396815429687500000e+03 8.398303827493504286e+03
1.494371224609669298e+03 8.401162109375000000e+03 8.398311991139658858e+03
1.494391658983658999e+03 8.398627929687500000e+03 8.398319986078449801e+03
1.494412093357648700e+03 8.398099609375000000e+03 8.398327812920942961e+03
1.494432527832221240e+03 8.390620117187500000e+03 8.398335472315678999e+03
1.494452962107025087e+03 8.393596679687500000e+03 8.398342964762547126e+03
1.494473396481946111e+03 8.391883789062500000e+03 8.398350290983971718e+03
1.494493830856867135e+03 8.391494140625000000e+03 8.398357451554085856e+03
1.494514265232253820e+03 8.398763671875000000e+03 8.398364447084299172e+03
1.494534699607640505e+03 8.397659179687500000e+03 8.398371278185699339e+03
1.494555134083610028e+03 8.397347656250000000e+03 8.398377945501948489e+03
1.494575568359810859e+03 8.388768554687500000e+03 8.398384449547495024e+03
1.494596002736128867e+03 8.411184570312500000e+03 8.398390791030227774e+03
1.494616437212564051e+03 8.389209960937500000e+03 8.398396970559017063e+03
1.494636871489230543e+03 8.398813476562500000e+03 8.398402988655605441e+03
1.494657305966131389e+03 8.398883789062500000e+03 8.398408846049049316e+03
1.494677740343380719e+03 8.401020507812500000e+03 8.398414543263454107e+03
1.494698174620978534e+03 8.399704101562500000e+03 8.398420080912408594e+03
1.494718609098345041e+03 8.398221679687500000e+03 8.398425459687137845e+03
1.494739043476525694e+03 8.413482421875000000e+03 8.398430680119028693e+03
1.494759477754589170e+03 8.406371093750000000e+03 8.398435742821407985e+03
1.494779912232887000e+03 8.396444335937500000e+03 8.398440648478783260e+03
1.494800346611533314e+03 8.397064453125000000e+03 8.398445397629255240e+03
1.494820781090296805e+03 8.401974609375000000e+03 8.398449990930505010e+03
1.494841215369291604e+03 8.391280273437500000e+03 8.398454428927510889e+03
1.494861649748869240e+03 8.404419921875000000e+03 8.398458712297884631e+03
1.494882084228098392e+03 8.395238281250000000e+03 8.398462841650418341e+03
1.494902518508024514e+03 8.392318359375000000e+03 8.398466817537067982e+03
1.494922952888067812e+03 8.398749023437500000e+03 8.398470640628464025e+03
1.494943387368228287e+03 8.400509765625000000e+03 8.398474311533613218e+03
1.494963821648620069e+03 8.398088867187500000e+03 8.398477830811005333e+03
1.494984256029594690e+03 8.405379882812500000e+03 8.398481199124726118e+03
1.495004690510686487e+03 8.400176757812500000e+03 8.398484417083725930e+03
1.495025124891661108e+03 8.395917968750000000e+03 8.398487485267725788e+03
1.495045559273101389e+03 8.391833007812500000e+03 8.398490404304178810e+03
1.495065993654541671e+03 8.405720703125000000e+03 8.398493174804265436e+03
1.495086427936330438e+03 8.400637695312500000e+03 8.398495797366806073e+03
1.495106862418819219e+03 8.393657226562500000e+03 8.398498272640506912e+03
1.495127296801190823e+03 8.395122070312500000e+03 8.398500601199093580e+03
1.495147731083445251e+03 8.405818359375000000e+03 8.398502783655967505e+03
1.495168165566399693e+03 8.404174804687500000e+03 8.398504820653439310e+03
1.495188599949236959e+03 8.404588867187500000e+03 8.398506712771695675e+03
1.495209034432657063e+03 8.405666015625000000e+03 8.398508460640576232e+03
1.495229468715842813e+03 8.396990234375000000e+03 8.398510064846648675e+03
1.495249903099611402e+03 8.400573242187500000e+03 8.398511526025838975e+03
1.495270337583497167e+03 8.404395507812500000e+03 8.398512844787257563e+03
1.495290771868079901e+03 8.398658203125000000e+03 8.398514021723871338e+03
1.495311206252314150e+03 8.395725585937500000e+03 8.398515057465179780e+03
1.495331640737131238e+03 8.397027343750000000e+03 8.398515952620415192e+03
1.495352075021713972e+03 8.401697265625000000e+03 8.398516707788678104e+03
1.495372509506996721e+03 8.399530273437500000e+03 8.398517323596031929e+03
1.495392943892162293e+03 8.393729492187500000e+03 8.398517800643641749e+03
1.495413378177676350e+03 8.405696289062500000e+03 8.398518139544794394e+03
1.495433812663424760e+03 8.393194335937500000e+03 8.398518340914706641e+03
1.495454247049521655e+03 8.401996093750000000e+03 8.398518405360653560e+03
1.495474681335967034e+03 8.399130859375000000e+03 8.398518333495889237e+03
1.495495115822181106e+03 8.399388671875000000e+03 8.398518125929615053e+03
1.495515550209209323e+03 8.400718750000000000e+03 8.398517783275114198e+03
1.495535984596237540e+03 8.397274414062500000e+03 8.398517306142963207e+03
1.495556418983265758e+03 8.399568359375000000e+03 8.398516695144415280e+03
1.495576853370293975e+03 8.395450195312500000e+03 8.398515950890723616e+03
1.495597287858370692e+03 8.392895507812500000e+03 8.398515073988475706e+03
1.495617722145747393e+03 8.397416992187500000e+03 8.398514065062838199e+03
1.495638156534172595e+03 8.409730468750000000e+03 8.398512924711129017e+03
1.495658591022249311e+03 8.397488281250000000e+03 8.398511653542749627e+03
1.495679025411140174e+03 8.395301757812500000e+03 8.398510252181316901e+03
1.495699459699448198e+03 8.399759765625000000e+03 8.398508721240084924e+03
1.495719894188921899e+03 8.396438476562500000e+03 8.398507061306741889e+03
1.495740328477695584e+03 8.395731445312500000e+03 8.398505273025179122e+03
1.495760762967169285e+03 8.397837890625000000e+03 8.398503356971525136e+03
1.495781197356991470e+03 8.397918945312500000e+03 8.398501313784248850e+03
1.495801631647162139e+03 8.401747070312500000e+03 8.398499144076455195e+03
1.495822066137101501e+03 8.408821289062500000e+03 8.398496848426679207e+03
1.495842500527389348e+03 8.399251953125000000e+03 8.398494427478886792e+03
1.495862934818025678e+03 8.392416015625000000e+03 8.398491881846159231e+03
1.495883369308896363e+03 8.390458984375000000e+03 8.398489212101474550e+03
1.495903803699649870e+03 8.396172851562500000e+03 8.398486418894412054e+03
1.495924237991217524e+03 8.402982421875000000e+03 8.398483502837900232e+03
1.495944672482553869e+03 8.393834960937500000e+03 8.398480464499625668e+03
1.495965106874238700e+03 8.402379882812500000e+03 8.398477304534460927e+03
1.495985541366506368e+03 8.407777343750000000e+03 8.398474023522698189e+03
1.496005975658539683e+03 8.403894531250000000e+03 8.398470622124768852e+03
1.496026410051155835e+03 8.401053710937500000e+03 8.398467100902727907e+03
1.496046844543423504e+03 8.403359375000000000e+03 8.398463460466240576e+03
1.496067278836388141e+03 8.397855468750000000e+03 8.398459701480680451e+03
1.496087713229469955e+03 8.405323242187500000e+03 8.398455824503087570e+03
1.496108147722668946e+03 8.394470703125000000e+03 8.398451830142981635e+03
1.496128582016099244e+03 8.402006835937500000e+03 8.398447719071089523e+03
1.496149016510229558e+03 8.385488281250000000e+03 8.398443491818095936e+03
1.496169450904242694e+03 8.402994140625000000e+03 8.398439149056623137e+03
1.496189885298255831e+03 8.395334960937500000e+03 8.398434691377497074e+03
1.496210319692734629e+03 8.396795898437500000e+03 8.398430119391867265e+03
1.496230754087679088e+03 8.410176757812500000e+03 8.398425433710975994e+03
1.496251188482157886e+03 8.398420898437500000e+03 8.398420634946291102e+03
1.496271622877568007e+03 8.390165039062500000e+03 8.398415723708734731e+03
1.496292057272978127e+03 8.399920898437500000e+03 8.398410700609772903e+03
1.496312491668388247e+03 8.402501953125000000e+03 8.398405566260658816e+03
1.496332926164381206e+03 8.399945312500000000e+03 8.398400321246557723e+03
1.496353360460139811e+03 8.401874023437500000e+03 8.398394966256742919e+03
1.496373794856481254e+03 8.399434570312500000e+03 8.398389501824436593e+03
1.496394229252822697e+03 8.408338867187500000e+03 8.398383928586981710e+03
1.496414663649629802e+03 8.394222656250000000e+03 8.398378247155496865e+03
1.496435098146554083e+03 8.400369140625000000e+03 8.398372458112737149e+03
1.496455532443709671e+03 8.397003906250000000e+03 8.398366562155701104e+03
1.496475966840982437e+03 8.397294921875000000e+03 8.398360559809887491e+03
1.496496401338838041e+03 8.399561523437500000e+03 8.398354451684859669e+03
1.496516835636459291e+03 8.401887695312500000e+03 8.398348238482552915e+03
1.496537270134780556e+03 8.400126953125000000e+03 8.398341920692309941e+03
1.496557704532984644e+03 8.401228515625000000e+03 8.398335499017626717e+03
1.496578138831537217e+03 8.404019531250000000e+03 8.398328974071126140e+03
1.496598573329858482e+03 8.399713867187500000e+03 8.398322346367691352e+03
1.496619007728993893e+03 8.401818359375000000e+03 8.398315616614789178e+03
1.496639442028012127e+03 8.394639648437500000e+03 8.398308785425464521e+03
1.496659876527730376e+03 8.396334960937500000e+03 8.398301853309660146e+03
1.496680310927331448e+03 8.393705078125000000e+03 8.398294820979936048e+03
1.496721179726999253e+03 8.401593750000000000e+03 8.398280458022420135e+03
1.496741614127531648e+03 8.391703125000000000e+03 8.398273128616965550e+03
1.496762048627715558e+03 8.392039062500000000e+03 8.398265701372421972e+03
1.496782482928596437e+03 8.416586914062500000e+03 8.398258177009411156e+03
1.496802917329594493e+03 8.393750000000000000e+03 8.398250556029641302e+03
1.496823351830709726e+03 8.392486328125000000e+03 8.398242839042950436e+03
1.496843786232173443e+03 8.398192382812500000e+03 8.398235026736034342e+03
1.496864220533985645e+03 8.407250976562500000e+03 8.398227119721535928e+03
1.496884655035566539e+03 8.401738281250000000e+03 8.398219118494154827e+03
1.496905089437961578e+03 8.401066406250000000e+03 8.398211023781508629e+03
1.496925523839890957e+03 8.408311523437500000e+03 8.398202836156429839e+03
1.496945958242751658e+03 8.395945312500000000e+03 8.398194556229607770e+03
1.496966392645146698e+03 8.394372070312500000e+03 8.398186184612861325e+03
1.496986827048007399e+03 8.402788085937500000e+03 8.398177721917058079e+03
1.497007261451333761e+03 8.402966796875000000e+03 8.398169168753447593e+03
1.497027695854660124e+03 8.384277343750000000e+03 8.398160525733481336e+03
1.497048130258452147e+03 8.404228515625000000e+03 8.398151793468201504e+03
1.497068564662244171e+03 8.385178710937500000e+03 8.398142972569065023e+03
1.497088999166153371e+03 8.401368164062500000e+03 8.398134063603460163e+03
1.497109433470293880e+03 8.396128906250000000e+03 8.398125067314027547e+03
1.497129867875017226e+03 8.395809570312500000e+03 8.398115984180418309e+03
1.497150302379857749e+03 8.399168945312500000e+03 8.398106814812825178e+03
1.497170736684929579e+03 8.387495117187500000e+03 8.398097559957688645e+03
1.497191171089652926e+03 8.399839843750000000e+03 8.398088220091285621e+03
1.497211605595424771e+03 8.400496093750000000e+03 8.398078795822979373e+03
1.497232039900962263e+03 8.407467773437500000e+03 8.398069287903588702e+03
1.497252474306616932e+03 8.400775390625000000e+03 8.398059696805226849e+03
1.497272908812854439e+03 8.396414062500000000e+03 8.398050023137708195e+03
1.497293343119323254e+03 8.403713867187500000e+03 8.398040267655072967e+03
1.497313777625560760e+03 8.395206054687500000e+03 8.398030430777838774e+03
1.497334212032146752e+03 8.403632812500000000e+03 8.398020513260795269e+03
1.497354646339081228e+03 8.399078125000000000e+03 8.398010515716374357e+03
1.497375080846250057e+03 8.394407226562500000e+03 8.398000438608522018e+03
1.497395515253767371e+03 8.396638671875000000e+03 8.397990282695793212e+03
1.497415949661284685e+03 8.391532226562500000e+03 8.397980048540492135e+03
1.497436384069267660e+03 8.391841796875000000e+03 8.397969736753637335e+03
1.497456818477250636e+03 8.388625976562500000e+03 8.397959347946713024e+03
1.497477252985350788e+03 8.383924804687500000e+03 8.397948882679516828e+03
1.497497687393799424e+03 8.396451171875000000e+03 8.397938341665611006e+03
1.497518121702596545e+03 8.390818359375000000e+03 8.397927725517352883e+03
1.497538556211628020e+03 8.390672851562500000e+03 8.397917034689642605e+03
1.497558990620542318e+03 8.390638671875000000e+03 8.397906269950328351e+03
1.497579424929805100e+03 8.391173828125000000e+03 8.397895431911501873e+03
1.497599859439767897e+03 8.397824218750000000e+03 8.397884521024567221e+03
1.497620293849147856e+03 8.389742187500000000e+03 8.397873538061117870e+03
1.497640728159341961e+03 8.389862304687500000e+03 8.397862483632710791e+03
1.497661162669770420e+03 8.409964843750000000e+03 8.397851358188092490e+03
1.497681596979964525e+03 8.396764648437500000e+03 8.397840162556545692e+03
1.497702031490858644e+03 8.402060546875000000e+03 8.397828897129660618e+03
1.497722465901635587e+03 8.397294921875000000e+03 8.397817562684020231e+03
1.497742900212761015e+03 8.399331054687500000e+03 8.397806159831623518e+03
1.497763334724120796e+03 8.398503906250000000e+03 8.397794689015883705e+03
1.497783769135363400e+03 8.405208984375000000e+03 8.397783151016155898e+03
1.497804203447420150e+03 8.401514648437500000e+03 8.397771546444146225e+03
1.497824637959245592e+03 8.399362304687500000e+03 8.397759875740850475e+03
1.497845072371419519e+03 8.399409179687500000e+03 8.397748139688043011e+03
1.497865506883710623e+03 8.402723632812500000e+03 8.397736338782247913e+03
1.497885941196698695e+03 8.388835937500000000e+03 8.397724473808106268e+03
1.497906375609338284e+03 8.400465820312500000e+03 8.397712545203754416e+03
1.497926810122095048e+03 8.395655273437500000e+03 8.397700553579245025e+03
1.497947244435548782e+03 8.405849609375000000e+03 8.397688499722000415e+03
1.497967678849119693e+03 8.396154296875000000e+03 8.397676384067101026e+03
1.497988113362807781e+03 8.405811523437500000e+03 8.397664207224903294e+03
1.498008547676727176e+03 8.403062500000000000e+03 8.397651969985803589e+03
1.498028982090763748e+03 8.394944335937500000e+03 8.397639672781908303e+03
1.498049416605383158e+03 8.398428710937500000e+03 8.397627316223315574e+03
1.498069851019885391e+03 8.393894531250000000e+03 8.397614901042639758e+03
1.498090285434387624e+03 8.398223632812500000e+03 8.397602427790741785e+03
1.498110719849821180e+03 8.400048828125000000e+03 8.397589897078303693e+03
1.498131154264789075e+03 8.401036132812500000e+03 8.397577309517433605e+03
1.498151588680222631e+03 8.401654296875000000e+03 8.397564665718813558e+03
1.498172023096121848e+03 8.388208007812500000e+03 8.397551966293693113e+03
1.498192457512021065e+03 8.402824218750000000e+03 8.397539211853618326e+03
1.498212892028037459e+03 8.400844726562500000e+03 8.397526402946947201e+03
1.498233326344285160e+03 8.395872070312500000e+03 8.397513540373314754e+03
1.498253760860767215e+03 8.386790039062500000e+03 8.397500624492187853e+03
1.498274195277597755e+03 8.409067382812500000e+03 8.397487656103978225e+03
1.498294629594311118e+03 8.399056640625000000e+03 8.397474635820999538e+03
1.498315064111724496e+03 8.405591796875000000e+03 8.397461564062457910e+03
1.498335498428903520e+03 8.398725585937500000e+03 8.397448441696065856e+03
1.498355932846665382e+03 8.400974609375000000e+03 8.397435269140283708e+03
1.498376367364544421e+03 8.381550781250000000e+03 8.397422047005922650e+03
1.498396801682654768e+03 8.402747070312500000e+03 8.397408776098645831e+03
1.498417236100416631e+03 8.404421875000000000e+03 8.397395456835600271e+03
1.498437670619226992e+03 8.400561523437500000e+03 8.397382089826431184e+03
1.498458104937803000e+03 8.390152343750000000e+03 8.397368675879817602e+03
1.498478539456613362e+03 8.397245117187500000e+03 8.397355215344126918e+03
1.498498973875772208e+03 8.402966796875000000e+03 8.397341709027821707e+03
1.498519408194813877e+03 8.393436523437500000e+03 8.397328157543124689e+03
1.498539842714555562e+03 8.392687500000000000e+03 8.397314561301473077e+03
1.498560277134180069e+03 8.411315429687500000e+03 8.397300921113937875e+03
1.498580711554270238e+03 8.403923828125000000e+03 8.397287237524964439e+03
1.498601145974360406e+03 8.396976562500000000e+03 8.397273511146107921e+03
1.498621580394916236e+03 8.397694335937500000e+03 8.397259742588317749e+03
1.498642014915589243e+03 8.397694335937500000e+03 8.397245932395395357e+03
1.498662449236027896e+03 8.387350585937500000e+03 8.397232081381887838e+03
1.498682883657049388e+03 8.399359375000000000e+03 8.397218189955436173e+03
1.498703318178653717e+03 8.405455078125000000e+03 8.397204258726715125e+03
1.498723752600140870e+03 8.398333984375000000e+03 8.397190288443800455e+03
1.498744186921510845e+03 8.393838867187500000e+03 8.397176279718518344e+03
1.498764621443580836e+03 8.400436523437500000e+03 8.397162232955623040e+03
1.498785055865533650e+03 8.396972656250000000e+03 8.397148148972868512e+03
1.498805490287952125e+03 8.390407226562500000e+03 8.397134028312464579e+03
1.498825924710370600e+03 8.398785156250000000e+03 8.397119871585982764e+03
1.498846359133254737e+03 8.402968750000000000e+03 8.397105679404354305e+03
1.498866793656256050e+03 8.394233398437500000e+03 8.397091452309370652e+03
1.498887227979023010e+03 8.404254882812500000e+03 8.397077191121652504e+03
1.498907662402838469e+03 8.402811523437500000e+03 8.397062896242436182e+03
1.498928096926305443e+03 8.397964843750000000e+03 8.397048568283462373e+03
1.498948531250003725e+03 8.401316406250000000e+03 8.397034208066172141e+03
1.498968965673819184e+03 8.396485351562500000e+03 8.397019815991310679e+03
1.498989400098100305e+03 8.394964843750000000e+03 8.397005392740076786e+03
1.499009834522381425e+03 8.403053710937500000e+03 8.396990938924061993e+03
1.499030269047245383e+03 8.397717773437500000e+03 8.396976455083153269e+03
1.499050703371874988e+03 8.400336914062500000e+03 8.396961942042038572e+03
1.499071137797087431e+03 8.399549804687500000e+03 8.396947400198536343e+03
1.499091572322417051e+03 8.402403320312500000e+03 8.396932830163817925e+03
1.499112006647977978e+03 8.403501953125000000e+03 8.396918232763164269e+03
1.499132441073656082e+03 8.393288085937500000e+03 8.396903608393797185e+03
1.499152875599451363e+03 8.390775390625000000e+03 8.396888957666589704e+03
1.499173309925477952e+03 8.397819335937500000e+03 8.396874281407988747e+03
1.499193744451738894e+03 8.397627929687500000e+03 8.396859579941967240e+03
1.499214178878348321e+03 8.398943359375000000e+03 8.396844854095344999e+03
1.499234613205306232e+03 8.395027343750000000e+03 8.396830104479731745e+03
1.499255047732032835e+03 8.402003906250000000e+03 8.396815331490090102e+03
1.499275482159107924e+03 8.400061523437500000e+03 8.396800535953965664e+03
1.499295916586648673e+03 8.401512695312500000e+03 8.396785718410292247e+03
1.499316351014189422e+03 8.385237304687500000e+03 8.396770879470665022e+03
1.499336785442195833e+03 8.396169921875000000e+03 8.396756019745997037e+03
1.499357219869736582e+03 8.388620117187500000e+03 8.396741139848221792e+03
1.499377654398325831e+03 8.399583007812500000e+03 8.396726240314532333e+03
1.499398088726680726e+03 8.392280273437500000e+03 8.396711321975999454e+03
1.499418523255269974e+03 8.391804687500000000e+03 8.396696385151519280e+03
1.499438957684207708e+03 8.393489257812500000e+03 8.396681430671411363e+03
1.499459392013028264e+03 8.399577148437500000e+03 8.396666459147532805e+03
1.499479826542548835e+03 8.395777343750000000e+03 8.396651470970615264e+03
1.499500260971952230e+03 8.381366210937500000e+03 8.396636466972437120e+03
1.499520695301704109e+03 8.400544921875000000e+03 8.396621447764142431e+03
1.499541129831224680e+03 8.394958984375000000e+03 8.396606413736801187e+03
1.499561564261559397e+03 8.395775390625000000e+03 8.396591365721507827e+03
1.499581998691894114e+03 8.401668945312500000e+03 8.396576304256584990e+03
1.499602433122228831e+03 8.384015625000000000e+03 8.396561229953284055e+03
1.499622867452912033e+03 8.401972656250000000e+03 8.396546143496465447e+03
1.499643301983829588e+03 8.401625976562500000e+03 8.396531045275889483e+03
1.499663736415095627e+03 8.388739257812500000e+03 8.396515936124309519e+03
1.499704605278093368e+03 8.417850585937500000e+03 8.396485687251997660e+03
1.499725039709825069e+03 8.395492187500000000e+03 8.396470548753779440e+03
1.499745474141556770e+03 8.397878906250000000e+03 8.396455401695975524e+03
1.499765908574219793e+03 8.400027343750000000e+03 8.396440246689153355e+03
1.499786343006417155e+03 8.385351562500000000e+03 8.396425084345601135e+03
1.499806777539197356e+03 8.400827148437500000e+03 8.396409915201551485e+03
1.499827211871743202e+03 8.395108398437500000e+03 8.396394740091609492e+03
1.499847646304871887e+03 8.398883789062500000e+03 8.396379559403681924e+03
1.499868080838117748e+03 8.392694335937500000e+03 8.396364373749294828e+03
1.499888515271246433e+03 8.400333984375000000e+03 8.396349183888505650e+03
1.499908949605189264e+03 8.394306640625000000e+03 8.396333990431938219e+03
1.499929384138900787e+03 8.398420898437500000e+03 8.396318793768543401e+03
1.499949818572960794e+03 8.388622070312500000e+03 8.396303594732229612e+03
1.499970253007020801e+03 8.401003906250000000e+03 8.396288393860149881e+03
1.499990687441546470e+03 8.402052734375000000e+03 8.396273191763215436e+03
1.500011121876072139e+03 8.396958007812500000e+03 8.396257989053026904e+03
1.500031556311063468e+03 8.395549804687500000e+03 8.396242786340495513e+03
1.500051990746054798e+03 8.391907226562500000e+03 8.396227584237227347e+03
1.500072425181511790e+03 8.396975585937500000e+03 8.396212383354126359e+03
1.500092859717085958e+03 8.395319335937500000e+03 8.396197184228338301e+03
1.500113294052891433e+03 8.397894531250000000e+03 8.396181987694155396e+03
1.500133728588465601e+03 8.390548828125000000e+03 8.396166794065711656e+03
1.500154163024853915e+03 8.393371093750000000e+03 8.396151604176569890e+03
1.500174597361125052e+03 8.396543945312500000e+03 8.396136418638618125e+03
1.500195031897630543e+03 8.395720703125000000e+03 8.396121237839946843e+03
1.500215466334018856e+03 8.388894531250000000e+03 8.396106062614982875e+03
1.500235900671221316e+03 8.394809570312500000e+03 8.396090893574199072e+03
1.500256335208192468e+03 8.384695312500000000e+03 8.396075731106984676e+03
1.500276769545860589e+03 8.406065429687500000e+03 8.396060576120698897e+03
1.500297203983180225e+03 8.390823242187500000e+03 8.396045429004829202e+03
1.500317638521082699e+03 8.400081054687500000e+03 8.396030290370063085e+03
1.500338072858750820e+03 8.402159179687500000e+03 8.396015161050443567e+03
1.500358507397118956e+03 8.397138671875000000e+03 8.396000041360388423e+03
1.500378941835369915e+03 8.394417968750000000e+03 8.395984932133804250e+03
1.500399376173969358e+03 8.392881835937500000e+03 8.395969833981449483e+03
1.500419810712803155e+03 8.397423828125000000e+03 8.395954747293089895e+03
1.500440245151519775e+03 8.380974609375000000e+03 8.395939672901809899e+03
1.500460679590702057e+03 8.385871093750000000e+03 8.395924611344587902e+03
1.500481114030350000e+03 8.405324218750000000e+03 8.395909563232675282e+03
1.500501548469997942e+03 8.392354492187500000e+03 8.395894529177674485e+03
1.500521983009763062e+03 8.385637695312500000e+03 8.395879509717291512e+03
1.500542417349759489e+03 8.394797851562500000e+03 8.395864505683091920e+03
1.500562851789873093e+03 8.396530273437500000e+03 8.395849517466023826e+03
1.500583286330103874e+03 8.396556640625000000e+03 8.395834545677589631e+03
1.500603720770683140e+03 8.390906250000000000e+03 8.395819591075402059e+03
1.500624155111610889e+03 8.397523437500000000e+03 8.395804654270470564e+03
1.500644589652772993e+03 8.392707031250000000e+03 8.395789735654978358e+03
1.500665024093817919e+03 8.409466796875000000e+03 8.395774836059594236e+03
1.500685458435211331e+03 8.391686523437500000e+03 8.395759956094958397e+03
1.500705892976839095e+03 8.393291992187500000e+03 8.395745096154096245e+03
1.500726327418815345e+03 8.390852539062500000e+03 8.395730257066496051e+03
1.500746761960908771e+03 8.383825195312500000e+03 8.395715439298353886e+03
1.500767196302767843e+03 8.390078125000000000e+03 8.395700643678557753e+03
1.500787630745209754e+03 8.380518554687500000e+03 8.395685870600396811e+03
1.500808065288234502e+03 8.392776367187500000e+03 8.395671120675464408e+03
1.500828499631024897e+03 8.397757812500000000e+03 8.395656394731979162e+03
1.500848934073932469e+03 8.390932617187500000e+03 8.395641693164578101e+03
1.500869368616957217e+03 8.403531250000000000e+03 8.395627016584876401e+03
1.500889802960678935e+03 8.397413085937500000e+03 8.395612365818999024e+03
1.500910237504169345e+03 8.402096679687500000e+03 8.395597741192086687e+03
1.500930671847891062e+03 8.387987304687500000e+03 8.395583143601332267e+03
1.500951106292195618e+03 8.399455078125000000e+03 8.395568573443237256e+03
1.500971540836151689e+03 8.398490234375000000e+03 8.395554031330133512e+03
1.500991975180804729e+03 8.397365234375000000e+03 8.395539518085814052e+03
1.501012409625574946e+03 8.390364257812500000e+03 8.395525034108666659e+03
1.501032844170462340e+03 8.400167968750000000e+03 8.395510580010384729e+03
1.501053278515581042e+03 8.395447265625000000e+03 8.395496156614126448e+03
1.501073712960816920e+03 8.392590820312500000e+03 8.395481764319250942e+03
1.501094147506169975e+03 8.397232421875000000e+03 8.395467403737477071e+03
1.501114581951871514e+03 8.392591796875000000e+03 8.395453075620454911e+03
1.501135016397573054e+03 8.393123046875000000e+03 8.395438780509333810e+03
1.501155450843740255e+03 8.399578125000000000e+03 8.395424519015048645e+03
1.501175885289907455e+03 8.399636718750000000e+03 8.395410291749176395e+03
1.501196319736540318e+03 8.401826171875000000e+03 8.395396099322657392e+03
1.501216754183173180e+03 8.395781250000000000e+03 8.395381942347074073e+03
1.501237188629806042e+03 8.396152343750000000e+03 8.395367821433679637e+03
1.501257623177021742e+03 8.402375000000000000e+03 8.395353737124496547e+03
1.501278057524003088e+03 8.406278320312500000e+03 8.395339690237853574e+03
1.501298492071684450e+03 8.402249023437500000e+03 8.395325681109397919e+03
1.501318926519248635e+03 8.397703125000000000e+03 8.395311710556899925e+03
1.501339360867161304e+03 8.390942382812500000e+03 8.395297779190728761e+03
1.501359795415308326e+03 8.401973632812500000e+03 8.395283887417985170e+03
1.501380229863338172e+03 8.403625976562500000e+03 8.395270036054398588e+03
1.501400664211716503e+03 8.385216796875000000e+03 8.395256225710319995e+03
1.501421098760329187e+03 8.389122070312500000e+03 8.395242456794638201e+03
1.501441533209290355e+03 8.392213867187500000e+03 8.395228730120979890e+03
1.501461967558600008e+03 8.386176757812500000e+03 8.395215046299985261e+03
1.501482402107678354e+03 8.407432617187500000e+03 8.395201405742722272e+03
1.501502836557105184e+03 8.395692382812500000e+03 8.395187809260636641e+03
1.501523271106649190e+03 8.398092773437500000e+03 8.395174257332075285e+03
1.501543705456424505e+03 8.394916992187500000e+03 8.395160750766850470e+03
1.501564139806665480e+03 8.392672851562500000e+03 8.395147290043194516e+03
1.501584574357140809e+03 8.388869140625000000e+03 8.395133875641455234e+03
1.501605008807498962e+03 8.396365234375000000e+03 8.395120508370397147e+03
1.501625443257857114e+03 8.394249023437500000e+03 8.395107188775444229e+03
1.501645877708680928e+03 8.398462890625000000e+03 8.395093917467551364e+03
1.501666312159970403e+03 8.385083984375000000e+03 8.395080695057979028e+03
1.501686746710911393e+03 8.380565429687500000e+03 8.395067522094170272e+03
1.501707181062549353e+03 8.390043945312500000e+03 8.395054399379736424e+03
1.501727615514304489e+03 8.394451171875000000e+03 8.395041327333283334e+03
1.501748050066176802e+03 8.395546875000000000e+03 8.395028306566822721e+03
1.501768484517931938e+03 8.392331054687500000e+03 8.395015337819198976e+03
1.501788918870035559e+03 8.387347656250000000e+03 8.395002421700610284e+03
1.501809353422373533e+03 8.396334960937500000e+03 8.394989558633154957e+03
1.501829787875059992e+03 8.402110351562500000e+03 8.394976749417253814e+03
1.501850222328212112e+03 8.407228515625000000e+03 8.394963994601017475e+03
1.501870656780898571e+03 8.387413085937500000e+03 8.394951294796283037e+03
1.501891091234050691e+03 8.390546875000000000e+03 8.394938650613737991e+03
1.501911525787785649e+03 8.403301757812500000e+03 8.394926062603097307e+03
1.501931960141286254e+03 8.392974609375000000e+03 8.394913531560523552e+03
1.501952394594904035e+03 8.391348632812500000e+03 8.394901057912662509e+03
1.501972829149104655e+03 8.401538085937500000e+03 8.394888642271342178e+03
1.501993263503070921e+03 8.395083007812500000e+03 8.394876285430160351e+03
1.502013697957620025e+03 8.395501953125000000e+03 8.394863987818042006e+03
1.502034132512286305e+03 8.398519531250000000e+03 8.394851750047400856e+03
1.502054566866718233e+03 8.400453125000000000e+03 8.394839572908926129e+03
1.502075001421850175e+03 8.398983398437500000e+03 8.394827456774961320e+03
1.502095435876864940e+03 8.404359375000000000e+03 8.394815402435571741e+03
1.502115870232228190e+03 8.390838867187500000e+03 8.394803410500840982e+03
1.502136304787825793e+03 8.395774414062500000e+03 8.394791481406495222e+03
1.502156739243771881e+03 8.398318359375000000e+03 8.394779615939323776e+03
1.502177173599600792e+03 8.403764648437500000e+03 8.394767814709921367e+03
1.502197608155664057e+03 8.386768554687500000e+03 8.394756078156562580e+03
1.502218042511958629e+03 8.398763671875000000e+03 8.394744407120242613e+03
1.502238477068487555e+03 8.401936523437500000e+03 8.394732801983765967e+03
1.502258911525364965e+03 8.392379882812500000e+03 8.394721263529192584e+03
1.502279345882125199e+03 8.381718750000000000e+03 8.394709792367058981e+03
1.502299780439585447e+03 8.394254882812500000e+03 8.394698388940254517e+03
1.502320214896462858e+03 8.389885742187500000e+03 8.394687054028672719e+03
1.502340649354271591e+03 8.396320312500000000e+03 8.394675788186754289e+03
1.502361083812080324e+03 8.385567382812500000e+03 8.394664592026281753e+03
1.502381518269889057e+03 8.397760742187500000e+03 8.394653466158510128e+03
1.502401952727697790e+03 8.390141601562500000e+03 8.394642411194699889e+03
1.502422387185972184e+03 8.394145507812500000e+03 8.394631427745860492e+03
1.502442821644712240e+03 8.401788085937500000e+03 8.394620516423252411e+03
1.502463256203103811e+03 8.392521484375000000e+03 8.394609677785711028e+03
1.502483690662309527e+03 8.402000976562500000e+03 8.394598912549965462e+03
1.502504125021398067e+03 8.398089843750000000e+03 8.394588221326681378e+03
1.502524559580255300e+03 8.397067382812500000e+03 8.394577604570768017e+03
1.502544994039926678e+03 8.397216796875000000e+03 8.394567063049353237e+03
1.502565428399480879e+03 8.397415039062500000e+03 8.394556597373077238e+03
1.502585862959269434e+03 8.390013671875000000e+03 8.394546207999923354e+03
1.502606297419406474e+03 8.397170898437500000e+03 8.394535895694185456e+03
1.502626731979660690e+03 8.387026367187500000e+03 8.394525660966322903e+03
1.502647166340146214e+03 8.395173828125000000e+03 8.394515504577217143e+03
1.502688035361468792e+03 8.399068359375000000e+03 8.394495428812606406e+03
1.502708469722419977e+03 8.395803710937500000e+03 8.394485510806927778e+03
1.502728904183488339e+03 8.387353515625000000e+03 8.394475673436583747e+03
1.502749338744673878e+03 8.397392578125000000e+03 8.394465917314024409e+03
1.502769773106556386e+03 8.392787109375000000e+03 8.394456243192867987e+03
1.502790207568090409e+03 8.391069335937500000e+03 8.394446651542240943e+03
1.502810642130207270e+03 8.406679687500000000e+03 8.394437142974176822e+03
1.502831076492089778e+03 8.396343750000000000e+03 8.394427718239305250e+03
1.502851511054672301e+03 8.393666992187500000e+03 8.394418377763970057e+03
1.502871945417020470e+03 8.389690429687500000e+03 8.394409122342694900e+03
1.502892379879951477e+03 8.396414062500000000e+03 8.394399952449861303e+03
1.502912814442534000e+03 8.398815429687500000e+03 8.394390868698412305e+03
1.502933248805813491e+03 8.405350585937500000e+03 8.394381871831865283e+03
1.502953683268744498e+03 8.402163085937500000e+03 8.394372962329221991e+03
1.502974117832258344e+03 8.393413085937500000e+03 8.394364140802617840e+03
1.502994552296120673e+03 8.396112304687500000e+03 8.394355407949766231e+03
1.503014986759983003e+03 8.391376953125000000e+03 8.394346764338692083e+03
1.503035421223845333e+03 8.385250976562500000e+03 8.394338210580650411e+03
1.503055855688173324e+03 8.394339843750000000e+03 8.394329747286708880e+03
1.503076290152501315e+03 8.404877929687500000e+03 8.394321375068329871e+03
1.503096724617294967e+03 8.397845703125000000e+03 8.394313094536575591e+03
1.503117159082088619e+03 8.391666015625000000e+03 8.394304906302899326e+03
1.503137593646999449e+03 8.393648437500000000e+03 8.394296810939127681e+03
1.503158028012141585e+03 8.391158203125000000e+03 8.394288809174639027e+03
1.503178462577518076e+03 8.384487304687500000e+03 8.394280901464066119e+03
1.503198897043243051e+03 8.396548828125000000e+03 8.394273088535413990e+03
1.503219331408850849e+03 8.395301757812500000e+03 8.394265370998726212e+03
1.503239765974693000e+03 8.394954101562500000e+03 8.394257749352527753e+03
1.503260200440883636e+03 8.391866210937500000e+03 8.394250224320638154e+03
1.503280634807422757e+03 8.387141601562500000e+03 8.394242796512906352e+03
1.503301069373730570e+03 8.394125000000000000e+03 8.394235466432462999e+03
1.503321503840386868e+03 8.394496093750000000e+03 8.394228234798694757e+03
1.503341938207391649e+03 8.389853515625000000e+03 8.394221102221417823e+03
1.503362372774630785e+03 8.394895507812500000e+03 8.394214069207951979e+03
1.503382807241752744e+03 8.393391601562500000e+03 8.394207136473660285e+03
1.503403241709340364e+03 8.396862304687500000e+03 8.394200304594945919e+03
1.503423676176927984e+03 8.389923828125000000e+03 8.394193574159191485e+03
1.503444110644515604e+03 8.388160156250000000e+03 8.394186945197136083e+03
1.503464545112568885e+03 8.389910156250000000e+03 8.394180417180912627e+03
1.503484979581087828e+03 8.401550781250000000e+03 8.394173989558363246e+03
1.503505414049141109e+03 8.387780273437500000e+03 8.394167661777613830e+03
1.503525848517660052e+03 8.391544921875000000e+03 8.394161433286219108e+03
1.503546282986644655e+03 8.393250000000000000e+03 8.394155303532021208e+03
1.503566717555746436e+03 8.384830078125000000e+03 8.394149271933682030e+03
1.503587151924613863e+03 8.392579101562500000e+03 8.394143338026980928e+03
1.503607586394064128e+03 8.389825195312500000e+03 8.394137501171684562e+03
1.503628020963631570e+03 8.398079101562500000e+03 8.394131760817188479e+03
1.503648455433081836e+03 8.395040039062500000e+03 8.394126116467579777e+03
1.503668889803346246e+03 8.394350585937500000e+03 8.394120567569032573e+03
1.503689324373379350e+03 8.399734375000000000e+03 8.394115113488904171e+03
1.503709758843295276e+03 8.394081054687500000e+03 8.394109753755768907e+03
1.503730193214025348e+03 8.391358398437500000e+03 8.394104487815842731e+03
1.503750627784524113e+03 8.388535156250000000e+03 8.394099315040612055e+03
1.503771062255371362e+03 8.388999023437500000e+03 8.394094234954387503e+03
1.503791496826335788e+03 8.389198242187500000e+03 8.394089246955345516e+03
1.503811931197531521e+03 8.396810546875000000e+03 8.394084350563847693e+03
1.503832365668844432e+03 8.390632812500000000e+03 8.394079545155207597e+03
1.503852800240740180e+03 8.392067382812500000e+03 8.394074830178489719e+03
1.503873234612401575e+03 8.389566406250000000e+03 8.394070205150277616e+03
1.503893669084180146e+03 8.392800781250000000e+03 8.394065669449768393e+03
1.503914103656541556e+03 8.384897460937500000e+03 8.394061222526011989e+03
1.503934538028668612e+03 8.400120117187500000e+03 8.394056863891659304e+03
1.503954972601030022e+03 8.395454101562500000e+03 8.394052592909118175e+03
1.503975407073739916e+03 8.394765625000000000e+03 8.394048409089555207e+03
1.503995841446798295e+03 8.400353515625000000e+03 8.394044311879535599e+03
1.504016276019625366e+03 8.393313476562500000e+03 8.394040300667495103e+03
1.504036710493266582e+03 8.398396484375000000e+03 8.394036374960582179e+03
1.504057144866324961e+03 8.396900390625000000e+03 8.394032534205656702e+03
1.504077579440083355e+03 8.396875000000000000e+03 8.394028777794546841e+03
1.504098013913724571e+03 8.389455078125000000e+03 8.394025105231008638e+03
1.504118448287714273e+03 8.389813476562500000e+03 8.394021515961572732e+03
1.504138882861938328e+03 8.394135742187500000e+03 8.394018009382007222e+03
1.504159317336510867e+03 8.400233398437500000e+03 8.394014584992222808e+03
1.504179751811083406e+03 8.388137695312500000e+03 8.394011242222753935e+03
1.504200186285655946e+03 8.400779296875000000e+03 8.394007980521433637e+03
1.504220620760694146e+03 8.389900390625000000e+03 8.394004799336031283e+03
1.504241055235732347e+03 8.388238281250000000e+03 8.394001698114454484e+03
1.504261489710770547e+03 8.393317382812500000e+03 8.393998676304543551e+03
1.504281924186274409e+03 8.398418945312500000e+03 8.393995733354066033e+03
1.504302358662243932e+03 8.401254882812500000e+03 8.393992868710862240e+03
1.504322793137747794e+03 8.395717773437500000e+03 8.393990081822899811e+03
1.504343227713834494e+03 8.384781250000000000e+03 8.393987372124804097e+03
1.504363662190269679e+03 8.389442382812500000e+03 8.393984739090959920e+03
1.504384096566587687e+03 8.400425781250000000e+03 8.393982182168147119e+03
1.504404531143140048e+03 8.395166992187500000e+03 8.393979700767173199e+03
1.504424965619575232e+03 8.390557617187500000e+03 8.393977294372903998e+03
1.504445399996824563e+03 8.389934570312500000e+03 8.393974962431973836e+03
1.504465834573842585e+03 8.393504882812500000e+03 8.393972704358642659e+03
1.504486269051209092e+03 8.392765625000000000e+03 8.393970519634380253e+03
1.504506703428458422e+03 8.387949218750000000e+03 8.393968407706001017e+03
1.504527138006407768e+03 8.399712890625000000e+03 8.393966367990782601e+03
1.504547572484239936e+03 8.394218750000000000e+03 8.393964399967122517e+03
1.504568007062189281e+03 8.396069335937500000e+03 8.393962503063565237e+03
1.504588441440369934e+03 8.387486328125000000e+03 8.393960676755268651e+03
1.504608875918667763e+03 8.408455078125000000e+03 8.393958920462748210e+03
1.504629310497082770e+03 8.394067382812500000e+03 8.393957233634868317e+03
1.504649744875729084e+03 8.395031250000000000e+03 8.393955615743714588e+03
1.504670179354958236e+03 8.398639648437500000e+03 8.393954066212842008e+03
1.504690613933838904e+03 8.398959960937500000e+03 8.393952584491153175e+03
1.504711048313416541e+03 8.404046875000000000e+03 8.393951170047674168e+03
1.504731482892762870e+03 8.398978515625000000e+03 8.393949822302613029e+03
1.504751917372457683e+03 8.399689453125000000e+03 8.393948540724044506e+03
1.504772351752035320e+03 8.389875000000000000e+03 8.393947324758864852e+03
1.504792786332312971e+03 8.402341796875000000e+03 8.393946173837493916e+03
1.504813220812473446e+03 8.400571289062500000e+03 8.393945087425188831e+03
1.504833655192982405e+03 8.396189453125000000e+03 8.393944064968820385e+03
1.504854089773260057e+03 8.393475585937500000e+03 8.393943105901704257e+03
1.504874524254351854e+03 8.394073242187500000e+03 8.393942209686178103e+03
1.504894958634860814e+03 8.396312500000000000e+03 8.393941375769221850e+03
1.504915393216069788e+03 8.389670898437500000e+03 8.393940603586828729e+03
1.504935827697627246e+03 8.388776367187500000e+03 8.393939892598644292e+03
1.504956262278836221e+03 8.388962890625000000e+03 8.393939242245560308e+03
1.504976696660742164e+03 8.389542968750000000e+03 8.393938651984490207e+03
1.504997131142299622e+03 8.384132812500000000e+03 8.393938121254190264e+03
1.505017565724439919e+03 8.398490234375000000e+03 8.393937649503348439e+03
1.505038000106811523e+03 8.386022460937500000e+03 8.393937236186304290e+03
1.505058434588834643e+03 8.389141601562500000e+03 8.393936880744411610e+03
1.505078869171440601e+03 8.400210937500000000e+03 8.393936582626332893e+03
1.505099303554277867e+03 8.387715820312500000e+03 8.393936341283877482e+03
1.505119738137349486e+03 8.394477539062500000e+03 8.393936156160149039e+03
1.505140172620303929e+03 8.398789062500000000e+03 8.393936026706116536e+03
1.505160607003606856e+03 8.401952148437500000e+03 8.393935952368803555e+03
1.505181041587144136e+03 8.395221679687500000e+03 8.393935932595355553e+03
1.505201476070564240e+03 8.386130859375000000e+03 8.393935966834300416e+03
1.505221910454332829e+03 8.399523437500000000e+03 8.393936054532687194e+03
1.505242345038335770e+03 8.395128906250000000e+03 8.393936195140027849e+03
1.505262779522221535e+03 8.395635742187500000e+03 8.393936388102480123e+03
1.505283214006572962e+03 8.395793945312500000e+03 8.393936632868446395e+03
1.505303648491390049e+03 8.397162109375000000e+03 8.393936928885763336e+03
1.505324082976207137e+03 8.402343750000000000e+03 8.393937275602265800e+03
1.505344517461024225e+03 8.409840820312500000e+03 8.393937672465781361e+03
1.505364951945841312e+03 8.393914062500000000e+03 8.393938118924153969e+03
1.505385386431124061e+03 8.393109375000000000e+03 8.393938614425227570e+03
1.505405820916406810e+03 8.395421875000000000e+03 8.393939158416829741e+03
1.505426255402155221e+03 8.395407226562500000e+03 8.393939750346802612e+03
1.505446689887903631e+03 8.396096679687500000e+03 8.393940389662979214e+03
1.505467124373652041e+03 8.395362304687500000e+03 8.393941075813188945e+03
1.505487558859866112e+03 8.391480468750000000e+03 8.393941808245286666e+03
1.505507993446197361e+03 8.392697265625000000e+03 8.393942586411018056e+03
1.505528427932877094e+03 8.390855468750000000e+03 8.393943409750605497e+03
1.505548862319439650e+03 8.390811523437500000e+03 8.393944277711210816e+03
1.505569296906236559e+03 8.390030273437500000e+03 8.393945189753751038e+03
1.505589731393381953e+03 8.400837890625000000e+03 8.393946145313002489e+03
1.505610165780410171e+03 8.395659179687500000e+03 8.393947143836143368e+03
1.505630600367672741e+03 8.393321289062500000e+03 8.393948184785997000e+03
1.505671469242777675e+03 8.393406250000000000e+03 8.393950391711659904e+03
1.505691903830971569e+03 8.395246093750000000e+03 8.393951556599356991e+03
1.505712338319048285e+03 8.394781250000000000e+03 8.393952761689512045e+03
1.505732772907242179e+03 8.398431640625000000e+03 8.393954006441761521e+03
1.505753207295667380e+03 8.396255859375000000e+03 8.393955290285388401e+03
1.505773641784209758e+03 8.395604492187500000e+03 8.393956612686783046e+03
1.505794076372869313e+03 8.394443359375000000e+03 8.393957973094344197e+03
1.505814510761760175e+03 8.398963867187500000e+03 8.393959370935663173e+03
1.505834945250768214e+03 8.404697265625000000e+03 8.393960805678823817e+03
1.505855379840359092e+03 8.384747070312500000e+03 8.393962276772228506e+03
1.505875814229715616e+03 8.386057617187500000e+03 8.393963783641793270e+03
1.505896248819306493e+03 8.393477539062500000e+03 8.393965325764882436e+03
1.505916683309245855e+03 8.398422851562500000e+03 8.393966902566957287e+03
1.505937117699068040e+03 8.406074218750000000e+03 8.393968513495314255e+03
1.505957552289124578e+03 8.391903320312500000e+03 8.393970158021713360e+03
1.505977986779529601e+03 8.393359375000000000e+03 8.393971835570100666e+03
1.505998421269934624e+03 8.395233398437500000e+03 8.393973545596250915e+03
1.506018855760805309e+03 8.400245117187500000e+03 8.393975287548040797e+03
1.506039290251675993e+03 8.395471679687500000e+03 8.393977060873265145e+03
1.506059724642429501e+03 8.403036132812500000e+03 8.393978865010843947e+03
1.506080159233883023e+03 8.385005859375000000e+03 8.393980699435396673e+03
1.506100593725219369e+03 8.395059570312500000e+03 8.393982563567977195e+03
1.506121028216555715e+03 8.393705078125000000e+03 8.393984456865335233e+03
1.506141462708357722e+03 8.396634765625000000e+03 8.393986378775343837e+03
1.506161897200625390e+03 8.397882812500000000e+03 8.393988328745846957e+03
1.506182331792544574e+03 8.399681640625000000e+03 8.393990306234340096e+03
1.506202766184695065e+03 8.392481445312500000e+03 8.393992310659490613e+03
1.506223200676962733e+03 8.382632812500000000e+03 8.393994341498342692e+03
1.506243635269813240e+03 8.389422851562500000e+03 8.393996398199173200e+03
1.506264069662429392e+03 8.384690429687500000e+03 8.393998480179347098e+03
1.506284504255279899e+03 8.385121093750000000e+03 8.394000586927500990e+03
1.506304938748478889e+03 8.392507812500000000e+03 8.394002717860730627e+03
1.506325373142026365e+03 8.406225585937500000e+03 8.394004872426523434e+03
1.506345807735342532e+03 8.393080078125000000e+03 8.394007050104455629e+03
1.506366242229007185e+03 8.385194335937500000e+03 8.394009250310620700e+03
1.506386676623020321e+03 8.397049804687500000e+03 8.394011472492527901e+03
1.506407111216802150e+03 8.389784179687500000e+03 8.394013716130732064e+03
1.506427545710932463e+03 8.393750000000000000e+03 8.394015980640349881e+03
1.506447980105411261e+03 8.396034179687500000e+03 8.394018265468912432e+03
1.506468414699658751e+03 8.398357421875000000e+03 8.394020570097880409e+03
1.506488849194254726e+03 8.394210937500000000e+03 8.394022893941466464e+03
1.506509283789433539e+03 8.396043945312500000e+03 8.394025236470268283e+03
1.506529718184377998e+03 8.394375000000000000e+03 8.394027597097505350e+03
1.506550152679439634e+03 8.390622070312500000e+03 8.394029975305573316e+03
1.506570587274618447e+03 8.401011718750000000e+03 8.394032370542567151e+03
1.506591021670494229e+03 8.392579101562500000e+03 8.394034782221098794e+03
1.506611456166021526e+03 8.400758789062500000e+03 8.394037209824167803e+03
1.506631890762131661e+03 8.390461914062500000e+03 8.394039652799951000e+03
1.506652325258124620e+03 8.389556640625000000e+03 8.394042110572285310e+03
1.506672759754117578e+03 8.393315429687500000e+03 8.394044582600938156e+03
1.506693194250576198e+03 8.398572265625000000e+03 8.394047068333798961e+03
1.506713628646917641e+03 8.392374023437500000e+03 8.394049567206377105e+03
1.506734063243959099e+03 8.395968750000000000e+03 8.394052078703380175e+03
1.506754497740883380e+03 8.395108398437500000e+03 8.394054602235768471e+03
1.506774932137690485e+03 8.388912109375000000e+03 8.394057137251200402e+03
1.506795366735197604e+03 8.392223632812500000e+03 8.394059683234912882e+03
1.506815801232587546e+03 8.396560546875000000e+03 8.394062239597336884e+03
1.506836235629860312e+03 8.396800781250000000e+03 8.394064805786165380e+03
1.506856670227833092e+03 8.398695312500000000e+03 8.394067381287071839e+03
1.506877104725688696e+03 8.393018554687500000e+03 8.394069965510048860e+03
1.506897539323661476e+03 8.399181640625000000e+03 8.394072557928246169e+03
1.506917973721865565e+03 8.403461914062500000e+03 8.394075157951394431e+03
1.506938408220652491e+03 8.397777343750000000e+03 8.394077765065490894e+03
1.506958842819090933e+03 8.392873046875000000e+03 8.394080378718352222e+03
1.506979277217760682e+03 8.401414062500000000e+03 8.394082998319470789e+03
1.506999711717013270e+03 8.388112304687500000e+03 8.394085623355142161e+03
1.507020146315917373e+03 8.399474609375000000e+03 8.394088253273155715e+03
1.507040580715052783e+03 8.394162109375000000e+03 8.394090887482778271e+03
1.507061015314422548e+03 8.385629882812500000e+03 8.394093525483403937e+03
1.507081449814140797e+03 8.380639648437500000e+03 8.394096166684183117e+03
1.507101884214207530e+03 8.391938476562500000e+03 8.394098810532901553e+03
1.507122318814042956e+03 8.394569335937500000e+03 8.394101456516156759e+03
1.507142753314226866e+03 8.391892578125000000e+03 8.394104104043020925e+03
1.507163187814410776e+03 8.393383789062500000e+03 8.394106752574229176e+03
1.507183622314594686e+03 8.386753906250000000e+03 8.394109401557616366e+03
1.507204056815244257e+03 8.390741210937500000e+03 8.394112050441075553e+03
1.507224491316359490e+03 8.396910156250000000e+03 8.394114698672441591e+03
1.507244925817009062e+03 8.399268554687500000e+03 8.394117345699427460e+03
1.507265360318124294e+03 8.390667968750000000e+03 8.394119990969991704e+03
1.507285794819705188e+03 8.398552734375000000e+03 8.394122633931963719e+03
1.507306229420937598e+03 8.398073242187500000e+03 8.394125274045985861e+03
1.507326663822401315e+03 8.402306640625000000e+03 8.394127910721232183e+03
1.507347098324447870e+03 8.402073242187500000e+03 8.394130543444314753e+03
1.507367532826494426e+03 8.393880859375000000e+03 8.394133171650082659e+03
1.507387967328540981e+03 8.393769531250000000e+03 8.394135794786372571e+03
1.507408401930704713e+03 8.400318359375000000e+03 8.394138412313823210e+03
1.507428836333099753e+03 8.387118164062500000e+03 8.394141023641901484e+03
1.507449270935729146e+03 8.390736328125000000e+03 8.394143628269554029e+03
1.507469705438707024e+03 8.396990234375000000e+03 8.394146225606342341e+03
1.507490139841567725e+03 8.401865234375000000e+03 8.394148815100148568e+03
1.507510574444662780e+03 8.393062500000000000e+03 8.394151396236809887e+03
1.507531008948106319e+03 8.396565429687500000e+03 8.394153968426215215e+03
1.507551443351432681e+03 8.394707031250000000e+03 8.394156531116277620e+03
1.507571877954993397e+03 8.388523437500000000e+03 8.394159083792425008e+03
1.507592312458902597e+03 8.390981445312500000e+03 8.394161625864951930e+03
1.507612747062928975e+03 8.391991210937500000e+03 8.394164156806542451e+03
1.507633181467186660e+03 8.391097656250000000e+03 8.394166676027967696e+03
1.507653615971095860e+03 8.399786132812500000e+03 8.394169183014066220e+03
1.507674050575587898e+03 8.405271484375000000e+03 8.394171677212598297e+03
1.507694484980311245e+03 8.386694335937500000e+03 8.394174158034837092e+03
1.507714919485151768e+03 8.398043945312500000e+03 8.394176624965120936e+03
1.507735354090109468e+03 8.385965820312500000e+03 8.394179077451073681e+03
1.507755788495298475e+03 8.398583984375000000e+03 8.394181514904648793e+03
1.507776223000604659e+03 8.394938476562500000e+03 8.394183936809560691e+03
1.507796657606028020e+03 8.398580078125000000e+03 8.394186342613411398e+03
1.507817092111799866e+03 8.388714843750000000e+03 8.394188731740514413e+03
1.507837526617571712e+03 8.399036132812500000e+03 8.394191103650473451e+03
1.507857961123343557e+03 8.386370117187500000e+03 8.394193457791119727e+03
1.507878395629581064e+03 8.387036132812500000e+03 8.394195793610344481e+03
1.507898830135818571e+03 8.395582031250000000e+03 8.394198110555926178e+03
1.507919264642056078e+03 8.390704101562500000e+03 8.394200408075696032e+03
1.507939699148759246e+03 8.395131835937500000e+03 8.394202685617543466e+03
1.507960133655462414e+03 8.400026367187500000e+03 8.394204942629246943e+03
1.507980568162631243e+03 8.388435546875000000e+03 8.394207178558692249e+03
1.508001002669334412e+03 8.389032226562500000e+03 8.394209392853608733e+03
1.508021437176503241e+03 8.389618164062500000e+03 8.394211584961936751e+03
1.508041871684137732e+03 8.379138671875000000e+03 8.394213754331500240e+03
1.508062306291889399e+03 8.387418945312500000e+03 8.394215900420545950e+03
1.508082740699406713e+03 8.392480468750000000e+03 8.394218022645532983e+03
1.508103175207506865e+03 8.389602539062500000e+03 8.394220120485715597e+03
1.508123609815258533e+03 8.390763671875000000e+03 8.394222193388468440e+03
1.508144044223707169e+03 8.395680664062500000e+03 8.394224240771482073e+03
1.508164478732272983e+03 8.395184570312500000e+03 8.394226262112779295e+03
1.508184913340490311e+03 8.400978515625000000e+03 8.394228256859760222e+03
1.508205347749404609e+03 8.397226562500000000e+03 8.394230224431277747e+03
1.508225782358087599e+03 8.391475585937500000e+03 8.394232164313576504e+03
1.508246216867119074e+03 8.390591796875000000e+03 8.394234075925867728e+03
1.508266651276499033e+03 8.391666015625000000e+03 8.394235958716401001e+03
1.508287085885647684e+03 8.391060546875000000e+03 8.394237812160383328e+03
1.508307520395610482e+03 8.376366210937500000e+03 8.394239635678313789e+03
1.508327954804990441e+03 8.396936523437500000e+03 8.394241428718343741e+03
1.508348389415070415e+03 8.387612304687500000e+03 8.394243190754517855e+03
1.508368823925033212e+03 8.395132812500000000e+03 8.394244921208499363e+03
1.508389258535113186e+03 8.387000000000000000e+03 8.394246619545074282e+03
1.508409692945424467e+03 8.389268554687500000e+03 8.394248285187386500e+03
1.508430127455852926e+03 8.380841796875000000e+03 8.394249917607956377e+03
1.508450562066864222e+03 8.398401367187500000e+03 8.394251516254160379e+03
1.508470996577292681e+03 8.388615234375000000e+03 8.394253080558091824e+03
1.508491430988535285e+03 8.410878906250000000e+03 8.394254609968196746e+03
1.508511865599546582e+03 8.396747070312500000e+03 8.394256103954427090e+03
1.508532300110906363e+03 8.388470703125000000e+03 8.394257561942460597e+03
1.508552734522148967e+03 8.396612304687500000e+03 8.394258983380632344e+03
1.508573169134091586e+03 8.389808593750000000e+03 8.394260367737424531e+03
1.508593603645917028e+03 8.380599609375000000e+03 8.394261714440017386e+03
1.508614038157742471e+03 8.400006835937500000e+03 8.394263022943119722e+03
1.508654907082207501e+03 8.396953125000000000e+03 8.394265523136304182e+03
1.508675341694615781e+03 8.391869140625000000e+03 8.394266713733884899e+03
1.508695776206906885e+03 8.387522460937500000e+03 8.394267863917375507e+03
1.508716210620012134e+03 8.402420898437500000e+03 8.394268973135254782e+03
1.508736645232886076e+03 8.396839843750000000e+03 8.394270040851279191e+03
1.508757079745642841e+03 8.389344726562500000e+03 8.394271066497305583e+03
1.508777514358982444e+03 8.397850585937500000e+03 8.394272049531238736e+03
1.508797948772553355e+03 8.403912109375000000e+03 8.394272989386769041e+03
1.508818383286241442e+03 8.391291015625000000e+03 8.394273885525843070e+03
1.508838817899581045e+03 8.399871093750000000e+03 8.394274737395629927e+03
1.508859252313617617e+03 8.394002929687500000e+03 8.394275544431824528e+03
1.508879686827771366e+03 8.390781250000000000e+03 8.394276306094416213e+03
1.508900121441576630e+03 8.398499023437500000e+03 8.394277021830544982e+03
1.508920555856078863e+03 8.394615234375000000e+03 8.394277691077917552e+03
1.508940990370698273e+03 8.390508789062500000e+03 8.394278313294507825e+03
1.508961424985434860e+03 8.398720703125000000e+03 8.394278887927455798e+03
1.508981859399937093e+03 8.401183593750000000e+03 8.394279414416503641e+03
1.509002294015139341e+03 8.396475585937500000e+03 8.394279892219805333e+03
1.509022728530224413e+03 8.385210937500000000e+03 8.394280320777801535e+03
1.509043163045309484e+03 8.395320312500000000e+03 8.394280699540788191e+03
1.509063597560860217e+03 8.388597656250000000e+03 8.394281027956600155e+03
1.509084032076410949e+03 8.388329101562500000e+03 8.394281305473061366e+03
1.509104466592427343e+03 8.390201171875000000e+03 8.394281531538012132e+03
1.509124901108443737e+03 8.381739257812500000e+03 8.394281705599278212e+03
1.509145335624460131e+03 8.392493164062500000e+03 8.394281827104692638e+03
1.509165770140476525e+03 8.404326171875000000e+03 8.394281895502084808e+03
1.509186204757075757e+03 8.391644531250000000e+03 8.394281910239233184e+03
1.509206639173440635e+03 8.387498046875000000e+03 8.394281870764145424e+03
1.509227073790039867e+03 8.391862304687500000e+03 8.394281776523876033e+03
1.509247508306987584e+03 8.394613281250000000e+03 8.394281626967236662e+03
1.509267942724283785e+03 8.393799804687500000e+03 8.394281421542875250e+03
1.509288377341348678e+03 8.394210937500000000e+03 8.394281159695199676e+03
1.509308811758644879e+03 8.398250000000000000e+03 8.394280840877165247e+03
1.509329246276058257e+03 8.387709960937500000e+03 8.394280464532344922e+03
1.509349680893588811e+03 8.389531250000000000e+03 8.394280030107722268e+03
1.509370115311350673e+03 8.394511718750000000e+03 8.394279537057933339e+03
1.509390549929346889e+03 8.395713867187500000e+03 8.394278984821150516e+03
1.509410984447691590e+03 8.393716796875000000e+03 8.394278372852877510e+03
1.509431418865919113e+03 8.397856445312500000e+03 8.394277700601838660e+03
1.509451853484380990e+03 8.398209960937500000e+03 8.394276967505538778e+03
1.509472288002725691e+03 8.394413085937500000e+03 8.394276173022139119e+03
1.509492722421884537e+03 8.382855468750000000e+03 8.394275316600338556e+03
1.509513157040812075e+03 8.392473632812500000e+03 8.394274397674980719e+03
1.509533591559622437e+03 8.400845703125000000e+03 8.394273415706922606e+03
1.509554026078898460e+03 8.390083007812500000e+03 8.394272370139624400e+03
1.509574460598174483e+03 8.385234375000000000e+03 8.394271260420944600e+03
1.509594895117450505e+03 8.400794921875000000e+03 8.394270085998708964e+03
1.509615329737309366e+03 8.390096679687500000e+03 8.394268846314493203e+03
1.509635764157399535e+03 8.386458984375000000e+03 8.394267540834824104e+03
1.509656198677141219e+03 8.391958984375000000e+03 8.394266168988895515e+03
1.509676633297465742e+03 8.384191406250000000e+03 8.394264730223490915e+03
1.509697067817673087e+03 8.379348632812500000e+03 8.394263224000575065e+03
1.509717502238228917e+03 8.394586914062500000e+03 8.394261649768939606e+03
1.509737936858553439e+03 8.392108398437500000e+03 8.394260006952845288e+03
1.509758371379226446e+03 8.398880859375000000e+03 8.394258295023693790e+03
1.509778805900365114e+03 8.403433593750000000e+03 8.394256513421427371e+03
1.509799240421503782e+03 8.393398437500000000e+03 8.394254661593919081e+03
1.509819674942642450e+03 8.392721679687500000e+03 8.394252738989005593e+03
1.509840109563898295e+03 8.401803710937500000e+03 8.394250745044568248e+03
1.509860543985385448e+03 8.397541015625000000e+03 8.394248679238229670e+03
1.509880978506989777e+03 8.395454101562500000e+03 8.394246540988035122e+03
1.509901413129176944e+03 8.386895507812500000e+03 8.394244329740691683e+03
1.509921847551129758e+03 8.393995117187500000e+03 8.394242044977123442e+03
1.509942282073199749e+03 8.396026367187500000e+03 8.394239686112119671e+03
1.509962716595269740e+03 8.398430664062500000e+03 8.394237252604529203e+03
1.509983151117805392e+03 8.397714843750000000e+03 8.394234743902125047e+03
1.510003585740458220e+03 8.389833984375000000e+03 8.394232159439947281e+03
1.510024020162876695e+03 8.387777343750000000e+03 8.394229498704369689e+03
1.510044454685878009e+03 8.390327148437500000e+03 8.394226761104622710e+03
1.510064889308996499e+03 8.395950195312500000e+03 8.394223946087457080e+03
1.510085323732346296e+03 8.395659179687500000e+03 8.394221053142591700e+03
1.510105758255813271e+03 8.399087890625000000e+03 8.394218081675971916e+03
1.510126192878931761e+03 8.395461914062500000e+03 8.394215031134343008e+03
1.510146627302747220e+03 8.391375000000000000e+03 8.394211901010747169e+03
1.510167061926797032e+03 8.403940429687500000e+03 8.394208690691804804e+03
1.510187496450729668e+03 8.391205078125000000e+03 8.394205399671947816e+03
1.510207930874545127e+03 8.390316406250000000e+03 8.394202027400197039e+03
1.510228365499060601e+03 8.389671875000000000e+03 8.394198573274137743e+03
1.510248800023458898e+03 8.400172851562500000e+03 8.394195036791843449e+03
1.510269234547857195e+03 8.398954101562500000e+03 8.394191417384428860e+03
1.510289669072721153e+03 8.394368164062500000e+03 8.394187714499636058e+03
1.510310103597585112e+03 8.391497070312500000e+03 8.394183927585379934e+03
1.510330538122449070e+03 8.396090820312500000e+03 8.394180056089497157e+03
1.510350972747895867e+03 8.393317382812500000e+03 8.394176099440128382e+03
1.510371407173108310e+03 8.397341796875000000e+03 8.394172057143980055e+03
1.510391841798555106e+03 8.387639648437500000e+03 8.394167928569659125e+03
1.510412276323884726e+03 8.401385742187500000e+03 8.394163713225043466e+03
1.510432710750028491e+03 8.397239257812500000e+03 8.394159410559052048e+03
1.510453145375940949e+03 8.390009765625000000e+03 8.394155019955918760e+03
1.510473579901736230e+03 8.404001953125000000e+03 8.394150540927264956e+03
1.510494014327879995e+03 8.392247070312500000e+03 8.394145972922122382e+03
1.510514448954258114e+03 8.390481445312500000e+03 8.394141315320624926e+03
1.510534883480984718e+03 8.394747070312500000e+03 8.394136567638295674e+03
1.510555318007711321e+03 8.401924804687500000e+03 8.394131729300470397e+03
1.510575752534437925e+03 8.388133789062500000e+03 8.394126799754980311e+03
1.510596186961513013e+03 8.401996093750000000e+03 8.394121778474373059e+03
1.510616621588822454e+03 8.391260742187500000e+03 8.394116664832106835e+03
1.510637056116014719e+03 8.395174804687500000e+03 8.394111458350496832e+03
1.510657490543089807e+03 8.396147460937500000e+03 8.394106158478742145e+03
1.510677925170864910e+03 8.395321289062500000e+03 8.394100764585966317e+03
1.510698359698522836e+03 8.396866210937500000e+03 8.394095276198706415e+03
1.510718794226646423e+03 8.395618164062500000e+03 8.394089692738469239e+03
1.510739228754304349e+03 8.400147460937500000e+03 8.394084013653344300e+03
1.510759663282427937e+03 8.393217773437500000e+03 8.394078238390902698e+03
1.510780097911134362e+03 8.406880859375000000e+03 8.394072366369962765e+03
1.510800532339606434e+03 8.400647460937500000e+03 8.394066397125510775e+03
1.510820966868195683e+03 8.400352539062500000e+03 8.394060330018350214e+03
1.510841401496902108e+03 8.386598632812500000e+03 8.394054164494880752e+03
1.510861836025491357e+03 8.394354492187500000e+03 8.394047900063338602e+03
1.510882270454894751e+03 8.400466796875000000e+03 8.394041536172726410e+03
1.510902705084066838e+03 8.403331054687500000e+03 8.394035072177031907e+03
1.510923139613121748e+03 8.394732421875000000e+03 8.394028507618219010e+03
1.510943574142642319e+03 8.395664062500000000e+03 8.394021841912539458e+03
1.510964008672162890e+03 8.392032226562500000e+03 8.394015074507977261e+03
1.510984443202149123e+03 8.397996093750000000e+03 8.394008204852201743e+03
1.511004877732135355e+03 8.387796875000000000e+03 8.394001232393200553e+03
1.511025312262121588e+03 8.396423828125000000e+03 8.393994156578801267e+03
1.511045746792573482e+03 8.398984375000000000e+03 8.393986976856680485e+03
1.511066181422676891e+03 8.399915039062500000e+03 8.393979692639042696e+03
1.511086615853477269e+03 8.396692382812500000e+03 8.393972303481059498e+03
1.511107050383929163e+03 8.399286132812500000e+03 8.393964808723227179e+03
1.511127485014963895e+03 8.402179687500000000e+03 8.393957207811476110e+03
1.511147919445764273e+03 8.392597656250000000e+03 8.393949500306312984e+03
1.511168354076799005e+03 8.392186523437500000e+03 8.393941685504518318e+03
1.511188788608182222e+03 8.391750000000000000e+03 8.393933762967813891e+03
1.511209223039448261e+03 8.401537109375000000e+03 8.393925732145795337e+03
1.511229657670948654e+03 8.391759765625000000e+03 8.393917592367455654e+03
1.511250092102680355e+03 8.392263671875000000e+03 8.393909343239965892e+03
1.511270526634529233e+03 8.397768554687500000e+03 8.393900984090892962e+03
1.511290961266495287e+03 8.395145507812500000e+03 8.393892514366449177e+03
1.511311395698692650e+03 8.390375000000000000e+03 8.393883933639579482e+03
1.511331830331124365e+03 8.405736328125000000e+03 8.393875241190133238e+03
1.511352264863438904e+03 8.401260742187500000e+03 8.393866436592885293e+03
1.511372699296101928e+03 8.390279296875000000e+03 8.393857519297122053e+03
1.511393133928999305e+03 8.399400390625000000e+03 8.393848488618965348e+03
1.511413568461779505e+03 8.382876953125000000e+03 8.393839344138152228e+03
1.511434002994559705e+03 8.389279296875000000e+03 8.393830085258545296e+03
1.511454437527805567e+03 8.400728515625000000e+03 8.393820711427761125e+03
1.511474872061051428e+03 8.385078125000000000e+03 8.393811222093841934e+03
1.511495306594297290e+03 8.394194335937500000e+03 8.393801616704618937e+03
1.511515741128008813e+03 8.390584960937500000e+03 8.393791894707703250e+03
1.511536175661720335e+03 8.394201171875000000e+03 8.393782055551138910e+03
1.511556610295549035e+03 8.399154296875000000e+03 8.393772098633688074e+03
1.511577044829726219e+03 8.395837890625000000e+03 8.393762023500519717e+03
1.511597479263786227e+03 8.392312500000000000e+03 8.393751829601422287e+03
1.511638348432723433e+03 8.390038085937500000e+03 8.393731082995131146e+03
1.511658782867249101e+03 8.402415039062500000e+03 8.393720529336067557e+03
1.511679217502009124e+03 8.389005859375000000e+03 8.393709854548160365e+03
1.511699652036651969e+03 8.396017578125000000e+03 8.393699058235246412e+03
1.511720086471643299e+03 8.387761718750000000e+03 8.393688139846701233e+03
1.511740521106868982e+03 8.401296875000000000e+03 8.393677098669217230e+03
1.511760955642443150e+03 8.393463867187500000e+03 8.393665934311753517e+03
1.511781390277668834e+03 8.403124023437500000e+03 8.393654646113245690e+03
1.511801824713125825e+03 8.399403320312500000e+03 8.393643233687835163e+03
1.511822259249165654e+03 8.386173828125000000e+03 8.393631696316522721e+03
1.511842693884856999e+03 8.395600585937500000e+03 8.393620033445824447e+03
1.511863128320779651e+03 8.406272460937500000e+03 8.393608244695386020e+03
1.511883562857285142e+03 8.391975585937500000e+03 8.393596329340682132e+03
1.511903997393324971e+03 8.397777343750000000e+03 8.393584286887535200e+03
1.511924431929830462e+03 8.386618164062500000e+03 8.393572116783230740e+03
1.511944866566453129e+03 8.385738281250000000e+03 8.393559818415305926e+03
1.511965301003307104e+03 8.393880859375000000e+03 8.393547391413008881e+03
1.511985735540278256e+03 8.399174804687500000e+03 8.393534835042746636e+03
1.512006170176900923e+03 8.395773437500000000e+03 8.393522148750733322e+03
1.512026604614220560e+03 8.393472656250000000e+03 8.393509332171353890e+03
1.512047039151657373e+03 8.393559570312500000e+03 8.393496384565587505e+03
1.512067473788745701e+03 8.387154296875000000e+03 8.393483305379639205e+03
1.512087908326648176e+03 8.393101562500000000e+03 8.393470094188600342e+03
1.512108342764433473e+03 8.402066406250000000e+03 8.393456750442839621e+03
1.512128777401987463e+03 8.392052734375000000e+03 8.393443273393386335e+03
1.512149211940355599e+03 8.385564453125000000e+03 8.393429662684256982e+03
1.512169646478258073e+03 8.396118164062500000e+03 8.393415917698504927e+03
1.512190081016626209e+03 8.396902343750000000e+03 8.393402037883333833e+03
1.512210515554994345e+03 8.400015625000000000e+03 8.393388022686887780e+03
1.512230950193479657e+03 8.399506835937500000e+03 8.393373871487330689e+03
1.512251384632196277e+03 8.389770507812500000e+03 8.393359583941164601e+03
1.512271819171030074e+03 8.397106445312500000e+03 8.393345159287546267e+03
1.512292253809981048e+03 8.395679687500000000e+03 8.393330596972286003e+03
1.512312688249163330e+03 8.396567382812500000e+03 8.393315896657930352e+03
1.512333122888579965e+03 8.395560546875000000e+03 8.393301057504546407e+03
1.512353557427879423e+03 8.394356445312500000e+03 8.393286079177052670e+03
1.512373991867527366e+03 8.394098632812500000e+03 8.393270961124982932e+03
1.512394426506944001e+03 8.386625976562500000e+03 8.393255702573620511e+03
1.512414861046709120e+03 8.395039062500000000e+03 8.393240303193339059e+03
1.512435295486822724e+03 8.389572265625000000e+03 8.393224762434030708e+03
1.512455730127170682e+03 8.399206054687500000e+03 8.393209079514417681e+03
1.512476164667401463e+03 8.381491210937500000e+03 8.393193254111794886e+03
1.512496599107515067e+03 8.388509765625000000e+03 8.393177285676087195e+03
1.512517033748328686e+03 8.389959960937500000e+03 8.393161173418999169e+03
1.512537468188907951e+03 8.395718750000000000e+03 8.393144917104487831e+03
1.512557902829721570e+03 8.378267578125000000e+03 8.393128515861790220e+03
1.512578337370418012e+03 8.389619140625000000e+03 8.393111969378744107e+03
1.512598771911580116e+03 8.394594726562500000e+03 8.393095277022794107e+03
1.512619206452742219e+03 8.385130859375000000e+03 8.393078438242146149e+03
1.512639640993904322e+03 8.395343750000000000e+03 8.393061452484635083e+03
1.512660075535532087e+03 8.390258789062500000e+03 8.393044319197697405e+03
1.512680510077159852e+03 8.387416992187500000e+03 8.393027037829546316e+03
1.512700944618787616e+03 8.385056640625000000e+03 8.393009607828018488e+03
1.512721379260998219e+03 8.396775390625000000e+03 8.392992028554044737e+03
1.512741813803091645e+03 8.399203125000000000e+03 8.392974299628105655e+03
1.512762248245067894e+03 8.393259765625000000e+03 8.392956420500235254e+03
1.512782682887278497e+03 8.399600585937500000e+03 8.392938390354367584e+03
1.512803117429837584e+03 8.385732421875000000e+03 8.392920208901814476e+03
1.512823551872279495e+03 8.386124023437500000e+03 8.392901875593048317e+03
1.512843986514955759e+03 8.398681640625000000e+03 8.392883389605307457e+03
1.512864421057980508e+03 8.383530273437500000e+03 8.392864750656586693e+03
1.512884855500888079e+03 8.392253906250000000e+03 8.392845958197391155e+03
1.512905290144030005e+03 8.384524414062500000e+03 8.392827011398199829e+03
1.512925724687520415e+03 8.396248046875000000e+03 8.392807909983759600e+03
1.512946159330662340e+03 8.402963867187500000e+03 8.392788653215589875e+03
1.512966593774501234e+03 8.390805664062500000e+03 8.392769240824385633e+03
1.512987028317991644e+03 8.385308593750000000e+03 8.392749671975114325e+03
1.513007462962064892e+03 8.399555664062500000e+03 8.392729946112413018e+03
1.513027897405903786e+03 8.390237304687500000e+03 8.392710062975647816e+03
1.513048331949859858e+03 8.384796875000000000e+03 8.392690021721558878e+03
1.513068766593933105e+03 8.388755859375000000e+03 8.392669821795647294e+03
1.513089201038703322e+03 8.395057617187500000e+03 8.392649462942887112e+03
1.513109635583125055e+03 8.391492187500000000e+03 8.392628944314421460e+03
1.513130070227663964e+03 8.382686523437500000e+03 8.392608265355269396e+03
1.513150504672434181e+03 8.387742187500000000e+03 8.392587425817908297e+03
1.513170939317438751e+03 8.384788085937500000e+03 8.392566424742224626e+03
1.513191373762208968e+03 8.385250976562500000e+03 8.392545261987626873e+03
1.513211808307562023e+03 8.384870117187500000e+03 8.392523936691584822e+03
1.513232242952566594e+03 8.392464843750000000e+03 8.392502448300518154e+03
1.513252677398268133e+03 8.403969726562500000e+03 8.392480796577814544e+03
1.513273111943621188e+03 8.388528320312500000e+03 8.392458980655745108e+03
1.513293546589557081e+03 8.396884765625000000e+03 8.392436999978726817e+03
1.513313981135375798e+03 8.387666015625000000e+03 8.392414854210468548e+03
1.513334415681194514e+03 8.385315429687500000e+03 8.392392542691512062e+03
1.513354850227478892e+03 8.393568359375000000e+03 8.392370064869175621e+03
1.513375284773763269e+03 8.386566406250000000e+03 8.392347420191792480e+03
1.513395719320047647e+03 8.399063476562500000e+03 8.392324608107195672e+03
1.513416153866332024e+03 8.401292968750000000e+03 8.392301628063216413e+03
1.513436588413082063e+03 8.393622070312500000e+03 8.392278479507152952e+03
1.513457023059949279e+03 8.397770507812500000e+03 8.392255161772700376e+03
1.513477457507047802e+03 8.388823242187500000e+03 8.392231674651127832e+03
1.513497892053797841e+03 8.387569335937500000e+03 8.392208017247359749e+03
1.513518326701130718e+03 8.389891601562500000e+03 8.392184189005647568e+03
1.513538761148229241e+03 8.387973632812500000e+03 8.392160189725844248e+03
1.513559195796027780e+03 8.394968750000000000e+03 8.392136018384891941e+03
1.513579630343243480e+03 8.395334960937500000e+03 8.392111674785732248e+03
1.513600064791273326e+03 8.394976562500000000e+03 8.392087158377064043e+03
1.513620499439071864e+03 8.391656250000000000e+03 8.392062468246767821e+03
1.513640933986753225e+03 8.386245117187500000e+03 8.392037604203735100e+03
1.513661368435248733e+03 8.398449218750000000e+03 8.392012565697215905e+03
1.513681803083512932e+03 8.394476562500000000e+03 8.391987351807438245e+03
1.513702237631659955e+03 8.392716796875000000e+03 8.391961962350969770e+03
1.513722672280389816e+03 8.391629882812500000e+03 8.391936396526267345e+03
1.513743106728885323e+03 8.387172851562500000e+03 8.391910654158804391e+03
1.513763541277498007e+03 8.386446289062500000e+03 8.391884734319341078e+03
1.513783975926693529e+03 8.391639648437500000e+03 8.391858636452503561e+03
1.513804410375654697e+03 8.384560546875000000e+03 8.391832360391606926e+03
1.513824844924733043e+03 8.393683593750000000e+03 8.391805905199587869e+03
1.513845279473811388e+03 8.400057617187500000e+03 8.391779270452567289e+03
1.513865714023355395e+03 8.380583984375000000e+03 8.391752455597772496e+03
1.513886148572899401e+03 8.390144531250000000e+03 8.391725460083631333e+03
1.513906583122443408e+03 8.398757812500000000e+03 8.391698283357978653e+03
1.513927017672453076e+03 8.398868164062500000e+03 8.391670924868016300e+03
1.513947452322579920e+03 8.390824218750000000e+03 8.391643383926808383e+03
1.513967886872589588e+03 8.391768554687500000e+03 8.391615660252056841e+03
1.513988321322947741e+03 8.395446289062500000e+03 8.391587753293639253e+03
1.514008755973074585e+03 8.387286132812500000e+03 8.391559662089126505e+03
1.514029190523549914e+03 8.390837890625000000e+03 8.391531386496601044e+03
1.514049624973908067e+03 8.387506835937500000e+03 8.391502925967248302e+03
1.514070059624966234e+03 8.399583007812500000e+03 8.391474279528561965e+03
1.514090494175907224e+03 8.392845703125000000e+03 8.391445447048699862e+03
1.514110928826965392e+03 8.391515625000000000e+03 8.391416427692958678e+03
1.514131363277789205e+03 8.387753906250000000e+03 8.391387221337081428e+03
1.514151797829195857e+03 8.386357421875000000e+03 8.391357827000316320e+03
1.514172232480719686e+03 8.402392578125000000e+03 8.391328244128393635e+03
1.514192666932009161e+03 8.383772460937500000e+03 8.391298472605341885e+03
1.514213101483881474e+03 8.389668945312500000e+03 8.391268511442107410e+03
1.514233536135405302e+03 8.395968750000000000e+03 8.391238360085097156e+03
1.514253970587160438e+03 8.397415039062500000e+03 8.391208018425333648e+03
1.514274405139498413e+03 8.388079101562500000e+03 8.391177485466065264e+03
1.514294839791487902e+03 8.390054687500000000e+03 8.391146760653704405e+03
1.514315274243708700e+03 8.386824218750000000e+03 8.391115843887680967e+03
1.514335708896163851e+03 8.392815429687500000e+03 8.391084734010632019e+03
1.514356143448967487e+03 8.387518554687500000e+03 8.391053430925501743e+03
1.514376578001305461e+03 8.394407226562500000e+03 8.391021933929607258e+03
1.514397012554109097e+03 8.387065429687500000e+03 8.390990242469339137e+03
1.514417447106912732e+03 8.387449218750000000e+03 8.390958355993241639e+03
1.514437881660182029e+03 8.398943359375000000e+03 8.390926273948418384e+03
1.514458316213451326e+03 8.397490234375000000e+03 8.390893995783419086e+03
1.514478750766720623e+03 8.394792968750000000e+03 8.390861520946069504e+03
1.514499185319989920e+03 8.392742187500000000e+03 8.390828848884208128e+03
1.514519619873724878e+03 8.392853515625000000e+03 8.390795979044905835e+03
1.514540054427459836e+03 8.397843750000000000e+03 8.390762910876741444e+03
1.514560488981194794e+03 8.387132812500000000e+03 8.390729643827538894e+03
1.514580923535395414e+03 8.391015625000000000e+03 8.390696177344365424e+03
