1.087925669261720031e+03 8.367728515625000000e+03 8.366014100488160693e+03
1.087946103023830801e+03 8.371299804687500000e+03 8.365970334566958627e+03
1.087966536986641586e+03 8.370375000000000000e+03 8.365926634331193782e+03
1.087986970849800855e+03 8.365752929687500000e+03 8.365883002439963093e+03
1.088007404613308609e+03 8.367769531250000000e+03 8.365839440908512188e+03
1.088027838577050716e+03 8.371429687500000000e+03 8.365795951114319905e+03
1.088048272441141307e+03 8.367782226562500000e+03 8.365752535712439567e+03
1.088068706205580384e+03 8.363370117187500000e+03 8.365709196718029489e+03
1.088089140170719475e+03 8.361246093750000000e+03 8.365665935510900454e+03
1.088109574035741389e+03 8.365127929687500000e+03 8.365622754744765189e+03
1.088130008001811802e+03 8.374061523437500000e+03 8.365579656010806502e+03
1.088150441767647862e+03 8.361950195312500000e+03 8.365536641960139605e+03
1.088170875634066761e+03 8.364730468750000000e+03 8.365493713975165520e+03
1.088191309600602835e+03 8.369571289062500000e+03 8.365450874074416788e+03
1.088211743367835879e+03 8.364305664062500000e+03 8.365408124901241536e+03
1.088232177235186100e+03 8.363690429687500000e+03 8.365365467844818340e+03
1.088252611203119159e+03 8.361730468750000000e+03 8.365322904921820736e+03
1.088273045071400702e+03 8.364169921875000000e+03 8.365280438565603617e+03
1.088293478939682245e+03 8.365493164062500000e+03 8.365238070584628076e+03
1.088313912808429450e+03 8.361254882812500000e+03 8.365195802994201586e+03
1.088334346677642316e+03 8.368735351562500000e+03 8.365153637810584769e+03
1.088354780547320843e+03 8.366354492187500000e+03 8.365111577050054620e+03
1.088375214417465031e+03 8.364169921875000000e+03 8.365069622728879040e+03
1.088395648287609220e+03 8.363630859375000000e+03 8.365027776864286352e+03
1.088416082158684731e+03 8.366256835937500000e+03 8.364986041470634518e+03
1.088436516029760242e+03 8.370801757812500000e+03 8.364944418566105014e+03
1.088456950000952929e+03 8.377593750000000000e+03 8.364902909963864658e+03
1.088477383872959763e+03 8.361932617187500000e+03 8.364861518085053831e+03
1.088497817644849420e+03 8.361656250000000000e+03 8.364820244946102321e+03
1.088518251617439091e+03 8.365854492187500000e+03 8.364779091956555931e+03
1.088538685390260071e+03 8.361745117187500000e+03 8.364738061939198815e+03
1.088559119263663888e+03 8.364809570312500000e+03 8.364697156306301622e+03
1.088579553237184882e+03 8.358591796875000000e+03 8.364656377076917124e+03
1.088599987010937184e+03 8.360363281250000000e+03 8.364615726864842145e+03
1.088620420885272324e+03 8.365966796875000000e+03 8.364575207087893432e+03
1.088640854860190302e+03 8.359297851562500000e+03 8.364534819764277927e+03
1.088661288635339588e+03 8.363111328125000000e+03 8.364494567502926657e+03
1.088681722610257566e+03 8.364519531250000000e+03 8.364454451533070824e+03
1.088702156486455351e+03 8.365784179687500000e+03 8.364414474457989854e+03
1.088722590262535959e+03 8.357033203125000000e+03 8.364374638294642864e+03
1.088743024238850921e+03 8.359571289062500000e+03 8.364334944474798249e+03
1.088763458115514368e+03 8.361896484375000000e+03 8.364295395598317555e+03
1.088783891892991960e+03 8.360117187500000000e+03 8.364255993678441882e+03
1.088804325870703906e+03 8.361579101562500000e+03 8.364216740155166917e+03
1.088824759748298675e+03 8.366080078125000000e+03 8.364177637622837210e+03
1.088845193726941943e+03 8.359580078125000000e+03 8.364138687712791580e+03
1.088865627505350858e+03 8.363145507812500000e+03 8.364099893014463305e+03
1.088886061384342611e+03 8.370761718750000000e+03 8.364061254971857124e+03
1.088906495363917202e+03 8.361742187500000000e+03 8.364022775603578339e+03
1.088926929243374616e+03 8.371625000000000000e+03 8.363984457303842646e+03
1.088947363023646176e+03 8.361922851562500000e+03 8.363946302084797935e+03
1.088967797004152089e+03 8.354579101562500000e+03 8.363908311404842607e+03
1.088988230885006487e+03 8.355813476562500000e+03 8.363870487839007183e+03
1.089008664666209370e+03 8.360441406250000000e+03 8.363832833401098469e+03
1.089029098647646606e+03 8.360318359375000000e+03 8.363795349556030487e+03
1.089049532529432327e+03 8.367797851562500000e+03 8.363758038871441386e+03
1.089069966511800885e+03 8.359878906250000000e+03 8.363720902998018573e+03
1.089090400294400752e+03 8.360424804687500000e+03 8.363683944496597178e+03
1.089110834177117795e+03 8.362770507812500000e+03 8.363647164839738252e+03
1.089131268160417676e+03 8.366893554687500000e+03 8.363610566045523228e+03
1.089151701944414526e+03 8.365677734375000000e+03 8.363574150666017886e+03
1.089172135828062892e+03 8.361411132812500000e+03 8.363537920183378446e+03
1.089192569712642580e+03 8.358762695312500000e+03 8.363501876790263850e+03
1.089213003597687930e+03 8.368428710937500000e+03 8.363466022503793283e+03
1.089233437582850456e+03 8.367593750000000000e+03 8.363430359166786729e+03
1.089253871368244290e+03 8.363526367187500000e+03 8.363394889317498382e+03
1.089274305254220963e+03 8.364657226562500000e+03 8.363359614449425862e+03
1.089294739240314811e+03 8.364343750000000000e+03 8.363324536582524161e+03
1.089315173027105629e+03 8.370378906250000000e+03 8.363289658245621467e+03
1.089335606913547963e+03 8.360034179687500000e+03 8.363254980943233022e+03
1.089356040901038796e+03 8.360371093750000000e+03 8.363220506692247000e+03
1.089376474688760936e+03 8.363798828125000000e+03 8.363186238014946866e+03
1.089396908576600254e+03 8.364118164062500000e+03 8.363152176423180208e+03
1.089417342565022409e+03 8.356878906250000000e+03 8.363118323935501394e+03
1.089437776353675872e+03 8.369274414062500000e+03 8.363084683064233104e+03
1.089458210343029350e+03 8.360890625000000000e+03 8.363051255166366900e+03
1.089478644232265651e+03 8.367316406250000000e+03 8.363018042751858957e+03
1.089499078122433275e+03 8.362880859375000000e+03 8.362985047671170832e+03
1.089519512012135237e+03 8.359517578125000000e+03 8.362952271942840525e+03
1.089539945902768523e+03 8.363521484375000000e+03 8.362919717580902216e+03
1.089560379793867469e+03 8.369099609375000000e+03 8.362887386602391416e+03
1.089580813684966415e+03 8.357203125000000000e+03 8.362855281024319993e+03
1.089601247576531023e+03 8.357562500000000000e+03 8.362823402862235525e+03
1.089621681568678468e+03 8.366386718750000000e+03 8.362791753977930057e+03
1.089642115460708737e+03 8.364661132812500000e+03 8.362760336698531319e+03
1.089662549253553152e+03 8.360961914062500000e+03 8.362729153035486888e+03
1.089682983246631920e+03 8.363619140625000000e+03 8.362698204549860748e+03
1.089703417140059173e+03 8.366515625000000000e+03 8.362667493713866861e+03
1.089723850933834910e+03 8.365672851562500000e+03 8.362637022540282487e+03
1.089744284927845001e+03 8.363114257812500000e+03 8.362606792599966866e+03
1.089764718822669238e+03 8.359593750000000000e+03 8.362576806353947177e+03
1.089785152817144990e+03 8.354796875000000000e+03 8.362547065526738152e+03
1.089805586612317711e+03 8.358941406250000000e+03 8.362517572567914613e+03
1.089826020508073270e+03 8.362584960937500000e+03 8.362488329059116950e+03
1.089846454403828830e+03 8.366014648437500000e+03 8.362459337162395968e+03
1.089866888300050050e+03 8.362680664062500000e+03 8.362430598893377464e+03
1.089887322097085416e+03 8.367372070312500000e+03 8.362402116406625282e+03
1.089907756093889475e+03 8.368045898437500000e+03 8.362373891303601340e+03
1.089928189991042018e+03 8.364975585937500000e+03 8.362345926016056183e+03
1.089948623789008707e+03 8.359826171875000000e+03 8.362318222555815737e+03
1.089969057786744088e+03 8.364629882812500000e+03 8.362290782535790640e+03
1.089989491685293615e+03 8.366635742187500000e+03 8.362263608375653348e+03
1.090030359483323991e+03 8.359615234375000000e+03 8.362210065297429537e+03
1.090050793382804841e+03 8.356287109375000000e+03 8.362183700411909740e+03
1.090071227382402867e+03 8.362567382812500000e+03 8.362157609190398944e+03
1.090091661183163524e+03 8.361002929687500000e+03 8.362131794028897275e+03
1.090112095083110034e+03 8.361743164062500000e+03 8.362106256565148215e+03
1.090132529084570706e+03 8.364150390625000000e+03 8.362080998816614738e+03
1.090152962985448539e+03 8.362744140625000000e+03 8.362056023049415671e+03
1.090173396887257695e+03 8.361749023437500000e+03 8.362031331153673818e+03
1.090193830789532512e+03 8.355312500000000000e+03 8.362006925146259164e+03
1.090214264691807330e+03 8.363181640625000000e+03 8.361982807044016226e+03
1.090234698594082147e+03 8.375956054687500000e+03 8.361958978863216544e+03
1.090255132497288287e+03 8.360270507812500000e+03 8.361935442619063906e+03
1.090275566400960088e+03 8.368807617187500000e+03 8.361912200328399194e+03
1.090296000404749066e+03 8.363939453125000000e+03 8.361889253896339142e+03
1.090316434208769351e+03 8.369059570312500000e+03 8.361866605673742015e+03
1.090336868213023990e+03 8.353583007812500000e+03 8.361844257233547978e+03
1.090357302118092775e+03 8.370460937500000000e+03 8.361822210921738588e+03
1.090377735923044384e+03 8.361374023437500000e+03 8.361800468751160224e+03
1.090398169929161668e+03 8.353233398437500000e+03 8.361779032419777650e+03
1.090418603834696114e+03 8.366037109375000000e+03 8.361757904262674856e+03
1.090439037641044706e+03 8.360208007812500000e+03 8.361737086290157094e+03
1.090459471647627652e+03 8.358510742187500000e+03 8.361716580215756039e+03
1.090479905454907566e+03 8.365501953125000000e+03 8.361696388456701243e+03
1.090500339362304658e+03 8.365473632812500000e+03 8.361676512731102775e+03
1.090520773369818926e+03 8.362717773437500000e+03 8.361656955059894244e+03
1.090541207178030163e+03 8.366758789062500000e+03 8.361637717743609755e+03
1.090561641186475754e+03 8.369923828125000000e+03 8.361618802422412045e+03
1.090582075095269829e+03 8.366811523437500000e+03 8.361600211392558776e+03
1.090602508904412389e+03 8.358437500000000000e+03 8.361581946665570285e+03
1.090622942913789302e+03 8.363505859375000000e+03 8.361564009992083811e+03
1.090643376823980361e+03 8.356251953125000000e+03 8.361546403653646848e+03
1.090663810634054244e+03 8.365334960937500000e+03 8.361529129662485502e+03
1.090684244644362479e+03 8.351784179687500000e+03 8.361512189783421491e+03
1.090704678555484861e+03 8.363921875000000000e+03 8.361495586283443117e+03
1.090725112566724420e+03 8.362914062500000000e+03 8.361479321016919130e+03
1.090745546378195286e+03 8.360753906250000000e+03 8.361463396236355038e+03
1.090765980290248990e+03 8.364136718750000000e+03 8.361447813721462808e+03
1.090786414302419871e+03 8.363866210937500000e+03 8.361432575493934564e+03
1.090806848215404898e+03 8.363381835937500000e+03 8.361417683718706030e+03
1.090827282028272748e+03 8.357895507812500000e+03 8.361403140407650426e+03
1.090847716041840613e+03 8.371001953125000000e+03 8.361388947365527201e+03
1.090868149955756962e+03 8.357791015625000000e+03 8.361375106819832581e+03
1.090888583869673312e+03 8.357044921875000000e+03 8.361361620716770631e+03
1.090909017784520984e+03 8.365090820312500000e+03 8.361348491072032630e+03
1.090929451698902994e+03 8.359896484375000000e+03 8.361335719902803248e+03
1.090949885714333504e+03 8.443006835937500000e+03 8.361323309164577950e+03
1.090970319529995322e+03 8.363241210937500000e+03 8.361311261053717317e+03
1.090990753445774317e+03 8.362325195312500000e+03 8.361299577407020479e+03
1.091011187462136149e+03 8.350802734375000000e+03 8.361288260245886704e+03
1.091031621278729290e+03 8.362677734375000000e+03 8.361277311750260196e+03
1.091052055195905268e+03 8.361833984375000000e+03 8.361266733772803491e+03
1.091072489213198423e+03 8.363126953125000000e+03 8.361256528335510666e+03
1.091092923030722886e+03 8.367327148437500000e+03 8.361246697601691267e+03
1.091113357048947364e+03 8.355792968750000000e+03 8.361237243395002224e+03
1.091133790867403150e+03 8.356416992187500000e+03 8.361228167917015526e+03
1.091154224785976112e+03 8.355951171875000000e+03 8.361219473048045984e+03
1.091174658805131912e+03 8.370018554687500000e+03 8.361211160809796638e+03
1.091195092624519020e+03 8.365206054687500000e+03 8.361203233337924758e+03
1.091215526544488966e+03 8.359161132812500000e+03 8.361195692529385269e+03
1.091235960564576089e+03 8.360547851562500000e+03 8.361188540406334141e+03
1.091256394384894520e+03 8.364406250000000000e+03 8.361181779087164614e+03
1.091276828405912966e+03 8.357550781250000000e+03 8.361175410455682140e+03
1.091297262327279896e+03 8.356322265625000000e+03 8.361169436624697482e+03
1.091317696248646826e+03 8.366355468750000000e+03 8.361163859578467964e+03
1.091338130170945078e+03 8.357354492187500000e+03 8.361158681333048662e+03
1.091358564092777669e+03 8.369317382812500000e+03 8.361153903905087645e+03
1.091378998015541583e+03 8.361956054687500000e+03 8.361149529310545404e+03
1.091399431938771158e+03 8.355597656250000000e+03 8.361145559565851727e+03
1.091419865862000734e+03 8.362215820312500000e+03 8.361141996687381834e+03
1.091440299885813147e+03 8.356295898437500000e+03 8.361138842676904460e+03
1.091460733709856868e+03 8.365368164062500000e+03 8.361136099594070402e+03
1.091481167634483427e+03 8.363760742187500000e+03 8.361133769411846515e+03
1.091501601659227163e+03 8.375756835937500000e+03 8.361131854152659798e+03
1.091522035584319383e+03 8.357186523437500000e+03 8.361130355851541026e+03
1.091542469409760088e+03 8.359676757812500000e+03 8.361129276518651750e+03
1.091562903435435146e+03 8.358212890625000000e+03 8.361128618157537858e+03
1.091583337361924350e+03 8.361298828125000000e+03 8.361128382797254744e+03
1.091603771288413554e+03 8.360491210937500000e+03 8.361128572449862986e+03
1.091624205215368420e+03 8.365248046875000000e+03 8.361129189131657768e+03
1.091644639142323285e+03 8.363035156250000000e+03 8.361130234858928816e+03
1.091665073170326650e+03 8.358649414062500000e+03 8.361131711656322295e+03
1.091685506998095661e+03 8.367103515625000000e+03 8.361133621515200502e+03
1.091705940926447511e+03 8.373041015625000000e+03 8.361135966476789690e+03
1.091726374955382198e+03 8.363509765625000000e+03 8.361138748563804256e+03
1.091746808784082532e+03 8.363478515625000000e+03 8.361141969748367046e+03
1.091767242713831365e+03 8.359887695312500000e+03 8.361145632091047446e+03
1.091787676643114537e+03 8.362185546875000000e+03 8.361149737593190366e+03
1.091808110573329031e+03 8.363593750000000000e+03 8.361154288271374753e+03
1.091828544603660703e+03 8.361238281250000000e+03 8.361159286167287064e+03
1.091848978434689343e+03 8.352513671875000000e+03 8.361164733220708513e+03
1.091869412365835160e+03 8.357798828125000000e+03 8.361170631524468263e+03
1.091889846397563815e+03 8.371440429687500000e+03 8.361176983101637234e+03
1.091910280229523778e+03 8.354296875000000000e+03 8.361183789871834961e+03
1.091930714161600918e+03 8.360504882812500000e+03 8.361191053947903129e+03
1.091951148194260895e+03 8.358431640625000000e+03 8.361198777353034529e+03
1.091971582027152181e+03 8.369011718750000000e+03 8.361206961986648821e+03
1.091992016060277820e+03 8.366127929687500000e+03 8.361215610025261412e+03
1.092012449993751943e+03 8.362860351562500000e+03 8.361224723361672659e+03
1.092032883928157389e+03 8.351446289062500000e+03 8.361234304053654341e+03
1.092053317862562835e+03 8.358186523437500000e+03 8.361244354117081457e+03
1.092073751796968281e+03 8.359759765625000000e+03 8.361254875568236457e+03
1.092094185731839389e+03 8.358432617187500000e+03 8.361265870423661909e+03
1.092114619667641819e+03 8.355384765625000000e+03 8.361277340699942215e+03
1.092135053603444248e+03 8.368507812500000000e+03 8.361289288412863243e+03
1.092155487639363855e+03 8.361935546875000000e+03 8.361301715640780458e+03
1.092175921575631946e+03 8.362634765625000000e+03 8.361314624278504198e+03
1.092196355412714183e+03 8.366009765625000000e+03 8.361328016335573921e+03
1.092216789449565113e+03 8.358551757812500000e+03 8.361341894027784292e+03
1.092237223387230188e+03 8.353571289062500000e+03 8.361356259171971033e+03
1.092257657225243747e+03 8.359867187500000000e+03 8.361371113776966013e+03
1.092278091263025999e+03 8.371005859375000000e+03 8.361386460080320830e+03
1.092298525201622397e+03 8.363419921875000000e+03 8.361402299877439873e+03
1.092318959040567279e+03 8.361224609375000000e+03 8.361418635177024044e+03
1.092339393079746515e+03 8.360350585937500000e+03 8.361435468238763860e+03
1.092359827019739896e+03 8.361750000000000000e+03 8.361452800835984817e+03
1.092380261059384793e+03 8.354299804687500000e+03 8.361470635153667899e+03
1.092400694900192320e+03 8.360474609375000000e+03 8.361488972943923727e+03
1.092421128840651363e+03 8.361519531250000000e+03 8.361507816487235687e+03
1.092441562781576067e+03 8.354403320312500000e+03 8.361527167712134542e+03
1.092461996722966433e+03 8.356729492187500000e+03 8.361547028634939124e+03
1.092482430664822459e+03 8.364149414062500000e+03 8.361567401271968265e+03
1.092502864606678486e+03 8.358387695312500000e+03 8.361588287639067858e+03
1.092523298549465835e+03 8.354798828125000000e+03 8.361609689753502607e+03
1.092543732591904700e+03 8.366986328125000000e+03 8.361631609738782572e+03
1.092564166435506195e+03 8.354677734375000000e+03 8.361654049287222733e+03
1.092584600378759205e+03 8.365634765625000000e+03 8.361677010739102116e+03
1.092605034422595054e+03 8.361413085937500000e+03 8.361700496119439777e+03
1.092625468267127872e+03 8.360121093750000000e+03 8.361724507096050729e+03
1.092645902211312205e+03 8.357953125000000000e+03 8.361749046032655315e+03
1.092666336256545037e+03 8.357622070312500000e+03 8.361774114955011100e+03
1.092686770201660693e+03 8.357968750000000000e+03 8.361799715632652806e+03
1.092707204147242010e+03 8.361127929687500000e+03 8.361825850203997106e+03
1.092727638093288988e+03 8.361583984375000000e+03 8.361852520685364652e+03
1.092748072039335966e+03 8.361761718750000000e+03 8.361879729092450361e+03
1.092768505985848606e+03 8.361038085937500000e+03 8.361907477442182426e+03
1.092788939932826906e+03 8.362916992187500000e+03 8.361935767750885134e+03
1.092809373880270869e+03 8.361101562500000000e+03 8.361964602034877316e+03
1.092829807928297669e+03 8.374105468750000000e+03 8.361993982455780497e+03
1.092850241776090115e+03 8.356456054687500000e+03 8.362023910593354231e+03
1.092870675724465400e+03 8.353192382812500000e+03 8.362054388900460253e+03
1.092891109773423523e+03 8.377833007812500000e+03 8.362085419401520994e+03
1.092911543622612953e+03 8.362336914062500000e+03 8.362117003652690983e+03
1.092931977672036737e+03 8.365509765625000000e+03 8.362149144288569005e+03
1.092952411621809006e+03 8.361163085937500000e+03 8.362181842857862648e+03
1.092972845471929759e+03 8.361789062500000000e+03 8.362215101368681644e+03
1.093013713473454118e+03 8.359859375000000000e+03 8.362283307265368421e+03
1.093034147324506193e+03 8.364504882812500000e+03 8.362318258182578575e+03
1.093054581376258284e+03 8.364702148437500000e+03 8.362353777616184743e+03
1.093075015327893198e+03 8.363196289062500000e+03 8.362389867063788188e+03
1.093095449280459434e+03 8.356900390625000000e+03 8.362426528715994209e+03
1.093115883233025670e+03 8.358276367187500000e+03 8.362463764587457263e+03
1.093136317186057568e+03 8.354827148437500000e+03 8.362501576695336553e+03
1.093156751139089465e+03 8.359287109375000000e+03 8.362539967055075977e+03
1.093177185093052685e+03 8.371298828125000000e+03 8.362578937684753328e+03
1.093197619047015905e+03 8.369786132812500000e+03 8.362618490598923017e+03
1.093218053001444787e+03 8.362603515625000000e+03 8.362658627814797001e+03
1.093238486955873668e+03 8.368555664062500000e+03 8.362699351347764605e+03
1.093258921010885388e+03 8.364560546875000000e+03 8.362740663418917393e+03
1.093279354866594076e+03 8.359916992187500000e+03 8.362782565433986747e+03
1.093299788822419941e+03 8.362066406250000000e+03 8.362825060018956719e+03
1.093320222878362983e+03 8.371245117187500000e+03 8.362868149198831816e+03
1.093340656834654510e+03 8.355524414062500000e+03 8.362911834568685663e+03
1.093361090691760182e+03 8.363283203125000000e+03 8.362956118137079102e+03
1.093381524749100208e+03 8.367296875000000000e+03 8.363001002573644655e+03
1.093401958706323057e+03 8.363129882812500000e+03 8.363046489239353832e+03
1.093422392564360052e+03 8.372373046875000000e+03 8.363092580143740634e+03
1.093442826622631401e+03 8.366635742187500000e+03 8.363139277982963904e+03
1.093463260581251234e+03 8.366258789062500000e+03 8.363186584092471094e+03
1.093483694539871067e+03 8.360382812500000000e+03 8.363234500714803289e+03
1.093504128499422222e+03 8.361466796875000000e+03 8.363283029868478479e+03
1.093524562458973378e+03 8.361476562500000000e+03 8.363332173567614518e+03
