1.351460935106035322e+03 8.200252929687500000e+03 8.205073982253197755e+03
1.351481367540545762e+03 8.199108398437500000e+03 8.205055567077013620e+03
1.351501800075173378e+03 8.192347656250000000e+03 8.205037383435392258e+03
1.351522232709918171e+03 8.199499023437500000e+03 8.205019430547677985e+03
1.351542665144428611e+03 8.201557617187500000e+03 8.205001707892026388e+03
1.351563097779173404e+03 8.199286132812500000e+03 8.204984214337026060e+03
1.351583530313801020e+03 8.193965820312500000e+03 8.204966949357456542e+03
1.351603962748311460e+03 8.194189453125000000e+03 8.204949912165910064e+03
1.351624395382590592e+03 8.208076171875000000e+03 8.204933101729944610e+03
1.351644827917218208e+03 8.196957031250000000e+03 8.204916517513514918e+03
1.351665260351262987e+03 8.209904296875000000e+03 8.204900158730009935e+03
1.351685692986007780e+03 8.198198242187500000e+03 8.204884024355807924e+03
1.351706125520169735e+03 8.207826171875000000e+03 8.204868113846416236e+03
1.351726558154448867e+03 8.199435546875000000e+03 8.204852426261484652e+03
1.351746990588493645e+03 8.208877929687500000e+03 8.204836961045923090e+03
1.351767423122655600e+03 8.203974609375000000e+03 8.204821717186718161e+03
1.351787855756934732e+03 8.199512695312500000e+03 8.204806693903065025e+03
1.351808288190979511e+03 8.215791992187500000e+03 8.204791890630131093e+03
1.351828720825258642e+03 8.210264648437500000e+03 8.204777306293719448e+03
1.351849153359420598e+03 8.203605468750000000e+03 8.204762940325774252e+03
1.351869585893116891e+03 8.205283203125000000e+03 8.204748791870564673e+03
1.351890018427278847e+03 8.203742187500000000e+03 8.204734860143393234e+03
1.351910450960975140e+03 8.208917968750000000e+03 8.204721144360843027e+03
1.351930883495137095e+03 8.203918945312500000e+03 8.204707643738238403e+03
1.351951316028833389e+03 8.207449218750000000e+03 8.204694357492140625e+03
1.351971748562995344e+03 8.204911132812500000e+03 8.204681284837897692e+03
1.351992181196343154e+03 8.198539062500000000e+03 8.204668424929848698e+03
1.352012613630387932e+03 8.202263671875000000e+03 8.204655777170244619e+03
1.352033046164084226e+03 8.201775390625000000e+03 8.204643340588434512e+03
1.352053478797432035e+03 8.196854492187500000e+03 8.204631114403444371e+03
1.352073911231476814e+03 8.202881835937500000e+03 8.204619098008583023e+03
1.352094343764707446e+03 8.216047851562500000e+03 8.204607290442705562e+03
1.352114776398520917e+03 8.211626953125000000e+03 8.204595690924017617e+03
1.352135208832100034e+03 8.206097656250000000e+03 8.204584298837718961e+03
1.352155641365330666e+03 8.208927734375000000e+03 8.204573113231026582e+03
1.352176073999144137e+03 8.202419921875000000e+03 8.204562133322411682e+03
1.352196506432257593e+03 8.212089843750000000e+03 8.204551358488213737e+03
1.352216939065605402e+03 8.203647460937500000e+03 8.204540787732945319e+03
1.352257804032415152e+03 8.207671875000000000e+03 8.204520255790410374e+03
1.352278236665762961e+03 8.206031250000000000e+03 8.204510292884366208e+03
1.352298669198993593e+03 8.217265625000000000e+03 8.204500531074938408e+03
1.352319101632107049e+03 8.200150390625000000e+03 8.204490969575132112e+03
1.352339534265454859e+03 8.208833984375000000e+03 8.204481607461810199e+03
1.352359966798685491e+03 8.195375000000000000e+03 8.204472444090000863e+03
1.352380399431567639e+03 8.199692382812500000e+03 8.204463478586052588e+03
1.352400831864681095e+03 8.202158203125000000e+03 8.204454710295838595e+03
1.352421264397911727e+03 8.202808593750000000e+03 8.204446138305182103e+03
1.352441697030793875e+03 8.211428710937500000e+03 8.204437761833094555e+03
1.352462129463907331e+03 8.206495117187500000e+03 8.204429580216845352e+03
1.352482561996672302e+03 8.206919921875000000e+03 8.204421592551050708e+03
1.352502994629554451e+03 8.199033203125000000e+03 8.204413798054323706e+03
1.352523427162319422e+03 8.202219726562500000e+03 8.204406196018991977e+03
1.352543859695550054e+03 8.207850585937500000e+03 8.204398785622173818e+03
1.352564292228315026e+03 8.205131835937500000e+03 8.204391566080148550e+03
1.352584724761079997e+03 8.203202148437500000e+03 8.204384536608700728e+03
1.352605157293844968e+03 8.207173828125000000e+03 8.204377696423778616e+03
1.352625589826609939e+03 8.208667968750000000e+03 8.204371044741328660e+03
1.352646022358909249e+03 8.218182617187500000e+03 8.204364580777441006e+03
1.352666454891674221e+03 8.213148437500000000e+03 8.204358303747778336e+03
1.352686887424439192e+03 8.201646484375000000e+03 8.204352212868428978e+03
1.352707319957204163e+03 8.205857421875000000e+03 8.204346307355350291e+03
1.352727752489503473e+03 8.203549804687500000e+03 8.204340586424612411e+03
1.352748185022268444e+03 8.206701171875000000e+03 8.204335049291905307e+03
1.352768617654684931e+03 8.196559570312500000e+03 8.204329695147645907e+03
1.352789050086867064e+03 8.201092773437500000e+03 8.204324523285009491e+03
1.352809482619166374e+03 8.200682617187500000e+03 8.204319532842589979e+03
1.352829915252048522e+03 8.204372070312500000e+03 8.204314723038885859e+03
1.352850347684230655e+03 8.208631835937500000e+03 8.204310093159443568e+03
1.352870780216529965e+03 8.205281250000000000e+03 8.204305642350718699e+03
1.352891212848946452e+03 8.210539062500000000e+03 8.204301369831293414e+03
1.352911645281128585e+03 8.204036132812500000e+03 8.204297274878610551e+03
1.352932077913079411e+03 8.204334960937500000e+03 8.204293356628437323e+03
1.352952510445378721e+03 8.210988281250000000e+03 8.204289614355446247e+03
1.352972942877560854e+03 8.211125976562500000e+03 8.204286047273086297e+03
1.352993375509977341e+03 8.210342773437500000e+03 8.204282654546164849e+03
1.353013808041810989e+03 8.219517578125000000e+03 8.204279435441845635e+03
1.353034240574110299e+03 8.204139648437500000e+03 8.204276389158880193e+03
1.353054673105943948e+03 8.200766601562500000e+03 8.204273514913364124e+03
1.353075105638243258e+03 8.213769531250000000e+03 8.204270811921105633e+03
1.353095538170076907e+03 8.209288085937500000e+03 8.204268279398180312e+03
1.353115970701910555e+03 8.208796875000000000e+03 8.204265916560472760e+03
1.353136403234209865e+03 8.206860351562500000e+03 8.204263722623883950e+03
1.353156835865695029e+03 8.209902343750000000e+03 8.204261696794994350e+03
1.353177268297877163e+03 8.199539062500000000e+03 8.204259838318106631e+03
1.353197700829710811e+03 8.194259765625000000e+03 8.204258146380761900e+03
1.353218133461661637e+03 8.213758789062500000e+03 8.204256620201305850e+03
1.353238565993495286e+03 8.195482421875000000e+03 8.204255259010642476e+03
1.353258998425211757e+03 8.201776367187500000e+03 8.204254062022293510e+03
1.353279431056696922e+03 8.208420898437500000e+03 8.204253028435841770e+03
1.353299863488413393e+03 8.198888671875000000e+03 8.204252157487451768e+03
1.353320296020247042e+03 8.205585937500000000e+03 8.204251448379101930e+03
1.353340728651732206e+03 8.201466796875000000e+03 8.204250900329121578e+03
1.353361161183565855e+03 8.203425781250000000e+03 8.204250512558808623e+03
1.353381593714933842e+03 8.199571289062500000e+03 8.204250284281040877e+03
1.353402026246767491e+03 8.199040039062500000e+03 8.204250214711762965e+03
1.353422458678483963e+03 8.208337890625000000e+03 8.204250303066111883e+03
1.353442891309503466e+03 8.208045898437500000e+03 8.204250548562475160e+03
1.353463323841337115e+03 8.203721679687500000e+03 8.204250950414367253e+03
1.353483756272587925e+03 8.205590820312500000e+03 8.204251507835424491e+03
1.353504188904073089e+03 8.204694335937500000e+03 8.204252220050933829e+03
1.353524621435441077e+03 8.205863281250000000e+03 8.204253086267513936e+03
1.353545053866691887e+03 8.206867187500000000e+03 8.204254105698852072e+03
1.353565486498177052e+03 8.207194335937500000e+03 8.204255277577009110e+03
1.353585919029545039e+03 8.214221679687500000e+03 8.204256601101820706e+03
1.353606351661030203e+03 8.195623046875000000e+03 8.204258075502199063e+03
1.353626784092281014e+03 8.198916015625000000e+03 8.204259699971315058e+03
1.353647216623183340e+03 8.209121093750000000e+03 8.204261473747857963e+03
1.353667649254668504e+03 8.212178710937500000e+03 8.204263396050038864e+03
1.353688081786036491e+03 8.213534179687500000e+03 8.204265466074930373e+03
1.353708514216821641e+03 8.192726562500000000e+03 8.204267683036263406e+03
1.353728946848306805e+03 8.191228515625000000e+03 8.204270046183750310e+03
1.353749379379209131e+03 8.207155273437500000e+03 8.204272554699569810e+03
1.353769811910577118e+03 8.212139648437500000e+03 8.204275207811006112e+03
1.353790244441479445e+03 8.207466796875000000e+03 8.204278004733883790e+03
1.353810676972381771e+03 8.186532226562500000e+03 8.204280944684214774e+03
1.353831109603401273e+03 8.206070312500000000e+03 8.204284026893394184e+03
1.353851542034652084e+03 8.216860351562500000e+03 8.204287250531098834e+03
1.353871974565554410e+03 8.201824218750000000e+03 8.204290614859477500e+03
1.353892407196573913e+03 8.192750976562500000e+03 8.204294119096619397e+03
1.353912839627359062e+03 8.206878906250000000e+03 8.204297762405927642e+03
1.353933272158261389e+03 8.211647460937500000e+03 8.204301544055892009e+03
1.353953704689163715e+03 8.199394531250000000e+03 8.204305463244952989e+03
1.353974137220066041e+03 8.211495117187500000e+03 8.204309519189051571e+03
1.353994569850619882e+03 8.201948242187500000e+03 8.204313711124916153e+03
1.354015002281405032e+03 8.206699218750000000e+03 8.204318038206070923e+03
1.354035434812307358e+03 8.196109375000000000e+03 8.204322499710982811e+03
1.354055867443326861e+03 8.198995117187500000e+03 8.204327094857573684e+03
1.354076299874112010e+03 8.203169921875000000e+03 8.204331822793266838e+03
1.354096732404548675e+03 8.214363281250000000e+03 8.204336682802420910e+03
1.354117165035568178e+03 8.207500976562500000e+03 8.204341674103148762e+03
1.354137597465887666e+03 8.214797851562500000e+03 8.204346795836832825e+03
1.354158029996789992e+03 8.209267578125000000e+03 8.204352047293987198e+03
1.354178462627343833e+03 8.201412109375000000e+03 8.204357427692228157e+03
1.354198895058128983e+03 8.194426757812500000e+03 8.204362936167708540e+03
1.354219327688682824e+03 8.209542968750000000e+03 8.204368572044091707e+03
1.354239760219119489e+03 8.203342773437500000e+03 8.204374334455535063e+03
1.354260192749556154e+03 8.212980468750000000e+03 8.204380222645293543e+03
1.354280625279992819e+03 8.207845703125000000e+03 8.204386235829315410e+03
1.354301057810429484e+03 8.200305664062500000e+03 8.204392373223548930e+03
1.354321490340866148e+03 8.204270507812500000e+03 8.204398634043940547e+03
1.354341922871302813e+03 8.207403320312500000e+03 8.204405017506443983e+03
1.354362355401739478e+03 8.209279296875000000e+03 8.204411522827005683e+03
1.354382787932176143e+03 8.202073242187500000e+03 8.204418149221573913e+03
1.354403220562729985e+03 8.201446289062500000e+03 8.204424895939449925e+03
1.354423652993049473e+03 8.199291992187500000e+03 8.204431762096530292e+03
1.354444085623603314e+03 8.196603515625000000e+03 8.204438747043326657e+03
1.354464518153574318e+03 8.207762695312500000e+03 8.204445849893823834e+03
1.354484950583893806e+03 8.204770507812500000e+03 8.204453069862567645e+03
1.354505383214447647e+03 8.211906250000000000e+03 8.204460406272330147e+03
1.354525815744418651e+03 8.202589843750000000e+03 8.204467858231904756e+03
1.354546248174738139e+03 8.197305664062500000e+03 8.204475424955886410e+03
1.354566680805291981e+03 8.202827148437500000e+03 8.204483105772120325e+03
1.354587113335262984e+03 8.200835937500000000e+03 8.204490899784314024e+03
1.354607545765582472e+03 8.205835937500000000e+03 8.204498806207106099e+03
1.354627978395670652e+03 8.200593750000000000e+03 8.204506824373132986e+03
1.354648410925641656e+03 8.207694335937500000e+03 8.204514953381480154e+03
1.354668843456078321e+03 8.195721679687500000e+03 8.204523192487296910e+03
1.354689275986049324e+03 8.209183593750000000e+03 8.204531540906154987e+03
1.354709708415903151e+03 8.205726562500000000e+03 8.204539997812491492e+03
1.354730141045991331e+03 8.199351562500000000e+03 8.204548562547359325e+03
1.354750573576427996e+03 8.194995117187500000e+03 8.204557234201802203e+03
1.354771006106399000e+03 8.200477539062500000e+03 8.204566012033074003e+03
1.354791438636370003e+03 8.205048828125000000e+03 8.204574895257319440e+03
1.354811871166341007e+03 8.205167968750000000e+03 8.204583883090490417e+03
1.354832303696312010e+03 8.207261718750000000e+03 8.204592974748531560e+03
1.354852736226283014e+03 8.209828125000000000e+03 8.204602169447394772e+03
1.354873168756254017e+03 8.199782226562500000e+03 8.204611466403026498e+03
1.354893601385876536e+03 8.201553710937500000e+03 8.204620864877462736e+03
1.354914033915847540e+03 8.200219726562500000e+03 8.204630363994969230e+03
1.354934466345701367e+03 8.202922851562500000e+03 8.204639962969813496e+03
1.354954898975789547e+03 8.202630859375000000e+03 8.204649661159772222e+03
1.354975331505760550e+03 8.206061523437500000e+03 8.204659457638965250e+03
1.354995763935614377e+03 8.202797851562500000e+03 8.204669351621898386e+03
1.355016196565236896e+03 8.204460937500000000e+03 8.204679342470446500e+03
1.355036629095207900e+03 8.208272460937500000e+03 8.204689429254862262e+03
1.355057061525061727e+03 8.205494140625000000e+03 8.204699611189458665e+03
1.355077494154684246e+03 8.201599609375000000e+03 8.204709887640319721e+03
1.355097926684189588e+03 8.199718750000000000e+03 8.204720257673256128e+03
1.355118359314277768e+03 8.198856445312500000e+03 8.204730720606075920e+03
1.355138791743665934e+03 8.209604492187500000e+03 8.204741275499769472e+03
1.355159224273636937e+03 8.210386718750000000e+03 8.204751921725242937e+03
1.355179656903259456e+03 8.221873046875000000e+03 8.204762658499301324e+03
1.355200089333113283e+03 8.199458007812500000e+03 8.204773484879893658e+03
1.355240954392123967e+03 8.199813476562500000e+03 8.204795403745865769e+03
1.355261386922094971e+03 8.207273437500000000e+03 8.204806494610818845e+03
1.355281819451600313e+03 8.205323242187500000e+03 8.204817672051256523e+03
1.355302251981105655e+03 8.203654296875000000e+03 8.204828935283385363e+03
1.355322684510610998e+03 8.214300781250000000e+03 8.204840283523149992e+03
1.355343117140233517e+03 8.199711914062500000e+03 8.204851716042721819e+03
1.355363549569621682e+03 8.204639648437500000e+03 8.204863231889386952e+03
1.355383982099592686e+03 8.212009765625000000e+03 8.204874830448019566e+03
1.355404414728749543e+03 8.202500000000000000e+03 8.204886510934988110e+03
1.355424847158137709e+03 8.203103515625000000e+03 8.204898272394739251e+03
1.355445279687643051e+03 8.205984375000000000e+03 8.204910114215252179e+03
1.355465712317265570e+03 8.200418945312500000e+03 8.204922035613652042e+03
1.355486144846770912e+03 8.205918945312500000e+03 8.204934035689057055e+03
1.355506577276159078e+03 8.207534179687500000e+03 8.204946113656264060e+03
1.355527009905781597e+03 8.200847656250000000e+03 8.204958268909336766e+03
1.355547442435286939e+03 8.204898437500000000e+03 8.204970500486106175e+03
1.355567875064443797e+03 8.198822265625000000e+03 8.204982807722106372e+03
1.355588307493831962e+03 8.213791015625000000e+03 8.204995189652378031e+03
1.355608740023337305e+03 8.204505859375000000e+03 8.205007645674053492e+03
1.355629172652959824e+03 8.214446289062500000e+03 8.205020175004166958e+03
1.355649605082347989e+03 8.202742187500000000e+03 8.205032776673957414e+03
1.355670037611387670e+03 8.207705078125000000e+03 8.205045450083789547e+03
1.355690470241010189e+03 8.208316406250000000e+03 8.205058194451245072e+03
1.355710902669932693e+03 8.201739257812500000e+03 8.205071008803832228e+03
1.355731335199438035e+03 8.205091796875000000e+03 8.205083892545939307e+03
1.355751767828594893e+03 8.205891601562500000e+03 8.205096844893942034e+03
1.355772200257983059e+03 8.197613281250000000e+03 8.205109864873487822e+03
1.355792632887139916e+03 8.200601562500000000e+03 8.205122951955107055e+03
1.355813065416645259e+03 8.210624023437500000e+03 8.205136105163470347e+03
1.355833497846033424e+03 8.201842773437500000e+03 8.205149323713252670e+03
1.355853930475190282e+03 8.205477539062500000e+03 8.205162607014894093e+03
1.355874363004229963e+03 8.215935546875000000e+03 8.205175954089851075e+03
1.355894795533735305e+03 8.202571289062500000e+03 8.205189364219309937e+03
1.355915228062774986e+03 8.204085937500000000e+03 8.205202836618609581e+03
1.355935660591814667e+03 8.206716796875000000e+03 8.205216370504003862e+03
1.355956093121320009e+03 8.205728515625000000e+03 8.205229965091752092e+03
1.355976525650359690e+03 8.197157226562500000e+03 8.205243619597182260e+03
1.355996958179399371e+03 8.194182617187500000e+03 8.205257333236550039e+03
1.356017390608787537e+03 8.208029296875000000e+03 8.205271105158501086e+03
1.356037823237944394e+03 8.202155273437500000e+03 8.205284934781224365e+03
1.356058255766984075e+03 8.206447265625000000e+03 8.205298821118110936e+03
1.356078688396140933e+03 8.196346679687500000e+03 8.205312763521185843e+03
1.356099120825063437e+03 8.204975585937500000e+03 8.205326761001042541e+03
1.356119553354568779e+03 8.214986328125000000e+03 8.205340812979307884e+03
1.356139985983259976e+03 8.204213867187500000e+03 8.205354918671757332e+03
1.356160418412648141e+03 8.200255859375000000e+03 8.205369077087894766e+03
1.356180850941687822e+03 8.195996093750000000e+03 8.205383287650434795e+03
1.356201283570844680e+03 8.203965820312500000e+03 8.205397549576413439e+03
1.356221715999767184e+03 8.199677734375000000e+03 8.205411861871756628e+03
1.356242148528806865e+03 8.209324218750000000e+03 8.205426223962434960e+03
1.356262581157963723e+03 8.196817382812500000e+03 8.205440635065120659e+03
1.356283013586886227e+03 8.210585937500000000e+03 8.205455094183573237e+03
1.356303446216043085e+03 8.205477539062500000e+03 8.205469600817124956e+03
1.356323878745082766e+03 8.199558593750000000e+03 8.205484153968829560e+03
1.356344311174005270e+03 8.211129882812500000e+03 8.205498752853960468e+03
1.356364743803162128e+03 8.199396484375000000e+03 8.205513396903399553e+03
1.356385176332201809e+03 8.201667968750000000e+03 8.205528085118159652e+03
1.356405608860775828e+03 8.211966796875000000e+03 8.205542816785498871e+03
1.356426041389815509e+03 8.211120117187500000e+03 8.205557591122040321e+03
1.356446473918855190e+03 8.207366210937500000e+03 8.205572407343393934e+03
1.356466906447894871e+03 8.208581054687500000e+03 8.205587264665509792e+03
1.356487338976934552e+03 8.204886718750000000e+03 8.205602162304337980e+03
1.356507771505974233e+03 8.209551757812500000e+03 8.205617099475826763e+03
1.356528204134665430e+03 8.203972656250000000e+03 8.205632075469056872e+03
1.356548636663705111e+03 8.202118164062500000e+03 8.205647089353898991e+03
1.356569069092627615e+03 8.210687500000000000e+03 8.205662140345404623e+03
1.356589501721784472e+03 8.198436523437500000e+03 8.205677227881042199e+03
1.356609934150706977e+03 8.212513671875000000e+03 8.205692350881050515e+03
1.356630366679746658e+03 8.212497070312500000e+03 8.205707508783430967e+03
1.356650799308437854e+03 8.203770507812500000e+03 8.205722700804290071e+03
1.356671231737360358e+03 8.204593750000000000e+03 8.205737925936704414e+03
1.356691664266400039e+03 8.209091796875000000e+03 8.205753183619843185e+03
1.356712096895091236e+03 8.205368164062500000e+03 8.205768473069774700e+03
1.356732529324013740e+03 8.197520507812500000e+03 8.205783793278165831e+03
1.356752961952704936e+03 8.208824218750000000e+03 8.205799143760536026e+03
1.356773394481744617e+03 8.212578125000000000e+03 8.205814523508110142e+03
1.356793826910667121e+03 8.198057617187500000e+03 8.205829931736056096e+03
1.356814259539358318e+03 8.211387695312500000e+03 8.205845367886677195e+03
1.356834692068397999e+03 8.204082031250000000e+03 8.205860830949923184e+03
1.356855124497320503e+03 8.208065429687500000e+03 8.205876320140996540e+03
1.356875557126011699e+03 8.212789062500000000e+03 8.205891834903375639e+03
1.356895989655051380e+03 8.202674804687500000e+03 8.205907374225835156e+03
1.356916422183625400e+03 8.207200195312500000e+03 8.205922937399576767e+03
1.356936854712665081e+03 8.208071289062500000e+03 8.205938523641256324e+03
1.356957287241704762e+03 8.201831054687500000e+03 8.205954132166469208e+03
1.356977719870395958e+03 8.205334960937500000e+03 8.205969762267446640e+03
1.356998152299318463e+03 8.200757812500000000e+03 8.205985412930936945e+03
1.357018584827892482e+03 8.205372070312500000e+03 8.206001083602091967e+03
1.357039017456583679e+03 8.203184570312500000e+03 8.206016773497494796e+03
1.357059449885506183e+03 8.207384765625000000e+03 8.206032481602687767e+03
1.357079882414545864e+03 8.202714843750000000e+03 8.206048207364030532e+03
1.357100315043237060e+03 8.198341796875000000e+03 8.206063949997371310e+03
1.357120747572276741e+03 8.200233398437500000e+03 8.206079708565093824e+03
1.357141180000733584e+03 8.207777343750000000e+03 8.206095482282202283e+03
1.357161612629890442e+03 8.200159179687500000e+03 8.206111270597342809e+03
1.357182045158464462e+03 8.202252929687500000e+03 8.206127072493763990e+03
1.357202477687504143e+03 8.205773437500000000e+03 8.206142887265465106e+03
1.357222910216078162e+03 8.210000976562500000e+03 8.206158714127670464e+03
1.357243342745117843e+03 8.205292968750000000e+03 8.206174552297052287e+03
1.357263775273691863e+03 8.209511718750000000e+03 8.206190400988838519e+03
1.357284207802265882e+03 8.206251953125000000e+03 8.206206259419335765e+03
1.357304640231188387e+03 8.210378906250000000e+03 8.206222126727090654e+03
1.357325072860345244e+03 8.204181640625000000e+03 8.206238002360993050e+03
1.357345505388919264e+03 8.202678710937500000e+03 8.206253885303325660e+03
1.357365937817841768e+03 8.200593750000000000e+03 8.206269774770658842e+03
1.357386370446532965e+03 8.218198242187500000e+03 8.206285670211829711e+03
1.357406802975106984e+03 8.204278320312500000e+03 8.206301570609533883e+03
1.357427235603798181e+03 8.203370117187500000e+03 8.206317475335539712e+03
1.357447668032720685e+03 8.200590820312500000e+03 8.206333383372329990e+03
1.357468100561760366e+03 8.202591796875000000e+03 8.206349294169316636e+03
1.357488533190451562e+03 8.199869140625000000e+03 8.206365206942115037e+03
1.357508965619374067e+03 8.201107421875000000e+03 8.206381120673482656e+03
1.357529398147948086e+03 8.212779296875000000e+03 8.206397034812562197e+03
1.357549830776639283e+03 8.217851562500000000e+03 8.206412948575663904e+03
1.357570263205561787e+03 8.207062500000000000e+03 8.206428860945183260e+03
1.357590695734135807e+03 8.206235351562500000e+03 8.206444771370261151e+03
1.357611128363292664e+03 8.209259765625000000e+03 8.206460679067533420e+03
1.357631560891866684e+03 8.210360351562500000e+03 8.206476583096335162e+03
1.357651993420906365e+03 8.200437500000000000e+03 8.206492482751287753e+03
1.357672425949480385e+03 8.220248046875000000e+03 8.206508377247620956e+03
1.357692858478054404e+03 8.202545898437500000e+03 8.206524265801643196e+03
1.357713291007094085e+03 8.207906250000000000e+03 8.206540147629664716e+03
1.357733723535668105e+03 8.205237304687500000e+03 8.206556021946911642e+03
1.357754156064707786e+03 8.205256835937500000e+03 8.206571887970058015e+03
1.357774588693398982e+03 8.210920898437500000e+03 8.206587744991998989e+03
1.357795021122321486e+03 8.210333007812500000e+03 8.206603591996390605e+03
1.357815453650895506e+03 8.198667968750000000e+03 8.206619428431476990e+03
1.357835886279586703e+03 8.196942382812500000e+03 8.206635253513406496e+03
1.357856318708509207e+03 8.204873046875000000e+03 8.206651066225955219e+03
1.357876751337200403e+03 8.205468750000000000e+03 8.206666866094268698e+03
1.357897183866240084e+03 8.195900390625000000e+03 8.206682652102668726e+03
1.357917616295162588e+03 8.204542968750000000e+03 8.206698423466950771e+03
1.357938048923853785e+03 8.195104492187500000e+03 8.206714179634429456e+03
1.357958481352776289e+03 8.199823242187500000e+03 8.206729919512967172e+03
1.357978913881350309e+03 8.215098632812500000e+03 8.206745642549281911e+03
1.357999346510507166e+03 8.209711914062500000e+03 8.206761347959789418e+03
1.358019778938964009e+03 8.197480468750000000e+03 8.206777034728993385e+03
1.358040211468003690e+03 8.198938476562500000e+03 8.206792702304286649e+03
1.358060644096694887e+03 8.216265625000000000e+03 8.206808349900613393e+03
1.358081076525617391e+03 8.206338867187500000e+03 8.206823976504776510e+03
1.358101509154308587e+03 8.200696289062500000e+03 8.206839581638281743e+03
1.358121941683348268e+03 8.210975585937500000e+03 8.206855164288239393e+03
1.358142374211922288e+03 8.223841796875000000e+03 8.206870723746404110e+03
1.358162806740961969e+03 8.211535156250000000e+03 8.206886259229437201e+03
1.358183239270001650e+03 8.199743164062500000e+03 8.206901769952928589e+03
1.358224104327615350e+03 8.207708007812500000e+03 8.206932713984739166e+03
1.358244536856189370e+03 8.210667968750000000e+03 8.206948145724956703e+03
1.358264969385229051e+03 8.210279296875000000e+03 8.206963549569782117e+03
1.358285402013920248e+03 8.197487304687500000e+03 8.206978924809727687e+03
1.358305834442842752e+03 8.220164062500000000e+03 8.206994270435647195e+03
1.358326267071999609e+03 8.209990234375000000e+03 8.207009585963905920e+03
1.358346699601039290e+03 8.206816406250000000e+03 8.207024870385092072e+03
1.358367132029496133e+03 8.214021484375000000e+03 8.207040122915270331e+03
1.358387564658652991e+03 8.205073242187500000e+03 8.207055342995059618e+03
1.358407997187692672e+03 8.206759765625000000e+03 8.207070529616083149e+03
1.358428429616615176e+03 8.201372070312500000e+03 8.207085681994794868e+03
1.358448862245306373e+03 8.213453125000000000e+03 8.207100799569274386e+03
1.358469294774346054e+03 8.204962890625000000e+03 8.207115881333680591e+03
1.358489727203268558e+03 8.200944335937500000e+03 8.207130926504147283e+03
1.358510159832425416e+03 8.208553710937500000e+03 8.207145934517513524e+03
1.358530592360999435e+03 8.204272460937500000e+03 8.207160904368500269e+03
1.358551024990156293e+03 8.204497070312500000e+03 8.207175835420428484e+03
1.358571457419078797e+03 8.209764648437500000e+03 8.207190726669716241e+03
1.358591889848001301e+03 8.204755859375000000e+03 8.207205577478835039e+03
1.358612322477158159e+03 8.207052734375000000e+03 8.207220387208675675e+03
1.358632755006197840e+03 8.213278320312500000e+03 8.207235154857180532e+03
1.358653187534771860e+03 8.204697265625000000e+03 8.207249879712635448e+03
1.358673620063811541e+03 8.208545898437500000e+03 8.207264560991658072e+03
1.358694052592851222e+03 8.211865234375000000e+03 8.207279197909860159e+03
1.358714485222008079e+03 8.216394531250000000e+03 8.207293789754578029e+03
1.358734917650930583e+03 8.205876953125000000e+03 8.207308335527601230e+03
1.358755350179970264e+03 8.199693359375000000e+03 8.207322834659040382e+03
1.358775782809127122e+03 8.209257812500000000e+03 8.207337286364145257e+03
1.358796215338166803e+03 8.203353515625000000e+03 8.207351689717248519e+03
1.358816647767089307e+03 8.210768554687500000e+03 8.207366043935006019e+03
1.358837080396246165e+03 8.214785156250000000e+03 8.207380348444008632e+03
1.358857512925285846e+03 8.210988281250000000e+03 8.207394602249567470e+03
1.358877945354208350e+03 8.200588867187500000e+03 8.207408804568382038e+03
1.358898377983365208e+03 8.202671875000000000e+03 8.207422954824789485e+03
1.358918810512404889e+03 8.204581054687500000e+03 8.207437052026347374e+03
1.358939243141561747e+03 8.207986328125000000e+03 8.207451095527147118e+03
1.358959675570949912e+03 8.214764648437500000e+03 8.207465084337422013e+03
1.358980108099989593e+03 8.207376953125000000e+03 8.207479017878522427e+03
1.359000540729146451e+03 8.202472656250000000e+03 8.207492895365887307e+03
1.359020973158068955e+03 8.212300781250000000e+03 8.207506715811894537e+03
1.359041405687574297e+03 8.209429687500000000e+03 8.207520478636386542e+03
1.359061838316731155e+03 8.212059570312500000e+03 8.207534183053825473e+03
1.359082270745653659e+03 8.206626953125000000e+03 8.207547828079461397e+03
1.359102703274693340e+03 8.204251953125000000e+03 8.207561413130255460e+03
1.359123135904315859e+03 8.210553710937500000e+03 8.207574937421582945e+03
1.359143568333238363e+03 8.206908203125000000e+03 8.207588399970420141e+03
1.359164000962395221e+03 8.205370117187500000e+03 8.207601800256881688e+03
1.359184433491900563e+03 8.208209960937500000e+03 8.207615137299781054e+03
1.359204865920823067e+03 8.204439453125000000e+03 8.207628410315393921e+03
1.359225298550445586e+03 8.206699218750000000e+03 8.207641618714909782e+03
1.359245730979368091e+03 8.214237304687500000e+03 8.207654761454805339e+03
1.359266163508873433e+03 8.213204101562500000e+03 8.207667837945304200e+03
1.359286596138030291e+03 8.207037109375000000e+03 8.207680847400779385e+03
1.359307028567418456e+03 8.214724609375000000e+03 8.207693788847034739e+03
1.359327461096458137e+03 8.208743164062500000e+03 8.207706661690170222e+03
1.359347893726080656e+03 8.207971679687500000e+03 8.207719465145701179e+03
1.359368326255120337e+03 8.209076171875000000e+03 8.207732198303525365e+03
1.359388758784625679e+03 8.202589843750000000e+03 8.207744860443070138e+03
1.359409191314131021e+03 8.211757812500000000e+03 8.207757450780001818e+03
1.359429623843636364e+03 8.193358398437500000e+03 8.207769968530263213e+03
1.359450056372676045e+03 8.208115234375000000e+03 8.207782412909524282e+03
1.359470488902181387e+03 8.198204101562500000e+03 8.207794783134297177e+03
1.359490921431686729e+03 8.212677734375000000e+03 8.207807078420251855e+03
1.359511354060843587e+03 8.199516601562500000e+03 8.207819298042741138e+03
1.359531786490697414e+03 8.207534179687500000e+03 8.207831441039490528e+03
1.359552219019737095e+03 8.210893554687500000e+03 8.207843506804398203e+03
1.359572651649359614e+03 8.201907226562500000e+03 8.207855494553099561e+03
1.359593084078747779e+03 8.204982421875000000e+03 8.207867403325635678e+03
1.359613516708370298e+03 8.207082031250000000e+03 8.207879232571354805e+03
1.359633949237875640e+03 8.213652343750000000e+03 8.207890981331733201e+03
1.359654381667263806e+03 8.206333007812500000e+03 8.207902648823906929e+03
1.359674814296886325e+03 8.206815429687500000e+03 8.207914234434734681e+03
1.359695246826391667e+03 8.203741210937500000e+03 8.207925737209257932e+03
1.359715679256245494e+03 8.198041015625000000e+03 8.207937156364907423e+03
1.359736111885868013e+03 8.207704101562500000e+03 8.207948491284347256e+03
1.359756544415373355e+03 8.209716796875000000e+03 8.207959741016555199e+03
1.359776976944878697e+03 8.215295898437500000e+03 8.207970904833220629e+03
1.359797409474384040e+03 8.209448242187500000e+03 8.207981981950293630e+03
1.359817842003889382e+03 8.211218750000000000e+03 8.207992971583726103e+03
1.359838274633977562e+03 8.207655273437500000e+03 8.208003873002908222e+03
1.359858707063365728e+03 8.202979492187500000e+03 8.208014685263700812e+03
1.359879139593336731e+03 8.208088867187500000e+03 8.208025407742137759e+03
1.359899572122842073e+03 8.213676757812500000e+03 8.208036039600481672e+03
1.359920004652347416e+03 8.210271484375000000e+03 8.208046580054926380e+03
1.359940437182318419e+03 8.212559570312500000e+03 8.208057028485913179e+03
1.359960869711823761e+03 8.203764648437500000e+03 8.208067384930320259e+03
1.359981302241794765e+03 8.206104492187500000e+03 8.208077649590293731e+03
1.360001734771765769e+03 8.203423828125000000e+03 8.208087822667281216e+03
1.360022167401388288e+03 8.207044921875000000e+03 8.208097904411904892e+03
1.360042599831242114e+03 8.201701171875000000e+03 8.208107894878776278e+03
1.360063032460864633e+03 8.208033203125000000e+03 8.208117794464935287e+03
1.360083464990835637e+03 8.210045898437500000e+03 8.208127603226315841e+03
1.360103897420689464e+03 8.206450195312500000e+03 8.208137321365709795e+03
1.360124330050777644e+03 8.221879882812500000e+03 8.208146949226982542e+03
1.360144762580748647e+03 8.212748046875000000e+03 8.208156486869624132e+03
1.360165195010602474e+03 8.213300781250000000e+03 8.208165934496635600e+03
1.360185627640224993e+03 8.201056640625000000e+03 8.208175292447704123e+03
1.360206060170195997e+03 8.208326171875000000e+03 8.208184560786718066e+03
1.360226492600515485e+03 8.212854492187500000e+03 8.208193739716662094e+03
1.360246925230138004e+03 8.207858398437500000e+03 8.208202829572865085e+03
1.360267357760109007e+03 8.205573242187500000e+03 8.208211830423357242e+03
1.360287790390197188e+03 8.214805664062500000e+03 8.208220742557819904e+03
1.360308222820516676e+03 8.200282226562500000e+03 8.208229566047775734e+03
1.360328655350487679e+03 8.210630859375000000e+03 8.208238301224855604e+03
1.360349087980575860e+03 8.213487304687500000e+03 8.208246948289646753e+03
1.360369520410895348e+03 8.205208984375000000e+03 8.208255507317557203e+03
1.360389952940866351e+03 8.214078125000000000e+03 8.208263978636337924e+03
1.360410385570954531e+03 8.205014648437500000e+03 8.208272362446576153e+03
1.360430818100925535e+03 8.210034179687500000e+03 8.208280658867790407e+03
1.360451250531245023e+03 8.209728515625000000e+03 8.208288868103130881e+03
1.360471683161333203e+03 8.209962890625000000e+03 8.208296990473934784e+03
1.360492115691769868e+03 8.213938476562500000e+03 8.208305026062218531e+03
1.360512548221740872e+03 8.205414062500000000e+03 8.208312975109307445e+03
1.360532980752177536e+03 8.205205078125000000e+03 8.208320837817238498e+03
1.360553413182497025e+03 8.205337890625000000e+03 8.208328614349618874e+03
1.360573845812585205e+03 8.209728515625000000e+03 8.208336305021632143e+03
1.360594278343021870e+03 8.215525390625000000e+03 8.208343909921628438e+03
1.360614710773341358e+03 8.201425781250000000e+03 8.208351429252365051e+03
1.360635143403895199e+03 8.212211914062500000e+03 8.208358863325429411e+03
1.360655575934331864e+03 8.209436523437500000e+03 8.208366212232598627e+03
1.360676008564420044e+03 8.200711914062500000e+03 8.208373476247401413e+03
1.360696440995205194e+03 8.217658203125000000e+03 8.208380655465854943e+03
1.360716873525641859e+03 8.212227539062500000e+03 8.208387750195306580e+03
1.360737306155730039e+03 8.207625000000000000e+03 8.208394760636192586e+03
1.360757738586515188e+03 8.198988281250000000e+03 8.208401686888239055e+03
1.360778171116951853e+03 8.207352539062500000e+03 8.208408529255080794e+03
1.360798603747505695e+03 8.209060546875000000e+03 8.208415287937326866e+03
1.360819036177825183e+03 8.212064453125000000e+03 8.208421963037915702e+03
1.360839468708727509e+03 8.204262695312500000e+03 8.208428554857411655e+03
1.360859901339281350e+03 8.202293945312500000e+03 8.208435063595970860e+03
1.360880333770066500e+03 8.211708984375000000e+03 8.208441489360502601e+03
1.360900766400620341e+03 8.205389648437500000e+03 8.208447832478337659e+03
1.360921198931057006e+03 8.201453125000000000e+03 8.208454093057454884e+03
1.360941631361842155e+03 8.211842773437500000e+03 8.208460271300882596e+03
1.360962063992395997e+03 8.212453125000000000e+03 8.208466367500235719e+03
1.360982496523298323e+03 8.205517578125000000e+03 8.208472381767252955e+03
1.361002929054200649e+03 8.209993164062500000e+03 8.208478314333544404e+03
1.361023361585102975e+03 8.215145507812500000e+03 8.208484165400792335e+03
1.361043794115539640e+03 8.216422851562500000e+03 8.208489935170542594e+03
1.361064226646441966e+03 8.212222656250000000e+03 8.208495623844739384e+03
1.361084659177344292e+03 8.217115234375000000e+03 8.208501231624926731e+03
1.361105091708246619e+03 8.215459960937500000e+03 8.208506758712785086e+03
1.361125524339266121e+03 8.211956054687500000e+03 8.208512205336484840e+03
1.361145956770051271e+03 8.205759765625000000e+03 8.208517571618231159e+03
1.361166389300953597e+03 8.204614257812500000e+03 8.208522857839177959e+03
1.361207254362758249e+03 8.211201171875000000e+03 8.208533190825910424e+03
1.361227686894126236e+03 8.205583984375000000e+03 8.208538237995169766e+03
1.361248119525145739e+03 8.209923828125000000e+03 8.208543205907881202e+03
1.361268551955930889e+03 8.218687500000000000e+03 8.208548094693400344e+03
1.361288984487298876e+03 8.209571289062500000e+03 8.208552904625958035e+03
1.361309417118318379e+03 8.207136718750000000e+03 8.208557635905857751e+03
1.361329849549569190e+03 8.209333007812500000e+03 8.208562288666020322e+03
1.361350282180588692e+03 8.213784179687500000e+03 8.208566863199110230e+03
1.361370714711956680e+03 8.207162109375000000e+03 8.208571359639192451e+03
1.361391147143207490e+03 8.214958007812500000e+03 8.208575778188987897e+03
1.361411579774226993e+03 8.207918945312500000e+03 8.208580119114460103e+03
1.361432012305594981e+03 8.204989257812500000e+03 8.208584382553104660e+03
1.361452444736845791e+03 8.210254882812500000e+03 8.208588568707635204e+03
1.361472877368330956e+03 8.214075195312500000e+03 8.208592677840702891e+03
1.361493309899698943e+03 8.212950195312500000e+03 8.208596710093017464e+03
1.361513742431066930e+03 8.212918945312500000e+03 8.208600665686579305e+03
1.361534174962434918e+03 8.202013671875000000e+03 8.208604544823068863e+03
1.361554607493802905e+03 8.213082031250000000e+03 8.208608347704164771e+03
1.361575040125288069e+03 8.202972656250000000e+03 8.208612074549619138e+03
1.361595472557004541e+03 8.200466796875000000e+03 8.208615725506970193e+03
1.361615905088372529e+03 8.210226562500000000e+03 8.208619300831956934e+03
1.361636337719857693e+03 8.210423828125000000e+03 8.208622800725228444e+03
1.361656770251691341e+03 8.213556640625000000e+03 8.208626225354248163e+03
1.361677202682942152e+03 8.209960937500000000e+03 8.208629574921638778e+03
1.361697635314892977e+03 8.200210937500000000e+03 8.208632849677920603e+03
1.361718067846260965e+03 8.203739257812500000e+03 8.208636049775939682e+03
1.361738500277977437e+03 8.214674804687500000e+03 8.208639175418609739e+03
1.361758932909928262e+03 8.198902343750000000e+03 8.208642226852944077e+03
1.361779365441761911e+03 8.204687500000000000e+03 8.208645204235217534e+03
1.361799797973129898e+03 8.197751953125000000e+03 8.208648107782173611e+03
1.361820230504963547e+03 8.205379882812500000e+03 8.208650937695632820e+03
1.361840663036797196e+03 8.209792968750000000e+03 8.208653694177197394e+03
1.361861095568630844e+03 8.209341796875000000e+03 8.208656377428553242e+03
1.361881528100930154e+03 8.213549804687500000e+03 8.208658987651433563e+03
1.361901960632763803e+03 8.202105468750000000e+03 8.208661525047400573e+03
1.361922393164597452e+03 8.205859375000000000e+03 8.208663989818194750e+03
1.361942825696431100e+03 8.211305664062500000e+03 8.208666382165491086e+03
1.361963258328381926e+03 8.210829101562500000e+03 8.208668702302165912e+03
1.361983690760564059e+03 8.213235351562500000e+03 8.208670950396368426e+03
1.362004123292863369e+03 8.212988281250000000e+03 8.208673126683303053e+03
1.362024555924814194e+03 8.224625000000000000e+03 8.208675231363544299e+03
1.362044988356996328e+03 8.198274414062500000e+03 8.208677264608455516e+03
1.362065420889295638e+03 8.211331054687500000e+03 8.208679226650081546e+03
1.362085853521246463e+03 8.207115234375000000e+03 8.208681117689011444e+03
1.362106285953428596e+03 8.219192382812500000e+03 8.208682937899735407e+03
1.362126718485727906e+03 8.217578125000000000e+03 8.208684687511160519e+03
1.362147151118144393e+03 8.206889648437500000e+03 8.208686366723934043e+03
1.362167583550326526e+03 8.210273437500000000e+03 8.208687975715569337e+03
1.362188016182743013e+03 8.213173828125000000e+03 8.208689514719279032e+03
1.362208448715042323e+03 8.215383789062500000e+03 8.208690983913606033e+03
1.362228881247341633e+03 8.211557617187500000e+03 8.208692383507939667e+03
1.362249313780106604e+03 8.213729492187500000e+03 8.208693713703993126e+03
1.362269746312405914e+03 8.210479492187500000e+03 8.208694974703383195e+03
1.362290178844705224e+03 8.211025390625000000e+03 8.208696166707817611e+03
1.362310611477587372e+03 8.205613281250000000e+03 8.208697289924337383e+03
1.362331043909769505e+03 8.207095703125000000e+03 8.208698344538561287e+03
1.362351476442534477e+03 8.209606445312500000e+03 8.208699330768227810e+03
1.362371909075416625e+03 8.216921875000000000e+03 8.208700248813984217e+03
1.362392341508064419e+03 8.205216796875000000e+03 8.208701098864516098e+03
1.362412774140480906e+03 8.206348632812500000e+03 8.208701881138145836e+03
1.362433206673245877e+03 8.201757812500000000e+03 8.208702595824592208e+03
1.362453639105893672e+03 8.214497070312500000e+03 8.208703243126508823e+03
1.362474071738775820e+03 8.205403320312500000e+03 8.208703823254592862e+03
1.362494504171889275e+03 8.206894531250000000e+03 8.208704336399165186e+03
1.362514936704654247e+03 8.219542968750000000e+03 8.208704782769913436e+03
1.362535369337536395e+03 8.210107421875000000e+03 8.208705162567553998e+03
1.362555801770649850e+03 8.203339843750000000e+03 8.208705475988674152e+03
1.362576234303414822e+03 8.221812500000000000e+03 8.208705723240032967e+03
1.362596666936296970e+03 8.212119140625000000e+03 8.208705904522345008e+03
1.362617099369410425e+03 8.213160156250000000e+03 8.208706020035115216e+03
1.362637532002292573e+03 8.212544921875000000e+03 8.208706069982279587e+03
1.362657964535523206e+03 8.212632812500000000e+03 8.208706054564301667e+03
1.362678397068753839e+03 8.196118164062500000e+03 8.208705973983269359e+03
1.362698829601984471e+03 8.203257812500000000e+03 8.208705828440855839e+03
1.362719262135215104e+03 8.203295898437500000e+03 8.208705618138743375e+03
1.362739694668445736e+03 8.214430664062500000e+03 8.208705343278612418e+03
1.362760127201676369e+03 8.212604492187500000e+03 8.208705004062139778e+03
1.362780559734907001e+03 8.201621093750000000e+03 8.208704600691002270e+03
1.362800992268137634e+03 8.208241210937500000e+03 8.208704133366882161e+03
1.362821424901485443e+03 8.213709960937500000e+03 8.208703602288702314e+03
1.362841857335064560e+03 8.220288085937500000e+03 8.208703007666397752e+03
1.362862289968412369e+03 8.211673828125000000e+03 8.208702349690021947e+03
1.362882722502108663e+03 8.201347656250000000e+03 8.208701628570432149e+03
1.362903154935687780e+03 8.203281250000000000e+03 8.208700844510249226e+03
1.362923587569035590e+03 8.204240234375000000e+03 8.208699997699182859e+03
1.362944020102731884e+03 8.210397460937500000e+03 8.208699088350862439e+03
1.362964452536311001e+03 8.218951171875000000e+03 8.208698116667903378e+03
1.362984885170124471e+03 8.201252929687500000e+03 8.208697082837243215e+03
1.363005317703820765e+03 8.206509765625000000e+03 8.208695987075303492e+03
1.363025750337634236e+03 8.205384765625000000e+03 8.208694829573021707e+03
1.363046182771213353e+03 8.207200195312500000e+03 8.208693610549551522e+03
1.363066615304909647e+03 8.193760742187500000e+03 8.208692330189101995e+03
1.363087047839071602e+03 8.213828125000000000e+03 8.208690988699141599e+03
1.363107480372767895e+03 8.212956054687500000e+03 8.208689586281412630e+03
1.363127912906929851e+03 8.198632812500000000e+03 8.208688123137528237e+03
1.363148345440626144e+03 8.214515625000000000e+03 8.208686599469236171e+03
1.363168777974788100e+03 8.210654296875000000e+03 8.208685015478145942e+03
1.363189210508950055e+03 8.210833984375000000e+03 8.208683371365968924e+03
1.363209643042646348e+03 8.211029296875000000e+03 8.208681667334425583e+03
1.363230075576808304e+03 8.203213867187500000e+03 8.208679903585114516e+03
1.363250508211087435e+03 8.218843750000000000e+03 8.208678080310679434e+03
1.363270940645132214e+03 8.204788085937500000e+03 8.208676197740029238e+03
1.363291373179759830e+03 8.216775390625000000e+03 8.208674256047566814e+03
1.363311805814038962e+03 8.206541992187500000e+03 8.208672255434190447e+03
1.363332238248083740e+03 8.216795898437500000e+03 8.208670196131373814e+03
1.363352670782711357e+03 8.204313476562500000e+03 8.208668078310911369e+03
1.363373103416990489e+03 8.209526367187500000e+03 8.208665902173714130e+03
1.363393535951152444e+03 8.205659179687500000e+03 8.208663667942744723e+03
1.363413968385662884e+03 8.202360351562500000e+03 8.208661375820480316e+03
1.363434401020407677e+03 8.201466796875000000e+03 8.208659025974531687e+03
1.363454833555035293e+03 8.206503906250000000e+03 8.208656618640696252e+03
1.363475266089662910e+03 8.209676757812500000e+03 8.208654154009280319e+03
1.363495698624290526e+03 8.203788085937500000e+03 8.208651632281964339e+03
1.363516131158918142e+03 8.200941406250000000e+03 8.208649053660425125e+03
1.363536563793662935e+03 8.205595703125000000e+03 8.208646418333293695e+03
1.363556996228173375e+03 8.203735351562500000e+03 8.208643726541398792e+03
1.363577428762800992e+03 8.205717773437500000e+03 8.208640978447268935e+03
1.363597861398011446e+03 8.204103515625000000e+03 8.208638174251693272e+03
1.363618293832521886e+03 8.205118164062500000e+03 8.208635314198103515e+03
1.363638726467732340e+03 8.213838867187500000e+03 8.208632398432004265e+03
1.363659159002825618e+03 8.207439453125000000e+03 8.208629427197583937e+03
1.363679591437801719e+03 8.215972656250000000e+03 8.208626400697336067e+03
1.363700024072546512e+03 8.209547851562500000e+03 8.208623319088119388e+03
1.363720456607639790e+03 8.201139648437500000e+03 8.208620182616365128e+03
1.363740889043081552e+03 8.208787109375000000e+03 8.208616991484554092e+03
1.363761321677826345e+03 8.206873046875000000e+03 8.208613745847276732e+03
1.363781754213385284e+03 8.202569335937500000e+03 8.208610445953221642e+03
1.363802186648361385e+03 8.209112304687500000e+03 8.208607092005093364e+03
1.363822619283571839e+03 8.212229492187500000e+03 8.208603684154797520e+03
1.363843051819130778e+03 8.212905273437500000e+03 8.208600222653627497e+03
1.363863484354689717e+03 8.211985351562500000e+03 8.208596707686776426e+03
1.363883916889782995e+03 8.211909179687500000e+03 8.208593139456006611e+03
1.363904349425341934e+03 8.202654296875000000e+03 8.208589518162831155e+03
1.363924781960900873e+03 8.208902343750000000e+03 8.208585844009014181e+03
1.363945214496459812e+03 8.213030273437500000e+03 8.208582117196228864e+03
1.363965647032018751e+03 8.206678710937500000e+03 8.208578337926159293e+03
1.363986079567577690e+03 8.216614257812500000e+03 8.208574506400487735e+03
1.364006512103136629e+03 8.199924804687500000e+03 8.208570622820883727e+03
1.364026944639161229e+03 8.205518554687500000e+03 8.208566687388942228e+03
1.364047377274837345e+03 8.202143554687500000e+03 8.208562700286856852e+03
1.364067809710744768e+03 8.212262695312500000e+03 8.208558661775115979e+03
1.364088242346420884e+03 8.209333984375000000e+03 8.208554571976426814e+03
1.364108674882445484e+03 8.210622070312500000e+03 8.208550431152027159e+03
1.364129107318352908e+03 8.195489257812500000e+03 8.208546239504434197e+03
1.364149539954494685e+03 8.216186523437500000e+03 8.208541997173342679e+03
1.364190404926426709e+03 8.202377929687500000e+03 8.208533361454079568e+03
1.364210837562568486e+03 8.203086914062500000e+03 8.208528968405798878e+03
1.364231270098593086e+03 8.200215820312500000e+03 8.208524525543460186e+03
1.364251702534966171e+03 8.207654296875000000e+03 8.208520033069375131e+03
1.364272135171107948e+03 8.211876953125000000e+03 8.208515491119023864e+03
1.364292567707598209e+03 8.212189453125000000e+03 8.208510899960281677e+03
1.364313000343739986e+03 8.214580078125000000e+03 8.208506259750043682e+03
1.364333432780113071e+03 8.212767578125000000e+03 8.208501570758347953e+03
1.364353865316603333e+03 8.207239257812500000e+03 8.208496833118409995e+03
1.364374297953210771e+03 8.209349609375000000e+03 8.208492047031195398e+03
1.364394730389583856e+03 8.209834960937500000e+03 8.208487212769094185e+03
1.364415162926539779e+03 8.210296875000000000e+03 8.208482330462960817e+03
1.364435595463030040e+03 8.212578125000000000e+03 8.208477400338271764e+03
1.364456027999520302e+03 8.207874023437500000e+03 8.208472422596591059e+03
1.364476460636127740e+03 8.211252929687500000e+03 8.208467397414864536e+03
1.364496893072966486e+03 8.202568359375000000e+03 8.208462325068863720e+03
1.364517325609922409e+03 8.222313476562500000e+03 8.208457205686170710e+03
1.364537758246995509e+03 8.207041992187500000e+03 8.208452039467771101e+03
1.364558190783485770e+03 8.207256835937500000e+03 8.208446826666098787e+03
1.364578623220790178e+03 8.205705078125000000e+03 8.208441567483150720e+03
1.364599055857397616e+03 8.199093750000000000e+03 8.208436262043444003e+03
1.364619488394819200e+03 8.205878906250000000e+03 8.208430910625818797e+03
1.364639920831657946e+03 8.201544921875000000e+03 8.208425513432992375e+03
1.364660353468731046e+03 8.203960937500000000e+03 8.208420070586853399e+03
1.364680786006152630e+03 8.206802734375000000e+03 8.208414582368623087e+03
1.364701218643225729e+03 8.201559570312500000e+03 8.208409048926452670e+03
1.364721651080530137e+03 8.210816406250000000e+03 8.208403470543442381e+03
1.364742083617951721e+03 8.208431640625000000e+03 8.208397847339721920e+03
1.364762516255490482e+03 8.211237304687500000e+03 8.208392179516313263e+03
1.364782948692794889e+03 8.201176757812500000e+03 8.208386467358543086e+03
1.364803381230216473e+03 8.214000000000000000e+03 8.208380710984441976e+03
1.364823813867755234e+03 8.204054687500000000e+03 8.208374910595044639e+03
1.364844246305525303e+03 8.217543945312500000e+03 8.208369066477484012e+03
1.364864678842946887e+03 8.210741210937500000e+03 8.208363178748113569e+03
1.364885111480951309e+03 8.212366210937500000e+03 8.208357247607709724e+03
1.364905543918255717e+03 8.200498046875000000e+03 8.208351273345728259e+03
1.364925976556260139e+03 8.213998046875000000e+03 8.208345256046475697e+03
1.364946409094147384e+03 8.204742187500000000e+03 8.208339195999909862e+03
1.364966841531917453e+03 8.215005859375000000e+03 8.208333093408335117e+03
1.364987274169921875e+03 8.210807617187500000e+03 8.208326948383411946e+03
1.365007706707809120e+03 8.204582031250000000e+03 8.208320761216838946e+03
1.365028139245696366e+03 8.205532226562500000e+03 8.208314532080288700e+03
1.365048571784049273e+03 8.209492187500000000e+03 8.208308261175296138e+03
1.365069004321936518e+03 8.202567382812500000e+03 8.208301948703825474e+03
1.365089436860289425e+03 8.196916992187500000e+03 8.208295594867273394e+03
1.365109869398642331e+03 8.216995117187500000e+03 8.208289199867454954e+03
1.365130301936995238e+03 8.206023437500000000e+03 8.208282763906056061e+03
1.365150734475348145e+03 8.216443359375000000e+03 8.208276287184751709e+03
1.365171167013701051e+03 8.204019531250000000e+03 8.208269769905222347e+03
1.365191599552053958e+03 8.208638671875000000e+03 8.208263212269148426e+03
1.365212032090406865e+03 8.213232421875000000e+03 8.208256614478206757e+03
1.365232464629225433e+03 8.209847656250000000e+03 8.208249976733924996e+03
1.365252897167578340e+03 8.203709960937500000e+03 8.208243299238287364e+03
1.365273329806514084e+03 8.207427734375000000e+03 8.208236582159657701e+03
1.365293762245215476e+03 8.197129882812500000e+03 8.208229825798895035e+03
1.365314194883685559e+03 8.209351562500000000e+03 8.208223030225415641e+03
1.365334627422504127e+03 8.208102539062500000e+03 8.208216195740189505e+03
1.365355059861671180e+03 8.209028320312500000e+03 8.208209322545466421e+03
1.365375492500141263e+03 8.196366210937500000e+03 8.208202410742076609e+03
1.365395925039425492e+03 8.214788085937500000e+03 8.208195460632392496e+03
1.365416357478126884e+03 8.200051757812500000e+03 8.208188472419124082e+03
1.365436790117528290e+03 8.210998046875000000e+03 8.208181446200629580e+03
1.365457222656346858e+03 8.205162109375000000e+03 8.208174382281911676e+03
1.365477655095513910e+03 8.200646484375000000e+03 8.208167280864883651e+03
1.365498087734915316e+03 8.200673828125000000e+03 8.208160142046719557e+03
1.365518520274199545e+03 8.212448242187500000e+03 8.208152966133760856e+03
1.365538952913600951e+03 8.207165039062500000e+03 8.208145753257369506e+03
1.365559385352768004e+03 8.217123046875000000e+03 8.208138503725520422e+03
1.365579817892517895e+03 8.207313476562500000e+03 8.208131217633430424e+03
1.365600250531919301e+03 8.217264648437500000e+03 8.208123895182572596e+03
1.365620682971552014e+03 8.208555664062500000e+03 8.208116536682198785e+03
1.365641115511301905e+03 8.206632812500000000e+03 8.208109142226250697e+03
1.365661548150703311e+03 8.210291992187500000e+03 8.208101712016050442e+03
1.365681980690453202e+03 8.206587890625000000e+03 8.208094246325748827e+03
1.365702413230203092e+03 8.203576171875000000e+03 8.208086745320886621e+03
1.365722845669835806e+03 8.213354492187500000e+03 8.208079209240142518e+03
1.365743278310168535e+03 8.213224609375000000e+03 8.208071638173991232e+03
1.365763710849918425e+03 8.211988281250000000e+03 8.208064032435495392e+03
1.365784143390133977e+03 8.215260742187500000e+03 8.208056392188971586e+03
1.365804575829766691e+03 8.202750000000000000e+03 8.208048717674138970e+03
1.365825008470099419e+03 8.212436523437500000e+03 8.208041008979260369e+03
1.365845441010314971e+03 8.204948242187500000e+03 8.208033266419257416e+03
1.365865873450413346e+03 8.201835937500000000e+03 8.208025490196301689e+03
1.365886306090746075e+03 8.205123046875000000e+03 8.208017680397519143e+03
1.365906738630961627e+03 8.204243164062500000e+03 8.208009837339144724e+03
1.365927171271294355e+03 8.200051757812500000e+03 8.208001961145999303e+03
1.365947603711858392e+03 8.207077148437500000e+03 8.207994052135598395e+03
1.365968036252539605e+03 8.207254882812500000e+03 8.207986110393785566e+03
1.365988468892872334e+03 8.209127929687500000e+03 8.207978136121939315e+03
1.366008901333436370e+03 8.219394531250000000e+03 8.207970129638835715e+03
1.366029333874117583e+03 8.199759765625000000e+03 8.207962091028875875e+03
1.366049766514915973e+03 8.212497070312500000e+03 8.207954020493270946e+03
1.366070198955945671e+03 8.217763671875000000e+03 8.207945918352377703e+03
1.366090631496626884e+03 8.218832031250000000e+03 8.207937784689382170e+03
1.366111064137425274e+03 8.212511718750000000e+03 8.207929619705319055e+03
1.366131496578454971e+03 8.209944335937500000e+03 8.207921423721927567e+03
1.366151929219719023e+03 8.207913085937500000e+03 8.207913196780436920e+03
1.366172361760400236e+03 8.201533203125000000e+03 8.207904939203421236e+03
1.366192794201895595e+03 8.206541992187500000e+03 8.207896651192444551e+03
1.366213226843159646e+03 8.201346679687500000e+03 8.207888332827697013e+03
1.366233659384306520e+03 8.211536132812500000e+03 8.207879984432720448e+03
1.366254091925453395e+03 8.212217773437500000e+03 8.207871606168515427e+03
1.366274524467065930e+03 8.208935546875000000e+03 8.207863198236564131e+03
1.366294957008212805e+03 8.199120117187500000e+03 8.207854760838932634e+03
1.366315389549825341e+03 8.212724609375000000e+03 8.207846294176912124e+03
1.366335822091437876e+03 8.206431640625000000e+03 8.207837798452377683e+03
1.366356254633050412e+03 8.219718750000000000e+03 8.207829273867006123e+03
1.366376687174662948e+03 8.208011718750000000e+03 8.207820720622479712e+03
1.366397119716275483e+03 8.208860351562500000e+03 8.207812138920471625e+03
1.366417552258353680e+03 8.210254882812500000e+03 8.207803528962471319e+03
1.366437984900083393e+03 8.210498046875000000e+03 8.207794890908153320e+03
1.366458417342044413e+03 8.214042968750000000e+03 8.207786225085981641e+03
1.366478849884122610e+03 8.213479492187500000e+03 8.207777531570658539e+03
1.366499282525852323e+03 8.200847656250000000e+03 8.207768810563651641e+03
1.366519714967813343e+03 8.202843750000000000e+03 8.207760062394641864e+03
1.366540147610008717e+03 8.196957031250000000e+03 8.207751287094042709e+03
1.366560580152552575e+03 8.208561523437500000e+03 8.207742484992129903e+03
1.366581012594513595e+03 8.205353515625000000e+03 8.207733656291382431e+03
1.366601445237174630e+03 8.203813476562500000e+03 8.207724801063093764e+03
1.366621877779252827e+03 8.207317382812500000e+03 8.207715919639329513e+03
1.366642310221679509e+03 8.215634765625000000e+03 8.207707012221741024e+03
1.366662742864340544e+03 8.205197265625000000e+03 8.207698078881088804e+03
1.366683175406884402e+03 8.206670898437500000e+03 8.207689119950176973e+03
1.366703607849776745e+03 8.205460937500000000e+03 8.207680135630851510e+03
1.366724040492437780e+03 8.208091796875000000e+03 8.207671125992954330e+03
1.366744473034981638e+03 8.206430664062500000e+03 8.207662091370208145e+03
1.366764905678108335e+03 8.210273437500000000e+03 8.207653031875555826e+03
1.366785338121000677e+03 8.211544921875000000e+03 8.207643947844229842e+03
1.366805770663544536e+03 8.207996093750000000e+03 8.207634839344766078e+03
1.366826203306671232e+03 8.201883789062500000e+03 8.207625706578071913e+03
1.366846635750029236e+03 8.212906250000000000e+03 8.207616549880251114e+03
1.366867068293038756e+03 8.205084960937500000e+03 8.207607369318975543e+03
1.366887500936165452e+03 8.197828125000000000e+03 8.207598165095363584e+03
1.366907933479640633e+03 8.212513671875000000e+03 8.207588937501086548e+03
1.366928365922532976e+03 8.207863281250000000e+03 8.207579686738590681e+03
1.366948798566125333e+03 8.205035156250000000e+03 8.207570412872973975e+03
1.366969231109600514e+03 8.193375000000000000e+03 8.207561116242281059e+03
1.366989663653075695e+03 8.207081054687500000e+03 8.207551797002808598e+03
1.367010096196550876e+03 8.201999023437500000e+03 8.207542455356237042e+03
1.367030528740491718e+03 8.207609375000000000e+03 8.207533091504028562e+03
1.367050961283966899e+03 8.209275390625000000e+03 8.207523705648291070e+03
1.367071393827907741e+03 8.207639648437500000e+03 8.207514297990277555e+03
1.367091826271731406e+03 8.208605468750000000e+03 8.207504868778136370e+03
1.367112258915789425e+03 8.221016601562500000e+03 8.207495418074777263e+03
1.367132691459730268e+03 8.201756835937500000e+03 8.207485946220649566e+03
1.367173556547611952e+03 8.205670898437500000e+03 8.207466939728034049e+03
1.367193989092018455e+03 8.212203125000000000e+03 8.207457405492687030e+03
1.367214421736076474e+03 8.205608398437500000e+03 8.207447850820382882e+03
1.367234854180365801e+03 8.202827148437500000e+03 8.207438276052964284e+03
1.367255286724772304e+03 8.204966796875000000e+03 8.207428681251731177e+03
1.367275719369295985e+03 8.219763671875000000e+03 8.207419066618065699e+03
1.367296151813585311e+03 8.215834960937500000e+03 8.207409432495127476e+03
1.367316584358457476e+03 8.207130859375000000e+03 8.207399778942897683e+03
1.367337017002981156e+03 8.204036132812500000e+03 8.207390106163211385e+03
1.367357449447736144e+03 8.207373046875000000e+03 8.207380414499639301e+03
1.367377882092259824e+03 8.211447265625000000e+03 8.207370703964341374e+03
1.367398314637131989e+03 8.205402343750000000e+03 8.207360974901164809e+03
1.367418747182004154e+03 8.215845703125000000e+03 8.207351227464472686e+03
1.367439179726876318e+03 8.205441406250000000e+03 8.207341461855945454e+03
1.367459612272214144e+03 8.194388671875000000e+03 8.207331678277038009e+03
1.367480044817086309e+03 8.204986328125000000e+03 8.207321876929876453e+03
1.367500477362424135e+03 8.220904296875000000e+03 8.207312058015693765e+03
1.367520909907761961e+03 8.206251953125000000e+03 8.207302221736394131e+03
1.367541342453099787e+03 8.207044921875000000e+03 8.207292368293654363e+03
1.367561775098089129e+03 8.207940429687500000e+03 8.207282497840971700e+03
1.367582207543775439e+03 8.202270507812500000e+03 8.207272610724570768e+03
1.367602640189230442e+03 8.206816406250000000e+03 8.207262706953020825e+03
1.367623072734568268e+03 8.209582031250000000e+03 8.207252786873237710e+03
1.367643505180254579e+03 8.204662109375000000e+03 8.207242850686910970e+03
1.367663937826175243e+03 8.208263671875000000e+03 8.207232898449770801e+03
1.367684370371978730e+03 8.200533203125000000e+03 8.207222930509673461e+03
1.367704802817665040e+03 8.206724609375000000e+03 8.207212947068526773e+03
1.367725235463585705e+03 8.202680664062500000e+03 8.207202948181144166e+03
1.367745667909737676e+03 8.198677734375000000e+03 8.207192934244949356e+03
1.367766100555658340e+03 8.208662109375000000e+03 8.207182905265808586e+03
1.367786533101927489e+03 8.215589843750000000e+03 8.207172861592256595e+03
1.367806965548079461e+03 8.211343750000000000e+03 8.207162803426417668e+03
1.367827398194000125e+03 8.209437500000000000e+03 8.207152730822239391e+03
1.367847830740734935e+03 8.213190429687500000e+03 8.207142644128673055e+03
1.367868263186886907e+03 8.202559570312500000e+03 8.207132543548294052e+03
1.367888695833273232e+03 8.211239257812500000e+03 8.207122429133973128e+03
1.367909128380008042e+03 8.207704101562500000e+03 8.207112301235738414e+03
1.367929560926277190e+03 8.215270507812500000e+03 8.207102160006203121e+03
1.367949993473012000e+03 8.206690429687500000e+03 8.207092005646583857e+03
1.367970426019746810e+03 8.207559570312500000e+03 8.207081838358792083e+03
1.367990858666598797e+03 8.213263671875000000e+03 8.207071658294597000e+03
1.368011291113682091e+03 8.206694335937500000e+03 8.207061465805178159e+03
1.368031723660416901e+03 8.205304687500000000e+03 8.207051260942946101e+03
1.368052156307734549e+03 8.204585937500000000e+03 8.207041043908935535e+03
1.368072588754817843e+03 8.205543945312500000e+03 8.207030815055331914e+03
1.368093021302018315e+03 8.198569335937500000e+03 8.207020574433539878e+03
1.368113453948870301e+03 8.219799804687500000e+03 8.207010322245303541e+03
1.368133886496536434e+03 8.206567382812500000e+03 8.207000058792067648e+03
1.368154318943619728e+03 8.197726562500000000e+03 8.206989784276382125e+03
1.368174751591403037e+03 8.206140625000000000e+03 8.206979498748341939e+03
1.368195184138603508e+03 8.206960937500000000e+03 8.206969202561209386e+03
1.368215616786386818e+03 8.209695312500000000e+03 8.206958895815294454e+03
1.368236049233935773e+03 8.203926757812500000e+03 8.206948578864095907e+03
1.368256481781601906e+03 8.203716796875000000e+03 8.206938251757710532e+03
1.368276914329733700e+03 8.199006835937500000e+03 8.206927914748106559e+03
1.368297346877399832e+03 8.205805664062500000e+03 8.206917568037439196e+03
1.368317779425531626e+03 8.213390625000000000e+03 8.206907211826912317e+03
1.368338211973663419e+03 8.209500000000000000e+03 8.206896846318444659e+03
1.368358644521795213e+03 8.212250000000000000e+03 8.206886471713714855e+03
1.368379077170044184e+03 8.202234375000000000e+03 8.206876088163498935e+03
