1.005559617056045681e+03 8.249109375000000000e+03 8.254840749732542463e+03
1.005580049753189087e+03 8.254899414062500000e+03 8.254856021000534383e+03
1.005600482350680977e+03 8.253132812500000000e+03 8.254871160560520366e+03
1.005620914948172867e+03 8.265984375000000000e+03 8.254886168870314577e+03
1.005641347545664757e+03 8.262119140625000000e+03 8.254901046312948893e+03
1.005661780143156648e+03 8.263451171875000000e+03 8.254915793271438815e+03
1.005682212841231376e+03 8.259777343750000000e+03 8.254930410200446204e+03
1.005702645339071751e+03 8.262361328125000000e+03 8.254944897268745990e+03
1.005743510635569692e+03 8.244434570312500000e+03 8.254973483995452625e+03
1.005763943133875728e+03 8.256186523437500000e+03 8.254987584209786291e+03
1.005784375732298940e+03 8.258084960937500000e+03 8.255001556307504870e+03
1.005804808431304991e+03 8.260668945312500000e+03 8.255015400670061354e+03
1.005825240930076689e+03 8.246483398437500000e+03 8.255029117477590262e+03
1.005845673528965563e+03 8.256556640625000000e+03 8.255042707315682492e+03
1.005866106227971613e+03 8.255916015625000000e+03 8.255056170565494540e+03
1.005886538727208972e+03 8.259652343750000000e+03 8.255069507413376414e+03
1.005906971426680684e+03 8.250556640625000000e+03 8.255082718503439537e+03
1.005927404026035219e+03 8.247067382812500000e+03 8.255095804023585515e+03
1.005947836525738239e+03 8.257969726562500000e+03 8.255108764358978078e+03
1.005968269225675613e+03 8.251520507812500000e+03 8.255121600081924043e+03
1.005988701825495809e+03 8.244458984375000000e+03 8.255134311385862020e+03
1.006009134325198829e+03 8.254455078125000000e+03 8.255146898655631958e+03
1.006029567025601864e+03 8.265943359375000000e+03 8.255159362458662144e+03
1.006049999625887722e+03 8.249085937500000000e+03 8.255171702993564395e+03
1.006070432126522064e+03 8.259155273437500000e+03 8.255183920645446051e+03
1.006090864826925099e+03 8.263691406250000000e+03 8.255196015975467162e+03
1.006111297427676618e+03 8.265816406250000000e+03 8.255207989188509600e+03
1.006131730128545314e+03 8.252769531250000000e+03 8.255219840784655389e+03
1.006152162629645318e+03 8.255975585937500000e+03 8.255231570973872294e+03
1.006172595230862498e+03 8.253035156250000000e+03 8.255243180312227196e+03
1.006193027932196856e+03 8.245969726562500000e+03 8.255254669180976634e+03
1.006213460433762521e+03 8.252188476562500000e+03 8.255266037795396187e+03
1.006233893035445362e+03 8.251545898437500000e+03 8.255277286706243103e+03
1.006254325737245381e+03 8.248945312500000000e+03 8.255288416294784838e+03
1.006274758338928223e+03 8.258152343750000000e+03 8.255299426834975748e+03
1.006295190941076726e+03 8.253266601562500000e+03 8.255310318764913973e+03
1.006315623543225229e+03 8.247616210937500000e+03 8.255321092467367635e+03
1.006336056145373732e+03 8.261339843750000000e+03 8.255331748325355875e+03
1.006356488747987896e+03 8.252442382812500000e+03 8.255342286722145218e+03
1.006376921350602061e+03 8.257642578125000000e+03 8.255352708040514699e+03
1.006397353953216225e+03 8.252651367187500000e+03 8.255363012663478003e+03
1.006417786556296051e+03 8.250876953125000000e+03 8.255373200974296196e+03
1.006438219159375876e+03 8.259583984375000000e+03 8.255383273355751953e+03
1.006458651662338525e+03 8.253115234375000000e+03 8.255393230142366519e+03
1.006479084365535527e+03 8.254040039062500000e+03 8.255403071862670913e+03
1.006499516969081014e+03 8.262794921875000000e+03 8.255412798754399773e+03
1.006519949672743678e+03 8.263468750000000000e+03 8.255422411295670827e+03
1.006540382176171988e+03 8.264755859375000000e+03 8.255431909729044492e+03
1.006560814780183136e+03 8.257543945312500000e+03 8.255441294578218731e+03
1.006581247484311461e+03 8.267434570312500000e+03 8.255450566224333670e+03
1.006601679988671094e+03 8.257073242187500000e+03 8.255459724915157494e+03
1.006622112592682242e+03 8.256483398437500000e+03 8.255468771168752937e+03
1.006642545297276229e+03 8.258646484375000000e+03 8.255477705366904047e+03
1.006662977801635861e+03 8.262384765625000000e+03 8.255486527761922844e+03
1.006683410406578332e+03 8.350161132812500000e+03 8.255495238867530134e+03
1.006703843111637980e+03 8.255507812500000000e+03 8.255503839064918793e+03
1.006724275616463274e+03 8.256290039062500000e+03 8.255512328611499470e+03
1.006744708321522921e+03 8.254318359375000000e+03 8.255520708056692456e+03
1.006765140926931053e+03 8.261463867187500000e+03 8.255528977659723751e+03
1.006785573432222009e+03 8.247560546875000000e+03 8.255537137805033126e+03
1.006806006138212979e+03 8.256165039062500000e+03 8.255545188994978162e+03
1.006826438743621111e+03 8.255305664062500000e+03 8.255553131493064939e+03
1.006846871349494904e+03 8.248073242187500000e+03 8.255560965722392211e+03
1.006867303955834359e+03 8.251334960937500000e+03 8.255568692065973664e+03
1.006887736561708152e+03 8.254666015625000000e+03 8.255576310906481012e+03
1.006908169268164784e+03 8.252798828125000000e+03 8.255583822663829778e+03
1.006928601774852723e+03 8.265098632812500000e+03 8.255591227611403156e+03
1.006949034381192178e+03 8.244034179687500000e+03 8.255598526241514264e+03
1.006969467088114470e+03 8.245005859375000000e+03 8.255605718935967161e+03
1.006989899694919586e+03 8.256963867187500000e+03 8.255612806007120525e+03
1.007010332202073187e+03 8.254266601562500000e+03 8.255619787839712444e+03
1.007030764909461141e+03 8.245969726562500000e+03 8.255626664918458118e+03
1.007051197516731918e+03 8.255373046875000000e+03 8.255633437524522378e+03
1.007071630024351180e+03 8.248722656250000000e+03 8.255640106042614207e+03
1.007092062731739134e+03 8.266849609375000000e+03 8.255646670952708519e+03
1.007112495239824057e+03 8.253116210937500000e+03 8.255653132509609350e+03
1.007132927947677672e+03 8.261986328125000000e+03 8.255659491222530050e+03
1.007153360555879772e+03 8.256734375000000000e+03 8.255665747380568064e+03
1.007173793063964695e+03 8.253186523437500000e+03 8.255671901368095860e+03
1.007194225772283971e+03 8.256445312500000000e+03 8.255677953657856051e+03
1.007214658380951732e+03 8.253380859375000000e+03 8.255683904543289827e+03
1.007235090889502317e+03 8.246958007812500000e+03 8.255689754408767840e+03
1.007255523598287255e+03 8.267930664062500000e+03 8.255695503722563444e+03
1.007275956207420677e+03 8.259243164062500000e+03 8.255701152782576173e+03
1.007296388716436923e+03 8.249939453125000000e+03 8.255706701973167583e+03
1.007316821425687522e+03 8.254586914062500000e+03 8.255712151758198161e+03
1.007337254035286605e+03 8.249497070312500000e+03 8.255717502439974851e+03
1.007357686744537205e+03 8.247972656250000000e+03 8.255722754453716334e+03
1.007378119254484773e+03 8.266935546875000000e+03 8.255727908106318864e+03
1.007398551864549518e+03 8.246250976562500000e+03 8.255732963857044524e+03
1.007418984574265778e+03 8.251948242187500000e+03 8.255737922087366314e+03
1.007439417084679008e+03 8.254343750000000000e+03 8.255742783108473304e+03
1.007459849694743752e+03 8.248484375000000000e+03 8.255747547375223803e+03
1.007480282405391335e+03 8.255707031250000000e+03 8.255752215269436419e+03
1.007500715015921742e+03 8.256001953125000000e+03 8.255756787128280848e+03
1.007521147526800632e+03 8.249323242187500000e+03 8.255761263336295087e+03
1.007541580237448215e+03 8.262789062500000000e+03 8.255765644341383450e+03
1.007562012848444283e+03 8.251132812500000000e+03 8.255769930461683543e+03
1.007582445459906012e+03 8.263318359375000000e+03 8.255774122101905959e+03
1.007602878071367741e+03 8.258793945312500000e+03 8.255778219644975252e+03
1.007623310682829469e+03 8.256514648437500000e+03 8.255782223473910562e+03
1.007643743394408375e+03 8.248989257812500000e+03 8.255786133990673989e+03
1.007664175906218588e+03 8.253747070312500000e+03 8.255789951521568582e+03
1.007684608518145978e+03 8.254963867187500000e+03 8.255793676506331394e+03
1.007705041230190545e+03 8.255954101562500000e+03 8.255797309326626419e+03
1.007725473742466420e+03 8.252185546875000000e+03 8.255800850312829425e+03
1.007745906454976648e+03 8.250377929687500000e+03 8.255804299917286698e+03
1.007766338967718184e+03 8.257206054687500000e+03 8.255807658455478304e+03
1.007786771580111235e+03 8.253673828125000000e+03 8.255810926360314625e+03
1.007807204293087125e+03 8.252855468750000000e+03 8.255814104013643373e+03
1.007827636806294322e+03 8.249884765625000000e+03 8.255817191752421422e+03
1.007848069419153035e+03 8.250312500000000000e+03 8.255820190005590121e+03
1.007868502132594585e+03 8.254839843750000000e+03 8.255823099154991723e+03
1.007888934646267444e+03 8.260065429687500000e+03 8.255825919541532130e+03
1.007909367259591818e+03 8.259612304687500000e+03 8.255828651590218215e+03
1.007929799973499030e+03 8.251611328125000000e+03 8.255831295682895870e+03
1.007950232487637550e+03 8.257750976562500000e+03 8.255833852164369091e+03
1.007970665201544762e+03 8.252294921875000000e+03 8.255836321467646485e+03
1.007991097815800458e+03 8.260982421875000000e+03 8.255838703938925391e+03
1.008011530330404639e+03 8.255004882812500000e+03 8.255840999962500064e+03
1.008031963044777513e+03 8.252112304687500000e+03 8.255843209954406120e+03
1.008052395659498870e+03 8.258179687500000000e+03 8.255845334264648045e+03
1.008072828274220228e+03 8.256384765625000000e+03 8.255847373287233495e+03
1.008093260889407247e+03 8.259085937500000000e+03 8.255849327405234362e+03
1.008113693504594266e+03 8.255731445312500000e+03 8.255851197001622495e+03
1.008134126119781286e+03 8.262176757812500000e+03 8.255852982459426130e+03
1.008154558835085481e+03 8.256905273437500000e+03 8.255854684169795291e+03
1.008174991350620985e+03 8.255455078125000000e+03 8.255856302491394672e+03
1.008195424066390842e+03 8.257816406250000000e+03 8.255857837838922933e+03
1.008215856682509184e+03 8.254041015625000000e+03 8.255859290572259852e+03
1.008236289198510349e+03 8.263238281250000000e+03 8.255860661075603275e+03
1.008256721914745867e+03 8.263875976562500000e+03 8.255861949751524662e+03
1.008277154531329870e+03 8.254364257812500000e+03 8.255863156963521760e+03
1.008297587047796696e+03 8.265512695312500000e+03 8.255864283095786959e+03
1.008318019764497876e+03 8.250933593750000000e+03 8.255865328547304671e+03
1.008338452381547540e+03 8.253696289062500000e+03 8.255866293685156052e+03
1.008358884998131543e+03 8.254654296875000000e+03 8.255867178897640770e+03
1.008379317615646869e+03 8.255534179687500000e+03 8.255867984567841631e+03
1.008399750133045018e+03 8.259071289062500000e+03 8.255868711075372630e+03
1.008420182850211859e+03 8.260176757812500000e+03 8.255869358813339204e+03
1.008440615467727184e+03 8.250589843750000000e+03 8.255869928154696026e+03
1.008461047985590994e+03 8.258560546875000000e+03 8.255870419483613659e+03
1.008481480703689158e+03 8.256409179687500000e+03 8.255870833189750556e+03
1.008501913321670145e+03 8.252958007812500000e+03 8.255871169649479270e+03
1.008522345940116793e+03 8.250542968750000000e+03 8.255871429248043569e+03
1.008542778558563441e+03 8.260139648437500000e+03 8.255871612368457136e+03
1.008563211177010089e+03 8.261450195312500000e+03 8.255871719393746389e+03
1.008583643895573914e+03 8.247208984375000000e+03 8.255871750706903185e+03
1.008604076414369047e+03 8.258845703125000000e+03 8.255871706691039435e+03
1.008624509033747017e+03 8.251145507812500000e+03 8.255871587729081511e+03
1.008644941752776504e+03 8.257958007812500000e+03 8.255871394202960801e+03
1.008665374372154474e+03 8.255378906250000000e+03 8.255871126497590012e+03
1.008685806891880929e+03 8.260954101562500000e+03 8.255870784997066949e+03
1.008726672231219709e+03 8.259544921875000000e+03 8.255869882131592021e+03
1.008747104750946164e+03 8.262050781250000000e+03 8.255869321539301382e+03
1.008767537471372634e+03 8.251964843750000000e+03 8.255868688676244346e+03
1.008787970091681927e+03 8.253015625000000000e+03 8.255867983934233052e+03
1.008808402711991221e+03 8.256947265625000000e+03 8.255867207693363525e+03
1.008828835332766175e+03 8.257839843750000000e+03 8.255866360336638536e+03
1.008849267953541130e+03 8.253677734375000000e+03 8.255865442247097235e+03
1.008869700674433261e+03 8.263288085937500000e+03 8.255864453802752905e+03
1.008890133195556700e+03 8.252037109375000000e+03 8.255863395401645903e+03
1.008910565816797316e+03 8.256975585937500000e+03 8.255862267411775974e+03
1.008930998538155109e+03 8.250155273437500000e+03 8.255861070215147265e+03
1.008951431059744209e+03 8.249250976562500000e+03 8.255859804212857853e+03
1.008971863681450486e+03 8.252845703125000000e+03 8.255858469769849762e+03
1.008992296403273940e+03 8.257306640625000000e+03 8.255857067268150786e+03
1.009012728925328702e+03 8.254049804687500000e+03 8.255855597111858515e+03
1.009033161647152156e+03 8.251354492187500000e+03 8.255854059655253877e+03
1.009053594169672579e+03 8.252946289062500000e+03 8.255852455311383892e+03
1.009074026792310178e+03 8.260841796875000000e+03 8.255850784440246571e+03
1.009094459515064955e+03 8.263044921875000000e+03 8.255849047423889715e+03
1.009114892037585378e+03 8.246678710937500000e+03 8.255847244671358567e+03
1.009135324660688639e+03 8.252168945312500000e+03 8.255845376539606150e+03
1.009155757383909076e+03 8.258528320312500000e+03 8.255843443410749387e+03
1.009176189907360822e+03 8.256322265625000000e+03 8.255841445696652954e+03
1.009196622630581260e+03 8.259599609375000000e+03 8.255839383741276833e+03
1.009217055254150182e+03 8.250769531250000000e+03 8.255837257957393376e+03
1.009237487878184766e+03 8.250956054687500000e+03 8.255835068718071852e+03
1.009257920502219349e+03 8.249286132812500000e+03 8.255832816406389611e+03
1.009278353126253933e+03 8.251236328125000000e+03 8.255830501405362156e+03
1.009298785750288516e+03 8.256888671875000000e+03 8.255828124098021362e+03
1.009319218374788761e+03 8.257672851562500000e+03 8.255825684867326345e+03
1.009339650999289006e+03 8.263383789062500000e+03 8.255823184096358091e+03
1.009360083624254912e+03 8.257148437500000000e+03 8.255820622168081172e+03
1.009380516349337995e+03 8.268254882812500000e+03 8.255817999452576260e+03
1.009400948874186724e+03 8.259517578125000000e+03 8.255815316371863446e+03
1.009421381599735469e+03 8.256968750000000000e+03 8.255812573256320320e+03
1.009441814224701375e+03 8.257852539062500000e+03 8.255809770528976514e+03
1.009462246750481427e+03 8.257773437500000000e+03 8.255806908573536930e+03
1.009482679476030171e+03 8.255422851562500000e+03 8.255803987730714653e+03
1.009503112101927400e+03 8.253444335937500000e+03 8.255801008425902182e+03
1.009523544628173113e+03 8.256961914062500000e+03 8.255797971042977224e+03
1.009543977354187518e+03 8.256019531250000000e+03 8.255794875920028062e+03
1.009564409981016070e+03 8.246894531250000000e+03 8.255791723484937393e+03
1.009584842507261783e+03 8.255951171875000000e+03 8.255788514121784829e+03
1.009605275234207511e+03 8.263049804687500000e+03 8.255785248165851954e+03
1.009625707861036062e+03 8.257520507812500000e+03 8.255781926047829984e+03
1.009646140587981790e+03 8.255359375000000000e+03 8.255778548118192703e+03
1.009666573115158826e+03 8.241632812500000000e+03 8.255775114809941442e+03
1.009687005742453039e+03 8.247652343750000000e+03 8.255771626456118611e+03
1.009707438370212913e+03 8.262704101562500000e+03 8.255768083456354361e+03
1.009727870997507125e+03 8.253476562500000000e+03 8.255764486193831544e+03
1.009748303625732660e+03 8.248666015625000000e+03 8.255760835051321919e+03
1.009768736253492534e+03 8.256126953125000000e+03 8.255757130412108381e+03
1.009789168881718069e+03 8.259370117187500000e+03 8.255753372659037268e+03
1.009809601610060781e+03 8.257234375000000000e+03 8.255749562156415777e+03
1.009830034138634801e+03 8.249889648437500000e+03 8.255745699343584420e+03
1.009850466767325997e+03 8.252648437500000000e+03 8.255741784547248244e+03
1.009870899496134371e+03 8.251801757812500000e+03 8.255737818149675149e+03
1.009891332125291228e+03 8.246173828125000000e+03 8.255733800572665132e+03
1.009911764654330909e+03 8.269606445312500000e+03 8.255729732200081344e+03
1.009932197383604944e+03 8.264081054687500000e+03 8.255725613354774396e+03
1.009952630013227463e+03 8.253701171875000000e+03 8.255721444479842830e+03
1.009973062542732805e+03 8.249541992187500000e+03 8.255717225959142525e+03
1.009993495272472501e+03 8.246103515625000000e+03 8.255712958113319473e+03
1.010013927902560681e+03 8.249468750000000000e+03 8.255708641387676835e+03
1.010034360632766038e+03 8.261135742187500000e+03 8.255704276123033196e+03
1.010054793163202703e+03 8.243773437500000000e+03 8.255699862766830847e+03
1.010075225793756545e+03 8.249818359375000000e+03 8.255695401637676696e+03
1.010095658524427563e+03 8.260674804687500000e+03 8.255690893117891392e+03
1.010116091054864228e+03 8.250164062500000000e+03 8.255686337657120021e+03
1.010136523685883731e+03 8.259131835937500000e+03 8.255681735571661193e+03
1.010156956417020410e+03 8.253226562500000000e+03 8.255677087243957430e+03
1.010177388948388398e+03 8.251230468750000000e+03 8.255672393125596500e+03
1.010197821579873562e+03 8.248858398437500000e+03 8.255667653531036194e+03
1.010218254311475903e+03 8.257429687500000000e+03 8.255662868842642638e+03
1.010238686843309551e+03 8.259078125000000000e+03 8.255658039513979020e+03
1.010259119575377554e+03 8.254771484375000000e+03 8.255653165833540697e+03
1.010279552207794040e+03 8.255834960937500000e+03 8.255648248255547514e+03
1.010299984740093350e+03 8.253107421875000000e+03 8.255643287163780769e+03
1.010320417472627014e+03 8.248273437500000000e+03 8.255638282868014358e+03
1.010340850004926324e+03 8.260605468750000000e+03 8.255633235849358243e+03
1.010361282637808472e+03 8.256589843750000000e+03 8.255628146416838717e+03
1.010381715370807797e+03 8.261800781250000000e+03 8.255623014952976519e+03
1.010402148004155606e+03 8.269241210937500000e+03 8.255617841890963973e+03
1.010422580537386239e+03 8.249958007812500000e+03 8.255612627614549638e+03
1.010443013270851225e+03 8.254275390625000000e+03 8.255607372429811221e+03
1.010463445904664695e+03 8.250157226562500000e+03 8.255602076796600159e+03
1.010483878538478166e+03 8.242280273437500000e+03 8.255596741072407895e+03
1.010504311172291636e+03 8.261129882812500000e+03 8.255591365640260847e+03
1.010524743806570768e+03 8.267629882812500000e+03 8.255585950883059922e+03
1.010545176540967077e+03 8.250743164062500000e+03 8.255580497157130594e+03
1.010565609075594693e+03 8.258137695312500000e+03 8.255575004925827670e+03
1.010586041710339487e+03 8.253791992187500000e+03 8.255569474491843721e+03
1.010606474445201457e+03 8.255211914062500000e+03 8.255563906237643096e+03
1.010626906979829073e+03 8.264131835937500000e+03 8.255558300628385041e+03
1.010647339715156704e+03 8.260267578125000000e+03 8.255552657937090771e+03
1.010667772350367159e+03 8.253775390625000000e+03 8.255546978629587102e+03
1.010688204885926098e+03 8.261335937500000000e+03 8.255541263089307904e+03
1.010708637621719390e+03 8.249118164062500000e+03 8.255535511615122232e+03
1.010729070257861167e+03 8.254320312500000000e+03 8.255529724674199315e+03
1.010749502793885767e+03 8.252856445312500000e+03 8.255523902650220407e+03
1.010769935530144721e+03 8.260102539062500000e+03 8.255518045840366540e+03
1.010790368166286498e+03 8.252978515625000000e+03 8.255512154713505879e+03
1.010810800702776760e+03 8.253033203125000000e+03 8.255506229653019545e+03
1.010831233439501375e+03 8.254417968750000000e+03 8.255500270954727966e+03
1.010851666076574475e+03 8.248934570312500000e+03 8.255494279088863550e+03
1.010872098813764751e+03 8.249831054687500000e+03 8.255488254379868522e+03
1.010892531350720674e+03 8.263494140625000000e+03 8.255482197299566906e+03
1.010912963988259435e+03 8.250139648437500000e+03 8.255476108142047451e+03
1.010933396725915372e+03 8.246383789062500000e+03 8.255469987289998244e+03
1.010953829263802618e+03 8.256412109375000000e+03 8.255463835216512962e+03
1.010974261901341379e+03 8.261997070312500000e+03 8.255457652214689006e+03
1.010994694539811462e+03 8.262050781250000000e+03 8.255451438697195044e+03
1.011015127177815884e+03 8.250074218750000000e+03 8.255445195047479501e+03
1.011035559816285968e+03 8.255047851562500000e+03 8.255438921648285032e+03
1.011055992454756051e+03 8.259375000000000000e+03 8.255432618882772658e+03
1.011076425093691796e+03 8.254555664062500000e+03 8.255426287133826918e+03
1.011096857832744718e+03 8.261054687500000000e+03 8.255419926753376785e+03
1.011117290471680462e+03 8.257169921875000000e+03 8.255413538186783626e+03
1.011137723010964692e+03 8.254502929687500000e+03 8.255407121817330335e+03
1.011158155750483274e+03 8.260683593750000000e+03 8.255400677933670522e+03
1.011178588390350342e+03 8.260188476562500000e+03 8.255394207013199775e+03
1.011199020930100232e+03 8.264848632812500000e+03 8.255387709439484752e+03
1.011219453670084476e+03 8.272916992187500000e+03 8.255381185499842104e+03
1.011239886309951544e+03 8.253168945312500000e+03 8.255374635673008015e+03
1.011260319050401449e+03 8.243226562500000000e+03 8.255368060277667610e+03
1.011280751591082662e+03 8.262025390625000000e+03 8.255361459793690301e+03
1.011301184231881052e+03 8.256549804687500000e+03 8.255354834507403211e+03
1.011321616972330958e+03 8.259891601562500000e+03 8.255348184801625393e+03
1.011342049513477832e+03 8.255090820312500000e+03 8.255341511156848355e+03
1.011362482154741883e+03 8.255602539062500000e+03 8.255334813858476991e+03
1.011382914896123111e+03 8.247788085937500000e+03 8.255328093289190292e+03
1.011403347437735647e+03 8.252868164062500000e+03 8.255321349930818542e+03
1.011423780079465359e+03 8.250146484375000000e+03 8.255314584067575197e+03
1.011444212821312249e+03 8.253555664062500000e+03 8.255307796082162895e+03
1.011464645363390446e+03 8.255798828125000000e+03 8.255300986457388717e+03
1.011485078105702996e+03 8.257593750000000000e+03 8.255294155442970805e+03
1.011505510748364031e+03 8.248612304687500000e+03 8.255287303522032744e+03
1.011525943390559405e+03 8.248647460937500000e+03 8.255280431044495344e+03
1.011546376033686101e+03 8.259844726562500000e+03 8.255273538392906630e+03
1.011566808676347136e+03 8.251730468750000000e+03 8.255266625950767775e+03
1.011587241319473833e+03 8.256043945312500000e+03 8.255259694100783236e+03
1.011607673963066190e+03 8.259359375000000000e+03 8.255252743225981249e+03
1.011628106606192887e+03 8.254529296875000000e+03 8.255245773709697460e+03
1.011648539250250906e+03 8.264861328125000000e+03 8.255238785934483531e+03
1.011668971893843263e+03 8.260911132812500000e+03 8.255231780283844273e+03
1.011709837181959301e+03 8.251271484375000000e+03 8.255217716887571441e+03
1.011730269826482981e+03 8.257206054687500000e+03 8.255210659907990703e+03
1.011750702471006662e+03 8.258052734375000000e+03 8.255203586584917502e+03
1.011771135215647519e+03 8.245456054687500000e+03 8.255196497266602819e+03
1.011791567760519683e+03 8.250168945312500000e+03 8.255189392440233860e+03
1.011812000405509025e+03 8.253825195312500000e+03 8.255182272384674434e+03
1.011832433151081204e+03 8.254101562500000000e+03 8.255175137482563514e+03
1.011852865696419030e+03 8.257823242187500000e+03 8.255167988222074200e+03
1.011873298341874033e+03 8.265971679687500000e+03 8.255160824881242661e+03
1.011893731087911874e+03 8.254800781250000000e+03 8.255153647842733335e+03
1.011914163633715361e+03 8.250559570312500000e+03 8.255146457595325046e+03
1.011934596379753202e+03 8.263799804687500000e+03 8.255139254381119827e+03
1.011955029026139528e+03 8.261678710937500000e+03 8.255132038688770990e+03
1.011975461572874337e+03 8.261809570312500000e+03 8.255124810901483215e+03
1.011995894319377840e+03 8.255750000000000000e+03 8.255117571296275855e+03
1.012016326966229826e+03 8.255932617187500000e+03 8.255110320362175116e+03
1.012036759513430297e+03 8.248650390625000000e+03 8.255103058482374763e+03
1.012057192260399461e+03 8.267855468750000000e+03 8.255095785933401203e+03
1.012077624907717109e+03 8.257541015625000000e+03 8.255088503204773588e+03
1.012098057655151933e+03 8.251187500000000000e+03 8.255081210608319452e+03
1.012118490203283727e+03 8.253647460937500000e+03 8.255073908633996325e+03
1.012138922851067036e+03 8.252554687500000000e+03 8.255066597558061403e+03
1.012159355598967522e+03 8.259179687500000000e+03 8.255059277763244609e+03
1.012179788247216493e+03 8.246598632812500000e+03 8.255051949704131403e+03
1.012200220795813948e+03 8.264992187500000000e+03 8.255044613763871894e+03
1.012220653544645756e+03 8.255458007812500000e+03 8.255037270217759215e+03
1.012241086193360388e+03 8.254211914062500000e+03 8.255029919556718596e+03
1.012261518742423505e+03 8.264782226562500000e+03 8.255022562163701878e+03
1.012281951491255313e+03 8.258333007812500000e+03 8.255015198313869405e+03
1.012302384040784091e+03 8.249780273437500000e+03 8.255007828534078726e+03
1.012322816790547222e+03 8.258177734375000000e+03 8.255000453063237728e+03
1.012343249440193176e+03 8.257640625000000000e+03 8.254993072392750037e+03
1.012363681990187615e+03 8.267267578125000000e+03 8.254985686905540206e+03
1.012384114739950746e+03 8.252407226562500000e+03 8.254978296876384775e+03
1.012404547390528023e+03 8.252104492187500000e+03 8.254970902796390874e+03
1.012424979940988123e+03 8.258020507812500000e+03 8.254963505048979641e+03
1.012445412691216916e+03 8.256247070312500000e+03 8.254956103908578370e+03
1.012465845342259854e+03 8.254580078125000000e+03 8.254948699866472452e+03
1.012486277893185616e+03 8.262091796875000000e+03 8.254941293306066655e+03
1.012506710644345731e+03 8.252986328125000000e+03 8.254933884501493594e+03
1.012527143295854330e+03 8.256773437500000000e+03 8.254926473944500685e+03
1.012547576047014445e+03 8.264757812500000000e+03 8.254919061945834983e+03
1.012568008598871529e+03 8.253678710937500000e+03 8.254911648996971053e+03
1.012588441250845790e+03 8.253365234375000000e+03 8.254904235372317999e+03
1.012608874002937227e+03 8.256471679687500000e+03 8.254896821454891324e+03
1.012629306555259973e+03 8.251659179687500000e+03 8.254889407736527573e+03
1.012649739207699895e+03 8.255647460937500000e+03 8.254881994491435762e+03
1.012670171960256994e+03 8.257690429687500000e+03 8.254874582102656859e+03
1.012690604513045400e+03 8.262481445312500000e+03 8.254867171061996487e+03
1.012711037165950984e+03 8.246667968750000000e+03 8.254859761643696402e+03
1.012731469918973744e+03 8.256606445312500000e+03 8.254852354230813944e+03
1.012751902572344989e+03 8.251393554687500000e+03 8.254844949278789500e+03
1.012772335226181895e+03 8.258333007812500000e+03 8.254837547134355191e+03
1.012792767879553139e+03 8.253162109375000000e+03 8.254830148180870310e+03
1.012813200533855706e+03 8.258393554687500000e+03 8.254822752800853777e+03
1.012833633187692612e+03 8.256394531250000000e+03 8.254815361377839508e+03
1.012854065841995180e+03 8.252047851562500000e+03 8.254807974294511951e+03
1.012874498496297747e+03 8.255985351562500000e+03 8.254800591934064869e+03
1.012894931151065975e+03 8.263501953125000000e+03 8.254793214679362791e+03
1.012915363805834204e+03 8.259583007812500000e+03 8.254785842913590386e+03
1.012935796560719609e+03 8.248115234375000000e+03 8.254778476983698056e+03
1.012956229116301984e+03 8.254879882812500000e+03 8.254771117380611031e+03
1.012976661771535873e+03 8.253238281250000000e+03 8.254763764379622444e+03
1.012997094526886940e+03 8.252022460937500000e+03 8.254756418363691409e+03
1.013017527082934976e+03 8.254524414062500000e+03 8.254749079823441207e+03
1.013037959738634527e+03 8.252497070312500000e+03 8.254741749034468739e+03
1.013058392494916916e+03 8.263818359375000000e+03 8.254734426379576689e+03
1.013078825050964952e+03 8.282834960937500000e+03 8.254727112349542949e+03
1.013099257707595825e+03 8.253740234375000000e+03 8.254719807219644281e+03
1.013119690464343876e+03 8.255087890625000000e+03 8.254712511373207235e+03
1.013140123020857573e+03 8.253321289062500000e+03 8.254705225300434904e+03
1.013160555778071284e+03 8.253578125000000000e+03 8.254697949241384777e+03
1.013180988435167819e+03 8.248114257812500000e+03 8.254690683686274497e+03
1.013201420992612839e+03 8.244028320312500000e+03 8.254683429017812159e+03
1.013221853750292212e+03 8.257001953125000000e+03 8.254676185512627853e+03
1.013242286408320069e+03 8.254356445312500000e+03 8.254668953660142506e+03
1.013262719065882266e+03 8.259383789062500000e+03 8.254661733808188728e+03
1.013283151724375784e+03 8.255081054687500000e+03 8.254654526339301810e+03
1.013303584382403642e+03 8.246199218750000000e+03 8.254647331636999297e+03
1.013324017040897161e+03 8.248912109375000000e+03 8.254640150083978369e+03
1.013344449699856341e+03 8.257830078125000000e+03 8.254632982063267264e+03
1.013364882358815521e+03 8.252182617187500000e+03 8.254625827958050650e+03
1.013385315117891878e+03 8.259030273437500000e+03 8.254618688116410340e+03
1.013405747776851058e+03 8.248015625000000000e+03 8.254611562991340179e+03
1.013426180336624384e+03 8.248452148437500000e+03 8.254604452965322707e+03
1.013446613096166402e+03 8.255967773437500000e+03 8.254597358317467297e+03
1.013467045756056905e+03 8.254413085937500000e+03 8.254590279534879301e+03
1.013487478315830231e+03 8.269909179687500000e+03 8.254583217000512377e+03
1.013507911076303571e+03 8.260899414062500000e+03 8.254576170993532287e+03
1.013528343736659735e+03 8.251413085937500000e+03 8.254569142000824286e+03
1.013548776397015899e+03 8.249031250000000000e+03 8.254562130370846717e+03
1.013569209057837725e+03 8.253256835937500000e+03 8.254555136486469564e+03
1.013589641619008034e+03 8.262829101562500000e+03 8.254548160764850763e+03
1.013610074379947037e+03 8.255625000000000000e+03 8.254541203486929589e+03
1.013630507041234523e+03 8.252391601562500000e+03 8.254534265137819602e+03
1.013650939602870494e+03 8.252160156250000000e+03 8.254527346100268915e+03
1.013671372364740819e+03 8.259149414062500000e+03 8.254520446655897103e+03
1.013691805026493967e+03 8.247360351562500000e+03 8.254513567289293860e+03
1.013712237588595599e+03 8.249636718750000000e+03 8.254506708383032674e+03
1.013732670350931585e+03 8.250282226562500000e+03 8.254499870219618970e+03
1.013753103013150394e+03 8.255499023437500000e+03 8.254493053282756591e+03
1.013773535775952041e+03 8.255355468750000000e+03 8.254486257888511318e+03
1.013793968338984996e+03 8.251775390625000000e+03 8.254479484519641119e+03
1.013814401001669466e+03 8.257843750000000000e+03 8.254472733459755545e+03
1.013834833764936775e+03 8.273017578125000000e+03 8.254466005091897387e+03
1.013855266328435391e+03 8.262048828125000000e+03 8.254459299897835081e+03
1.013875698992051184e+03 8.253112304687500000e+03 8.254452618162009458e+03
1.013896131755784154e+03 8.254334960937500000e+03 8.254445960267794362e+03
1.013916564319748431e+03 8.262086914062500000e+03 8.254439326695755881e+03
1.013936996983829886e+03 8.239919921875000000e+03 8.254432717731378943e+03
1.013957429748494178e+03 8.255940429687500000e+03 8.254426133757910065e+03
1.013977862413041294e+03 8.261749023437500000e+03 8.254419575223044376e+03
1.013998295077588409e+03 8.258199218750000000e+03 8.254413042477483032e+03
1.014018727742601186e+03 8.259545898437500000e+03 8.254406535904112388e+03
1.014039160407613963e+03 8.255000976562500000e+03 8.254400055886098926e+03
1.014059593173209578e+03 8.253293945312500000e+03 8.254393602774776809e+03
1.014080025738570839e+03 8.260261718750000000e+03 8.254387177047969089e+03
1.014100458404049277e+03 8.255410156250000000e+03 8.254380778994051070e+03
1.014120891170110554e+03 8.251009765625000000e+03 8.254374408996311104e+03
1.014141323736403137e+03 8.259160156250000000e+03 8.254368067531200722e+03
1.014161756502464414e+03 8.259769531250000000e+03 8.254361754841462243e+03
1.014182189168874174e+03 8.254467773437500000e+03 8.254355471195884093e+03
1.014202621735632420e+03 8.256903320312500000e+03 8.254349216646522109e+03
1.014223054502625018e+03 8.251587890625000000e+03 8.254342991152188915e+03
1.014243487069383264e+03 8.256930664062500000e+03 8.254336794885290146e+03
1.014263919736724347e+03 8.257416015625000000e+03 8.254330627804773030e+03
1.014284352504182607e+03 8.258551757812500000e+03 8.254324489961607469e+03
1.014304785071872175e+03 8.247991210937500000e+03 8.254318381496050279e+03
1.014325217739678919e+03 8.261684570312500000e+03 8.254312302368627570e+03
1.014345650507602841e+03 8.250744140625000000e+03 8.254306252630163726e+03
1.014366083075758070e+03 8.255143554687500000e+03 8.254300232419622262e+03
1.014386515844147652e+03 8.262775390625000000e+03 8.254294241669540497e+03
1.014406948512885720e+03 8.252960937500000000e+03 8.254288280518449028e+03
1.014427381181623787e+03 8.251385742187500000e+03 8.254282348987459045e+03
1.014447813850361854e+03 8.247341796875000000e+03 8.254276447126954736e+03
1.014468246519565582e+03 8.245810546875000000e+03 8.254270574987196596e+03
1.014488679188769311e+03 8.256725585937500000e+03 8.254264732618710696e+03
1.014509111858438700e+03 8.246428710937500000e+03 8.254258920071759349e+03
1.014529544528108090e+03 8.248166992187500000e+03 8.254253137396859529e+03
1.014549977198243141e+03 8.262224609375000000e+03 8.254247384644280828e+03
1.014570409968495369e+03 8.256211914062500000e+03 8.254241661836571438e+03
1.014590842538513243e+03 8.261303710937500000e+03 8.254235969108034624e+03
1.014611275309231132e+03 8.252331054687500000e+03 8.254230306397348613e+03
1.014631707979831845e+03 8.257669921875000000e+03 8.254224673838501985e+03
1.014652140550781041e+03 8.248254882812500000e+03 8.254219071481311403e+03
1.014693005993030965e+03 8.260118164062500000e+03 8.254207957409598748e+03
1.014713438564911485e+03 8.260452148437500000e+03 8.254202445877290302e+03
1.014733871336560696e+03 8.256713867187500000e+03 8.254196964667222346e+03
1.014754304008092731e+03 8.259484375000000000e+03 8.254191513910456706e+03
1.014774736780207604e+03 8.251572265625000000e+03 8.254186093603842892e+03
1.014795169352553785e+03 8.250961914062500000e+03 8.254180703877225824e+03
1.014815602025017142e+03 8.253940429687500000e+03 8.254175344701674476e+03
1.014836034697946161e+03 8.262102539062500000e+03 8.254170016153937468e+03
1.014856467370875180e+03 8.248156250000000000e+03 8.254164718284529954e+03
1.014876899943687022e+03 8.251031250000000000e+03 8.254159451169576641e+03
1.014897332716733217e+03 8.247896484375000000e+03 8.254154214782272902e+03
1.014917765390593559e+03 8.262085937500000000e+03 8.254149009249969822e+03
1.014938198063988239e+03 8.252415039062500000e+03 8.254143834597683963e+03
1.014958630737848580e+03 8.249580078125000000e+03 8.254138690875570319e+03
1.014979063411708921e+03 8.250043945312500000e+03 8.254133578134140407e+03
1.014999496186152101e+03 8.256142578125000000e+03 8.254128496398840070e+03
1.015019928760360926e+03 8.255641601562500000e+03 8.254123445794655709e+03
1.015040361435152590e+03 8.247926757812500000e+03 8.254118426297394763e+03
1.015060794210061431e+03 8.262784179687500000e+03 8.254113437958016220e+03
1.015081226785201579e+03 8.255487304687500000e+03 8.254108480899898495e+03
1.015101659460458905e+03 8.248524414062500000e+03 8.254103555100453377e+03
1.015122092235833406e+03 8.251112304687500000e+03 8.254098660610528896e+03
1.015142524911090732e+03 8.259344726562500000e+03 8.254093797528479627e+03
1.015162957487162203e+03 8.260641601562500000e+03 8.254088965904024008e+03
1.015183390263002366e+03 8.252977539062500000e+03 8.254084165717082215e+03
1.015203822939191014e+03 8.252204101562500000e+03 8.254079397088627957e+03
1.015224255615845323e+03 8.253736328125000000e+03 8.254074660045451310e+03
1.015244688292499632e+03 8.259059570312500000e+03 8.254069954638056515e+03
1.015265120969153941e+03 8.249364257812500000e+03 8.254065280916835036e+03
1.015285553746391088e+03 8.251743164062500000e+03 8.254060638909404588e+03
1.015305986323393881e+03 8.258847656250000000e+03 8.254056028734263236e+03
1.015326419000979513e+03 8.252943359375000000e+03 8.254051450373699481e+03
1.015346851778216660e+03 8.247367187500000000e+03 8.254046903878785088e+03
1.015367284356150776e+03 8.255558593750000000e+03 8.254042389366190037e+03
1.015387717034202069e+03 8.247790039062500000e+03 8.254037906819923592e+03
1.015408149812370539e+03 8.252856445312500000e+03 8.254033456290846516e+03
1.015428582390770316e+03 8.250750976562500000e+03 8.254029037894437351e+03
1.015449015169404447e+03 8.250513671875000000e+03 8.254024651594587340e+03
1.015469447847921401e+03 8.259850585937500000e+03 8.254020297506400311e+03
1.015489880427252501e+03 8.253526367187500000e+03 8.254015975679598341e+03
1.015510313206352293e+03 8.258500000000000000e+03 8.254011686101581290e+03
1.015530745785683393e+03 8.262710937500000000e+03 8.254007428906614223e+03
1.015551178465131670e+03 8.255216796875000000e+03 8.254003204082371667e+03
1.015571611245162785e+03 8.260867187500000000e+03 8.253999011679625255e+03
1.015592043824959546e+03 8.259997070312500000e+03 8.253994851810250111e+03
1.015612476605456322e+03 8.260883789062500000e+03 8.253990724443014187e+03
1.015632909285835922e+03 8.256340820312500000e+03 8.253986629689316032e+03
1.015653341966215521e+03 8.256358398437500000e+03 8.253982567579241731e+03
1.015673774647060782e+03 8.259858398437500000e+03 8.253978538163086341e+03
1.015694207327906042e+03 8.260203125000000000e+03 8.253974541491345008e+03
1.015714640009216964e+03 8.255551757812500000e+03 8.253970577614309150e+03
1.015735072690527886e+03 8.260816406250000000e+03 8.253966646582466637e+03
1.015755505372304469e+03 8.253472656250000000e+03 8.253962748446121623e+03
1.015775938054081053e+03 8.262519531250000000e+03 8.253958883255754699e+03
1.015796370835974813e+03 8.258805664062500000e+03 8.253955051043059939e+03
1.015816803418099880e+03 8.261195312500000000e+03 8.253951251914430031e+03
1.015837236200924963e+03 8.259522460937500000e+03 8.253947485845805204e+03
1.015857668883167207e+03 8.248859375000000000e+03 8.253943752943343497e+03
1.015878101466223598e+03 8.254379882812500000e+03 8.253940053256697865e+03
1.015898534249048680e+03 8.252706054687500000e+03 8.253936386782372210e+03
1.015918966932222247e+03 8.257813476562500000e+03 8.253932753624736506e+03
1.015939399515744299e+03 8.260300781250000000e+03 8.253929153833687451e+03
1.015980264983139932e+03 8.254416015625000000e+03 8.253922054447837581e+03
1.016000697567127645e+03 8.259865234375000000e+03 8.253918555005915550e+03
1.016021130351349711e+03 8.248273437500000000e+03 8.253915089080546750e+03
1.016041563035920262e+03 8.242108398437500000e+03 8.253911656773245340e+03
1.016061995820607990e+03 8.250493164062500000e+03 8.253908258100840612e+03
1.016082428405527025e+03 8.251053710937500000e+03 8.253904893163360612e+03
1.016102861090563238e+03 8.253303710937500000e+03 8.253901561961563857e+03
1.016123293875716627e+03 8.254397460937500000e+03 8.253898264546340215e+03
1.016143726461101323e+03 8.258935546875000000e+03 8.253895001016226161e+03
1.016164159146603197e+03 8.250845703125000000e+03 8.253891771373469965e+03
1.016184591832570732e+03 8.252181640625000000e+03 8.253888575684461102e+03
1.016205024518538266e+03 8.256521484375000000e+03 8.253885413999669254e+03
1.016225457305088639e+03 8.245582031250000000e+03 8.253882286354168173e+03
1.016245889891404659e+03 8.254973632812500000e+03 8.253879192844149657e+03
1.016266322578303516e+03 8.264221679687500000e+03 8.253876133474215749e+03
1.016286755364853889e+03 8.253313476562500000e+03 8.253873108295392740e+03
1.016307188052218407e+03 8.252546875000000000e+03 8.253870117387516075e+03
1.016327620639465749e+03 8.254328125000000000e+03 8.253867160800609781e+03
1.016348053426947445e+03 8.249523437500000000e+03 8.253864238541860686e+03
1.016368486114777625e+03 8.264097656250000000e+03 8.253861350704803044e+03
1.016388918702490628e+03 8.245891601562500000e+03 8.253858497339384485e+03
1.016409351490437984e+03 8.243390625000000000e+03 8.253855678454310691e+03
1.016429784178733826e+03 8.258332031250000000e+03 8.253852894141600700e+03
1.016450216967612505e+03 8.253036132812500000e+03 8.253850144424364771e+03
1.016470649556256831e+03 8.252509765625000000e+03 8.253847429393217681e+03
1.016491082245018333e+03 8.260832031250000000e+03 8.253844749058389425e+03
1.016511515034362674e+03 8.251879882812500000e+03 8.253842103470722577e+03
1.016531947623472661e+03 8.247497070312500000e+03 8.253839492719300324e+03
1.016552380313165486e+03 8.261795898437500000e+03 8.253836916815829682e+03
1.016572813102975488e+03 8.249482421875000000e+03 8.253834375811269638e+03
1.016593245693016797e+03 8.254407226562500000e+03 8.253831869793051737e+03
1.016613678383175284e+03 8.256657226562500000e+03 8.253829398774527363e+03
1.016634111173450947e+03 8.243868164062500000e+03 8.253826962806608208e+03
1.016654543763957918e+03 8.247351562500000000e+03 8.253824561975183315e+03
1.016674976554699242e+03 8.256869140625000000e+03 8.253822196283636003e+03
1.016695409245789051e+03 8.256906250000000000e+03 8.253819865817344180e+03
1.016715841836761683e+03 8.275538085937500000e+03 8.253817570626235465e+03
1.016736274628434330e+03 8.257046875000000000e+03 8.253815310727171891e+03
1.016756707319989800e+03 8.256720703125000000e+03 8.253813086204077990e+03
1.016777140012010932e+03 8.261672851562500000e+03 8.253810897096132976e+03
1.016797572704032063e+03 8.256293945312500000e+03 8.253808743453781062e+03
1.016818005396053195e+03 8.251502929687500000e+03 8.253806625327410075e+03
1.016838438088539988e+03 8.246719726562500000e+03 8.253804542767373277e+03
1.016858870781026781e+03 8.260500000000000000e+03 8.253802495824100333e+03
1.016879303473979235e+03 8.252353515625000000e+03 8.253800484547948145e+03
1.016899736166931689e+03 8.252274414062500000e+03 8.253798508989348193e+03
1.016920168860349804e+03 8.250221679687500000e+03 8.253796569198653742e+03
1.016940601553767920e+03 8.253753906250000000e+03 8.253794665226294455e+03
1.016961034247651696e+03 8.264183593750000000e+03 8.253792797122629054e+03
1.016981466941535473e+03 8.251654296875000000e+03 8.253790964938083562e+03
1.017001899635419250e+03 8.249515625000000000e+03 8.253789168723056719e+03
1.017022332429885864e+03 8.264091796875000000e+03 8.253787408519357996e+03
1.017042765024583787e+03 8.252104492187500000e+03 8.253785684402997504e+03
1.017063197819050401e+03 8.259627929687500000e+03 8.253783996390648099e+03
1.017083630514331162e+03 8.249444335937500000e+03 8.253782344557670513e+03
1.017104063109494746e+03 8.255316406250000000e+03 8.253780728953999642e+03
1.017124495904892683e+03 8.243686523437500000e+03 8.253779149606543797e+03
1.017144928600173444e+03 8.262174804687500000e+03 8.253777606589179413e+03
1.017165361196268350e+03 8.247736328125000000e+03 8.253776099951694050e+03
1.017185793992131948e+03 8.271183593750000000e+03 8.253774629722705868e+03
1.017206226688344032e+03 8.251625976562500000e+03 8.253773195974419650e+03
1.017226659284904599e+03 8.244314453125000000e+03 8.253771798756686621e+03
1.017247092081233859e+03 8.256679687500000000e+03 8.253770438099702005e+03
1.017267524778377265e+03 8.246367187500000000e+03 8.253769114074028039e+03
1.017287957575172186e+03 8.251276367187500000e+03 8.253767826717177741e+03
1.017308390172664076e+03 8.255043945312500000e+03 8.253766576098107180e+03
1.017328822869807482e+03 8.265708984375000000e+03 8.253765362248643214e+03
1.017349255667533726e+03 8.253287109375000000e+03 8.253764185219661158e+03
1.017369688265491277e+03 8.253341796875000000e+03 8.253763045078587311e+03
1.017390120963566005e+03 8.255563476562500000e+03 8.253761941858811042e+03
1.017410553761757910e+03 8.257171875000000000e+03 8.253760875611264055e+03
1.017430986360646784e+03 8.252014648437500000e+03 8.253759846401695540e+03
1.017451419159304351e+03 8.247408203125000000e+03 8.253758854260397129e+03
1.017471851758193225e+03 8.244336914062500000e+03 8.253757899257159806e+03
1.017492284557316452e+03 8.258352539062500000e+03 8.253756981423677644e+03
1.017512717256788164e+03 8.261631835937500000e+03 8.253756100824095483e+03
1.017533149956259876e+03 8.261518554687500000e+03 8.253755257504230030e+03
1.017553582556080073e+03 8.245330078125000000e+03 8.253754451518318092e+03
1.017574015356134623e+03 8.252707031250000000e+03 8.253753682905198730e+03
1.017594448056537658e+03 8.246750976562500000e+03 8.253752951726812171e+03
1.017614880656823516e+03 8.247585937500000000e+03 8.253752258033027829e+03
1.017635313457343727e+03 8.241697265625000000e+03 8.253751601864310942e+03
1.017676178959198296e+03 8.250528320312500000e+03 8.253750402327321353e+03
1.017696611560881138e+03 8.254479492187500000e+03 8.253749859062027099e+03
1.017717044262215495e+03 8.255074218750000000e+03 8.253749353527246058e+03
1.017737477063667029e+03 8.256444335937500000e+03 8.253748885773906295e+03
1.017757909665815532e+03 8.250509765625000000e+03 8.253748455858982197e+03
1.017778342368081212e+03 8.250227539062500000e+03 8.253748063826293219e+03
1.017798775170464069e+03 8.249455078125000000e+03 8.253747709726783796e+03
1.017819207772612572e+03 8.251128906250000000e+03 8.253747393615773035e+03
1.017839640575461090e+03 8.244895507812500000e+03 8.253747115537447826e+03
1.017860073278658092e+03 8.260971679687500000e+03 8.253746875546577940e+03
1.017880505881737918e+03 8.243891601562500000e+03 8.253746673692996410e+03
1.017900938685052097e+03 8.251625976562500000e+03 8.253746510024406234e+03
1.017921371388714761e+03 8.251425781250000000e+03 8.253746384593887342e+03
1.017941803992725909e+03 8.253986328125000000e+03 8.253746297451270948e+03
1.017962236796971411e+03 8.248322265625000000e+03 8.253746248645953528e+03
1.017982669501099735e+03 8.231999023437500000e+03 8.253746238229323353e+03
1.018003102205693722e+03 8.250221679687500000e+03 8.253746266251439010e+03
1.018023534910287708e+03 8.256666015625000000e+03 8.253746332762697421e+03
1.018043967615347356e+03 8.254724609375000000e+03 8.253746437813491866e+03
1.018064400420524180e+03 8.238946289062500000e+03 8.253746581455008709e+03
1.018084833025932312e+03 8.240029296875000000e+03 8.253746763735252898e+03
1.018105265731457621e+03 8.244944335937500000e+03 8.253746984707009688e+03
1.018125698436982930e+03 8.255719726562500000e+03 8.253747244419864728e+03
1.018146131142973900e+03 8.240922851562500000e+03 8.253747542924222216e+03
1.018166563849430531e+03 8.250344726562500000e+03 8.253747880270477253e+03
1.018186996656004339e+03 8.244099609375000000e+03 8.253748256510951251e+03
1.018207429262343794e+03 8.254812500000000000e+03 8.253748671690224000e+03
1.018227861969266087e+03 8.258496093750000000e+03 8.253749125864509551e+03
1.018248294776305556e+03 8.254295898437500000e+03 8.253749619084766891e+03
1.018268727383576334e+03 8.250180664062500000e+03 8.253750151393865963e+03
1.018289160191081464e+03 8.251000000000000000e+03 8.253750722852611943e+03
1.018309592898935080e+03 8.254532226562500000e+03 8.253751333503307251e+03
1.018330025506671518e+03 8.253236328125000000e+03 8.253751983395752177e+03
1.018350458315107971e+03 8.253953125000000000e+03 8.253752672590193470e+03
1.018370891023427248e+03 8.252057617187500000e+03 8.253753401127170946e+03
1.018391323632095009e+03 8.256642578125000000e+03 8.253754169056512183e+03
1.018411756440997124e+03 8.256073242187500000e+03 8.253754976440173778e+03
1.018432189149782062e+03 8.249804687500000000e+03 8.253755823316969327e+03
1.018452621959149837e+03 8.250693359375000000e+03 8.253756709745608532e+03
1.018473054568748921e+03 8.253166015625000000e+03 8.253757635763166036e+03
1.018493487278465182e+03 8.255803710937500000e+03 8.253758601433331933e+03
1.018513920088298619e+03 8.245621093750000000e+03 8.253759606807088858e+03
1.018534352698363364e+03 8.252466796875000000e+03 8.253760651919776137e+03
1.018554785408545285e+03 8.240209960937500000e+03 8.253761736836835553e+03
1.018575218219310045e+03 8.255632812500000000e+03 8.253762861609269748e+03
1.018595650829840451e+03 8.254310546875000000e+03 8.253764026270619070e+03
1.018616083540953696e+03 8.258019531250000000e+03 8.253765230888129736e+03
1.018636516352184117e+03 8.251718750000000000e+03 8.253766475512757097e+03
1.018656949063763022e+03 8.250029296875000000e+03 8.253767760182723578e+03
1.018677381775341928e+03 8.249316406250000000e+03 8.253769084954396021e+03
1.018697814487386495e+03 8.254039062500000000e+03 8.253770449878196814e+03
1.018718247199431062e+03 8.253652343750000000e+03 8.253771855004486497e+03
1.018738679911475629e+03 8.256793945312500000e+03 8.253773300383658352e+03
1.018759112623985857e+03 8.253743164062500000e+03 8.253774786066136585e+03
1.018779545336961746e+03 8.256993164062500000e+03 8.253776312102319935e+03
1.018799978049937636e+03 8.253544921875000000e+03 8.253777878542563485e+03
1.018820410762913525e+03 8.246902343750000000e+03 8.253779485437258700e+03
1.018840843376237899e+03 8.253628906250000000e+03 8.253781132828662521e+03
1.018861276190262288e+03 8.252628906250000000e+03 8.253782820791691847e+03
1.018881708903703839e+03 8.252752929687500000e+03 8.253784549352138129e+03
1.018902141717728227e+03 8.246679687500000000e+03 8.253786318577418569e+03
1.018922574332449585e+03 8.245756835937500000e+03 8.253788128491656607e+03
1.018943007046822459e+03 8.256960937500000000e+03 8.253789979171433515e+03
1.018963439861312509e+03 8.253650390625000000e+03 8.253791870667779222e+03
1.018983872476499528e+03 8.256718750000000000e+03 8.253793803003070934e+03
1.019004305191803724e+03 8.256369140625000000e+03 8.253795776255719829e+03
1.019024738007225096e+03 8.249504882812500000e+03 8.253797790476715818e+03
1.019045170622412115e+03 8.256348632812500000e+03 8.253799845686547997e+03
1.019065603438299149e+03 8.246470703125000000e+03 8.253801941975929367e+03
1.019086036154534668e+03 8.255787109375000000e+03 8.253804079364748759e+03
1.019106468770653009e+03 8.252380859375000000e+03 8.253806257902746438e+03
1.019126901587471366e+03 8.254200195312500000e+03 8.253808477672688241e+03
1.019147334304172546e+03 8.248496093750000000e+03 8.253810738692589439e+03
1.019167767020873725e+03 8.254267578125000000e+03 8.253813041023619007e+03
1.019188199738040566e+03 8.254287109375000000e+03 8.253815384716224798e+03
1.019208632455673069e+03 8.256192382812500000e+03 8.253817769820798276e+03
1.019229065173305571e+03 8.257621093750000000e+03 8.253820196387681790e+03
1.019249497890938073e+03 8.251377929687500000e+03 8.253822664467261347e+03
1.019269930609036237e+03 8.244178710937500000e+03 8.253825174109992076e+03
1.019290363427251577e+03 8.248983398437500000e+03 8.253827725378812829e+03
1.019310796145815402e+03 8.262431640625000000e+03 8.253830318299171267e+03
1.019331228764262050e+03 8.258237304687500000e+03 8.253832952920787648e+03
1.019351661583408713e+03 8.251676757812500000e+03 8.253835629333152610e+03
1.019372094202321023e+03 8.253593750000000000e+03 8.253838347534141576e+03
1.019392526921816170e+03 8.255660156250000000e+03 8.253841107613860004e+03
1.019412959741428494e+03 8.253007812500000000e+03 8.253843909623248692e+03
1.019433392361272126e+03 8.250801757812500000e+03 8.253846753571277077e+03
1.019453825181350112e+03 8.257579101562500000e+03 8.253849639564006793e+03
1.019474257901776582e+03 8.249449218750000000e+03 8.253852567609787002e+03
1.019494690522085875e+03 8.255797851562500000e+03 8.253855537758321589e+03
1.019515123343095183e+03 8.247388671875000000e+03 8.253858550104047026e+03
1.019535556063987315e+03 8.242023437500000000e+03 8.253861604653313407e+03
1.019555988685227931e+03 8.246109375000000000e+03 8.253864701455964678e+03
1.019576421506237239e+03 8.257415039062500000e+03 8.253867840608083498e+03
1.019596854228060693e+03 8.258618164062500000e+03 8.253871022114446532e+03
1.019617286849766970e+03 8.246807617187500000e+03 8.253874246024677632e+03
1.019637719672173262e+03 8.251229492187500000e+03 8.253877512436953111e+03
1.019658152394462377e+03 8.258017578125000000e+03 8.253880821353875945e+03
1.019678585216868669e+03 8.252294921875000000e+03 8.253884172858277452e+03
1.019699017839506269e+03 8.251213867187500000e+03 8.253887566951045301e+03
1.019719450562261045e+03 8.261458984375000000e+03 8.253891003732071113e+03
1.019739883385598660e+03 8.258657226562500000e+03 8.253894483252457576e+03
1.019760316009167582e+03 8.254581054687500000e+03 8.253898005511135125e+03
1.019780748732853681e+03 8.258104492187500000e+03 8.253901570609881674e+03
1.019801181556656957e+03 8.256720703125000000e+03 8.253905178599716237e+03
1.019821614180691540e+03 8.261727539062500000e+03 8.253908829477764812e+03
1.019842046904843301e+03 8.247903320312500000e+03 8.253912523347687966e+03
1.019862479729577899e+03 8.255658203125000000e+03 8.253916260260593845e+03
1.019882912454195321e+03 8.259210937500000000e+03 8.253920040230173981e+03
1.019903345179278404e+03 8.249326171875000000e+03 8.253923863325109778e+03
1.019923777904361486e+03 8.245680664062500000e+03 8.253927729595707206e+03
1.019944210629910231e+03 8.250017578125000000e+03 8.253931639092450496e+03
1.019964643455576152e+03 8.252582031250000000e+03 8.253935591885112444e+03
1.019985076081473380e+03 8.256789062500000000e+03 8.253939587965762257e+03
1.020005508807953447e+03 8.244659179687500000e+03 8.253943627443211881e+03
1.020025941533967853e+03 8.255877929687500000e+03 8.253947710348196779e+03
1.020046374260447919e+03 8.256930664062500000e+03 8.253951836731292133e+03
1.020066807087510824e+03 8.265034179687500000e+03 8.253956006663433072e+03
1.020087239714339375e+03 8.253233398437500000e+03 8.253960220133305484e+03
1.020107672441750765e+03 8.251272460937500000e+03 8.253964477253010045e+03
1.020128105269279331e+03 8.255940429687500000e+03 8.253968778073485737e+03
1.020148537897039205e+03 8.252631835937500000e+03 8.253973122581684947e+03
1.020168970624916255e+03 8.249738281250000000e+03 8.253977510891440033e+03
1.020189403452910483e+03 8.254374023437500000e+03 8.253981943053790019e+03
1.020209836081601679e+03 8.263714843750000000e+03 8.253986419053859208e+03
1.020230268809944391e+03 8.250762695312500000e+03 8.253990939007204361e+03
1.020250701638869941e+03 8.254515625000000000e+03 8.253995502965070045e+03
1.020271134268026799e+03 8.248678710937500000e+03 8.254000110910445073e+03
1.020291567097418010e+03 8.253313476562500000e+03 8.254004762983924593e+03
1.020311999826692045e+03 8.248947265625000000e+03 8.254009459167849855e+03
1.020332432556897402e+03 8.255907226562500000e+03 8.254014199535506123e+03
1.020352865286637098e+03 8.250101562500000000e+03 8.254018984136968356e+03
1.020373298016842455e+03 8.252190429687500000e+03 8.254023813022846298e+03
1.020393730747513473e+03 8.252602539062500000e+03 8.254028686243533230e+03
1.020414163478184491e+03 8.253248046875000000e+03 8.254033603849315114e+03
1.020434596208855510e+03 8.251530273437500000e+03 8.254038565890583413e+03
1.020455029040109366e+03 8.253303710937500000e+03 8.254043572442478762e+03
1.020475461771246046e+03 8.262080078125000000e+03 8.254048623506225340e+03
1.020495894403196871e+03 8.256981445312500000e+03 8.254053719131790785e+03
1.020516327234916389e+03 8.261041992187500000e+03 8.254058859444450718e+03
1.020536759966984391e+03 8.260740234375000000e+03 8.254064044419601487e+03
1.020557192599400878e+03 8.251767578125000000e+03 8.254069274106981538e+03
1.020577625431586057e+03 8.247519531250000000e+03 8.254074548633943778e+03
1.020598058164585382e+03 8.261643554687500000e+03 8.254079867974043736e+03
1.020618490797467530e+03 8.254384765625000000e+03 8.254085232176768841e+03
1.020659356364049017e+03 8.252593750000000000e+03 8.254096095530165258e+03
1.020679789097979665e+03 8.254420898437500000e+03 8.254101594728959753e+03
1.020700221831910312e+03 8.263336914062500000e+03 8.254107139018346061e+03
1.020720654465723783e+03 8.255784179687500000e+03 8.254112728421223437e+03
1.020741087300237268e+03 8.260794921875000000e+03 8.254118363070603664e+03
1.020761520034633577e+03 8.254557617187500000e+03 8.254124042934257886e+03
1.020781952669378370e+03 8.253902343750000000e+03 8.254129768062044604e+03
1.020802385504823178e+03 8.261838867187500000e+03 8.254135538588845520e+03
1.020822818239685148e+03 8.253219726562500000e+03 8.254141354480305381e+03
1.020843250875361264e+03 8.267506835937500000e+03 8.254147215786544621e+03
1.020863683711271733e+03 8.256795898437500000e+03 8.254153122644182076e+03
1.020884116447065026e+03 8.254853515625000000e+03 8.254159075017121722e+03
1.020904549283441156e+03 8.260131835937500000e+03 8.254165073014220980e+03
1.020924981920048594e+03 8.260134765625000000e+03 8.254171116597372020e+03
1.020945414656307548e+03 8.257461914062500000e+03 8.254177205905196388e+03
1.020965847493615001e+03 8.255171875000000000e+03 8.254183340989173303e+03
1.020986280130688101e+03 8.250309570312500000e+03 8.254189521808901191e+03
1.021006712867878377e+03 8.252598632812500000e+03 8.254195748505289885e+03
1.021027145705651492e+03 8.254802734375000000e+03 8.254202021129551213e+03
1.021047578443307430e+03 8.256100585937500000e+03 8.254208339670465648e+03
1.021068011181429029e+03 8.245881835937500000e+03 8.254214704209191041e+03
1.021088443919550627e+03 8.243464843750000000e+03 8.254221114795978792e+03
1.021108876658137888e+03 8.258518554687500000e+03 8.254227571481364066e+03
1.021129309397190809e+03 8.259014648437500000e+03 8.254234074315747421e+03
1.021149742136243731e+03 8.259990234375000000e+03 8.254240623349371162e+03
1.021170174875296652e+03 8.260768554687500000e+03 8.254247218632630393e+03
1.021190607714932412e+03 8.251329101562500000e+03 8.254253860248718411e+03
1.021211040354333818e+03 8.262918945312500000e+03 8.254260548149915849e+03
1.021231473094318062e+03 8.248926757812500000e+03 8.254267282484732277e+03
1.021251905934419483e+03 8.260396484375000000e+03 8.254274063304093943e+03
1.021272338574752212e+03 8.248705078125000000e+03 8.254280890558531610e+03
1.021292771415319294e+03 8.259500000000000000e+03 8.254287764432096083e+03
1.021313204056583345e+03 8.255498046875000000e+03 8.254294684840770060e+03
1.021333636797498912e+03 8.255376953125000000e+03 8.254301651935857080e+03
1.021354069638997316e+03 8.253041015625000000e+03 8.254308665768756327e+03
1.021374502280261368e+03 8.252041015625000000e+03 8.254315726286255085e+03
1.021394935022108257e+03 8.249204101562500000e+03 8.254322833642356272e+03
1.021415367864072323e+03 8.255249023437500000e+03 8.254329987887975221e+03
1.021435800506733358e+03 8.255163085937500000e+03 8.254337188968329428e+03
1.021456233349163085e+03 8.256706054687500000e+03 8.254344437074450980e+03
1.021476666091941297e+03 8.256287109375000000e+03 8.254351732150869793e+03
1.021497098734602332e+03 8.245707031250000000e+03 8.254359074247116951e+03
1.021517531577963382e+03 8.256308593750000000e+03 8.254366463522033882e+03
1.021537964321207255e+03 8.245281250000000000e+03 8.254373899917567542e+03
1.021558397065382451e+03 8.261384765625000000e+03 8.254381383520541931e+03
1.021578829809091985e+03 8.248818359375000000e+03 8.254388914380842834e+03
1.021599262553267181e+03 8.251793945312500000e+03 8.254396492549203685e+03
1.021619695297442377e+03 8.257769531250000000e+03 8.254404118075844963e+03
1.021640128042083234e+03 8.245099609375000000e+03 8.254411791011334572e+03
1.021660560787189752e+03 8.251676757812500000e+03 8.254419511406067613e+03
1.021680993632413447e+03 8.248062500000000000e+03 8.254427279348441516e+03
1.021701426377519965e+03 8.253546875000000000e+03 8.254435094812724856e+03
1.021721859022974968e+03 8.255339843750000000e+03 8.254442957848787046e+03
1.021742291869129986e+03 8.256335937500000000e+03 8.254450868622961934e+03
1.021762724614702165e+03 8.264879882812500000e+03 8.254458827069342078e+03
1.021783157261088490e+03 8.241010742187500000e+03 8.254466833238166146e+03
1.021803590107709169e+03 8.248150390625000000e+03 8.254474887297503301e+03
1.021824022854678333e+03 8.256472656250000000e+03 8.254482989179890865e+03
1.021844455501530319e+03 8.260878906250000000e+03 8.254491138934836272e+03
1.021864888348616660e+03 8.255746093750000000e+03 8.254499336732878874e+03
1.021885321096051484e+03 8.258319335937500000e+03 8.254507582504455058e+03
1.021905753944069147e+03 8.256089843750000000e+03 8.254515876380759437e+03
1.021926186591852456e+03 8.256809570312500000e+03 8.254524218289730925e+03
1.021946619340218604e+03 8.250765625000000000e+03 8.254532608404222628e+03
1.021967052088584751e+03 8.252717773437500000e+03 8.254541046733680560e+03
1.021987484836950898e+03 8.278776367187500000e+03 8.254549533328492544e+03
1.022007917585782707e+03 8.257018554687500000e+03 8.254558068239251952e+03
1.022028350335080177e+03 8.250637695312500000e+03 8.254566651516353886e+03
1.022048783084377646e+03 8.260527343750000000e+03 8.254575283209993358e+03
1.022069215934257954e+03 8.251714843750000000e+03 8.254583963413408128e+03
1.022089648583903909e+03 8.261441406250000000e+03 8.254592692048849131e+03
1.022110081334132701e+03 8.256299804687500000e+03 8.254601469294855633e+03
1.022130514184478670e+03 8.251774414062500000e+03 8.254610295202342968e+03
1.022150946835055947e+03 8.255127929687500000e+03 8.254619169691804927e+03
1.022171379585750401e+03 8.252705078125000000e+03 8.254628092943527008e+03
1.022191812436562032e+03 8.259826171875000000e+03 8.254637065008622812e+03
1.022212245188187808e+03 8.266271484375000000e+03 8.254646085849968586e+03
1.022232677839696407e+03 8.259178710937500000e+03 8.254655155516831655e+03
1.022253110691439360e+03 8.257023437500000000e+03 8.254664274193286474e+03
1.022273543443065137e+03 8.247724609375000000e+03 8.254673441796043335e+03
1.022293976195622236e+03 8.254167968750000000e+03 8.254682658420477310e+03
1.022314408947713673e+03 8.249212890625000000e+03 8.254691924116350492e+03
1.022334841700736433e+03 8.262258789062500000e+03 8.254701238934690991e+03
1.022355274553410709e+03 8.246552734375000000e+03 8.254710602971255867e+03
1.022375707206781954e+03 8.246313476562500000e+03 8.254720016139075597e+03
1.022396139960270375e+03 8.267281250000000000e+03 8.254729478626119089e+03
1.022416572813875973e+03 8.245097656250000000e+03 8.254738990483507223e+03
1.022437005467712879e+03 8.259120117187500000e+03 8.254748551621667502e+03
1.022457438222132623e+03 8.255634765625000000e+03 8.254758162231179085e+03
1.022498303730972111e+03 8.259230468750000000e+03 8.254777531924983123e+03
1.022518736585974693e+03 8.250758789062500000e+03 8.254787291158223525e+03
1.022539169340860099e+03 8.252896484375000000e+03 8.254797099969744522e+03
1.022559601996559650e+03 8.255570312500000000e+03 8.254806958409653816e+03
1.022580034852027893e+03 8.261166992187500000e+03 8.254816866672957985e+03
1.022600467607844621e+03 8.249398437500000000e+03 8.254826824665215099e+03
1.022620900264009833e+03 8.249372070312500000e+03 8.254836832436092664e+03
1.022641333120409399e+03 8.243401367187500000e+03 8.254846890183229334e+03
1.022661765776574612e+03 8.255177734375000000e+03 8.254856997759894512e+03
1.022682198633439839e+03 8.255700195312500000e+03 8.254867155414816807e+03
1.022702631390653551e+03 8.253662109375000000e+03 8.254877363049447013e+03
1.022723064147867262e+03 8.258895507812500000e+03 8.254887620763589439e+03
1.022743496905546635e+03 8.261902343750000000e+03 8.254897928600439627e+03
1.022763929663226008e+03 8.262419921875000000e+03 8.254908286149908236e+03
1.022784362421371043e+03 8.247481445312500000e+03 8.254918692296843801e+03
1.022804795179516077e+03 8.259381835937500000e+03 8.254929145864492966e+03
1.022825227938126773e+03 8.253198242187500000e+03 8.254939645676573491e+03
1.022845660696737468e+03 8.256067382812500000e+03 8.254950190556326561e+03
1.022866093455813825e+03 8.247764648437500000e+03 8.254960779327477212e+03
1.022886526214890182e+03 8.248964843750000000e+03 8.254971410813264811e+03
1.022906959074549377e+03 8.253181640625000000e+03 8.254982083889808564e+03
1.022927391834091395e+03 8.253569335937500000e+03 8.254992797275750490e+03
1.022947824493981898e+03 8.253219726562500000e+03 8.255003549794233550e+03
1.022968257354572415e+03 8.256732421875000000e+03 8.255014340427078423e+03
1.022988690114580095e+03 8.249118164062500000e+03 8.255025167838928610e+03
1.023009122775401920e+03 8.248035156250000000e+03 8.255036030853483680e+03
1.023029555636458099e+03 8.249492187500000000e+03 8.255046928453661167e+03
1.023049988397862762e+03 8.251283203125000000e+03 8.255057859303255100e+03
1.023070421059150249e+03 8.258166992187500000e+03 8.255068822225017357e+03
1.023090853920672089e+03 8.256063476562500000e+03 8.255079816203804512e+03
1.023111286682542413e+03 8.247420898437500000e+03 8.255090839901971776e+03
1.023131719544529915e+03 8.253984375000000000e+03 8.255101892250761011e+03
1.023152152207214385e+03 8.258607421875000000e+03 8.255112971911494242e+03
1.023172584969550371e+03 8.262419921875000000e+03 8.255124077869561006e+03
1.023193017832469195e+03 8.248327148437500000e+03 8.255135208949321168e+03
1.023213450495619327e+03 8.252002929687500000e+03 8.255146363810461480e+03
1.023233883259352297e+03 8.251208984375000000e+03 8.255157541440257774e+03
1.023254316022619605e+03 8.258234375000000000e+03 8.255168740607081418e+03
1.023274748786818236e+03 8.259055664062500000e+03 8.255179960135183137e+03
1.023295181650668383e+03 8.257347656250000000e+03 8.255191198902382894e+03
1.023315614315215498e+03 8.244468750000000000e+03 8.255202455567594370e+03
1.023336047079879791e+03 8.253088867187500000e+03 8.255213729119122945e+03
1.023356479944661260e+03 8.260939453125000000e+03 8.255225018380684560e+03
1.023376912609674037e+03 8.262840820312500000e+03 8.255236322009963260e+03
1.023397345375269651e+03 8.245943359375000000e+03 8.255247638996494061e+03
1.023417778240516782e+03 8.245462890625000000e+03 8.255258968163423560e+03
1.023438211006578058e+03 8.256390625000000000e+03 8.255270308223985921e+03
1.023458643672522157e+03 8.256903320312500000e+03 8.255281658000989410e+03
1.023479076538700610e+03 8.255383789062500000e+03 8.255293016484814871e+03
1.023499509305227548e+03 8.247468750000000000e+03 8.255304382332296882e+03
1.023519942072220147e+03 8.255826171875000000e+03 8.255315754422550526e+03
1.023540374839212745e+03 8.259589843750000000e+03 8.255327131578796980e+03
1.023560807606671005e+03 8.251991210937500000e+03 8.255338512624774012e+03
1.023581240474246442e+03 8.258138671875000000e+03 8.255349896439482109e+03
1.023601673142053187e+03 8.255791015625000000e+03 8.255361281679312015e+03
1.023642538778018206e+03 8.251345703125000000e+03 8.255384052229517692e+03
1.023662971446756274e+03 8.254345703125000000e+03 8.255395435020029254e+03
1.023683404315728694e+03 8.250584960937500000e+03 8.255406814752412174e+03
1.023703837084583938e+03 8.258184570312500000e+03 8.255418190082840738e+03
1.023724269753787667e+03 8.256377929687500000e+03 8.255429559835130931e+03
1.023744702623225749e+03 8.257666015625000000e+03 8.255440922999583563e+03
1.023765135393012315e+03 8.257785156250000000e+03 8.255452278232851313e+03
1.023785568063147366e+03 8.252001953125000000e+03 8.255463624358533707e+03
1.023806000933516771e+03 8.255088867187500000e+03 8.255474960366569576e+03
1.023826433704234660e+03 8.259808593750000000e+03 8.255486284913975396e+03
1.023846866374835372e+03 8.255448242187500000e+03 8.255497596824150605e+03
1.023867299245670438e+03 8.260581054687500000e+03 8.255508895086757548e+03
1.023887732016853988e+03 8.259916992187500000e+03 8.255520178359347483e+03
1.023908164788503200e+03 8.254418945312500000e+03 8.255531445520789930e+03
1.023928597560152411e+03 8.260889648437500000e+03 8.255542695394309703e+03
1.023949030332267284e+03 8.254475585937500000e+03 8.255553926803637296e+03
1.023969463104382157e+03 8.253507812500000000e+03 8.255565138571993884e+03
1.023989895876962692e+03 8.253814453125000000e+03 8.255576329523115419e+03
1.024010328650008887e+03 8.250200195312500000e+03 8.255587498480475915e+03
1.024030761423055083e+03 8.252722656250000000e+03 8.255598644267298369e+03
1.024051194196101278e+03 8.248883789062500000e+03 8.255609765707062252e+03
1.024071627069730312e+03 8.259399414062500000e+03 8.255620861677802168e+03
1.024092059843242168e+03 8.263262695312500000e+03 8.255631930893994650e+03
1.024112492517568171e+03 8.249807617187500000e+03 8.255642972180028664e+03
1.024132925391662866e+03 8.261087890625000000e+03 8.255653984520715312e+03
1.024153358166106045e+03 8.260972656250000000e+03 8.255664966577942323e+03
1.024173790840897709e+03 8.256041015625000000e+03 8.255675917175636641e+03
1.024194223715923727e+03 8.248459960937500000e+03 8.255686835297759899e+03
1.024214656491298229e+03 8.260152343750000000e+03 8.255697719607305771e+03
1.024235089166555554e+03 8.259431640625000000e+03 8.255708568928004752e+03
1.024255522042512894e+03 8.248082031250000000e+03 8.255719382242798019e+03
1.024275954818353057e+03 8.256037109375000000e+03 8.255730158215701522e+03
1.024296387694776058e+03 8.250534179687500000e+03 8.255740895776021716e+03
1.024316820370964706e+03 8.259007812500000000e+03 8.255751593589444383e+03
1.024337253148201853e+03 8.262969726562500000e+03 8.255762250637473699e+03
1.024357686025090516e+03 8.264907226562500000e+03 8.255772865742257636e+03
1.024378118702210486e+03 8.244192382812500000e+03 8.255783437572024923e+03
1.024398551479913294e+03 8.264476562500000000e+03 8.255793965105980533e+03
1.024418984357733279e+03 8.260749023437500000e+03 8.255804447166698083e+03
1.024439417035318911e+03 8.258280273437500000e+03 8.255814882423908784e+03
1.024459849813953042e+03 8.255107421875000000e+03 8.255825269855306033e+03
1.024480282692238688e+03 8.253966796875000000e+03 8.255835608282945032e+03
1.024500715371221304e+03 8.266225585937500000e+03 8.255845896379398255e+03
1.024521148249972612e+03 8.257248046875000000e+03 8.255856133169079840e+03
1.024541581029538065e+03 8.253931640625000000e+03 8.255866317325300770e+03
1.024562013809103519e+03 8.257042968750000000e+03 8.255876447721359000e+03
1.024582446588668972e+03 8.258701171875000000e+03 8.255886523180732183e+03
1.024602879368700087e+03 8.251174804687500000e+03 8.255896542527121710e+03
1.024623312148731202e+03 8.254500976562500000e+03 8.255906504583777860e+03
1.024643744929693639e+03 8.259068359375000000e+03 8.255916408174622120e+03
1.024664177710190415e+03 8.254716796875000000e+03 8.255926252122457299e+03
1.024684610491152853e+03 8.263948242187500000e+03 8.255936035251204885e+03
1.024705043272580951e+03 8.262614257812500000e+03 8.255945756384338893e+03
1.024725476054009050e+03 8.253601562500000000e+03 8.255955414345113240e+03
1.024745908936019987e+03 8.256621093750000000e+03 8.255965008004070114e+03
1.024766341618262231e+03 8.260563476562500000e+03 8.255974536044133856e+03
1.024786774400155991e+03 8.252899414062500000e+03 8.255983997428893417e+03
1.024807207283098251e+03 8.255704101562500000e+03 8.255993390981479024e+03
1.024827639965806156e+03 8.250892578125000000e+03 8.256002715387359785e+03
1.024848072748631239e+03 8.260424804687500000e+03 8.256011969607587162e+03
1.024868505632039160e+03 8.253225585937500000e+03 8.256021152464802071e+03
1.024888938315678388e+03 8.258774414062500000e+03 8.256030262648029748e+03
1.024909371199551970e+03 8.255996093750000000e+03 8.256039299159074289e+03
1.024929803983774036e+03 8.251029296875000000e+03 8.256048260688246955e+03
1.024950236667878926e+03 8.259555664062500000e+03 8.256057146059922161e+03
1.024970669552683830e+03 8.257865234375000000e+03 8.256065954227822658e+03
1.024991102337371558e+03 8.270598632812500000e+03 8.256074683885173727e+03
1.025011535022407770e+03 8.250932617187500000e+03 8.256083333856813624e+03
1.025031967907678336e+03 8.254976562500000000e+03 8.256091903092574285e+03
1.025052400693297386e+03 8.246314453125000000e+03 8.256100390289564530e+03
1.025072833579033613e+03 8.264511718750000000e+03 8.256108794354224301e+03
1.025093266265466809e+03 8.252438476562500000e+03 8.256117113987487755e+03
1.025113699051551521e+03 8.252274414062500000e+03 8.256125348135177774e+03
1.025134131938219070e+03 8.249663085937500000e+03 8.256133495619877067e+03
1.025154564625117928e+03 8.265313476562500000e+03 8.256141555145939492e+03
1.025174997412133962e+03 8.256740234375000000e+03 8.256149525655768230e+03
1.025195430299732834e+03 8.248458984375000000e+03 8.256157405971705884e+03
1.025215862987563014e+03 8.257489257812500000e+03 8.256165194802046244e+03
1.025236295775510371e+03 8.243489257812500000e+03 8.256172891085261654e+03
1.025256728563457727e+03 8.256207031250000000e+03 8.256180493606429081e+03
1.025277161351870745e+03 8.268888671875000000e+03 8.256188001189200804e+03
1.025297594240400940e+03 8.255887695312500000e+03 8.256195412692950413e+03
1.025318027029279619e+03 8.254739257812500000e+03 8.256202726868685204e+03
1.025338459718506783e+03 8.252676757812500000e+03 8.256209942541310738e+03
1.025358892607968301e+03 8.248423828125000000e+03 8.256217058639478637e+03
1.025379325397778302e+03 8.262748046875000000e+03 8.256224073881478034e+03
1.025399758087936789e+03 8.257964843750000000e+03 8.256230987092270880e+03
1.025420190977863967e+03 8.253961914062500000e+03 8.256237797195879466e+03
1.025440623768605292e+03 8.259186523437500000e+03 8.256244502915380508e+03
1.025461056459229439e+03 8.263212890625000000e+03 8.256251103075475839e+03
1.025481489350087941e+03 8.260662109375000000e+03 8.256257596595876748e+03
1.025501922141294926e+03 8.254177734375000000e+03 8.256263982203963678e+03
1.025522355032619089e+03 8.262785156250000000e+03 8.256270258785632905e+03
1.025542787724640220e+03 8.263959960937500000e+03 8.256276425073176142e+03
1.025563220516312867e+03 8.261231445312500000e+03 8.256282479981102369e+03
1.025583653408568352e+03 8.255464843750000000e+03 8.256288422331508627e+03
1.025604086101055145e+03 8.250923828125000000e+03 8.256294250861352339e+03
1.025624518894124776e+03 8.256950195312500000e+03 8.256299964480616836e+03
1.025644951787311584e+03 8.264912109375000000e+03 8.256305562010940776e+03
1.025665384480264038e+03 8.262773437500000000e+03 8.256311042194376569e+03
1.025685817373916507e+03 8.255515625000000000e+03 8.256316403961922333e+03
1.025706250167917460e+03 8.262684570312500000e+03 8.256321646057353064e+03
1.025726682861801237e+03 8.259717773437500000e+03 8.256326767305792600e+03
1.025747115756385028e+03 8.251356445312500000e+03 8.256331766605211669e+03
1.025767548550851643e+03 8.251595703125000000e+03 8.256336642704573023e+03
1.025787981345783919e+03 8.258832031250000000e+03 8.256341394452265376e+03
1.025808414140716195e+03 8.259360351562500000e+03 8.256346020671639053e+03
1.025828846936114132e+03 8.249482421875000000e+03 8.256350520186279027e+03
1.025849279731512070e+03 8.258687500000000000e+03 8.256354891819544719e+03
1.025869712527841330e+03 8.264282226562500000e+03 8.256359134395102956e+03
1.025890145323704928e+03 8.264253906250000000e+03 8.256363246736134897e+03
1.025910578120034188e+03 8.260673828125000000e+03 8.256367227666301915e+03
1.025931010916829109e+03 8.254501953125000000e+03 8.256371076009065291e+03
1.025951443713624030e+03 8.263716796875000000e+03 8.256374790587808093e+03
1.025971876611001790e+03 8.251993164062500000e+03 8.256378370243293830e+03
1.025992309308145195e+03 8.267874023437500000e+03 8.256381813747288106e+03
1.026012742105871439e+03 8.258882812500000000e+03 8.256385119974953341e+03
1.026033175003714859e+03 8.248633789062500000e+03 8.256388287747668073e+03
1.026053607702255249e+03 8.254823242187500000e+03 8.256391315843489792e+03
1.026074040600564331e+03 8.257926757812500000e+03 8.256394203145024221e+03
1.026094473399221897e+03 8.257377929687500000e+03 8.256396948432398858e+03
1.026114906098227948e+03 8.260458984375000000e+03 8.256399550531172281e+03
1.026135338997468352e+03 8.253361328125000000e+03 8.256402008301945898e+03
1.026155771797057241e+03 8.262721679687500000e+03 8.256404320531048143e+03
1.026176204496994615e+03 8.257396484375000000e+03 8.256406486044097619e+03
1.026196637397166342e+03 8.259045898437500000e+03 8.256408503695254694e+03
1.026217070197220892e+03 8.269604492187500000e+03 8.256410372277250644e+03
1.026237502997741103e+03 8.257404296875000000e+03 8.256412090623836775e+03
1.026257935798726976e+03 8.262153320312500000e+03 8.256413657558485284e+03
1.026278368599712849e+03 8.261961914062500000e+03 8.256415071904621072e+03
1.026298801501281559e+03 8.266971679687500000e+03 8.256416332491548019e+03
1.026319234202615917e+03 8.255409179687500000e+03 8.256417438125308763e+03
1.026339667004533112e+03 8.264129882812500000e+03 8.256418387646786869e+03
1.026360099906567484e+03 8.250933593750000000e+03 8.256419179877131683e+03
1.026380532708950341e+03 8.269941406250000000e+03 8.256419813632051955e+03
1.026400965411681682e+03 8.259281250000000000e+03 8.256420287737353647e+03
1.026421398314647377e+03 8.264249023437500000e+03 8.256420601022284245e+03
1.026441831117961556e+03 8.257169921875000000e+03 8.256420752304524285e+03
1.026462263921275735e+03 8.256565429687500000e+03 8.256420740409466816e+03
1.026482696725055575e+03 8.265404296875000000e+03 8.256420564160582217e+03
1.026503129428718239e+03 8.254631835937500000e+03 8.256420222383421788e+03
1.026523562333080918e+03 8.259763671875000000e+03 8.256419713895194946e+03
1.026543995137792081e+03 8.253506835937500000e+03 8.256419037525616659e+03
1.026564427842386067e+03 8.257950195312500000e+03 8.256418192100638407e+03
1.026584860747214407e+03 8.252370117187500000e+03 8.256417176430062682e+03
1.026625726257916540e+03 8.218325195312500000e+03 8.256414629689454159e+03
1.026666591969784349e+03 8.249799804687500000e+03 8.256411387870275576e+03
1.026687024876475334e+03 8.254049804687500000e+03 8.256409503364051488e+03
1.026707457582931966e+03 8.255644531250000000e+03 8.256407441581473904e+03
1.026727890389971435e+03 8.253425781250000000e+03 8.256405201316973034e+03
1.026748323297128081e+03 8.255630859375000000e+03 8.256402781391421740e+03
1.026768756004516035e+03 8.258839843750000000e+03 8.256400180665135849e+03
1.026789188812021166e+03 8.256376953125000000e+03 8.256397397924742108e+03
1.026809621720109135e+03 8.250732421875000000e+03 8.256394431990956946e+03
1.026830054427962750e+03 8.263119140625000000e+03 8.256391281732265270e+03
1.026850487236399204e+03 8.264148437500000000e+03 8.256387945927108376e+03
1.026891352854203433e+03 8.264925781250000000e+03 8.256380713016274967e+03
1.026911785763222724e+03 8.250958007812500000e+03 8.256376813538045099e+03
1.026932218573056161e+03 8.254990234375000000e+03 8.256372723840728213e+03
1.026952651382423937e+03 8.258938476562500000e+03 8.256368442729428352e+03
1.026973084192723036e+03 8.258081054687500000e+03 8.256363969027312123e+03
1.026993517003022134e+03 8.261487304687500000e+03 8.256359301558049992e+03
1.027013949813321233e+03 8.262426757812500000e+03 8.256354439145108699e+03
1.027034382624551654e+03 8.258420898437500000e+03 8.256349380611725792e+03
1.027054815435316414e+03 8.261894531250000000e+03 8.256344124781709979e+03
1.027075248346664011e+03 8.255188476562500000e+03 8.256338670451081271e+03
1.027095681158360094e+03 8.261250000000000000e+03 8.256333016496741038e+03
1.027116113870404661e+03 8.266887695312500000e+03 8.256327161745093690e+03
1.027136546782217920e+03 8.264418945312500000e+03 8.256321104932330854e+03
1.027156979494728148e+03 8.258659179687500000e+03 8.256314845000220885e+03
1.027177412307355553e+03 8.265081054687500000e+03 8.256308380681981362e+03
1.027197845220565796e+03 8.254957031250000000e+03 8.256301710797917622e+03
1.027218277933541685e+03 8.253961914062500000e+03 8.256294834271204309e+03
1.027238710747100413e+03 8.268346679687500000e+03 8.256287749825592982e+03
1.027259143660776317e+03 8.263182617187500000e+03 8.256280456281641818e+03
1.027279576375149190e+03 8.257593750000000000e+03 8.256272952571225687e+03
1.027300009289290756e+03 8.250712890625000000e+03 8.256265237371248077e+03
1.027320442103780806e+03 8.252111328125000000e+03 8.256257309616677958e+03
1.027340874818619341e+03 8.250724609375000000e+03 8.256249168134108913e+03
1.027361307733692229e+03 8.256516601562500000e+03 8.256240811625933929e+03
1.027381740549113601e+03 8.259782226562500000e+03 8.256232239036680767e+03
1.027402173264417797e+03 8.253044921875000000e+03 8.256223449193192209e+03
1.027422606180422008e+03 8.252695312500000000e+03 8.256214440787918647e+03
1.027443038996309042e+03 8.248769531250000000e+03 8.256205212775343171e+03
1.027463471912778914e+03 8.262135742187500000e+03 8.256195763888272268e+03
1.027483904629480094e+03 8.251183593750000000e+03 8.256186093090678696e+03
1.027504337446764112e+03 8.257189453125000000e+03 8.256176199065504989e+03
1.027524770363699645e+03 8.268666015625000000e+03 8.256166080633376623e+03
1.027545203081332147e+03 8.265376953125000000e+03 8.256155736767454073e+03
1.027565635899081826e+03 8.252074218750000000e+03 8.256145166141277514e+03
1.027586068816948682e+03 8.255349609375000000e+03 8.256134367574974021e+03
1.027606501635164022e+03 8.258542968750000000e+03 8.256123339997571748e+03
1.027626934353727847e+03 8.254613281250000000e+03 8.256112082235911657e+03
1.027647367272526026e+03 8.268576171875000000e+03 8.256100592946520919e+03
1.027667800091672689e+03 8.258514648437500000e+03 8.256088871119787655e+03
1.027688232911285013e+03 8.255505859375000000e+03 8.256076915523433854e+03
1.027708665730897337e+03 8.261721679687500000e+03 8.256064724981195468e+03
1.027729098550509661e+03 8.261873046875000000e+03 8.256052298316542874e+03
1.027749531471170485e+03 8.263159179687500000e+03 8.256039634289729293e+03
1.027769964191131294e+03 8.260101562500000000e+03 8.256026731912988907e+03
1.027790396912023425e+03 8.255651367187500000e+03 8.256013589885971669e+03
1.027810829833149910e+03 8.252575195312500000e+03 8.256000206900424018e+03
1.027831262654159218e+03 8.260756835937500000e+03 8.255986581974757428e+03
1.027851695575751364e+03 8.257746093750000000e+03 8.255972713798595578e+03
1.027872128297574818e+03 8.251540039062500000e+03 8.255958601401038322e+03
1.027892561119515449e+03 8.248341796875000000e+03 8.255944243400219420e+03
1.027912994042038918e+03 8.273939453125000000e+03 8.255929638615654767e+03
1.027933426764328033e+03 8.241837890625000000e+03 8.255914786087638277e+03
1.027953859587199986e+03 8.249830078125000000e+03 8.255899684422794962e+03
1.027974292510654777e+03 8.246175781250000000e+03 8.255884332440904473e+03
1.027994725233875215e+03 8.253747070312500000e+03 8.255868729193287436e+03
1.028015158057678491e+03 8.254352539062500000e+03 8.255852873275540333e+03
1.028035590981598943e+03 8.251222656250000000e+03 8.255836763507759315e+03
1.028056023705750704e+03 8.257522460937500000e+03 8.255820398951718744e+03
1.028076456630136818e+03 8.254959960937500000e+03 8.255803778110503117e+03
1.028096889454871416e+03 8.257961914062500000e+03 8.255786900049628457e+03
1.028117322280071676e+03 8.255414062500000000e+03 8.255769763511736528e+03
1.028137755105271935e+03 8.252376953125000000e+03 8.255752367320672420e+03
1.028158187930937856e+03 8.252749023437500000e+03 8.255734710299506332e+03
1.028178620756603777e+03 8.253499023437500000e+03 8.255716791272097907e+03
1.028199053582735360e+03 8.250003906250000000e+03 8.255698609061497336e+03
1.028219486409332603e+03 8.255548828125000000e+03 8.255680162491153169e+03
1.028239919335581362e+03 8.249847656250000000e+03 8.255661450293042435e+03
1.028260352162644267e+03 8.241760742187500000e+03 8.255642471472710895e+03
1.028280784890055656e+03 8.249452148437500000e+03 8.255623224857956302e+03
1.028301217817235738e+03 8.248458007812500000e+03 8.255603708988239305e+03
1.028321650645229965e+03 8.249100585937500000e+03 8.255583922970570711e+03
1.028342083373107016e+03 8.253870117187500000e+03 8.255563865633290334e+03
1.028362516301218420e+03 8.250756835937500000e+03 8.255543535503027670e+03
1.028382949129678309e+03 8.248919921875000000e+03 8.255522931699611945e+03
1.028403381858952343e+03 8.251093750000000000e+03 8.255502053050047834e+03
1.028423814787995070e+03 8.240495117187500000e+03 8.255480898070287367e+03
1.028444247517269105e+03 8.245367187500000000e+03 8.255459465997468214e+03
1.028464680446777493e+03 8.251449218750000000e+03 8.255437755235469012e+03
1.028485113276634365e+03 8.239927734375000000e+03 8.255415764924338873e+03
1.028505546006839722e+03 8.259301757812500000e+03 8.255393493891648177e+03
1.028525978937279433e+03 8.249080078125000000e+03 8.255370940631919439e+03
1.028546411768067628e+03 8.244377929687500000e+03 8.255348104297536338e+03
1.028566844499204308e+03 8.243848632812500000e+03 8.255324983716125644e+03
1.028587277430575341e+03 8.249145507812500000e+03 8.255301577369709776e+03
1.028607710261829197e+03 8.249358398437500000e+03 8.255277884423716387e+03
1.028628143094014376e+03 8.250410156250000000e+03 8.255253903586526576e+03
1.028648575925733894e+03 8.259472656250000000e+03 8.255229633683236898e+03
1.028669008758384734e+03 8.263714843750000000e+03 8.255205073535649717e+03
1.028689441691152751e+03 8.255357421875000000e+03 8.255180221845843334e+03
1.028709874423686415e+03 8.245409179687500000e+03 8.255155077804740358e+03
1.028730307257268578e+03 8.250770507812500000e+03 8.255129639867191145e+03
1.028750740190502256e+03 8.253963867187500000e+03 8.255103906854063098e+03
1.028771172924432904e+03 8.253504882812500000e+03 8.255077877967487439e+03
1.028791605758015066e+03 8.251466796875000000e+03 8.255051551652268245e+03
1.028812038692645729e+03 8.266347656250000000e+03 8.255024926725684054e+03
1.028832471527159214e+03 8.256261718750000000e+03 8.254998002273303428e+03
1.028852904361672699e+03 8.251912109375000000e+03 8.254970776988870057e+03
1.028873337197117507e+03 8.247190429687500000e+03 8.254943249694590122e+03
1.028893770032562315e+03 8.260555664062500000e+03 8.254915419215161819e+03
1.028914202868007123e+03 8.258935546875000000e+03 8.254887284374053706e+03
1.028934635703917593e+03 8.252691406250000000e+03 8.254858843994084964e+03
1.028955068540293723e+03 8.245568359375000000e+03 8.254830096898698685e+03
1.028975501476787031e+03 8.256783203125000000e+03 8.254801041768881987e+03
1.028995934213511646e+03 8.254539062500000000e+03 8.254771677856797396e+03
1.029016367050353438e+03 8.260846679687500000e+03 8.254742003557203134e+03
1.029036799987778068e+03 8.256248046875000000e+03 8.254712017688314518e+03
1.029057232725434005e+03 8.243812500000000000e+03 8.254681719516645899e+03
1.029077665663324296e+03 8.252688476562500000e+03 8.254651107272507943e+03
1.029098098401445895e+03 8.250289062500000000e+03 8.254620180378642544e+03
1.029118531239684671e+03 8.253789062500000000e+03 8.254588937206914125e+03
1.029138964178506285e+03 8.256105468750000000e+03 8.254557376575417948e+03
1.029159396917559206e+03 8.247289062500000000e+03 8.254525497773853203e+03
1.029179829756729305e+03 8.259153320312500000e+03 8.254493299160143579e+03
1.029200262696482241e+03 8.254414062500000000e+03 8.254460779552300664e+03
1.029220695436000824e+03 8.253251953125000000e+03 8.254427938254912078e+03
1.029241128376219422e+03 8.245640625000000000e+03 8.254394773446996624e+03
1.029261561216320843e+03 8.251278320312500000e+03 8.254361284437896757e+03
1.029281993957236409e+03 8.250350585937500000e+03 8.254327470054304285e+03
1.029302426897920668e+03 8.251974609375000000e+03 8.254293328622534318e+03
1.029322859738953412e+03 8.259286132812500000e+03 8.254258859463947374e+03
1.029343292580451816e+03 8.252017578125000000e+03 8.254224061235503541e+03
1.029363725422415882e+03 8.254826171875000000e+03 8.254188932760647731e+03
1.029425023949239403e+03 8.250289062500000000e+03 8.254081554095346291e+03
1.029445456792134792e+03 8.256562500000000000e+03 8.254045092870972439e+03
1.029486322578508407e+03 8.248957031250000000e+03 8.253971160677083390e+03
1.029506755322217941e+03 8.250929687500000000e+03 8.253933687719192676e+03
1.029527188266161829e+03 8.249517578125000000e+03 8.253895874734451354e+03
1.029547621110454202e+03 8.265368164062500000e+03 8.253857721098782349e+03
1.029568053854629397e+03 8.243460937500000000e+03 8.253819225641527737e+03
1.029608919644728303e+03 8.250581054687500000e+03 8.253741203416659118e+03
1.029649785335641354e+03 8.251893554687500000e+03 8.253661799216726649e+03
1.029670218181796372e+03 8.255306640625000000e+03 8.253621575863006001e+03
1.029690651127602905e+03 8.244128906250000000e+03 8.253581003240242353e+03
1.029711083874106407e+03 8.247366210937500000e+03 8.253540080768078042e+03
1.029731516621075571e+03 8.252640625000000000e+03 8.253498806875008086e+03
1.029751949567813426e+03 8.261370117187500000e+03 8.253457179976740008e+03
1.029772382415365428e+03 8.251396484375000000e+03 8.253415199503173426e+03
1.029792815162800252e+03 8.247073242187500000e+03 8.253372864284874595e+03
1.029813248110469431e+03 8.254458984375000000e+03 8.253330172520385531e+03
1.029854113907087594e+03 8.250564453125000000e+03 8.253243716096607386e+03
1.029874546655919403e+03 8.255922851562500000e+03 8.253199949303023459e+03
1.029894979504868388e+03 8.247679687500000000e+03 8.253155821460110019e+03
1.029915412453934550e+03 8.259572265625000000e+03 8.253111331386015081e+03
1.029956278053577989e+03 8.241250000000000000e+03 8.253021261147285259e+03
1.029976711003575474e+03 8.244146484375000000e+03 8.252975677969592653e+03
1.030038009555544704e+03 8.259494140625000000e+03 8.252836724081502325e+03
1.030058442406821996e+03 8.247488281250000000e+03 8.252789667189852480e+03
1.030078875258099288e+03 8.252239257812500000e+03 8.252742238873530368e+03
1.030099308109842241e+03 8.249064453125000000e+03 8.252694437954905879e+03
1.030119740962050855e+03 8.244921875000000000e+03 8.252646263257418468e+03
1.030140173914376646e+03 8.246244140625000000e+03 8.252597713366809330e+03
1.030160606666933745e+03 8.258343750000000000e+03 8.252548787821840961e+03
1.030181039519608021e+03 8.253358398437500000e+03 8.252499484730664335e+03
1.030201472472865134e+03 8.259545898437500000e+03 8.252449802910052313e+03
1.030221905226353556e+03 8.265787109375000000e+03 8.252399741916524363e+03
1.030242338180076331e+03 8.253727539062500000e+03 8.252349299593497562e+03
1.030262771034147590e+03 8.242285156250000000e+03 8.252298475501940629e+03
1.030303636742755771e+03 8.255553710937500000e+03 8.252195676570692740e+03
1.030324069597758353e+03 8.248209960937500000e+03 8.252143699376721997e+03
1.030344502353109419e+03 8.258752929687500000e+03 8.252091335719289418e+03
1.030364935308229178e+03 8.253711914062500000e+03 8.252038583651679801e+03
1.030385368064045906e+03 8.248753906250000000e+03 8.251985443027639121e+03
1.030405801020096987e+03 8.248344726562500000e+03 8.251931911631500043e+03
1.030426233876496553e+03 8.253279296875000000e+03 8.251877989069496834e+03
1.030446666632778943e+03 8.256926757812500000e+03 8.251823674172070241e+03
1.030467099589761347e+03 8.243280273437500000e+03 8.251768964960141602e+03
1.030487532447092235e+03 8.255664062500000000e+03 8.251713861058437033e+03
1.030507965304423124e+03 8.253375000000000000e+03 8.251658361024570695e+03
1.030528398162219673e+03 8.265302734375000000e+03 8.251602463680719666e+03
1.030548831020016223e+03 8.246352539062500000e+03 8.251546167851613063e+03
1.030569263978395611e+03 8.254450195312500000e+03 8.251489472080636915e+03
1.030589696736540645e+03 8.248583984375000000e+03 8.251432376028871658e+03
1.030610129595734179e+03 8.247971679687500000e+03 8.251374877680806094e+03
1.030630562554579228e+03 8.251596679687500000e+03 8.251316975857913349e+03
1.030650995414238423e+03 8.255305664062500000e+03 8.251258669947084854e+03
1.030671428173780441e+03 8.262078125000000000e+03 8.251199958780372981e+03
1.030691861133556813e+03 8.255945312500000000e+03 8.251140840315221794e+03
1.030712293993681669e+03 8.252004882812500000e+03 8.251081314239747371e+03
1.030732726754620671e+03 8.246781250000000000e+03 8.251021379382022133e+03
1.030753159715328366e+03 8.250508789062500000e+03 8.250961033685563962e+03
1.030773592576384544e+03 8.249413085937500000e+03 8.250900276855109041e+03
1.030794025437440723e+03 8.247491210937500000e+03 8.250839107420817527e+03
1.030814458299428225e+03 8.265883789062500000e+03 8.250777524203334906e+03
1.030834891161415726e+03 8.252252929687500000e+03 8.250715526028903696e+03
1.030855324123520404e+03 8.264410156250000000e+03 8.250653111414145314e+03
1.030875756885856390e+03 8.250224609375000000e+03 8.250590280101605458e+03
1.030896189748775214e+03 8.252690429687500000e+03 8.250527029994198529e+03
1.030916622711811215e+03 8.234869140625000000e+03 8.250463359910654617e+03
1.030937055475078523e+03 8.250658203125000000e+03 8.250399269611967611e+03
1.030957488439045846e+03 8.261183593750000000e+03 8.250334756665441091e+03
1.030977921302895993e+03 8.248692382812500000e+03 8.250269820841182081e+03
1.030998354067094624e+03 8.251664062500000000e+03 8.250204460967390332e+03
1.031018787031527609e+03 8.258161132812500000e+03 8.250138674905121661e+03
1.031039219796191901e+03 8.262256835937500000e+03 8.250072462765680029e+03
1.031059652661439031e+03 8.255043945312500000e+03 8.250005822402352351e+03
1.031080085626803339e+03 8.242635742187500000e+03 8.249938752633806871e+03
1.031100518392398953e+03 8.249943359375000000e+03 8.249871253271003297e+03
1.031120951258111745e+03 8.257326171875000000e+03 8.249803322149888118e+03
1.031141384224407375e+03 8.254081054687500000e+03 8.249734958086006372e+03
1.031161816990934312e+03 8.246662109375000000e+03 8.249666160910885083e+03
1.031182249957695603e+03 8.247519531250000000e+03 8.249596928101153026e+03
1.031202682824805379e+03 8.254326171875000000e+03 8.249527259493155725e+03
1.031223115691915154e+03 8.246839843750000000e+03 8.249457153573770483e+03
1.031243548559956253e+03 8.250540039062500000e+03 8.249386609163231697e+03
1.031263981427531689e+03 8.247786132812500000e+03 8.249315625089806417e+03
1.031284414296038449e+03 8.253154296875000000e+03 8.249244200172093770e+03
1.031304847264196724e+03 8.240947265625000000e+03 8.249172332885202195e+03
1.031325280033051968e+03 8.261285156250000000e+03 8.249100023107319430e+03
