1.643940905486233532e+02 7.704020507812500000e+03 7.702924408025300181e+03
1.644145238199271262e+02 7.706087402343750000e+03 7.702885077575326250e+03
1.644349570912308991e+02 7.710581542968750000e+03 7.702845540386120774e+03
1.644553903620690107e+02 7.699617187500000000e+03 7.702805799302313062e+03
1.644758236329071224e+02 7.725860839843750000e+03 7.702765857166730711e+03
1.644962569032795727e+02 7.700498046875000000e+03 7.702725716824014853e+03
1.645166901731863618e+02 7.704419921875000000e+03 7.702685381117908946e+03
1.645371234421618283e+02 7.697889160156250000e+03 7.702644852893070492e+03
1.645575566114857793e+02 7.699757324218750000e+03 7.702604135190426859e+03
1.645779899805784225e+02 7.700445312500000000e+03 7.702563230255661438e+03
1.645984231489710510e+02 7.701018066406250000e+03 7.702522141734179968e+03
1.646188564174808562e+02 7.688273925781250000e+03 7.702480871866147936e+03
1.646392897851765156e+02 7.697987304687500000e+03 7.702439423494547555e+03
1.646597230527549982e+02 7.704505371093750000e+03 7.702397799867399954e+03
1.646801562197506428e+02 7.710905761718750000e+03 7.702356003831943781e+03
1.647005894868634641e+02 7.700453125000000000e+03 7.702314037821365673e+03
1.647210228536278009e+02 7.698645019531250000e+03 7.702271904677873863e+03
1.647414560196921229e+02 7.694859863281250000e+03 7.702229607865739126e+03
1.647618892854079604e+02 7.694786621093750000e+03 7.702187149608156687e+03
1.647823226507753134e+02 7.694525390625000000e+03 7.702144532746520781e+03
1.648027558159083128e+02 7.703512207031250000e+03 7.702101760751160327e+03
1.648231890811584890e+02 7.700973632812500000e+03 7.702058835838221057e+03
1.648436223454773426e+02 7.700164062500000000e+03 7.702015761062584716e+03
1.648640556097961962e+02 7.699395507812500000e+03 7.701972539266022068e+03
1.648844888736493886e+02 7.712312500000000000e+03 7.701929173293247004e+03
1.649049221370369196e+02 7.699759765625000000e+03 7.701885665987986613e+03
1.649253555005416274e+02 7.699449707031250000e+03 7.701842019978790631e+03
1.649457886633463204e+02 7.704858398437500000e+03 7.701798238752944599e+03
1.649662219258025289e+02 7.705571777343750000e+03 7.701754324511615778e+03
1.649866550881415606e+02 7.706615722656250000e+03 7.701710280527835494e+03
1.650070884497836232e+02 7.703320312500000000e+03 7.701666108998986601e+03
1.650275217113085091e+02 7.706794921875000000e+03 7.701621813415138604e+03
1.650479548727162182e+02 7.706851074218750000e+03 7.701577396621822118e+03
1.650683882334269583e+02 7.708276367187500000e+03 7.701532860811016690e+03
1.650888214940205216e+02 7.705488769531250000e+03 7.701488209478193312e+03
1.651092547541484237e+02 7.700727539062500000e+03 7.701443445250170043e+03
1.651296880138106644e+02 7.701927246093750000e+03 7.701398570970675792e+03
1.651501212734729052e+02 7.691128906250000000e+03 7.701353589482411735e+03
1.651705545326694846e+02 7.695469238281250000e+03 7.701308503630129053e+03
1.651909876917488873e+02 7.705920410156250000e+03 7.701263316478170054e+03
1.652114210501313210e+02 7.702683593750000000e+03 7.701218030207374795e+03
1.652318543083965778e+02 7.701235351562500000e+03 7.701172648324351940e+03
1.652522874660789967e+02 7.705150878906250000e+03 7.701127173675248741e+03
1.652727208235301077e+02 7.708617187500000000e+03 7.701081608434678856e+03
1.652931540808640420e+02 7.694725097656250000e+03 7.701035956114440523e+03
1.653135872376151383e+02 7.704985351562500000e+03 7.700990219560555488e+03
1.653340204944834113e+02 7.696401855468750000e+03 7.700944401167495016e+03
1.653544538505375385e+02 7.712118652343750000e+03 7.700898503779901148e+03
1.653748870063573122e+02 7.708534179687500000e+03 7.700852530914615272e+03
1.653953202618286014e+02 7.701013671875000000e+03 7.700806484741190616e+03
1.654157536174170673e+02 7.703138183593750000e+03 7.700760368101249696e+03
1.654361868719570339e+02 7.695725585937500000e+03 7.700714184292540267e+03
1.654566200268454850e+02 7.702701660156250000e+03 7.700667936156596625e+03
1.654770532804541290e+02 7.701722656250000000e+03 7.700621626088141056e+03
1.654974866346456110e+02 7.694046875000000000e+03 7.700575256925782924e+03
1.655179197881370783e+02 7.694440917968750000e+03 7.700528832197362135e+03
1.655383530412800610e+02 7.706293945312500000e+03 7.700482354064592982e+03
1.655587863940745592e+02 7.696765625000000000e+03 7.700435825370432212e+03
1.655792195466347039e+02 7.697914062500000000e+03 7.700389249641833885e+03
1.655996527988463640e+02 7.704836425781250000e+03 7.700342629039289022e+03
1.656200860505923629e+02 7.706187988281250000e+03 7.700295966634609613e+03
1.656405193023383617e+02 7.707731933593750000e+03 7.700249265270455908e+03
1.656609525536186993e+02 7.696528808593750000e+03 7.700202527791603643e+03
1.656813858044333756e+02 7.696049316406250000e+03 7.700155757041781726e+03
1.657018190547823906e+02 7.696561035156250000e+03 7.700108955864698146e+03
1.657222523051314056e+02 7.710180664062500000e+03 7.700062127103011335e+03
1.657426855550147593e+02 7.699418457031250000e+03 7.700015273601504305e+03
1.657631187043152750e+02 7.697282714843750000e+03 7.699968398433622497e+03
1.658039853023365140e+02 7.697468750000000000e+03 7.699874593094169541e+03
1.658244184511713684e+02 7.696969238281250000e+03 7.699827669298359069e+03
1.658448517993092537e+02 7.701363769531250000e+03 7.699780734522497369e+03
1.658652850468643010e+02 7.700536132812500000e+03 7.699733792299060951e+03
1.658857182948850095e+02 7.693690429687500000e+03 7.699686845239678405e+03
1.659061515419743955e+02 7.698771972656250000e+03 7.699639896191280059e+03
1.659265846889466047e+02 7.711457519531250000e+03 7.699592948225461441e+03
1.659470179355703294e+02 7.697785156250000000e+03 7.699546003726937670e+03
1.659674511817283928e+02 7.701917480468750000e+03 7.699499065769457957e+03
1.659878845275379717e+02 7.706940917968750000e+03 7.699452136966823673e+03
1.660083176731131971e+02 7.691767578125000000e+03 7.699405220851409467e+03
1.660287509183399379e+02 7.699668457031250000e+03 7.699358319578273949e+03
1.660491842632181942e+02 7.701344238281250000e+03 7.699311435991368853e+03
1.660696174073964357e+02 7.706132812500000000e+03 7.699264573623409888e+03
1.660900506516918540e+02 7.695818359375000000e+03 7.699217734628040489e+03
1.661104838955216110e+02 7.693250976562500000e+03 7.699170922079705633e+03
1.661309171388857067e+02 7.701296386718750000e+03 7.699124138822124223e+03
1.661513503822498024e+02 7.696644042968750000e+03 7.699077387697936501e+03
1.661717836251482368e+02 7.690742675781250000e+03 7.699030671551921841e+03
1.661922168680466712e+02 7.704238769531250000e+03 7.698983993226729581e+03
1.662126501100137830e+02 7.703440917968750000e+03 7.698937355568195926e+03
1.662330833519808948e+02 7.689751464843750000e+03 7.698890761417905196e+03
1.662535164933651686e+02 7.702138671875000000e+03 7.698844213848584332e+03
1.662739498349837959e+02 7.706137695312500000e+03 7.698797715019025418e+03
1.662943830755539238e+02 7.708746093750000000e+03 7.698751268458914637e+03
1.663148162164725363e+02 7.704689453125000000e+03 7.698704877008002768e+03
1.663352495562285185e+02 7.696636718750000000e+03 7.698658542832727107e+03
1.663556827963329852e+02 7.697097656250000000e+03 7.698612269454069974e+03
1.663761159358546138e+02 7.697880859375000000e+03 7.698566059716946256e+03
1.663965491750277579e+02 7.692400878906250000e+03 7.698519916012213798e+03
1.664169825138524175e+02 7.705465820312500000e+03 7.698473841184579214e+03
1.664374156524427235e+02 7.692695800781250000e+03 7.698427838753439573e+03
1.664578488906845450e+02 7.689058105468750000e+03 7.698381910886811056e+03
1.664782822285778821e+02 7.697062500000000000e+03 7.698336060429521240e+03
1.664987154663540423e+02 7.700195312500000000e+03 7.698290290673555319e+03
1.665191486035473645e+02 7.689284179687500000e+03 7.698244604462459392e+03
1.665395818403922021e+02 7.701264648437500000e+03 7.698199004192225402e+03
1.665600151768885553e+02 7.699943359375000000e+03 7.698153492707842815e+03
1.665804483131505549e+02 7.708089355468750000e+03 7.698108073520295875e+03
1.666008815490640700e+02 7.698995605468750000e+03 7.698062748806017225e+03
1.666213148846291006e+02 7.695714843750000000e+03 7.698017521410120025e+03
1.666417480199597776e+02 7.711145019531250000e+03 7.697972394839356639e+03
1.666621812549419701e+02 7.697809570312500000e+03 7.697927371274387042e+03
1.666826145895756781e+02 7.696245605468750000e+03 7.697882453560454451e+03
1.667030477239750326e+02 7.690860351562500000e+03 7.697837645199697363e+03
1.667234809575602412e+02 7.692628906250000000e+03 7.697792948378400979e+03
1.667439141911454499e+02 7.700007812500000000e+03 7.697748366158053614e+03
1.667643475243821740e+02 7.703907226562500000e+03 7.697703901165803472e+03
1.667847806573845446e+02 7.694782714843750000e+03 7.697659556897058792e+03
1.668052138900384307e+02 7.701952148437500000e+03 7.697615335543816400e+03
1.668256472223438323e+02 7.705314941406250000e+03 7.697571239951610551e+03
1.668460803544148803e+02 7.705843750000000000e+03 7.697527273610365228e+03
1.668665135861374438e+02 7.690087402343750000e+03 7.697483438717559693e+03
1.668869467172771692e+02 7.692842773437500000e+03 7.697439738546422632e+03
1.669073800481855869e+02 7.693686035156250000e+03 7.697396175299296374e+03
1.669278132785111666e+02 7.699310546875000000e+03 7.697352752461235468e+03
1.669482465088367462e+02 7.691914062500000000e+03 7.697309472661170730e+03
1.669686797386966646e+02 7.691954101562500000e+03 7.697266338743789674e+03
1.669891129685565829e+02 7.696414550781250000e+03 7.697223353551813489e+03
1.670095461979508400e+02 7.698867675781250000e+03 7.697180519929923321e+03
1.670299793267622590e+02 7.703768066406250000e+03 7.697137840930548919e+03
1.670504126553423703e+02 7.693812011718750000e+03 7.697095318771189341e+03
1.670708458838053048e+02 7.695554199218750000e+03 7.697052956920774704e+03
1.670912790116854012e+02 7.692372070312500000e+03 7.697010758221601463e+03
1.671117123393341899e+02 7.698179199218750000e+03 7.696968724898286382e+03
1.671321455664001405e+02 7.693475585937500000e+03 7.696926860413603208e+03
1.671525786933489144e+02 7.690316406250000000e+03 7.696885167607799303e+03
1.671730119199492037e+02 7.693363769531250000e+03 7.696843648916943494e+03
1.671934452462010086e+02 7.695040527343750000e+03 7.696802307187315819e+03
1.672138784723356366e+02 7.688943359375000000e+03 7.696761145666810989e+03
1.672343115978874266e+02 7.703238769531250000e+03 7.696720167197398041e+03
1.672547449236735702e+02 7.687228027343750000e+03 7.696679374020848627e+03
1.672751781484112144e+02 7.691596679687500000e+03 7.696638769583710200e+03
1.672956112730316818e+02 7.703338867187500000e+03 7.696598356725035046e+03
1.673160444973036647e+02 7.705281738281250000e+03 7.696558137893403909e+03
1.673364777215756476e+02 7.696496582031250000e+03 7.696518116130080671e+03
1.673569109449163079e+02 7.701495117187500000e+03 7.696478294280589580e+03
1.673773441687226295e+02 7.700514160156250000e+03 7.696438675185898319e+03
1.673977773915976286e+02 7.692878906250000000e+03 7.696399261692416985e+03
1.674182106140069664e+02 7.702666503906250000e+03 7.696360056642930431e+03
1.674386437362991273e+02 7.691136718750000000e+03 7.696321063070781747e+03
1.674590770583599806e+02 7.693122558593750000e+03 7.696282283248947351e+03
1.674795102803036571e+02 7.694335937500000000e+03 7.696243720591845886e+03
1.674999435013160110e+02 7.702585937500000000e+03 7.696205377754392430e+03
1.675203766226768494e+02 7.697553222656250000e+03 7.696167257763890120e+03
1.675408099433407187e+02 7.694014160156250000e+03 7.696129362907953691e+03
1.675612431634217501e+02 7.690538574218750000e+03 7.696091696588089690e+03
1.675816762833856046e+02 7.708037597656250000e+03 7.696054261643759673e+03
1.676021095034666359e+02 7.695318359375000000e+03 7.696017060551803297e+03
1.676225428227335215e+02 7.691877441406250000e+03 7.695980096161073561e+03
1.676429759417660534e+02 7.691384277343750000e+03 7.695943371855159967e+03
1.676634091604501009e+02 7.682734375000000000e+03 7.695906889937003143e+03
1.676838424787856638e+02 7.685759765625000000e+03 7.695870653253879027e+03
1.677042755968868732e+02 7.703342285156250000e+03 7.695834665179483636e+03
1.677247088146395981e+02 7.688310546875000000e+03 7.695798928027502370e+03
1.677451421320438385e+02 7.696748046875000000e+03 7.695763444645333948e+03
1.677655752492137253e+02 7.700261230468750000e+03 7.695728218395556723e+03
1.677860084660351276e+02 7.694582031250000000e+03 7.695693251602975579e+03
1.678064416823908687e+02 7.696686523437500000e+03 7.695658547284501765e+03
1.678268749983981252e+02 7.701211425781250000e+03 7.695624108115740455e+03
1.678473081141710281e+02 7.704874023437500000e+03 7.695589937443853159e+03
1.678677413295954466e+02 7.695747070312500000e+03 7.695556037609052510e+03
1.678881746446713805e+02 7.692357421875000000e+03 7.695522411459030081e+03
1.679086077595129609e+02 7.690379882812500000e+03 7.695489062328953878e+03
1.679290409740060568e+02 7.702038085937500000e+03 7.695455992571029128e+03
1.679494741880334914e+02 7.684998046875000000e+03 7.695423205193028480e+03
1.679699074015952647e+02 7.691492187500000000e+03 7.695390703038623542e+03
1.679903406151570380e+02 7.684931640625000000e+03 7.695358488950774699e+03
1.680107738282531500e+02 7.692660644531250000e+03 7.695326565773897528e+03
1.680312070408836007e+02 7.695606445312500000e+03 7.695294936351679098e+03
1.680516402535140514e+02 7.698388671875000000e+03 7.695263603527087071e+03
1.680720734656788409e+02 7.696209960937500000e+03 7.695232570144529745e+03
1.680925065772607923e+02 7.700943847656250000e+03 7.695201839197510708e+03
1.681129398890770972e+02 7.685864257812500000e+03 7.695171413079535341e+03
1.681333730998449028e+02 7.689479492187500000e+03 7.695141295085157253e+03
1.681538062109611928e+02 7.687922363281250000e+03 7.695111488051459673e+03
1.681742395213805139e+02 7.691818359375000000e+03 7.695081994388322528e+03
1.681946727316826582e+02 7.689891113281250000e+03 7.695052817373927610e+03
1.682151058414019644e+02 7.707224121093750000e+03 7.695023959847953847e+03
1.682355390507727861e+02 7.701645507812500000e+03 7.694995424371278204e+03
1.682559723597951233e+02 7.697215820312500000e+03 7.694967213792332586e+03
1.682764055687002838e+02 7.698785156250000000e+03 7.694939331230623793e+03
1.682968386774882674e+02 7.697740722656250000e+03 7.694911779525007660e+03
1.683172719855792820e+02 7.691625000000000000e+03 7.694884561117875819e+03
1.683377051935531199e+02 7.697658203125000000e+03 7.694857679254204413e+03
1.683581383009441197e+02 7.693396972656250000e+03 7.694831136773326762e+03
1.683785715079866350e+02 7.691597167968750000e+03 7.694804936258808084e+03
1.683990048146806657e+02 7.695360351562500000e+03 7.694779080559369504e+03
1.684194379211403430e+02 7.695684570312500000e+03 7.694753572895614525e+03
1.684398711277171969e+02 7.691302246093750000e+03 7.694728415733738984e+03
1.684603044334799051e+02 7.695278320312500000e+03 7.694703611923734570e+03
1.684807375390082598e+02 7.700121093750000000e+03 7.694679164670124010e+03
1.685011707441881299e+02 7.704658691406250000e+03 7.694655076455173912e+03
1.685216039493680000e+02 7.695921875000000000e+03 7.694631350242679218e+03
1.685420371536165476e+02 7.688250976562500000e+03 7.694607988877391108e+03
1.685624703578650951e+02 7.698186523437500000e+03 7.694584995201924357e+03
1.685829035616479814e+02 7.700764648437500000e+03 7.694562372060478083e+03
1.686033368655480444e+02 7.701052734375000000e+03 7.694540122188129317e+03
1.686237699687480927e+02 7.700455566406250000e+03 7.694518248753362968e+03
1.686442031715996563e+02 7.691203613281250000e+03 7.694496754275552121e+03
1.686646362743340433e+02 7.697599121093750000e+03 7.694475641808501678e+03
1.686850695763714612e+02 7.693100585937500000e+03 7.694454913889318959e+03
1.687055027782917023e+02 7.695559570312500000e+03 7.694434573668250778e+03
1.687259359797462821e+02 7.714277343750000000e+03 7.694414623886937989e+03
1.687463691812008619e+02 7.699881835937500000e+03 7.694395067388608368e+03
1.687872355831786990e+02 7.690602050781250000e+03 7.694357145616527305e+03
1.688076686831191182e+02 7.687342773437500000e+03 7.694338786119511497e+03
1.688281019832938910e+02 7.690682617187500000e+03 7.694320831102271768e+03
1.688485350827686489e+02 7.693307617187500000e+03 7.694303283760779777e+03
1.688689682818949223e+02 7.707780761718750000e+03 7.694286146677764009e+03
1.688894015811383724e+02 7.687465820312500000e+03 7.694269422702567681e+03
1.689098346796818078e+02 7.688872558593750000e+03 7.694253114922030363e+03
1.689302678778767586e+02 7.682182617187500000e+03 7.694237225937044059e+03
1.689507011761888862e+02 7.690577148437500000e+03 7.694221758597102053e+03
1.689711342738009989e+02 7.688131835937500000e+03 7.694206715970482037e+03
1.689915674710646272e+02 7.687467773437500000e+03 7.694192100676604241e+03
1.690120006678625941e+02 7.700116699218750000e+03 7.694177915633883458e+03
1.690324338646605611e+02 7.690577148437500000e+03 7.694164163685674794e+03
1.690528670614585280e+02 7.691274414062500000e+03 7.694150847675675323e+03
1.690733002573251724e+02 7.693136230468750000e+03 7.694137970448147826e+03
1.690937334527261555e+02 7.703490234375000000e+03 7.694125534846458322e+03
1.691141666481271386e+02 7.697399902343750000e+03 7.694113543713992840e+03
1.691345998435281217e+02 7.692912597656250000e+03 7.694101999894451183e+03
1.691550329383462667e+02 7.697984863281250000e+03 7.694090906285020537e+03
1.691754662324674428e+02 7.688963378906250000e+03 7.694080265569854419e+03
1.691958994264714420e+02 7.692888183593750000e+03 7.694070080744294501e+03
1.692163325203582644e+02 7.701706054687500000e+03 7.694060353064477567e+03
1.692367658135481179e+02 7.694054199218750000e+03 7.694051080160594211e+03
1.692571990066207945e+02 7.686567871093750000e+03 7.694042259471147190e+03
1.692776320995762944e+02 7.697607910156250000e+03 7.694033888288833623e+03
1.692980652921833098e+02 7.720895507812500000e+03 7.694025963831121771e+03
1.693184985839761794e+02 7.686394531250000000e+03 7.694018483404018298e+03
1.693389317761175334e+02 7.696382324218750000e+03 7.694011444379606473e+03
1.693593648672103882e+02 7.702652832031250000e+03 7.694004844051205509e+03
1.693797981585375965e+02 7.694487792968750000e+03 7.693998679623995486e+03
1.694002313492819667e+02 7.697553222656250000e+03 7.693992948491230891e+03
1.694206644399091601e+02 7.703686035156250000e+03 7.693987647945740719e+03
1.694410976297222078e+02 7.689702148437500000e+03 7.693982775235123881e+03
1.694615309201180935e+02 7.700350585937500000e+03 7.693978327664623066e+03
1.694819640093483031e+02 7.686923339843750000e+03 7.693974302596114285e+03
1.695023971982300282e+02 7.690435546875000000e+03 7.693970697266517163e+03
1.695228304872289300e+02 7.685669433593750000e+03 7.693967508981207175e+03
1.695432635759934783e+02 7.694735839843750000e+03 7.693964735083320193e+03
1.695636967639438808e+02 7.702344726562500000e+03 7.693962372828459593e+03
1.695841299518942833e+02 7.691640625000000000e+03 7.693960419530420950e+03
1.696045632394962013e+02 7.695730468750000000e+03 7.693958872481962317e+03
1.696249963263981044e+02 7.696962402343750000e+03 7.693957729002147971e+03
1.696454295134171844e+02 7.693207519531250000e+03 7.693956986370490995e+03
1.696658628000877798e+02 7.691308105468750000e+03 7.693956641892190419e+03
1.696862958860583603e+02 7.687680175781250000e+03 7.693956692868691789e+03
1.697067290721461177e+02 7.689557128906250000e+03 7.693957136597152385e+03
1.697271621576510370e+02 7.684988769531250000e+03 7.693957970372553063e+03
1.697475954429246485e+02 7.695057617187500000e+03 7.693959191509300581e+03
1.697680286280810833e+02 7.680847167968750000e+03 7.693960797291621930e+03
1.697884618127718568e+02 7.697035156250000000e+03 7.693962785023826655e+03
1.698088949969969690e+02 7.696537109375000000e+03 7.693965152005210257e+03
1.698293281807564199e+02 7.681820800781250000e+03 7.693967895535070966e+03
1.698497613645158708e+02 7.693053222656250000e+03 7.693971012912781589e+03
1.698701944476924837e+02 7.688535156250000000e+03 7.693974501419583248e+03
1.698906277306377888e+02 7.700480468750000000e+03 7.693978358408769964e+03
1.699110609134659171e+02 7.687345703125000000e+03 7.693982581125745128e+03
1.699314939957112074e+02 7.693049804687500000e+03 7.693987166864370010e+03
1.699519272777251899e+02 7.699959960937500000e+03 7.693992112994001218e+03
1.699723604591563344e+02 7.701787597656250000e+03 7.693997416743878603e+03
1.699927935404703021e+02 7.686106933593750000e+03 7.694003075408199948e+03
1.700132267214357853e+02 7.692614746093750000e+03 7.694009086341611692e+03
1.700336600025184453e+02 7.692758300781250000e+03 7.694015446848714419e+03
1.700540930829010904e+02 7.692954589843750000e+03 7.694022154132633659e+03
1.700745262629352510e+02 7.697322753906250000e+03 7.694029205588716650e+03
1.700949595426209271e+02 7.694184082031250000e+03 7.694036598521301130e+03
1.701153927217237651e+02 7.695923828125000000e+03 7.694044330157239528e+03
1.701358258007094264e+02 7.696375488281250000e+03 7.694052397791053409e+03
1.701562590794637799e+02 7.695243164062500000e+03 7.694060798842921940e+03
1.701766922581009567e+02 7.697748046875000000e+03 7.694069530491302430e+03
1.701971253361552954e+02 7.696626464843750000e+03 7.694078590030476335e+03
1.702175585138611495e+02 7.698087890625000000e+03 7.694087974848527665e+03
1.702379917912185192e+02 7.698904296875000000e+03 7.694097682249529498e+03
1.702584248683415353e+02 7.689547363281250000e+03 7.694107709387966679e+03
1.702788580451160669e+02 7.699136718750000000e+03 7.694118053707970830e+03
1.702992912218905985e+02 7.698067382812500000e+03 7.694128712460747920e+03
1.703197243977338076e+02 7.690241699218750000e+03 7.694139682945115055e+03
1.703401575735770166e+02 7.694604492187500000e+03 7.694150962460877054e+03
1.703605906493030488e+02 7.697168945312500000e+03 7.694162548249845713e+03
1.703810239243321121e+02 7.696806152343750000e+03 7.694174437783342910e+03
1.704014570992439985e+02 7.688063964843750000e+03 7.694186628188672330e+03
1.704218901735730469e+02 7.694104980468750000e+03 7.694199116760471043e+03
1.704423234476707876e+02 7.688664550781250000e+03 7.694211900983795204e+03
1.704627566216513515e+02 7.699724609375000000e+03 7.694224977972507077e+03
1.704831896950490773e+02 7.697444335937500000e+03 7.694238345021333771e+03
1.705036228685639799e+02 7.707261718750000000e+03 7.694251999560904551e+03
1.705240561412647367e+02 7.696085449218750000e+03 7.694265938894110150e+03
1.705444892137311399e+02 7.696508300781250000e+03 7.694280160113914462e+03
1.705649223858490586e+02 7.691257324218750000e+03 7.694294660726287475e+03
1.705853556580841541e+02 7.691095703125000000e+03 7.694309438034970299e+03
1.706057887296192348e+02 7.689793457031250000e+03 7.694324489119704594e+03
1.706262219008058310e+02 7.702202636718750000e+03 7.694339811499035932e+03
1.706466550715267658e+02 7.694489257812500000e+03 7.694355402399198283e+03
1.706670883423648775e+02 7.700530761718750000e+03 7.694371259198199368e+03
1.706875214125029743e+02 7.698332519531250000e+03 7.694387378959982016e+03
1.707079545827582479e+02 7.694773437500000000e+03 7.694403759219258063e+03
1.707283878521993756e+02 7.691044921875000000e+03 7.694420397278392556e+03
1.707488209214061499e+02 7.695520996093750000e+03 7.694437290191011925e+03
1.707692540902644396e+02 7.701085937500000000e+03 7.694454435502497290e+03
1.707896872591227293e+02 7.694636230468750000e+03 7.694471830430413320e+03
1.708101204275153577e+02 7.696512207031250000e+03 7.694489472273684441e+03
1.708305535954423249e+02 7.699001953125000000e+03 7.694507358331618889e+03
1.708509867629036307e+02 7.696357421875000000e+03 7.694525485903535809e+03
1.708714199303649366e+02 7.690262207031250000e+03 7.694543852289161805e+03
1.708918530978262424e+02 7.691217773437500000e+03 7.694562454787836032e+03
1.709122862643562257e+02 7.701028320312500000e+03 7.694581290698019075e+03
1.709327193307690322e+02 7.689798339843750000e+03 7.694600357225899643e+03
1.709531525969505310e+02 7.687436523437500000e+03 7.694619651952315508e+03
1.709735857625491917e+02 7.703890136718750000e+03 7.694639171894634273e+03
1.709940188280306756e+02 7.692537597656250000e+03 7.694658914349332008e+03
1.710144520928151906e+02 7.692453613281250000e+03 7.694678876906644291e+03
1.710348852579481900e+02 7.695867187500000000e+03 7.694699056575438590e+03
1.710553183220326900e+02 7.701892578125000000e+03 7.694719450650487488e+03
1.710757514862343669e+02 7.691025390625000000e+03 7.694740056631897460e+03
1.710961847500875592e+02 7.699941894531250000e+03 7.694760871821619730e+03
1.711166178137063980e+02 7.694743652343750000e+03 7.694781893211956231e+03
1.711370509769767523e+02 7.686469238281250000e+03 7.694803118409249691e+03
1.711574842394329607e+02 7.690155273437500000e+03 7.694824544715294905e+03
1.711779174022376537e+02 7.695912597656250000e+03 7.694846169220909360e+03
1.711983504644595087e+02 7.695205566406250000e+03 7.694867989221545031e+03
1.712187836263328791e+02 7.690001953125000000e+03 7.694890002230349637e+03
1.712392168878577650e+02 7.699501464843750000e+03 7.694912205549468126e+03
1.712596499491482973e+02 7.685820312500000000e+03 7.694934596150968900e+03
1.712800831096246839e+02 7.699269531250000000e+03 7.694957171660911627e+03
1.713005163706839085e+02 7.697710937500000000e+03 7.694979929382857335e+03
1.713209494305774570e+02 7.701341796875000000e+03 7.695002866278735382e+03
1.713413825905881822e+02 7.703318359375000000e+03 7.695025979984755395e+03
1.713618157501332462e+02 7.699152832031250000e+03 7.695049267687767497e+03
1.713822489096783102e+02 7.690582031250000000e+03 7.695072726687634713e+03
1.714026820682920516e+02 7.699292480468750000e+03 7.695096354282602988e+03
1.714231152273714542e+02 7.691282226562500000e+03 7.695120147773616736e+03
1.714435484856367111e+02 7.701801269531250000e+03 7.695144104576155769e+03
1.714639815432019532e+02 7.691315429687500000e+03 7.695168221636748967e+03
1.714844147013500333e+02 7.694786132812500000e+03 7.695192496609162845e+03
1.715048477584496140e+02 7.692705566406250000e+03 7.695216926553212033e+03
1.715252810153178871e+02 7.686047851562500000e+03 7.695241509129000406e+03
1.715457141720689833e+02 7.710093261718750000e+03 7.695266241276187429e+03
1.715661472282372415e+02 7.692863769531250000e+03 7.695291120291356492e+03
1.715865804846398532e+02 7.702934570312500000e+03 7.695316143841177109e+03
1.716070136399939656e+02 7.700933105468750000e+03 7.695341308857058721e+03
1.716274467958137393e+02 7.704717773437500000e+03 7.695366612762314617e+03
1.716478799507021904e+02 7.696940429687500000e+03 7.695392052854538633e+03
1.716683131055906415e+02 7.700795410156250000e+03 7.695417626434216800e+03
1.716887462600134313e+02 7.702688476562500000e+03 7.695443330800100739e+03
1.717091793138533831e+02 7.690481933593750000e+03 7.695469163124628722e+03
1.717296125679276884e+02 7.694324707031250000e+03 7.695495121088369160e+03
1.717704787743277848e+02 7.692355957031250000e+03 7.695547401985315446e+03
1.717909120274707675e+02 7.689687011718750000e+03 7.695573719901985896e+03
1.718113450799137354e+02 7.694972656250000000e+03 7.695600152142376828e+03
1.718317782320082188e+02 7.713031738281250000e+03 7.695626696393516795e+03
1.718522113841027021e+02 7.696396972656250000e+03 7.695653349826111480e+03
1.718726445352658629e+02 7.690912109375000000e+03 7.695680109738270403e+03
1.718930776864290237e+02 7.694942382812500000e+03 7.695706973430547805e+03
1.719135108375921845e+02 7.691823730468750000e+03 7.695733938202275567e+03
1.719339439882896841e+02 7.696417968750000000e+03 7.695761001352174389e+03
1.719543771380558610e+02 7.699775878906250000e+03 7.695788160178949511e+03
1.719748102882876992e+02 7.697501464843750000e+03 7.695815411983797276e+03
1.719952433379366994e+02 7.691850585937500000e+03 7.695842753930623985e+03
1.720156765868887305e+02 7.707744628906250000e+03 7.695870183720689965e+03
1.720361097357235849e+02 7.694421875000000000e+03 7.695897698252018927e+03
1.720565427844412625e+02 7.690382324218750000e+03 7.695925294822725846e+03
1.720769760329276323e+02 7.696226074218750000e+03 7.695952971137750865e+03
1.720974091808311641e+02 7.695677734375000000e+03 7.695980724090187323e+03
1.721178422286175191e+02 7.688537109375000000e+03 7.696008550978895073e+03
1.721382753760553896e+02 7.692003906250000000e+03 7.696036449375272241e+03
1.721587086231447756e+02 7.695652343750000000e+03 7.696064416579687531e+03
1.721791417696513236e+02 7.698193359375000000e+03 7.696092449617395687e+03
1.721995748160406947e+02 7.685051757812500000e+03 7.696120545787422088e+03
1.722200080621987581e+02 7.687742187500000000e+03 7.696148702801909167e+03
1.722404412077739835e+02 7.698029296875000000e+03 7.696176917546745244e+03
1.722608742532320321e+02 7.696770507812500000e+03 7.696205187321078483e+03
1.722813073983415961e+02 7.689372070312500000e+03 7.696233509700643481e+03
1.723017406431026757e+02 7.686776855468750000e+03 7.696261881985526998e+03
1.723221736876294017e+02 7.693988769531250000e+03 7.696290301058309524e+03
1.723426068318076432e+02 7.702017089843750000e+03 7.696318764635085245e+03
1.723630400756374002e+02 7.694081542968750000e+03 7.696347270015818140e+03
1.723834731187671423e+02 7.696309082031250000e+03 7.696375814080551208e+03
1.724039062620140612e+02 7.694318847656250000e+03 7.696404394548567325e+03
1.724243394052609801e+02 7.711653320312500000e+03 7.696433008579441776e+03
1.724447725475765765e+02 7.690626464843750000e+03 7.696461653471207683e+03
1.724652056898921728e+02 7.702125488281250000e+03 7.696490326524507509e+03
1.724856388317421079e+02 7.703309082031250000e+03 7.696519025038025575e+03
1.725060720732435584e+02 7.692683105468750000e+03 7.696547746451882631e+03
1.725265051145106554e+02 7.702555664062500000e+03 7.696576487643731525e+03
1.725469382554292679e+02 7.699814453125000000e+03 7.696605246334596814e+03
1.725673712957650423e+02 7.692461914062500000e+03 7.696634019542024362e+03
1.725878045363351703e+02 7.699776367187500000e+03 7.696662804989048709e+03
1.726082376763224602e+02 7.698630371093750000e+03 7.696691599551315448e+03
1.726286708158440888e+02 7.696546875000000000e+03 7.696720400669177252e+03
1.726491039553657174e+02 7.699942871093750000e+03 7.696749205642630841e+03
1.726695370944216847e+02 7.693977050781250000e+03 7.696778011770361445e+03
1.726899702330119908e+02 7.695975585937500000e+03 7.696806816351710040e+03
1.727104032714851201e+02 7.694296875000000000e+03 7.696835616545573430e+03
1.727308365092612803e+02 7.702480957031250000e+03 7.696864410073281761e+03
1.727512696473859251e+02 7.695154785156250000e+03 7.696893193812844402e+03
1.727717026844620705e+02 7.698694824218750000e+03 7.696921965061797891e+03
1.727921359213069081e+02 7.695123535156250000e+03 7.696950721542954852e+03
1.728125690585002303e+02 7.698572265625000000e+03 7.696979460134152760e+03
1.728330020946450531e+02 7.705364257812500000e+03 7.697008178133051842e+03
1.728534352309070528e+02 7.696517578125000000e+03 7.697036873121738608e+03
1.728738684668205678e+02 7.696732910156250000e+03 7.697065542398540856e+03
1.728943015020340681e+02 7.686145996093750000e+03 7.697094182841593465e+03
1.729147346373647451e+02 7.693040527343750000e+03 7.697122792172100162e+03
1.729351678718812764e+02 7.703869628906250000e+03 7.697151367687628408e+03
1.729556010067462921e+02 7.690441406250000000e+03 7.697179906409435716e+03
1.729760340410284698e+02 7.706064453125000000e+03 7.697208405636122734e+03
1.729964671749621630e+02 7.683055664062500000e+03 7.697236862946328074e+03
1.730169004080817103e+02 7.700709960937500000e+03 7.697265275638111234e+03
1.730373334414325655e+02 7.695791992187500000e+03 7.697293640595458783e+03
1.730577665744349360e+02 7.700355468750000000e+03 7.697321955533723667e+03
1.730781998070888221e+02 7.704747070312500000e+03 7.697350217751492892e+03
1.730986328395083547e+02 7.693220214843750000e+03 7.697378424133728913e+03
1.731190659711137414e+02 7.694346679687500000e+03 7.697406572393523675e+03
1.731394991027191281e+02 7.684384765625000000e+03 7.697434659693159119e+03
1.731599322343245149e+02 7.697393066406250000e+03 7.697462683331988046e+03
1.731803653654642403e+02 7.690602539062500000e+03 7.697490640608712056e+03
1.732007984956726432e+02 7.693122558593750000e+03 7.697518528822044573e+03
1.732212316263467073e+02 7.697559570312500000e+03 7.697546345273244697e+03
1.732416647565551102e+02 7.696386230468750000e+03 7.697574087260382839e+03
1.732620977861806750e+02 7.698193847656250000e+03 7.697601751947455341e+03
1.732825309154577553e+02 7.703960937500000000e+03 7.697629336904923548e+03
1.733029641443863511e+02 7.696920898437500000e+03 7.697656839430941545e+03
1.733233972731977701e+02 7.696380859375000000e+03 7.697684256555970933e+03
1.733438303018920124e+02 7.692885253906250000e+03 7.697711585580622341e+03
1.733846965576522052e+02 7.698377929687500000e+03 7.697765969193050296e+03
1.734051296850666404e+02 7.706265136718750000e+03 7.697793018246031352e+03
1.734255629125982523e+02 7.688331542968750000e+03 7.697819968661532585e+03
1.734459959394298494e+02 7.698954589843750000e+03 7.697846817342881877e+03
1.734664290659129620e+02 7.696585937500000000e+03 7.697873561984837579e+03
1.734868621919304132e+02 7.706101562500000000e+03 7.697900199754953064e+03
1.735072954175993800e+02 7.698202148437500000e+03 7.697926728082290538e+03
1.735277284434996545e+02 7.711258300781250000e+03 7.697953143878279661e+03
1.735481615685857832e+02 7.696011230468750000e+03 7.697979444829587010e+03
1.735685947937890887e+02 7.696605468750000000e+03 7.698005628235060612e+03
1.735890278182923794e+02 7.696358398437500000e+03 7.698031691009456154e+03
1.736094609424471855e+02 7.710157226562500000e+03 7.698057630836125099e+03
1.736298939664848149e+02 7.702748046875000000e+03 7.698083444760841303e+03
1.736503271902911365e+02 7.691537109375000000e+03 7.698109130460877168e+03
1.736707603135146201e+02 7.707331054687500000e+03 7.698134684857078355e+03
1.736911934367381036e+02 7.692437988281250000e+03 7.698160105375548483e+03
1.737116265590302646e+02 7.700893066406250000e+03 7.698185389314488020e+03
1.737320596817880869e+02 7.698003906250000000e+03 7.698210533974975988e+03
1.737524928036145866e+02 7.693145996093750000e+03 7.698235536654644420e+03
1.737729258253239095e+02 7.698356933593750000e+03 7.698260394532555438e+03
1.737933590468019247e+02 7.692637207031250000e+03 7.698285105271808789e+03
1.738137921681627631e+02 7.699641113281250000e+03 7.698309665808005775e+03
1.738342251889407635e+02 7.691632812500000000e+03 7.698334073442168119e+03
1.738546584094874561e+02 7.694534179687500000e+03 7.698358325831286493e+03
1.738750915294513106e+02 7.702245605468750000e+03 7.698382419917084917e+03
1.738955245497636497e+02 7.693870605468750000e+03 7.698406353002357719e+03
1.739159576687961817e+02 7.697304199218750000e+03 7.698430122618823589e+03
1.739363908879458904e+02 7.695562500000000000e+03 7.698453726065051342e+03
1.739568239073269069e+02 7.694504394531250000e+03 7.698477160295202339e+03
1.739772570254281163e+02 7.694875000000000000e+03 7.698500422952222834e+03
1.739976902441121638e+02 7.697504394531250000e+03 7.698523511371689892e+03
1.740181233617477119e+02 7.705296386718750000e+03 7.698546424065202700e+03
1.740385563797317445e+02 7.702075683593750000e+03 7.698569161587366580e+03
1.740589894969016314e+02 7.728239257812500000e+03 7.698591724829729174e+03
1.740794227137230337e+02 7.699139648437500000e+03 7.698614114460544442e+03
1.740998557303100824e+02 7.689370117187500000e+03 7.698636330822774653e+03
1.741202888470143080e+02 7.692180664062500000e+03 7.698658374914539309e+03
1.741407220629043877e+02 7.704084472656250000e+03 7.698680247402593523e+03
1.741611550785601139e+02 7.688766113281250000e+03 7.698701948637980422e+03
1.741815881938673556e+02 7.693635253906250000e+03 7.698723479610742288e+03
1.742020213091745973e+02 7.705783691406250000e+03 7.698744840884903169e+03
1.742224544235505164e+02 7.699068847656250000e+03 7.698766033129788411e+03
1.742428875383920968e+02 7.693882324218750000e+03 7.698787057017125335e+03
1.742633206523023546e+02 7.693860839843750000e+03 7.698807913215771805e+03
1.742837538663297892e+02 7.707018066406250000e+03 7.698828602497930660e+03
1.743041868796572089e+02 7.703828613281250000e+03 7.698849125230524805e+03
1.743246199931018054e+02 7.702118164062500000e+03 7.698869482387200151e+03
1.743450530059635639e+02 7.695869628906250000e+03 7.698889674438281872e+03
1.743654862185940146e+02 7.694325195312500000e+03 7.698909702349666077e+03
1.743859193306416273e+02 7.704416015625000000e+03 7.698929566496040025e+03
1.744063523425720632e+02 7.695701171875000000e+03 7.698949267550546210e+03
1.744267855542711914e+02 7.697812500000000000e+03 7.698968806471420066e+03
1.744472186653874815e+02 7.704198242187500000e+03 7.698988183640552961e+03
1.744676517765037715e+02 7.691688476562500000e+03 7.699007399824806271e+03
1.744880847870372236e+02 7.704150390625000000e+03 7.699026455601053385e+03
1.745085179973393679e+02 7.713527832031250000e+03 7.699045351918515735e+03
1.745289511070586741e+02 7.692441406250000000e+03 7.699064089168550709e+03
1.745493841171264648e+02 7.693501464843750000e+03 7.699082668024630038e+03
1.745698173264972866e+02 7.705059570312500000e+03 7.699101089427700572e+03
1.745902504357509315e+02 7.699870117187500000e+03 7.699119353776960452e+03
1.746106834444217384e+02 7.733584472656250000e+03 7.699137461744579923e+03
1.746311165527440608e+02 7.702023437500000000e+03 7.699155414178297178e+03
1.746515497607178986e+02 7.694648925781250000e+03 7.699173211746121524e+03
1.746719827684573829e+02 7.696037597656250000e+03 7.699190854858269631e+03
1.746924158763140440e+02 7.703031250000000000e+03 7.699208344445496550e+03
1.747128489832393825e+02 7.695869628906250000e+03 7.699225681090470061e+03
1.747537151966243982e+02 7.705882324218750000e+03 7.699259898236796289e+03
1.747741482029668987e+02 7.692234863281250000e+03 7.699276779996368532e+03
1.747945814090780914e+02 7.691037597656250000e+03 7.699293511659931937e+03
1.748150145141407847e+02 7.700264648437500000e+03 7.699310093650357885e+03
1.748354475195519626e+02 7.689408203125000000e+03 7.699326526641257260e+03
1.748558807247318327e+02 7.686717773437500000e+03 7.699342811542629534e+03
1.748763138293288648e+02 7.698168457031250000e+03 7.699358948784297354e+03
1.748967468338087201e+02 7.691323730468750000e+03 7.699374939039075798e+03
1.749171799374744296e+02 7.696610839843750000e+03 7.699390783133224431e+03
1.749376131412573159e+02 7.700748046875000000e+03 7.699406481735612942e+03
1.749580461448058486e+02 7.701165527343750000e+03 7.699422035286826940e+03
1.749784792480058968e+02 7.698378906250000000e+03 7.699437444686489471e+03
1.749989124503917992e+02 7.711607910156250000e+03 7.699452710602423394e+03
1.750193455531261861e+02 7.707173828125000000e+03 7.699467833556369442e+03
1.750397785552777350e+02 7.700563476562500000e+03 7.699482814220011278e+03
1.750602116570807993e+02 7.700229492187500000e+03 7.699497653410435305e+03
1.750806448585353792e+02 7.696641601562500000e+03 7.699512351795863651e+03
1.751010778597556055e+02 7.693732421875000000e+03 7.699526909831884041e+03
1.751215109606273472e+02 7.691215332031250000e+03 7.699541328403476655e+03
1.751419441611506045e+02 7.698482421875000000e+03 7.699555608178885450e+03
1.751623771609738469e+02 7.701411132812500000e+03 7.699569749619516188e+03
1.751828102609142661e+02 7.705184082031250000e+03 7.699583753604855701e+03
1.752032433608546853e+02 7.698081054687500000e+03 7.699597620735553392e+03
1.752236764603294432e+02 7.691532226562500000e+03 7.699611351681586711e+03
1.752441095588728786e+02 7.703644042968750000e+03 7.699624947112927657e+03
1.752645426574163139e+02 7.707209472656250000e+03 7.699638407700490461e+03
1.752849757559597492e+02 7.704465820312500000e+03 7.699651734114548162e+03
1.753054088540375233e+02 7.704759277343750000e+03 7.699664927025087309e+03
1.753258419516496360e+02 7.701145507812500000e+03 7.699677987102391853e+03
1.753462749491445720e+02 7.690860351562500000e+03 7.699690914954026084e+03
1.753667081464082003e+02 7.698557128906250000e+03 7.699703711439040489e+03
1.753871412430889904e+02 7.704046875000000000e+03 7.699716377038659630e+03
1.754075742396526039e+02 7.694081542968750000e+03 7.699728912425374801e+03
1.754280074355192482e+02 7.707025878906250000e+03 7.699741318452210180e+03
1.754484405312687159e+02 7.694016113281250000e+03 7.699753595606714953e+03
1.754688736265525222e+02 7.710830566406250000e+03 7.699765744619990073e+03
1.755097398166544735e+02 7.707110839843750000e+03 7.699789660904548327e+03
1.755301729114726186e+02 7.699102050781250000e+03 7.699801429516397548e+03
1.755506059057079256e+02 7.698518554687500000e+03 7.699813072611415919e+03
1.755710390997119248e+02 7.703375000000000000e+03 7.699824591030117517e+03
1.755914721931330860e+02 7.692540527343750000e+03 7.699835985272566177e+03
1.756119051864370704e+02 7.698992675781250000e+03 7.699847256011122226e+03
1.756323382793925703e+02 7.687492187500000000e+03 7.699858404026255812e+03
1.756527714719995856e+02 7.692984863281250000e+03 7.699869429986457362e+03
1.756732044643722475e+02 7.698632324218750000e+03 7.699880334401083019e+03
1.756936375563964248e+02 7.705022949218750000e+03 7.699891118101339998e+03
1.757140707480721176e+02 7.698072265625000000e+03 7.699901781755751472e+03
1.757345037399791181e+02 7.707319335937500000e+03 7.699912325879213313e+03
1.757549368306063116e+02 7.696526367187500000e+03 7.699922751296917340e+03
1.757753699216991663e+02 7.696704101562500000e+03 7.699933058628146682e+03
1.757958030123263597e+02 7.705319824218750000e+03 7.699943248542705987e+03
1.758162361024878919e+02 7.704089843750000000e+03 7.699953321710885575e+03
1.758366691921837628e+02 7.701427246093750000e+03 7.699963278802972127e+03
1.758571023819968104e+02 7.688220703125000000e+03 7.699973120537412797e+03
1.758775353711098433e+02 7.704601562500000000e+03 7.699982847440449405e+03
1.758979684598743916e+02 7.699699218750000000e+03 7.699992460326184300e+03
1.759184016487561166e+02 7.697643554687500000e+03 7.700001959863449883e+03
1.759388346369378269e+02 7.695490722656250000e+03 7.700011346583507475e+03
1.759592677247710526e+02 7.712577636718750000e+03 7.700020621295447199e+03
1.759797008121386170e+02 7.695134277343750000e+03 7.700029784623284286e+03
1.760001338999718428e+02 7.704417480468750000e+03 7.700038837237716507e+03
1.760205669868737459e+02 7.695953125000000000e+03 7.700047779808410269e+03
1.760410000737756491e+02 7.704680664062500000e+03 7.700056613006054249e+03
1.760614331597462296e+02 7.710732421875000000e+03 7.700065337500535861e+03
1.760818662461824715e+02 7.713162109375000000e+03 7.700073953962730229e+03
1.761022993321530521e+02 7.693776367187500000e+03 7.700082463062522947e+03
1.761227323175407946e+02 7.700784179687500000e+03 7.700090865429292535e+03
1.761431655026972294e+02 7.700867187500000000e+03 7.700099161856051069e+03
1.761635985872708261e+02 7.713527832031250000e+03 7.700107352890356196e+03
1.761840315717272460e+02 7.696628417968750000e+03 7.700115439204219001e+03
1.762044647564180195e+02 7.700538085937500000e+03 7.700123421586014956e+03
1.762248977399431169e+02 7.700873046875000000e+03 7.700131300549215666e+03
1.762453308235853910e+02 7.691667968750000000e+03 7.700139076881037909e+03
1.762657639067620039e+02 7.705650878906250000e+03 7.700146751212731033e+03
1.762861969899386168e+02 7.712759765625000000e+03 7.700154324214745429e+03
1.763066300726495683e+02 7.693595214843750000e+03 7.700161796557194975e+03
1.763270631548948586e+02 7.708212402343750000e+03 7.700169168910362714e+03
1.763474963372573256e+02 7.703148925781250000e+03 7.700176441980092932e+03
1.763679293189197779e+02 7.702785644531250000e+03 7.700183616330317818e+03
1.763883624002337456e+02 7.700663085937500000e+03 7.700190692737503923e+03
1.764087953814305365e+02 7.704428222656250000e+03 7.700197671802741752e+03
1.764292285619303584e+02 7.706660644531250000e+03 7.700204554297873983e+03
1.764496616427786648e+02 7.695309082031250000e+03 7.700211340791771363e+03
1.764700946225784719e+02 7.689933105468750000e+03 7.700218031955664628e+03
1.764905278026126325e+02 7.698263671875000000e+03 7.700224628557796677e+03
1.765109608820639551e+02 7.702880371093750000e+03 7.700231131170639856e+03
1.765313939615152776e+02 7.694253906250000000e+03 7.700237540497177179e+03
1.765518269403837621e+02 7.696315917968750000e+03 7.700243857176816164e+03
1.765722601190209389e+02 7.688123535156250000e+03 7.700250081972017142e+03
1.765926931970752776e+02 7.711311523437500000e+03 7.700256215460889507e+03
1.766131261750124395e+02 7.694329589843750000e+03 7.700262258315186955e+03
1.766335593531839550e+02 7.706570312500000000e+03 7.700268211293355307e+03
1.766539924303069711e+02 7.698543945312500000e+03 7.700274074977243799e+03
1.766744254073128104e+02 7.703448242187500000e+03 7.700279850038703444e+03
1.766948584839701653e+02 7.703821289062500000e+03 7.700285537204481443e+03
1.767152916607446969e+02 7.692983886718750000e+03 7.700291137143693959e+03
1.767357246368192136e+02 7.696565429687500000e+03 7.700296650444821353e+03
1.767561577125452459e+02 7.701952636718750000e+03 7.700302077859820201e+03
1.767765908879227936e+02 7.696246093750000000e+03 7.700307420057717536e+03
1.767970238630659878e+02 7.704433593750000000e+03 7.700312677631010956e+03
1.768174569378606975e+02 7.696068847656250000e+03 7.700317851327765311e+03
1.768378900126554072e+02 7.694732910156250000e+03 7.700322941792410347e+03
1.768583231866359711e+02 7.690241210937500000e+03 7.700327949719332537e+03
1.768787561608478427e+02 7.709582519531250000e+03 7.700332875706144478e+03
1.768991892342455685e+02 7.712117187500000000e+03 7.700337720495799658e+03
1.769196224077604711e+02 7.701446777343750000e+03 7.700342484757609782e+03
1.769400553805753589e+02 7.698006835937500000e+03 7.700347169092308832e+03
1.769604884535074234e+02 7.703675292968750000e+03 7.700351774239719816e+03
1.769809215259738266e+02 7.697329589843750000e+03 7.700356300846876366e+03
1.770013545979745686e+02 7.710084472656250000e+03 7.700360749584053337e+03
1.770217876695096493e+02 7.702284667968750000e+03 7.700365121121538323e+03
1.770422207410447299e+02 7.691089843750000000e+03 7.700369416129706224e+03
1.770626538121141493e+02 7.702164550781250000e+03 7.700373635278743677e+03
1.770830868831835687e+02 7.697607910156250000e+03 7.700377779239021947e+03
1.771035199537873268e+02 7.701439941406250000e+03 7.700381848680728581e+03
1.771239529238082469e+02 7.698649414062500000e+03 7.700385844254743461e+03
1.771443860935978591e+02 7.703314941406250000e+03 7.700389766689545468e+03
1.771648191632702947e+02 7.712453125000000000e+03 7.700393616597310029e+03
1.771852521328255534e+02 7.699528808593750000e+03 7.700397394649371563e+03
1.772056853016838431e+02 7.704003417968750000e+03 7.700401101570856554e+03
1.772261183704249561e+02 7.698047851562500000e+03 7.700404737977192781e+03
1.772465513385832310e+02 7.698244628906250000e+03 7.700408304539619166e+03
1.772669844068586826e+02 7.708883300781250000e+03 7.700411801963438847e+03
1.772874175743199885e+02 7.691285644531250000e+03 7.700415230917761619e+03
1.773078506421297789e+02 7.699956054687500000e+03 7.700418592039502983e+03
1.773282836088910699e+02 7.695979980468750000e+03 7.700421885999703591e+03
1.773487167758867145e+02 7.707544921875000000e+03 7.700425113516723286e+03
1.773691498422995210e+02 7.707739257812500000e+03 7.700428275212837434e+03
1.773895828085951507e+02 7.697694335937500000e+03 7.700431371759357717e+03
1.774100158745422959e+02 7.703351562500000000e+03 7.700434403856839708e+03
1.774304490396752954e+02 7.691756835937500000e+03 7.700437372174548727e+03
1.774508820050396025e+02 7.702375488281250000e+03 7.700440277339799650e+03
1.774713150700554252e+02 7.701103515625000000e+03 7.700443120065904623e+03
1.774917482347227633e+02 7.703401367187500000e+03 7.700445901022236285e+03
1.775121811991557479e+02 7.697834960937500000e+03 7.700448620838698844e+03
1.775326142632402480e+02 7.700395996093750000e+03 7.700451280225941446e+03
1.775530473268590868e+02 7.690997558593750000e+03 7.700453879840768423e+03
1.775734803904779255e+02 7.696529296875000000e+03 7.700456420353517387e+03
1.775939134531654418e+02 7.698911621093750000e+03 7.700458902434347692e+03
1.776143465158529580e+02 7.694487792968750000e+03 7.700461326753657886e+03
1.776347795785404742e+02 7.692589843750000000e+03 7.700463693981722827e+03
1.776552126407623291e+02 7.704028320312500000e+03 7.700466004788764621e+03
1.776756456024013460e+02 7.703298339843750000e+03 7.700468259834149649e+03
1.776960786641575396e+02 7.701964843750000000e+03 7.700470459810305329e+03
1.777369448863901198e+02 7.704065429687500000e+03 7.700474697212446699e+03
1.777573778470978141e+02 7.698643066406250000e+03 7.700476735958799509e+03
1.777778110071085393e+02 7.701397949218750000e+03 7.700478722325480703e+03
1.777982439673505723e+02 7.698865722656250000e+03 7.700480656943964277e+03
1.778186770267784595e+02 7.695181640625000000e+03 7.700482540513216009e+03
1.778391100862063468e+02 7.703415527343750000e+03 7.700484373693991074e+03
1.778595432452857494e+02 7.695111816406250000e+03 7.700486157165144505e+03
1.778799762041307986e+02 7.699772949218750000e+03 7.700487891571139698e+03
1.779004092626273632e+02 7.699110351562500000e+03 7.700489577608073887e+03
1.779208424207754433e+02 7.703434570312500000e+03 7.700491215945512522e+03
1.779412753786891699e+02 7.706387207031250000e+03 7.700492807230037215e+03
1.779617084362544119e+02 7.700539550781250000e+03 7.700494352155626075e+03
1.779821413932368159e+02 7.703055175781250000e+03 7.700495851377407234e+03
1.780025745504535735e+02 7.701992675781250000e+03 7.700497305587397932e+03
1.780230076066218317e+02 7.710122558593750000e+03 7.700498715434106998e+03
1.780434406632557511e+02 7.697249023437500000e+03 7.700500081595142547e+03
1.780638737194240093e+02 7.701280273437500000e+03 7.700501404740714861e+03
1.780843067751266062e+02 7.708525390625000000e+03 7.700502685541106985e+03
1.781047398303635418e+02 7.703250976562500000e+03 7.700503924666590137e+03
1.781251727854833007e+02 7.714671386718750000e+03 7.700505122781705722e+03
1.781456059403717518e+02 7.690742187500000000e+03 7.700506280574008997e+03
1.781660389946773648e+02 7.699693847656250000e+03 7.700507398696468954e+03
1.781864719488658011e+02 7.746698730468750000e+03 7.700508477819964355e+03
1.782069051023572683e+02 7.709165527343750000e+03 7.700509518630303319e+03
1.782273381561972201e+02 7.701077148437500000e+03 7.700510521782255637e+03
1.782477711094543338e+02 7.698293945312500000e+03 7.700511487946596390e+03
1.782682041623629630e+02 7.700535644531250000e+03 7.700512417803067365e+03
1.782886373149231076e+02 7.708046875000000000e+03 7.700513312021422280e+03
1.783090702672488987e+02 7.702716308593750000e+03 7.700514171259067552e+03
1.783295033192262053e+02 7.695689453125000000e+03 7.700514996199146481e+03
1.783499364708550274e+02 7.707429687500000000e+03 7.700515787511438248e+03
1.783703695223666728e+02 7.692623535156250000e+03 7.700516545858483369e+03
1.783908024732954800e+02 7.703765136718750000e+03 7.700517271911019634e+03
1.784112355243414640e+02 7.698990234375000000e+03 7.700517966346455069e+03
1.784316686745733023e+02 7.694527832031250000e+03 7.700518629834573403e+03
1.784521016245707870e+02 7.703400878906250000e+03 7.700519263036150733e+03
1.784725346746854484e+02 7.698026855468750000e+03 7.700519866630992510e+03
1.784929678239859641e+02 7.692401855468750000e+03 7.700520441288917937e+03
1.785134007735177875e+02 7.700063964843750000e+03 7.700520987672004594e+03
1.785338338222354650e+02 7.701627929687500000e+03 7.700521506458726435e+03
1.785542668709531426e+02 7.702080078125000000e+03 7.700521998316634381e+03
1.785746999192051589e+02 7.707276367187500000e+03 7.700522463916003289e+03
1.785951329674571753e+02 7.690107910156250000e+03 7.700522903927108018e+03
1.786155660147778690e+02 7.691316894531250000e+03 7.700523319020210693e+03
1.786359990625642240e+02 7.695935058593750000e+03 7.700523709865615274e+03
1.786564321094192564e+02 7.690893066406250000e+03 7.700524077133566607e+03
1.786768651562742889e+02 7.711028320312500000e+03 7.700524421494358648e+03
1.786972983027808368e+02 7.694129882812500000e+03 7.700524743619786932e+03
1.787177312490530312e+02 7.705180175781250000e+03 7.700525044175555195e+03
1.787381642949767411e+02 7.698645019531250000e+03 7.700525323836508505e+03
1.787585972403176129e+02 7.698728027343750000e+03 7.700525583270171410e+03
1.787790303854271770e+02 7.693434570312500000e+03 7.700525823150493125e+03
1.787994634304195642e+02 7.697236816406250000e+03 7.700526044121093946e+03
1.788198964754119515e+02 7.713701171875000000e+03 7.700526246489836922e+03
1.788403295194730163e+02 7.696135253906250000e+03 7.700526430302837980e+03
1.788607625635340810e+02 7.709680664062500000e+03 7.700526595599622851e+03
1.788811956071294844e+02 7.704207519531250000e+03 7.700526742419703623e+03
1.789016285506077111e+02 7.695023925781250000e+03 7.700526870802022131e+03
1.789220616938546300e+02 7.698841796875000000e+03 7.700526980787838511e+03
1.789629276790656149e+02 7.704278320312500000e+03 7.700527145723062858e+03
1.789833608213812113e+02 7.703869140625000000e+03 7.700527200752715544e+03
1.790037938631139696e+02 7.697266113281250000e+03 7.700527237542461080e+03
1.790242268047295511e+02 7.700415039062500000e+03 7.700527256132081675e+03
1.790446598459966481e+02 7.697945312500000000e+03 7.700527256561276772e+03
1.790650929873809218e+02 7.700614257812500000e+03 7.700527238869295616e+03
1.790855259275995195e+02 7.694343750000000000e+03 7.700527203096055018e+03
1.791059589684009552e+02 7.702073730468750000e+03 7.700527149280671438e+03
1.791263920082710683e+02 7.702558593750000000e+03 7.700527077462799753e+03
1.791468251482583582e+02 7.699839843750000000e+03 7.700526987681470928e+03
1.791672580875456333e+02 7.707715820312500000e+03 7.700526879977654971e+03
1.792081241654232144e+02 7.698819824218750000e+03 7.700526610956762852e+03
1.792285572038963437e+02 7.699683105468750000e+03 7.700526449719201992e+03
1.792489901422522962e+02 7.701627929687500000e+03 7.700526270717178704e+03
1.792694232803769410e+02 7.701499023437500000e+03 7.700526073987444761e+03
1.792898563174530864e+02 7.689225585937500000e+03 7.700525859572289846e+03
1.793102892553433776e+02 7.696362304687500000e+03 7.700525627511468883e+03
1.793307222919538617e+02 7.703541015625000000e+03 7.700525377842253874e+03
1.793511554286815226e+02 7.704900878906250000e+03 7.700525110603882240e+03
1.793715883651748300e+02 7.696596679687500000e+03 7.700524825839933328e+03
1.793920214013196528e+02 7.703310058593750000e+03 7.700524523585874704e+03
1.794124545371159911e+02 7.713432128906250000e+03 7.700524203880961068e+03
1.794328875723294914e+02 7.706911621093750000e+03 7.700523866767849540e+03
1.794533205078914762e+02 7.703288574218750000e+03 7.700523512286295045e+03
1.794737535426393151e+02 7.699013671875000000e+03 7.700523140472363593e+03
1.794941866775043309e+02 7.704107421875000000e+03 7.700522751365306249e+03
1.795146196116693318e+02 7.698009277343750000e+03 7.700522345010489516e+03
1.795350526454858482e+02 7.711543457031250000e+03 7.700521921441591076e+03
1.795554857789538801e+02 7.693176757812500000e+03 7.700521480697869265e+03
1.795759187126532197e+02 7.695980957031250000e+03 7.700521022825432738e+03
1.795963517455384135e+02 7.698947753906250000e+03 7.700520547857219753e+03
1.796167847784236073e+02 7.699205566406250000e+03 7.700520055834931554e+03
1.796372178108431399e+02 7.701732910156250000e+03 7.700519546798095689e+03
1.796576508427970111e+02 7.702586914062500000e+03 7.700519020786228793e+03
1.796780838747508824e+02 7.700561523437500000e+03 7.700518477838837498e+03
1.796985170063562691e+02 7.705992187500000000e+03 7.700517917992667208e+03
1.797189499372616410e+02 7.700982421875000000e+03 7.700517341295589176e+03
1.797393829682841897e+02 7.703498046875000000e+03 7.700516747778754507e+03
1.797598158991895616e+02 7.708208496093750000e+03 7.700516137487493324e+03
1.797802490293979645e+02 7.698211914062500000e+03 7.700515510452258241e+03
1.798006820594891906e+02 7.698389648437500000e+03 7.700514866721636281e+03
1.798211149894632399e+02 7.693112304687500000e+03 7.700514206335383278e+03
1.798415481187403202e+02 7.695011230468750000e+03 7.700513529323226066e+03
1.798619811479002237e+02 7.701421875000000000e+03 7.700512835734471082e+03
1.798824141765944660e+02 7.702699707031250000e+03 7.700512125605380788e+03
1.799028471047058702e+02 7.700050781250000000e+03 7.700511398979072510e+03
1.799232802335172892e+02 7.692318847656250000e+03 7.700510655884228981e+03
1.799437132608145475e+02 7.699529785156250000e+03 7.700509896371237119e+03
1.799641461889259517e+02 7.705584960937500000e+03 7.700509120479768171e+03
1.799845793158747256e+02 7.701399414062500000e+03 7.700508328237901878e+03
1.800050123431719840e+02 7.706540527343750000e+03 7.700507519696609052e+03
1.800254452698864043e+02 7.700192382812500000e+03 7.700506694895685541e+03
1.800458782962523401e+02 7.691167968750000000e+03 7.700505853866563484e+03
1.800663114222697914e+02 7.703033203125000000e+03 7.700504996648525776e+03
1.800867443480528891e+02 7.702224121093750000e+03 7.700504123293785597e+03
1.801071773734875023e+02 7.703399902343750000e+03 7.700503233829161218e+03
1.801276104985736310e+02 7.706737304687500000e+03 7.700502328293936444e+03
1.801480435235425830e+02 7.693883789062500000e+03 7.700501406736479112e+03
1.801684764479286969e+02 7.704734375000000000e+03 7.700500469196565064e+03
1.801889094724319875e+02 7.699846191406250000e+03 7.700499515704501391e+03
1.802093425961211324e+02 7.704072265625000000e+03 7.700498546299616464e+03
1.802297755200415850e+02 7.691360351562500000e+03 7.700497561035725994e+03
1.802502085431478918e+02 7.694236816406250000e+03 7.700496559938048449e+03
1.802706416663713753e+02 7.706710449218750000e+03 7.700495543045822160e+03
1.802910745893605053e+02 7.698750976562500000e+03 7.700494510413631360e+03
1.803115076115354896e+02 7.705861816406250000e+03 7.700493462065973290e+03
1.803319406337104738e+02 7.696233398437500000e+03 7.700492398047341339e+03
1.803523736558854580e+02 7.706518554687500000e+03 7.700491318397253053e+03
1.803728066771291196e+02 7.705760253906250000e+03 7.700490223155273270e+03
1.803932396983727813e+02 7.701426757812500000e+03 7.700489112360868603e+03
1.804136727196164429e+02 7.687855468750000000e+03 7.700487986053560235e+03
1.804341057403944433e+02 7.689366210937500000e+03 7.700486844272885719e+03
1.804545387602411211e+02 7.698339355468750000e+03 7.700485687058395342e+03
1.804749716804362833e+02 7.703198730468750000e+03 7.700484514455305543e+03
1.804954048004001379e+02 7.698020019531250000e+03 7.700483326485839825e+03
1.805158378197811544e+02 7.699218261718750000e+03 7.700482123206863434e+03
1.805362707390449941e+02 7.697078125000000000e+03 7.700480904658092186e+03
1.805567038576118648e+02 7.704888183593750000e+03 7.700479670861073828e+03
1.805771368760615587e+02 7.705057128906250000e+03 7.700478421873294792e+03
1.805975697943940759e+02 7.707467773437500000e+03 7.700477157734494540e+03
1.806180028123781085e+02 7.704027343750000000e+03 7.700475878471830583e+03
1.806384358303621411e+02 7.707530761718750000e+03 7.700474584130948642e+03
1.806588688474148512e+02 7.706478027343750000e+03 7.700473274751426288e+03
1.806793018644675612e+02 7.690547851562500000e+03 7.700471950372721039e+03
1.807201678976416588e+02 7.716159667968750000e+03 7.700469256775886606e+03
1.807406009137630463e+02 7.703610351562500000e+03 7.700467887636795240e+03
1.807610338297672570e+02 7.697508300781250000e+03 7.700466503663403273e+03
1.807814669450744987e+02 7.699844238281250000e+03 7.700465104874841927e+03
1.808427659897133708e+02 7.697652832031250000e+03 7.700460820115257775e+03
1.808631990044377744e+02 7.695991699218750000e+03 7.700459362522326046e+03
1.808836320182308555e+02 7.702241699218750000e+03 7.700457890325447806e+03
1.809040649319067597e+02 7.685772949218750000e+03 7.700456403571390183e+03
1.809244980453513563e+02 7.705123046875000000e+03 7.700454902277750989e+03
1.809449310586787760e+02 7.710479003906250000e+03 7.700453386505970229e+03
1.809653639714233577e+02 7.710166992187500000e+03 7.700451856295812831e+03
1.809857970839366317e+02 7.705887207031250000e+03 7.700450311664195397e+03
1.810062300963327289e+02 7.692661621093750000e+03 7.700448752673199124e+03
1.810266630081459880e+02 7.692696777343750000e+03 7.700447179362590759e+03
1.810470961197279394e+02 7.700050292968750000e+03 7.700445591748653897e+03
1.810675291311927140e+02 7.697433593750000000e+03 7.700443989894103652e+03
1.810879620420746505e+02 7.691642089843750000e+03 7.700442373838697677e+03
1.811083950526081026e+02 7.703779785156250000e+03 7.700440743606121032e+03
1.811288281632587314e+02 7.699411621093750000e+03 7.700439099235643880e+03
1.811492610736750066e+02 7.700177734375000000e+03 7.700437440791059089e+03
1.811696940832771361e+02 7.691214843750000000e+03 7.700435768287683459e+03
1.811901271929964423e+02 7.704583984375000000e+03 7.700434081764753500e+03
1.812105602021329105e+02 7.698508300781250000e+03 7.700432381278347748e+03
1.812514261193573475e+02 7.691574707031250000e+03 7.700428938556971843e+03
1.812718592281453311e+02 7.700542968750000000e+03 7.700427196383987393e+03
1.812922921362333000e+02 7.690070800781250000e+03 7.700425440414510376e+03
1.813127251439727843e+02 7.705229980468750000e+03 7.700423670662346922e+03
1.813331582513637841e+02 7.697227050781250000e+03 7.700421887166814486e+03
1.813535911585204303e+02 7.704612792968750000e+03 7.700420089993704096e+03
1.813740241653285921e+02 7.711787597656250000e+03 7.700418279156261633e+03
1.813944571716710925e+02 7.714667968750000000e+03 7.700416454702770352e+03
1.814148901780135930e+02 7.701277832031250000e+03 7.700414616672709599e+03
1.814353231838904321e+02 7.701448730468750000e+03 7.700412765105636936e+03
1.814557561897672713e+02 7.695465820312500000e+03 7.700410900041028981e+03
1.814761891947127879e+02 7.687780273437500000e+03 7.700409021518487862e+03
1.814966221996583045e+02 7.687037597656250000e+03 7.700407129577441083e+03
1.815170552046038210e+02 7.698275878906250000e+03 7.700405224257412556e+03
1.815374881089664996e+02 7.693277832031250000e+03 7.700403305607389484e+03
1.815579212130978703e+02 7.700047851562500000e+03 7.700401373638594123e+03
1.815783542171120644e+02 7.697854492187500000e+03 7.700399428418796560e+03
1.815987871205434203e+02 7.696845214843750000e+03 7.700397469987754448e+03
1.816192202242091298e+02 7.695493652343750000e+03 7.700395498356055214e+03
1.816396532268263400e+02 7.702494628906250000e+03 7.700393513592190175e+03
1.816600862294435501e+02 7.701437500000000000e+03 7.700391515725960744e+03
1.816805191319435835e+02 7.698889160156250000e+03 7.700389504806763398e+03
1.817009522342123091e+02 7.700871582031250000e+03 7.700387480844511629e+03
1.817213852358981967e+02 7.694439941406250000e+03 7.700385443908373418e+03
1.817418181374669075e+02 7.708325683593750000e+03 7.700383394038011829e+03
1.817622512383386493e+02 7.694690429687500000e+03 7.700381331242813758e+03
1.817826842395588756e+02 7.699255859375000000e+03 7.700379255592377376e+03
1.818031171401962638e+02 7.697770996093750000e+03 7.700377167126504901e+03
1.818235501404851675e+02 7.695434570312500000e+03 7.700375065864246608e+03
1.818439832404255867e+02 7.701652343750000000e+03 7.700372951844932686e+03
1.818644161401316524e+02 7.706966796875000000e+03 7.700370825139200861e+03
1.818848491394892335e+02 7.705310546875000000e+03 7.700368685755446677e+03
1.819052822384983301e+02 7.694666015625000000e+03 7.700366533733003052e+03
1.819257151372730732e+02 7.708559082031250000e+03 7.700364369143063414e+03
1.819461481356993318e+02 7.701534179687500000e+03 7.700362191993466695e+03
1.819665811341255903e+02 7.701937500000000000e+03 7.700360002334257842e+03
1.819870142317377031e+02 7.697573242187500000e+03 7.700357800194233278e+03
1.820074471295811236e+02 7.701274902343750000e+03 7.700355585645222163e+03
1.820278801266103983e+02 7.697687011718750000e+03 7.700353358694428607e+03
1.820483131236396730e+02 7.700570800781250000e+03 7.700351119392087639e+03
1.820687461202032864e+02 7.700946777343750000e+03 7.700348867777769556e+03
1.820891791167668998e+02 7.693118652343750000e+03 7.700346603890942788e+03
1.821096120127476752e+02 7.698485839843750000e+03 7.700344327782353503e+03
1.821300451089628041e+02 7.696503906250000000e+03 7.700342039457923420e+03
1.821504781041294336e+02 7.695655761718750000e+03 7.700339738990817750e+03
1.821709109996445477e+02 7.700747558593750000e+03 7.700337426420576776e+03
1.821913440944626927e+02 7.704453125000000000e+03 7.700335101752792980e+03
1.822117769890464842e+02 7.693917480468750000e+03 7.700332765072440452e+03
1.822322099837474525e+02 7.693908203125000000e+03 7.700330416384769705e+03
1.822526429775170982e+02 7.695595703125000000e+03 7.700328055740834316e+03
1.822730760714039207e+02 7.697634765625000000e+03 7.700325683168382966e+03
1.822935089645907283e+02 7.695785156250000000e+03 7.700323298741950566e+03
1.823139419578947127e+02 7.697043945312500000e+03 7.700320902466040934e+03
1.823343750508502126e+02 7.697767089843750000e+03 7.700318494380046104e+03
1.823548079435713589e+02 7.695277343750000000e+03 7.700316074558915716e+03
1.823752409354783595e+02 7.702749511718750000e+03 7.700313643006793427e+03
1.823956739278510213e+02 7.699531250000000000e+03 7.700311199774854686e+03
1.824161069192923605e+02 7.690957031250000000e+03 7.700308744902788021e+03
1.824365399107336998e+02 7.704407714843750000e+03 7.700306278429995473e+03
1.824569729017093778e+02 7.704483398437500000e+03 7.700303800396051884e+03
1.824774058926850557e+02 7.704062500000000000e+03 7.700301310840415681e+03
1.824978388831950724e+02 7.713055664062500000e+03 7.700298809802663527e+03
1.825182718732394278e+02 7.701271972656250000e+03 7.700296297322310238e+03
1.825387047631666064e+02 7.703896972656250000e+03 7.700293773451210654e+03
1.825591378528624773e+02 7.696820800781250000e+03 7.700291238191755838e+03
1.825795708419755101e+02 7.702608398437500000e+03 7.700288691620646205e+03
1.826000037314370275e+02 7.703506347656250000e+03 7.700286133777448413e+03
1.826204368197359145e+02 7.699889648437500000e+03 7.700283564664231562e+03
1.826408698083832860e+02 7.702693847656250000e+03 7.700280984357959824e+03
1.826613026964478195e+02 7.698648925781250000e+03 7.700278392898431775e+03
1.826817356846295297e+02 7.697203125000000000e+03 7.700275790299710934e+03
1.827021687719970942e+02 7.701242187500000000e+03 7.700273176601269370e+03
1.827226017592474818e+02 7.698638671875000000e+03 7.700270551868117764e+03
1.827430346463806927e+02 7.718581054687500000e+03 7.700267916139933732e+03
1.827634677328169346e+02 7.698995117187500000e+03 7.700265269417531272e+03
1.827839007191359997e+02 7.698643066406250000e+03 7.700262611779132385e+03
1.828043336053378880e+02 7.704827148437500000e+03 7.700259943264411959e+03
1.828247665911912918e+02 7.700772460937500000e+03 7.700257263886800501e+03
1.828451996766962111e+02 7.702299804687500000e+03 7.700254573685651849e+03
1.828656325615011156e+02 7.700894531250000000e+03 7.700251872740107501e+03
1.828860655464231968e+02 7.697810546875000000e+03 7.700249161050001931e+03
1.829064986309967935e+02 7.699420898437500000e+03 7.700246438654752637e+03
1.829269315153360367e+02 7.685717773437500000e+03 7.700243705633914942e+03
1.829473644993267953e+02 7.704970703125000000e+03 7.700240961986965885e+03
1.829677974833175540e+02 7.707588867187500000e+03 7.700238207766729829e+03
1.829882304668426514e+02 7.708416503906250000e+03 7.700235443012787982e+03
1.830086634499020875e+02 7.701351562500000000e+03 7.700232667764650614e+03
1.830290964324958622e+02 7.710674316406250000e+03 7.700229882061839817e+03
1.830495295152068138e+02 7.698239746093750000e+03 7.700227085930082467e+03
1.830699623976834118e+02 7.695756347656250000e+03 7.700224279450071663e+03
1.830903953793458641e+02 7.699561035156250000e+03 7.700221462620277634e+03
1.831108284611254930e+02 7.703625488281250000e+03 7.700218635479934164e+03
1.831312613426707685e+02 7.696287597656250000e+03 7.700215798110191827e+03
1.831516943234018981e+02 7.692376953125000000e+03 7.700212950509064285e+03
1.831721272044815123e+02 7.698707031250000000e+03 7.700210092743776841e+03
1.831925602848641574e+02 7.704356933593750000e+03 7.700207224811962078e+03
1.832129932651296258e+02 7.694996582031250000e+03 7.700204346795086167e+03
1.832334262449294329e+02 7.693926269531250000e+03 7.700201458718707727e+03
1.832538592242635787e+02 7.700353027343750000e+03 7.700198560622340665e+03
1.832742922035977244e+02 7.704219238281250000e+03 7.700195652545436133e+03
1.832947251829318702e+02 7.696950195312500000e+03 7.700192734527512584e+03
1.833151580616831779e+02 7.701673339843750000e+03 7.700189806622520337e+03
1.833355911397375166e+02 7.700666992187500000e+03 7.700186868826936006e+03
1.833560241181403399e+02 7.697634277343750000e+03 7.700183921223183461e+03
1.833764569959603250e+02 7.705033203125000000e+03 7.700180963851059460e+03
1.833968900735490024e+02 7.702312500000000000e+03 7.700177996706539489e+03
1.834173230505548418e+02 7.701791992187500000e+03 7.700175019872678604e+03
1.834377559274435043e+02 7.709218750000000000e+03 7.700172033389073476e+03
1.834581889044493437e+02 7.693448730468750000e+03 7.700169037265972293e+03
1.834786219806410372e+02 7.705037597656250000e+03 7.700166031542883502e+03
1.834990548570640385e+02 7.706975097656250000e+03 7.700163016303377844e+03
1.835194878326728940e+02 7.697973144531250000e+03 7.700159991542921489e+03
1.835399208082817495e+02 7.703511230468750000e+03 7.700156957315643922e+03
1.835603537834249437e+02 7.698549804687500000e+03 7.700153913661133629e+03
1.835807867585681379e+02 7.713209472656250000e+03 7.700150860618834486e+03
1.836012196331284940e+02 7.705733886718750000e+03 7.700147798240031989e+03
1.836216527074575424e+02 7.699509277343750000e+03 7.700144726491324946e+03
1.836420856816694140e+02 7.695731445312500000e+03 7.700141645418481858e+03
1.836625186554156244e+02 7.705849609375000000e+03 7.700138555007247305e+03
1.837033846019767225e+02 7.701435058593750000e+03 7.700132346172342295e+03
1.837238175747916102e+02 7.708735839843750000e+03 7.700129227750079735e+03
1.837442504474893212e+02 7.700958496093750000e+03 7.700126100007516470e+03
1.837646835194900632e+02 7.707262695312500000e+03 7.700122962899451522e+03
1.837851164913736284e+02 7.695024414062500000e+03 7.700119816472491948e+03
1.838055493631400168e+02 7.702273925781250000e+03 7.700116660727474482e+03
1.838259824346750975e+02 7.702451660156250000e+03 7.700113495618719753e+03
1.838464154056273401e+02 7.702131835937500000e+03 7.700110321193387790e+03
1.838668482769280672e+02 7.688681152343750000e+03 7.700107137452174356e+03
1.838872812474146485e+02 7.697354492187500000e+03 7.700103944364798735e+03
1.839077143175527453e+02 7.701848632812500000e+03 7.700100741931753873e+03
1.839281471874564886e+02 7.697421386718750000e+03 7.700097530200813708e+03
1.839485801570117474e+02 7.701642089843750000e+03 7.700094309125612199e+03
1.839690132266841829e+02 7.705679199218750000e+03 7.700091078706641383e+03
1.839894460956566036e+02 7.930378417968750000e+03 7.700087838992232719e+03
1.840098790642805398e+02 7.700592285156250000e+03 7.700084589935533586e+03
1.840303120329044759e+02 7.696647949218750000e+03 7.700081331553024938e+03
1.840507450010627508e+02 7.710266113281250000e+03 7.700078063845485303e+03
1.840711779692210257e+02 7.702790527343750000e+03 7.700074786813539504e+03
1.840916109369136393e+02 7.689877929687500000e+03 7.700071500457970615e+03
1.841120440042577684e+02 7.706856445312500000e+03 7.700068204763305403e+03
1.841324768709018826e+02 7.695703125000000000e+03 7.700064899778763902e+03
1.841529098381288350e+02 7.695744628906250000e+03 7.700061585456383909e+03
1.841733427043072879e+02 7.704605468750000000e+03 7.700058261829575713e+03
1.841937757707200944e+02 7.703760742187500000e+03 7.700054928849964199e+03
1.842142087365500629e+02 7.694632324218750000e+03 7.700051586567255072e+03
1.842346417019143701e+02 7.708278320312500000e+03 7.700048234965840493e+03
1.842550746672786772e+02 7.700979492187500000e+03 7.700044874046348014e+03
1.842755076321773231e+02 7.697016113281250000e+03 7.700041503809559799e+03
1.842959405970759690e+02 7.699996582031250000e+03 7.700038124256101582e+03
1.843163734613917768e+02 7.702615234375000000e+03 7.700034735403376544e+03
1.843368065254762769e+02 7.694479003906250000e+03 7.700031337202210125e+03
1.843572394894436002e+02 7.704124511718750000e+03 7.700027929703109294e+03
1.843776723532937467e+02 7.698949707031250000e+03 7.700024512906909877e+03
1.843981054164469242e+02 7.693076171875000000e+03 7.700021086764183565e+03
1.844185383794829249e+02 7.703769531250000000e+03 7.700017651325764746e+03
1.844389712424017489e+02 7.706674804687500000e+03 7.700014206592500159e+03
1.844594042045064270e+02 7.691703613281250000e+03 7.700010752531485196e+03
1.844798372667282820e+02 7.736924316406250000e+03 7.700007289143134585e+03
1.845002701287157834e+02 7.699624023437500000e+03 7.700003816479127636e+03
1.845207030903548002e+02 7.705730468750000000e+03 7.700000334489266606e+03
1.845411361516453326e+02 7.696595703125000000e+03 7.699996843174118112e+03
1.845615691123530269e+02 7.701937500000000000e+03 7.699993342568602202e+03
1.845820019729435444e+02 7.703865722656250000e+03 7.699989832673475576e+03
1.846024349336512387e+02 7.696385253906250000e+03 7.699986313455043273e+03
1.846228679935447872e+02 7.695270996093750000e+03 7.699982784914039257e+03
1.846433008532039821e+02 7.704817382812500000e+03 7.699979247102935915e+03
1.846637338129803538e+02 7.703573730468750000e+03 7.699975699970500500e+03
1.846841668719425797e+02 7.702586914062500000e+03 7.699972143517463337e+03
1.847045997311361134e+02 7.696823730468750000e+03 7.699968577796629688e+03
1.847250326899811625e+02 7.699419433593750000e+03 7.699965002756517606e+03
1.847454656483605504e+02 7.701789062500000000e+03 7.699961418415278786e+03
1.847658986062742770e+02 7.697818847656250000e+03 7.699957824773617176e+03
1.847863315641880035e+02 7.706251953125000000e+03 7.699954221832157600e+03
1.848067645216360688e+02 7.693788085937500000e+03 7.699950609591678585e+03
1.848271975787356496e+02 7.697551269531250000e+03 7.699946988035119830e+03
1.848476304356008768e+02 7.688527832031250000e+03 7.699943357216405275e+03
1.848680633921176195e+02 7.689511718750000000e+03 7.699939717083012511e+03
1.848884962485171854e+02 7.717536621093750000e+03 7.699936067671239471e+03
1.849089293046854436e+02 7.705497070312500000e+03 7.699932408928159020e+03
1.849293622602708638e+02 7.701017578125000000e+03 7.699928740908184409e+03
1.849497951162047684e+02 7.700376953125000000e+03 7.699925063611985934e+03
1.849702281714417040e+02 7.705383789062500000e+03 7.699921376986399991e+03
1.849906611260958016e+02 7.714277343750000000e+03 7.699917681086166340e+03
1.850110939806327224e+02 7.700657714843750000e+03 7.699913975912040769e+03
1.850315269352868199e+02 7.699074707031250000e+03 7.699910261428418380e+03
1.850519598890095949e+02 7.696338867187500000e+03 7.699906537654298518e+03
1.850723929428495467e+02 7.699943847656250000e+03 7.699902804571906927e+03
1.850928257964551449e+02 7.705118164062500000e+03 7.699899062236883765e+03
1.851132588493637741e+02 7.710214355468750000e+03 7.699895310576761403e+03
1.851336917025037110e+02 7.701500976562500000e+03 7.699891549665508137e+03
1.851541246552951634e+02 7.706152343750000000e+03 7.699887779448786205e+03
1.851745575075037777e+02 7.695477050781250000e+03 7.699883999964246868e+03
1.851949905594810843e+02 7.699306640625000000e+03 7.699880211156967562e+03
1.852154235113412142e+02 7.700819335937500000e+03 7.699876413083188709e+03
1.852358564627356827e+02 7.692832031250000000e+03 7.699872605725159701e+03
1.852562894141301513e+02 7.707489746093750000e+03 7.699868789083495358e+03
1.852767223650589585e+02 7.704013183593750000e+03 7.699864963158986939e+03
1.852971553155221045e+02 7.697268554687500000e+03 7.699861127952339302e+03
1.853175881654024124e+02 7.692408691406250000e+03 7.699857283483111132e+03
1.853380212159827352e+02 7.696838867187500000e+03 7.699853429695252998e+03
1.853584541655145586e+02 7.694977539062500000e+03 7.699849566646311359e+03
1.853788870149292052e+02 7.700859375000000000e+03 7.699845694336947417e+03
1.853993200641125441e+02 7.686625976562500000e+03 7.699841812710968952e+03
1.854197530131787062e+02 7.690630859375000000e+03 7.699837921825970625e+03
1.854401858616620302e+02 7.705836914062500000e+03 7.699834021682887396e+03
1.854606188097968698e+02 7.710048828125000000e+03 7.699830112244203519e+03
1.854810518580488861e+02 7.709699218750000000e+03 7.699826193510389203e+03
1.855014847056008875e+02 7.701820312500000000e+03 7.699822265539913133e+03
1.855219176532700658e+02 7.703252929687500000e+03 7.699818328275719978e+03
1.855423507001250982e+02 7.691870605468750000e+03 7.699814381718550067e+03
1.855627836473286152e+02 7.696112792968750000e+03 7.699810425907513491e+03
1.855832164939492941e+02 7.698709472656250000e+03 7.699806460843631612e+03
1.856036494402214885e+02 7.698325683593750000e+03 7.699802486488746581e+03
1.856240824861451983e+02 7.707067871093750000e+03 7.699798502843433198e+03
1.856445153318345547e+02 7.707359375000000000e+03 7.699794509966922305e+03
1.856649482771754265e+02 7.705333496093750000e+03 7.699790507801382773e+03
1.856853813226334751e+02 7.695532714843750000e+03 7.699786496347292996e+03
1.857058141673915088e+02 7.699523437500000000e+03 7.699782475664480444e+03
1.857262471118010581e+02 7.691369140625000000e+03 7.699778445694614675e+03
1.857466800562106073e+02 7.719361816406250000e+03 7.699774406457983787e+03
1.857671130006201565e+02 7.693068359375000000e+03 7.699770357955292639e+03
1.857875459440983832e+02 7.695585937500000000e+03 7.699766300187423440e+03
1.858079788875766098e+02 7.703970214843750000e+03 7.699762233154900969e+03
1.858284118305891752e+02 7.707711425781250000e+03 7.699758156858518305e+03
1.858488447736017406e+02 7.697739257812500000e+03 7.699754071298884810e+03
1.858692777161486447e+02 7.694249511718750000e+03 7.699749976476799020e+03
1.858897105585783720e+02 7.694517089843750000e+03 7.699745872412999233e+03
1.859101436007767916e+02 7.692880371093750000e+03 7.699741759047887172e+03
1.859305765423923731e+02 7.705374023437500000e+03 7.699737636442565417e+03
1.859510093838907778e+02 7.692485351562500000e+03 7.699733504597772480e+03
1.859714424246922135e+02 7.699890136718750000e+03 7.699729363453601763e+03
1.859918753658421338e+02 7.702606445312500000e+03 7.699725213071274993e+03
1.860123082064092159e+02 7.703227539062500000e+03 7.699721053451818079e+03
1.860327411466278136e+02 7.694965332031250000e+03 7.699716884555176875e+03
1.860531741869635880e+02 7.707354980468750000e+03 7.699712706381818862e+03
1.860736071267165244e+02 7.697575683593750000e+03 7.699708518973484388e+03
1.860940399658866227e+02 7.701862304687500000e+03 7.699704322331017465e+03
1.861144730052910745e+02 7.713359375000000000e+03 7.699700116393269127e+03
1.861349059441126883e+02 7.693079589843750000e+03 7.699695901222790781e+03
1.861553387828171253e+02 7.702683105468750000e+03 7.699691676820329121e+03
1.861757717211730778e+02 7.688500976562500000e+03 7.699687443145283396e+03
1.861962047591805458e+02 7.700002441406250000e+03 7.699683200198222039e+03
1.862166375969536602e+02 7.698799316406250000e+03 7.699678948042185766e+03
1.862370705343782902e+02 7.693157714843750000e+03 7.699674686615540850e+03
1.862575035719200969e+02 7.703400878906250000e+03 7.699670415918754770e+03
1.862779364087618887e+02 7.706026367187500000e+03 7.699666136015473057e+03
1.862983693452551961e+02 7.705224609375000000e+03 7.699661846843555395e+03
1.863188022812828422e+02 7.702201171875000000e+03 7.699657548424653214e+03
1.863392353174276650e+02 7.700828613281250000e+03 7.699653240738240129e+03
1.863596681533381343e+02 7.702778808593750000e+03 7.699648923848409140e+03
1.863801010889001191e+02 7.702383789062500000e+03 7.699644597692571551e+03
1.864005341241136193e+02 7.703388671875000000e+03 7.699640262271295796e+03
1.864209669590927660e+02 7.703287109375000000e+03 7.699635917648983195e+03
1.864413998937234282e+02 7.695137695312500000e+03 7.699631563762639416e+03
1.864618327282369137e+02 7.692720703125000000e+03 7.699627200655531851e+03
1.864822657620534301e+02 7.696221191406250000e+03 7.699622828264362397e+03
1.865026986962184310e+02 7.694065917968750000e+03 7.699618446653734281e+03
1.865231315293349326e+02 7.690856445312500000e+03 7.699614055824793468e+03
1.865435645626857877e+02 7.702035156250000000e+03 7.699609655713426037e+03
1.865639974954538047e+02 7.697134765625000000e+03 7.699605246385044666e+03
1.865844303281046450e+02 7.704214355468750000e+03 7.699600827840393322e+03
1.866048632608726621e+02 7.697516113281250000e+03 7.699596400036873092e+03
1.866252962928265333e+02 7.701992187500000000e+03 7.699591962975247952e+03
1.866457291245460510e+02 7.700902832031250000e+03 7.699587516721316206e+03
1.866865950874052942e+02 7.691828125000000000e+03 7.699578596443528113e+03
1.867070279186591506e+02 7.699420410156250000e+03 7.699574122486539636e+03
1.867274608490988612e+02 7.701599609375000000e+03 7.699569639274832298e+03
1.867478936794213951e+02 7.692004394531250000e+03 7.699565146852835824e+03
1.867683267095126212e+02 7.693446777343750000e+03 7.699560645155252132e+03
1.867887596394866705e+02 7.689043457031250000e+03 7.699556134248788112e+03
1.868091925689950585e+02 7.705447265625000000e+03 7.699551614112214338e+03
1.868296254985034466e+02 7.708845214843750000e+03 7.699547084746127439e+03
1.868500584275461733e+02 7.708469238281250000e+03 7.699542546151339593e+03
1.868704913561232388e+02 7.694483886718750000e+03 7.699537998328546564e+03
1.868909241845831275e+02 7.697284667968750000e+03 7.699533441300704908e+03
1.869113572128117085e+02 7.698854492187500000e+03 7.699528875001566121e+03
1.869317901404574513e+02 7.708963378906250000e+03 7.699524299498886649e+03
1.869522229679860175e+02 7.699827148437500000e+03 7.699519714793399544e+03
1.869726559952832758e+02 7.708638671875000000e+03 7.699515120818454307e+03
1.869930889224633574e+02 7.700427246093750000e+03 7.699510517642107516e+03
1.870135217490606010e+02 7.700780761718750000e+03 7.699505905265305955e+03
1.870339546757750213e+02 7.695064941406250000e+03 7.699501283643441639e+03
1.870543877021409571e+02 7.695085937500000000e+03 7.699496652777193958e+03
1.870748206279240549e+02 7.692094238281250000e+03 7.699492012712642463e+03
1.870952534535899758e+02 7.691790039062500000e+03 7.699487363450520206e+03
1.871156864790245891e+02 7.697541503906250000e+03 7.699482704923231722e+03
1.871361194038763642e+02 7.708828125000000000e+03 7.699478037199882237e+03
1.871565522290766239e+02 7.698631347656250000e+03 7.699473360281101122e+03
1.871769851529970765e+02 7.694826171875000000e+03 7.699468674122184893e+03
1.871974181775003672e+02 7.703440429687500000e+03 7.699463978723277251e+03
1.872178510013036430e+02 7.698213378906250000e+03 7.699459274154376544e+03
1.872382839252240956e+02 7.700445312500000000e+03 7.699454560346995095e+03
1.872587169483304024e+02 7.703087402343750000e+03 7.699449837301915977e+03
1.872791497716680169e+02 7.695225097656250000e+03 7.699445105089007484e+03
1.872995826946571469e+02 7.699908691406250000e+03 7.699440363639700081e+03
1.873200156167149544e+02 7.707193359375000000e+03 7.699435612977969868e+03
1.873404485392384231e+02 7.704536132812500000e+03 7.699430853104191556e+03
1.873608814612962306e+02 7.699919921875000000e+03 7.699426084019287373e+03
1.873813143828883767e+02 7.700315917968750000e+03 7.699421305723961268e+03
1.874017474045976996e+02 7.693264648437500000e+03 7.699416518195323079e+03
1.874221802256070077e+02 7.704370117187500000e+03 7.699411721504628076e+03
1.874426131462678313e+02 7.704955566406250000e+03 7.699406915582138026e+03
1.874630459668114781e+02 7.687312011718750000e+03 7.699402100475546831e+03
1.874834789871238172e+02 7.694038085937500000e+03 7.699397276114810666e+03
1.875039119073189795e+02 7.694267089843750000e+03 7.699392442571382162e+03
1.875243447269313037e+02 7.700982910156250000e+03 7.699387599846199009e+03
1.875447777467779815e+02 7.703106933593750000e+03 7.699382747868603474e+03
1.875652106655761600e+02 7.691718750000000000e+03 7.699377886710775783e+03
1.875856435848399997e+02 7.702327148437500000e+03 7.699373016349333739e+03
1.876060764030553401e+02 7.699345703125000000e+03 7.699368136809243879e+03
1.876265094215050340e+02 7.692012695312500000e+03 7.699363248019194543e+03
1.876469423398375511e+02 7.699188964843750000e+03 7.699358350051682464e+03
1.876673751575872302e+02 7.695126464843750000e+03 7.699353442907656245e+03
1.876878081751056015e+02 7.706502929687500000e+03 7.699348526515619596e+03
1.877082410925067961e+02 7.701878906250000000e+03 7.699343600948364838e+03
1.877286739093251526e+02 7.700909179687500000e+03 7.699338666206840571e+03
1.877491068262606859e+02 7.699240234375000000e+03 7.699333722243281045e+03
1.877695398423820734e+02 7.695701171875000000e+03 7.699328769058474791e+03
1.877899726582691073e+02 7.684883300781250000e+03 7.699323806725780742e+03
1.878104055742733181e+02 7.687657714843750000e+03 7.699318835173021398e+03
1.878308385899290442e+02 7.704668457031250000e+03 7.699313854400881610e+03
1.878512714048847556e+02 7.695362792968750000e+03 7.699308864483340585e+03
1.878717043199576437e+02 7.708480957031250000e+03 7.699303865347713327e+03
1.878921372350305319e+02 7.703668457031250000e+03 7.699298857019127354e+03
1.879125702492892742e+02 7.696537109375000000e+03 7.699293839473903063e+03
1.879330030633136630e+02 7.702637207031250000e+03 7.699288812786342532e+03
1.879534359774552286e+02 7.696541015625000000e+03 7.699283776883318751e+03
1.879738688911311328e+02 7.702958984375000000e+03 7.699278731790263919e+03
1.879943018043413758e+02 7.702489746093750000e+03 7.699273677507877437e+03
1.880147346174344420e+02 7.695112792968750000e+03 7.699268614061582412e+03
1.880351676302962005e+02 7.698739746093750000e+03 7.699263541377698857e+03
1.880556005430407822e+02 7.707777343750000000e+03 7.699258459531308290e+03
1.880760334548540413e+02 7.701763671875000000e+03 7.699253368498521013e+03
1.880964662670157850e+02 7.699581054687500000e+03 7.699248268304694648e+03
1.881168992784805596e+02 7.698512695312500000e+03 7.699243158875848167e+03
1.881373321902938187e+02 7.702684082031250000e+03 7.699238040287375043e+03
1.881577650010585785e+02 7.693597656250000000e+03 7.699232912540459438e+03
1.881781980120576918e+02 7.689871093750000000e+03 7.699227775560129885e+03
1.881986309224739671e+02 7.708392089843750000e+03 7.699222629422647515e+03
1.882190637327730656e+02 7.678798828125000000e+03 7.699217474128734466e+03
1.882394966431893408e+02 7.696836914062500000e+03 7.699212309628574985e+03
1.882599296527914703e+02 7.699812988281250000e+03 7.699207135922968519e+03
1.882803624621592462e+02 7.695147949218750000e+03 7.699201953088502705e+03
1.883007953711785376e+02 7.709471679687500000e+03 7.699196761049882298e+03
1.883212283803150058e+02 7.708639648437500000e+03 7.699191559807554768e+03
1.883416611887514591e+02 7.693721679687500000e+03 7.699186349438863544e+03
1.883620940973050892e+02 7.700842773437500000e+03 7.699181129867874915e+03
1.883825270053930581e+02 7.699152832031250000e+03 7.699175901120912386e+03
