2.565457848366349936e+02 8.342983398437500000e+03 8.339883194880221708e+03
2.565662174155004323e+02 8.343984375000000000e+03 8.339717920891222093e+03
2.565866498947143555e+02 8.342736328125000000e+03 8.339555294098383456e+03
2.566070825736969709e+02 8.346901367187500000e+03 8.339395295030595662e+03
2.566275151530280709e+02 8.338490234375000000e+03 8.339237908944443916e+03
2.566479476322419941e+02 8.337735351562500000e+03 8.339083118698014005e+03
2.566683803121559322e+02 8.333975585937500000e+03 8.338930904924167407e+03
2.566888128914870322e+02 8.341434570312500000e+03 8.338781252778895578e+03
2.567092453711666167e+02 8.331819335937500000e+03 8.338634145110543614e+03
2.567296780510805547e+02 8.353877929687500000e+03 8.338489562671406020e+03
2.567501106313429773e+02 8.336556640625000000e+03 8.338347490494774320e+03
2.567705431114882231e+02 8.335497070312500000e+03 8.338207911439883901e+03
2.567909756917506456e+02 8.334684570312500000e+03 8.338070807031639561e+03
2.568114083716645837e+02 8.344249023437500000e+03 8.337936160202023530e+03
2.568318409523926675e+02 8.342900390625000000e+03 8.337803955154013238e+03
2.568522734330035746e+02 8.337636718750000000e+03 8.337674174750722159e+03
2.568727061138488352e+02 8.344131835937500000e+03 8.337546799994826870e+03
2.569135711751878262e+02 8.339551757812500000e+03 8.337299204630930035e+03
2.569340038564987481e+02 8.334152343750000000e+03 8.337178947985572449e+03
2.569544364376924932e+02 8.328675781250000000e+03 8.337061030413420667e+03
2.569748689187690616e+02 8.337125000000000000e+03 8.336945434772902445e+03
2.569953016005456448e+02 8.344226562500000000e+03 8.336832142271887278e+03
2.570157341817393899e+02 8.331155273437500000e+03 8.336721137490465480e+03
2.570361666637472808e+02 8.334377929687500000e+03 8.336612403280299986e+03
2.570565992454066873e+02 8.329126953125000000e+03 8.336505921476073127e+03
2.570770319271832705e+02 8.333862304687500000e+03 8.336401675000948671e+03
2.570974644091911614e+02 8.338384765625000000e+03 8.336299648261325274e+03
2.571178969913162291e+02 8.337697265625000000e+03 8.336199822636252065e+03
2.571383296735584736e+02 8.331940429687500000e+03 8.336102181050639047e+03
2.571587622561492026e+02 8.334235351562500000e+03 8.336006707351796649e+03
2.571791947386227548e+02 8.335935546875000000e+03 8.335913384402912925e+03
2.571996274213306606e+02 8.328308593750000000e+03 8.335822193740557850e+03
2.572200600039213896e+02 8.340789062500000000e+03 8.335733119613505551e+03
2.572404924868606031e+02 8.332108398437500000e+03 8.335646144881484361e+03
2.572609251700341702e+02 8.338713867187500000e+03 8.335561251176062797e+03
2.572813577530905604e+02 8.341345703125000000e+03 8.335478422653073721e+03
2.573017902364954352e+02 8.339772460937500000e+03 8.335397642173140412e+03
2.573222228195518255e+02 8.336072265625000000e+03 8.335318891841056029e+03
2.573426555031910539e+02 8.344454101562500000e+03 8.335242154575616951e+03
2.573630879870615900e+02 8.329028320312500000e+03 8.335167414382924107e+03
2.573835205705836415e+02 8.321811523437500000e+03 8.335094653045762243e+03
2.574039532542228699e+02 8.324416992187500000e+03 8.335023853484046413e+03
2.574243857385590672e+02 8.333527343750000000e+03 8.334954999613732070e+03
2.574652509070001543e+02 8.329889648437500000e+03 8.334823057792225882e+03
2.574856834909878671e+02 8.335588867187500000e+03 8.334759935968409991e+03
2.575061160754412413e+02 8.334253906250000000e+03 8.334698690724224434e+03
2.575265486603602767e+02 8.336944335937500000e+03 8.334639304952457678e+03
2.575469812448136508e+02 8.334619140625000000e+03 8.334581761548488430e+03
2.575674138297326863e+02 8.326172851562500000e+03 8.334526043402356663e+03
2.575878463150002062e+02 8.330660156250000000e+03 8.334472133666604350e+03
2.576082790000364184e+02 8.336166015625000000e+03 8.334420014457104116e+03
2.576287115849554539e+02 8.331869140625000000e+03 8.334369669444520696e+03
2.576491440706886351e+02 8.334939453125000000e+03 8.334321081493395468e+03
2.576695767561905086e+02 8.340359375000000000e+03 8.334274232798377852e+03
2.576900093415752053e+02 8.327131835937500000e+03 8.334229106952401708e+03
2.577104419274255633e+02 8.328323242187500000e+03 8.334185686613363941e+03
2.577308745132759213e+02 8.340330078125000000e+03 8.334143954674975248e+03
2.577513070991262794e+02 8.341853515625000000e+03 8.334103894029900403e+03
2.577717396854422987e+02 8.323297851562500000e+03 8.334065487569943798e+03
2.577921721716411412e+02 8.328466796875000000e+03 8.334028718364883389e+03
2.578126048576086760e+02 8.326160156250000000e+03 8.333993568779616908e+03
2.578330374443903565e+02 8.337058593750000000e+03 8.333960022233008203e+03
2.578534699310548604e+02 8.345225585937500000e+03 8.333928061595917825e+03
2.578739026174880564e+02 8.332496093750000000e+03 8.333897669303445582e+03
2.578943352047353983e+02 8.341021484375000000e+03 8.333868828704462430e+03
2.579147676913999021e+02 8.335592773437500000e+03 8.333841522670980339e+03
2.579352003787644207e+02 8.332517578125000000e+03 8.333815733704212107e+03
2.579556329660117626e+02 8.335105468750000000e+03 8.333791445087657848e+03
2.579760654531419277e+02 8.327674804687500000e+03 8.333768639692050783e+03
2.579964981405064464e+02 8.332047851562500000e+03 8.333747300085631650e+03
2.580169307282194495e+02 8.332631835937500000e+03 8.333727409485043609e+03
2.580373633159324527e+02 8.330454101562500000e+03 8.333708950675307278e+03
2.580577958039939404e+02 8.327677734375000000e+03 8.333691906628784636e+03
2.580782284918241203e+02 8.336282226562500000e+03 8.333676259998685055e+03
2.580986610800027847e+02 8.336691406250000000e+03 8.333661993917179643e+03
2.581190935685299337e+02 8.335825195312500000e+03 8.333649091256855172e+03
2.581395262568257749e+02 8.322017578125000000e+03 8.333637534731229607e+03
2.581599588454701006e+02 8.335533203125000000e+03 8.333627307412156370e+03
2.581803913339972496e+02 8.327856445312500000e+03 8.333618392173162647e+03
2.582008240227587521e+02 8.334817382812500000e+03 8.333610771785413817e+03
2.582212566114030778e+02 8.340208007812500000e+03 8.333604429263055863e+03
2.582416891008615494e+02 8.338531250000000000e+03 8.333599347479885182e+03
2.582621216899715364e+02 8.334236328125000000e+03 8.333595509279217367e+03
2.582825543791987002e+02 8.339261718750000000e+03 8.333592897571732465e+03
2.583029869683086872e+02 8.338919921875000000e+03 8.333591495275606576e+03
2.583234194582328200e+02 8.338487304687500000e+03 8.333591285265863917e+03
2.583438521479256451e+02 8.330254882812500000e+03 8.333592250440808129e+03
2.583642847375012934e+02 8.323334960937500000e+03 8.333594373687476036e+03
2.583847172274254262e+02 8.327156250000000000e+03 8.333597637881717674e+03
2.584051499175839126e+02 8.328339843750000000e+03 8.333602025972435513e+03
2.584255825076252222e+02 8.328042968750000000e+03 8.333607520795992968e+03
2.584460149980150163e+02 8.335221679687500000e+03 8.333614105229065899e+03
2.584664476886391640e+02 8.335109375000000000e+03 8.333621762268907332e+03
2.584868801790289581e+02 8.341803710937500000e+03 8.333630474658202729e+03
2.585073127700015903e+02 8.322602539062500000e+03 8.333640225410201310e+03
2.585277452608570457e+02 8.329042968750000000e+03 8.333650997321987234e+03
2.585481779519468546e+02 8.337178710937500000e+03 8.333662773451975227e+03
2.585686105429194868e+02 8.342853515625000000e+03 8.333675536527058284e+03
2.585890431338921189e+02 8.339050781250000000e+03 8.333689269495134795e+03
2.586094757253304124e+02 8.327618164062500000e+03 8.333703955249202409e+03
2.586299083167687058e+02 8.333741210937500000e+03 8.333719576681607577e+03
2.586503409086726606e+02 8.340649414062500000e+03 8.333736116685395245e+03
2.586707735005766153e+02 8.338071289062500000e+03 8.333753558152860933e+03
2.586912060920149088e+02 8.336021484375000000e+03 8.333771883976223762e+03
2.587116386843845248e+02 8.330423828125000000e+03 8.333791077049418163e+03
2.587320711766369641e+02 8.337303710937500000e+03 8.333811120164013118e+03
2.587525038686580956e+02 8.339844726562500000e+03 8.333831996512963087e+03
2.587729364610277116e+02 8.336176757812500000e+03 8.333853688689068804e+03
2.587933689537458122e+02 8.330345703125000000e+03 8.333876179573173431e+03
2.588138016462326050e+02 8.339986328125000000e+03 8.333899452393286992e+03
2.588342342390678823e+02 8.333781250000000000e+03 8.333923489706723558e+03
2.588546667322516441e+02 8.329804687500000000e+03 8.333948274395072076e+03
2.588750994252040982e+02 8.337592773437500000e+03 8.333973789719577326e+03
2.588955320185050368e+02 8.332470703125000000e+03 8.334000018204314983e+03
2.589159646118059754e+02 8.328651367187500000e+03 8.334026942864600642e+03
2.589363971054553986e+02 8.328285156250000000e+03 8.334054546456825847e+03
2.589568297988735139e+02 8.332122070312500000e+03 8.334082812283049861e+03
2.589772623926401138e+02 8.343218750000000000e+03 8.334111722826532059e+03
2.589976948867551982e+02 8.335044921875000000e+03 8.334141260970605799e+03
2.590181275806389749e+02 8.343316406250000000e+03 8.334171410045302764e+03
2.590385601748712361e+02 8.330305664062500000e+03 8.334202152505902632e+03
2.590589926689863205e+02 8.331398437500000000e+03 8.334233471235773322e+03
2.590794253638014197e+02 8.340167968750000000e+03 8.334265349592817074e+03
2.590998579580336809e+02 8.332553710937500000e+03 8.334297770003695405e+03
2.591202904526144266e+02 8.334604492187500000e+03 8.334330715354681161e+03
2.591407231474295259e+02 8.339473632812500000e+03 8.334364169025748197e+03
2.591611557425931096e+02 8.341394531250000000e+03 8.334398113422252209e+03
2.591815883377566934e+02 8.330386718750000000e+03 8.334432531598764399e+03
2.592020208328031003e+02 8.323036132812500000e+03 8.334467406275951362e+03
2.592224535285495222e+02 8.322390625000000000e+03 8.334502720863185459e+03
2.592428861237131059e+02 8.327440429687500000e+03 8.334538457735574411e+03
2.592633186196908355e+02 8.337867187500000000e+03 8.334574599782130463e+03
2.592837513154372573e+02 8.339166992187500000e+03 8.334611130427207172e+03
2.593041839110665023e+02 8.332634765625000000e+03 8.334648032030094328e+03
2.593246164075098932e+02 8.342233398437500000e+03 8.334685287479802355e+03
2.593450491032563150e+02 8.333251953125000000e+03 8.334722880215735131e+03
2.593654816998168826e+02 8.336160156250000000e+03 8.334760792583798320e+03
2.593859141962602735e+02 8.339994140625000000e+03 8.334799007470344804e+03
2.594063467928208411e+02 8.340424804687500000e+03 8.334837508142582010e+03
2.594267794894985855e+02 8.344447265625000000e+03 8.334876277497214687e+03
2.594472119864076376e+02 8.336043945312500000e+03 8.334915297855990502e+03
2.594676445834338665e+02 8.338056640625000000e+03 8.334954552682451322e+03
2.594880771804600954e+02 8.333395507812500000e+03 8.334994024678633650e+03
2.595085097779519856e+02 8.334640625000000000e+03 8.335033696738079016e+03
2.595289423754438758e+02 8.337133789062500000e+03 8.335073551752528147e+03
2.595493750730529428e+02 8.335200195312500000e+03 8.335113572811089398e+03
2.595698075704276562e+02 8.329931640625000000e+03 8.335153742216969476e+03
2.595902401683852077e+02 8.342019531250000000e+03 8.335194043453147970e+03
2.596106726662255824e+02 8.343184570312500000e+03 8.335234459016586698e+03
2.596311053643003106e+02 8.338490234375000000e+03 8.335274972394774522e+03
2.596515379627235234e+02 8.331209960937500000e+03 8.335315565886410695e+03
2.596719704610295594e+02 8.340001953125000000e+03 8.335356222382153646e+03
2.596924031595699489e+02 8.338578125000000000e+03 8.335396925372653641e+03
2.597128357584588230e+02 8.342602539062500000e+03 8.335437657153452164e+03
2.597332682572305202e+02 8.329254882812500000e+03 8.335478400615953433e+03
2.597537009562365711e+02 8.337611328125000000e+03 8.335519139251704473e+03
2.597741335551254451e+02 8.333197265625000000e+03 8.335559855354422325e+03
2.597945661544799805e+02 8.333407226562500000e+03 8.335600532017298974e+03
2.598149986537173390e+02 8.335584960937500000e+03 8.335641151933170477e+03
2.598354313531890512e+02 8.341438476562500000e+03 8.335681698591268287e+03
2.598558639530092478e+02 8.338822265625000000e+03 8.335722154288541788e+03
2.598762964527122676e+02 8.343220703125000000e+03 8.335762501918152338e+03
2.598967291526496410e+02 8.336022460937500000e+03 8.335802724964951267e+03
2.599171617524698377e+02 8.343950195312500000e+03 8.335842805729345855e+03
2.599375942526385188e+02 8.329944335937500000e+03 8.335882727107084065e+03
2.599580269530415535e+02 8.334471679687500000e+03 8.335922472575464781e+03
2.599784595537930727e+02 8.335888671875000000e+03 8.335962024442424081e+03
2.599988920539617538e+02 8.332963867187500000e+03 8.336001365601765428e+03
2.600193247548304498e+02 8.341007812500000000e+03 8.336040479524574039e+03
2.600397573560476303e+02 8.334638671875000000e+03 8.336079348526785907e+03
2.600601899567991495e+02 8.336625000000000000e+03 8.336117955691486713e+03
2.600806224578991532e+02 8.341008789062500000e+03 8.336156283725966205e+03
2.601010551592335105e+02 8.336647460937500000e+03 8.336194316083241574e+03
2.601214877609163523e+02 8.332563476562500000e+03 8.336232035095516039e+03
2.601419202624820173e+02 8.326476562500000000e+03 8.336269423659276072e+03
2.601623529642820358e+02 8.335806640625000000e+03 8.336306465214234777e+03
2.601827855659648776e+02 8.335752929687500000e+03 8.336343142105921288e+03
2.602032180679962039e+02 8.333085937500000000e+03 8.336379437233270437e+03
2.602236507702618837e+02 8.327396484375000000e+03 8.336415334018700378e+03
2.602440833724103868e+02 8.329335937500000000e+03 8.336450814824198460e+03
2.602645158749073744e+02 8.335361328125000000e+03 8.336485862549414378e+03
2.602849484775215387e+02 8.335430664062500000e+03 8.336520460429690502e+03
2.603053811802528799e+02 8.342213867187500000e+03 8.336554591350906776e+03
2.603258136832155287e+02 8.339040039062500000e+03 8.336588237708252564e+03
2.603462462862953544e+02 8.331417968750000000e+03 8.336621382891755275e+03
2.603666789894923568e+02 8.335543945312500000e+03 8.336654009786543611e+03
2.603871114929206669e+02 8.344266601562500000e+03 8.336686100810256903e+03
2.604075440960004926e+02 8.335803710937500000e+03 8.336717639329755912e+03
2.604484093035571277e+02 8.343148437500000000e+03 8.336778989955157158e+03
2.604688419075682759e+02 8.340687500000000000e+03 8.336808767845544935e+03
2.604892745115794241e+02 8.337265625000000000e+03 8.336837924644310988e+03
2.605097071155905724e+02 8.329792968750000000e+03 8.336866443244070979e+03
2.605301397200673819e+02 8.335509765625000000e+03 8.336894306538075398e+03
2.605505722244270146e+02 8.325752929687500000e+03 8.336921497286719386e+03
2.605710049290210009e+02 8.341528320312500000e+03 8.336947998777301109e+03
2.605914375339634717e+02 8.337981445312500000e+03 8.336973793508332164e+03
2.606118701384402812e+02 8.332812500000000000e+03 8.336998864502824290e+03
2.606323027438484132e+02 8.343337890625000000e+03 8.337023194655073894e+03
2.606527353487908840e+02 8.341797851562500000e+03 8.337046766856008617e+03
2.606731679541990161e+02 8.332191406250000000e+03 8.337069563999317324e+03
2.606936005596071482e+02 8.333476562500000000e+03 8.337091568977068164e+03
2.607140331650152802e+02 8.338439453125000000e+03 8.337112764681878616e+03
2.607344657708890736e+02 8.328981445312500000e+03 8.337133134006817272e+03
2.607548982771113515e+02 8.339668945312500000e+03 8.337152659750856401e+03
2.607753309831023216e+02 8.339000976562500000e+03 8.337171325086463185e+03
2.607957635889761150e+02 8.334908203125000000e+03 8.337189112625965208e+03
2.608161960956640542e+02 8.340416015625000000e+03 8.337206005275747884e+03
2.608366288021206856e+02 8.340349609375000000e+03 8.337221986168900912e+03
2.608570614084601402e+02 8.334578125000000000e+03 8.337237037956769200e+03
2.608774939156137407e+02 8.339584960937500000e+03 8.337251143695655628e+03
2.608979266225360334e+02 8.343762695312500000e+03 8.337264295648914413e+03
2.609183592293411493e+02 8.333887695312500000e+03 8.337276499702267756e+03
2.609387918366119266e+02 8.343385742187500000e+03 8.337287763219017506e+03
2.609592243437655270e+02 8.333635742187500000e+03 8.337298093446806888e+03
2.609796570516191423e+02 8.338396484375000000e+03 8.337307497827132465e+03
2.610000896593555808e+02 8.344886718750000000e+03 8.337315983511005470e+03
2.610205221669748425e+02 8.332638671875000000e+03 8.337323557808145779e+03
2.610409548748284578e+02 8.336294921875000000e+03 8.337330228119502863e+03
2.610613874830305576e+02 8.338924804687500000e+03 8.337336001636802393e+03
2.610818199911154807e+02 8.334218750000000000e+03 8.337340885669278578e+03
2.611022526994347572e+02 8.339930664062500000e+03 8.337344887578499765e+03
2.611226853081025183e+02 8.339987304687500000e+03 8.337348014595510904e+03
2.611431178171187639e+02 8.337260742187500000e+03 8.337350274029337015e+03
2.611635504257865250e+02 8.331464843750000000e+03 8.337351673198259959e+03
2.611839831345714629e+02 8.335833984375000000e+03 8.337352219386028082e+03
2.612044156440533698e+02 8.338020507812500000e+03 8.337351919887079930e+03
2.612248482531867921e+02 8.339037109375000000e+03 8.337350781999492028e+03
2.612452809624373913e+02 8.348791015625000000e+03 8.337348813007258286e+03
2.612657135720364749e+02 8.329171875000000000e+03 8.337346020225917528e+03
2.612861460819840431e+02 8.335879882812500000e+03 8.337342410963739894e+03
2.613065787917003036e+02 8.343046875000000000e+03 8.337337992458149529e+03
2.613270114017650485e+02 8.337806640625000000e+03 8.337332772064242818e+03
2.613474439121782780e+02 8.329130859375000000e+03 8.337326757089973398e+03
2.613678765222430229e+02 8.336817382812500000e+03 8.337319954772918209e+03
2.613883092328906059e+02 8.338447265625000000e+03 8.337312372397525905e+03
2.614087417433038354e+02 8.328220703125000000e+03 8.337304017377373384e+03
2.614291743542999029e+02 8.333950195312500000e+03 8.337294896891367898e+03
2.614496069652959704e+02 8.340993164062500000e+03 8.337285018275022594e+03
2.614700395762920380e+02 8.339030273437500000e+03 8.337274388824609559e+03
2.614904721872881055e+02 8.349234375000000000e+03 8.337263015836411796e+03
2.615109047987498343e+02 8.332747070312500000e+03 8.337250906606423086e+03
2.615313374102115631e+02 8.335162109375000000e+03 8.337238068431168358e+03
2.615517700221389532e+02 8.337156250000000000e+03 8.337224508606614108e+03
2.615722026340663433e+02 8.333822265625000000e+03 8.337210234429319826e+03
2.615926352459937334e+02 8.337306640625000000e+03 8.337195253195563055e+03
2.616130678579211235e+02 8.337857421875000000e+03 8.337179572201630435e+03
2.616335003701969981e+02 8.340227539062500000e+03 8.337163198825321160e+03
2.616539330827072263e+02 8.343348632812500000e+03 8.337146140117536561e+03
2.616743656951002777e+02 8.321979492187500000e+03 8.337128403620292374e+03
2.616947982078418136e+02 8.336418945312500000e+03 8.337109996639344899e+03
2.617152309208177030e+02 8.332067382812500000e+03 8.337090926195909560e+03
2.617356635341420770e+02 8.332276367187500000e+03 8.337071199861267814e+03
2.617560961470007896e+02 8.335846679687500000e+03 8.337050824840787755e+03
2.617765287603251636e+02 8.341341796875000000e+03 8.337029808429817422e+03
2.617969613741151989e+02 8.333606445312500000e+03 8.337008157924587067e+03
2.618173939879052341e+02 8.327674804687500000e+03 8.336985880621856268e+03
2.618378265015780926e+02 8.336944335937500000e+03 8.336962983931602139e+03
2.618582592154853046e+02 8.333127929687500000e+03 8.336939474809012609e+03
2.618786918297410011e+02 8.335943359375000000e+03 8.336915360890901866e+03
2.618991243438795209e+02 8.334516601562500000e+03 8.336890649482924346e+03
2.619195570582523942e+02 8.334302734375000000e+03 8.336865347513750748e+03
2.619399896729737520e+02 8.338520507812500000e+03 8.336839462646672473e+03
2.619604221875779331e+02 8.337510742187500000e+03 8.336813002187058373e+03
2.619808549024164677e+02 8.340291015625000000e+03 8.336785973038036900e+03
2.620012875176034868e+02 8.328115234375000000e+03 8.336758382888405322e+03
2.620217200326733291e+02 8.331327148437500000e+03 8.336730239043257825e+03
2.620421526478603482e+02 8.335534179687500000e+03 8.336701548523036763e+03
2.620625853636302054e+02 8.341750000000000000e+03 8.336672318615374024e+03
2.620830179788172245e+02 8.338993164062500000e+03 8.336642556904360390e+03
2.621034504948183894e+02 8.335125976562500000e+03 8.336612270691992308e+03
2.621238832110539079e+02 8.349650390625000000e+03 8.336581466826875840e+03
2.621443158267065883e+02 8.338542968750000000e+03 8.336550153055033661e+03
2.621647483431734145e+02 8.343871093750000000e+03 8.336518336678036576e+03
2.621851810594089329e+02 8.330175781250000000e+03 8.336486024522972002e+03
2.622056136759929359e+02 8.336500000000000000e+03 8.336453224356006103e+03
2.622260461929254234e+02 8.328750976562500000e+03 8.336419943480508664e+03
2.622464788099750876e+02 8.324421875000000000e+03 8.336386188867330929e+03
2.622669115266762674e+02 8.340090820312500000e+03 8.336351967806636821e+03
2.622873440440744162e+02 8.336256835937500000e+03 8.336317288098780409e+03
2.623077766611240804e+02 8.334763671875000000e+03 8.336282156535973627e+03
2.623282093787565827e+02 8.328333007812500000e+03 8.336246580406315843e+03
2.623486418966203928e+02 8.327598632812500000e+03 8.336210567532245477e+03
2.623690745141357183e+02 8.327850585937500000e+03 8.336174124685505376e+03
2.623895072322338820e+02 8.329747070312500000e+03 8.336137259154455023e+03
2.624099397505633533e+02 8.330599609375000000e+03 8.336099978780324818e+03
2.624303723685443401e+02 8.335546875000000000e+03 8.336062290316131111e+03
2.624508050871081650e+02 8.338579101562500000e+03 8.336024201050491683e+03
2.624712376059032977e+02 8.334168945312500000e+03 8.335985718842472124e+03
2.624916702243499458e+02 8.334929687500000000e+03 8.335946850427309982e+03
2.625121028432622552e+02 8.331522460937500000e+03 8.335907603287119855e+03
2.625325354626402259e+02 8.337958984375000000e+03 8.335867984718161097e+03
2.625529680815525353e+02 8.339497070312500000e+03 8.335828002018526604e+03
2.625734006012789905e+02 8.339345703125000000e+03 8.335787662680279027e+03
2.625938333207741380e+02 8.350350585937500000e+03 8.335746973406890902e+03
2.626142659401521087e+02 8.343647460937500000e+03 8.335705942089294695e+03
2.626346985599957407e+02 8.330632812500000000e+03 8.335664575824308486e+03
2.626551311803050339e+02 8.337443359375000000e+03 8.335622881908198906e+03
2.626755638001486659e+02 8.331069335937500000e+03 8.335580867639153439e+03
2.626959964204579592e+02 8.343595703125000000e+03 8.335538540311541510e+03
2.627164289411157370e+02 8.340118164062500000e+03 8.335495907431270098e+03
2.627368616620078683e+02 8.331405273437500000e+03 8.335452975666679777e+03
2.627572942827828228e+02 8.332735351562500000e+03 8.335409752942970954e+03
2.627777268034406006e+02 8.334141601562500000e+03 8.335366246560646687e+03
2.627981595247983932e+02 8.333122070312500000e+03 8.335322463173422875e+03
2.628185921460390091e+02 8.331730468750000000e+03 8.335278410720151442e+03
2.628390246676281095e+02 8.345338867187500000e+03 8.335234096500018495e+03
2.628594573889859021e+02 8.339546875000000000e+03 8.335189527158032433e+03
2.628798900106921792e+02 8.334763671875000000e+03 8.335144710641750862e+03
2.629003225327469409e+02 8.329906250000000000e+03 8.335099654251025640e+03
2.629207551549188793e+02 8.333246093750000000e+03 8.335054364841595088e+03
2.629411878772079945e+02 8.332815429687500000e+03 8.335008849706378896e+03
2.629616204993799329e+02 8.337145507812500000e+03 8.334963116587732657e+03
2.629820530219003558e+02 8.342658203125000000e+03 8.334917172784051218e+03
2.630024857446551323e+02 8.343203125000000000e+03 8.334871024915786620e+03
2.630229183672927320e+02 8.340198242187500000e+03 8.334824680956109660e+03
2.630433508907444775e+02 8.329647460937500000e+03 8.334778148202014563e+03
2.630637836139649153e+02 8.333320312500000000e+03 8.334731433267596003e+03
2.630842162370681763e+02 8.331188476562500000e+03 8.334684544133457166e+03
2.631046487605199218e+02 8.334053710937500000e+03 8.334637488097325331e+03
2.631250814842060208e+02 8.338493164062500000e+03 8.334590271763659985e+03
2.631455141082406044e+02 8.332927734375000000e+03 8.334542903120567644e+03
2.631659466321580112e+02 8.333374023437500000e+03 8.334495389467607311e+03
2.631863792561925948e+02 8.338653320312500000e+03 8.334447737635415251e+03
2.632068119808100164e+02 8.337723632812500000e+03 8.334399954917218565e+03
2.632272445051930845e+02 8.330131835937500000e+03 8.334352049313707539e+03
2.632476771296933293e+02 8.322125000000000000e+03 8.334304027417856560e+03
2.632681098547764122e+02 8.334251953125000000e+03 8.334255896523216506e+03
2.632885424797423184e+02 8.331347656250000000e+03 8.334207664398867564e+03
2.633089750045910478e+02 8.337733398437500000e+03 8.334159338342540650e+03
2.633294077301397920e+02 8.349581054687500000e+03 8.334110924938391690e+03
2.633498403555713594e+02 8.326101562500000000e+03 8.334062432194843495e+03
2.633702728808857501e+02 8.326228515625000000e+03 8.334013867409314116e+03
2.633907055067829788e+02 8.326639648437500000e+03 8.333965237401023842e+03
2.634111381326802075e+02 8.334583007812500000e+03 8.333916549705170837e+03
2.634520033849403262e+02 8.326392578125000000e+03 8.333819030434837259e+03
2.634724360117688775e+02 8.325674804687500000e+03 8.333770213451827658e+03
2.634928686381317675e+02 8.334525390625000000e+03 8.333721367967540573e+03
2.635133012649603188e+02 8.336312500000000000e+03 8.333672501276045296e+03
2.635337338917888701e+02 8.343100585937500000e+03 8.333623620674745325e+03
2.635541665190830827e+02 8.338021484375000000e+03 8.333574733458826813e+03
2.635745991459116340e+02 8.334768554687500000e+03 8.333525846926811937e+03
2.635950316735543311e+02 8.356387695312500000e+03 8.333476968611117627e+03
2.636154644009657204e+02 8.335601562500000000e+03 8.333428105092983969e+03
2.636358970287255943e+02 8.338884765625000000e+03 8.333379264384879207e+03
2.636563295568339527e+02 8.337796875000000000e+03 8.333330453782717086e+03
2.636767622847110033e+02 8.332687500000000000e+03 8.333281679867770436e+03
2.636971949129365385e+02 8.326721679687500000e+03 8.333232950651359715e+03
2.637176274415105581e+02 8.337033203125000000e+03 8.333184273429080349e+03
2.637380601698532701e+02 8.338002929687500000e+03 8.333135654784315193e+03
2.637584927990101278e+02 8.336441406250000000e+03 8.333087102725170553e+03
2.637789253275841475e+02 8.332875000000000000e+03 8.333038624550235909e+03
2.637993580568581820e+02 8.326925781250000000e+03 8.332990226841558979e+03
2.638197906860150397e+02 8.340794921875000000e+03 8.332941917608579388e+03
2.638402233151718974e+02 8.333052734375000000e+03 8.332893703910252952e+03
2.638606558451429009e+02 8.331990234375000000e+03 8.332845593276157160e+03
2.638810885744169354e+02 8.341445312500000000e+03 8.332797592300554243e+03
2.639015212045051157e+02 8.332282226562500000e+03 8.332749708981791628e+03
2.639219537344761193e+02 8.339318359375000000e+03 8.332701950616570684e+03
2.639423864646814764e+02 8.328893554687500000e+03 8.332654323800117709e+03
2.639628190952353179e+02 8.334657226562500000e+03 8.332606836528722852e+03
2.639832516256719828e+02 8.339073242187500000e+03 8.332559496097677766e+03
2.640036843563430011e+02 8.323835937500000000e+03 8.332512309108500631e+03
2.640241169873625040e+02 8.333065429687500000e+03 8.332465283551196990e+03
2.640445495182648301e+02 8.336885742187500000e+03 8.332418426720723801e+03
2.640649821497499943e+02 8.342907226562500000e+03 8.332371745453096082e+03
2.640854148808866739e+02 8.335414062500000000e+03 8.332325247049384416e+03
2.641262800442054868e+02 8.328077148437500000e+03 8.332232829376804148e+03
2.641467127762734890e+02 8.330983398437500000e+03 8.332186924022440508e+03
2.641671454082243145e+02 8.326888671875000000e+03 8.332141231168992817e+03
2.641875779405236244e+02 8.328639648437500000e+03 8.332095758108549489e+03
2.642080106725916266e+02 8.345943359375000000e+03 8.332050511472696599e+03
2.642284433054737747e+02 8.330738281250000000e+03 8.332005499221435457e+03
2.642488758382387459e+02 8.330831054687500000e+03 8.331960728649642988e+03
2.642693084711208940e+02 8.332818359375000000e+03 8.331916206614849216e+03
2.642897412041202188e+02 8.341485351562500000e+03 8.331871940417062433e+03
2.643101737373508513e+02 8.331178710937500000e+03 8.331827938000362337e+03
2.643306063706986606e+02 8.331572265625000000e+03 8.331784206013286166e+03
2.643510391041636467e+02 8.322671875000000000e+03 8.331740751756165992e+03
2.643714716378599405e+02 8.336869140625000000e+03 8.331697583161007060e+03
2.643919042721390724e+02 8.325213867187500000e+03 8.331654706887446082e+03
2.644123370060697198e+02 8.331848632812500000e+03 8.331612130238101599e+03
2.644327695402316749e+02 8.333168945312500000e+03 8.331569861130947174e+03
2.644532021745108068e+02 8.334589843750000000e+03 8.331527906239643926e+03
2.644736348092556000e+02 8.340051757812500000e+03 8.331486273067421280e+03
2.644940674440003932e+02 8.329608398437500000e+03 8.331444968911544493e+03
2.645145000787451863e+02 8.321423828125000000e+03 8.331404001068311118e+03
2.645349326138384640e+02 8.330894531250000000e+03 8.331363377031313576e+03
2.645553653491660953e+02 8.333154296875000000e+03 8.331323103503184029e+03
2.645757979848422110e+02 8.327935546875000000e+03 8.331283188373923622e+03
2.645962305204011500e+02 8.332250000000000000e+03 8.331243638935438867e+03
2.646166632561944425e+02 8.334650390625000000e+03 8.331204461905394055e+03
2.646370958918705583e+02 8.328653320312500000e+03 8.331165665158730917e+03
2.646575285280123353e+02 8.328557617187500000e+03 8.331127255798010083e+03
2.646779611646197736e+02 8.334208984375000000e+03 8.331089241119556391e+03
2.646983938007615507e+02 8.332787109375000000e+03 8.331051628421409987e+03
2.647188264373689890e+02 8.336522460937500000e+03 8.331014424998162212e+03
2.647392589743249118e+02 8.323922851562500000e+03 8.330977638325362932e+03
2.647596917110495269e+02 8.333784179687500000e+03 8.330941275163342652e+03
2.647801243485882878e+02 8.330554687500000000e+03 8.330905343343587447e+03
2.648005568855442107e+02 8.332329101562500000e+03 8.330869850158485860e+03
2.648209896232001483e+02 8.328367187500000000e+03 8.330834802384244540e+03
2.648414222607389092e+02 8.335035156250000000e+03 8.330800207836464324e+03
2.648618547986261547e+02 8.326574218750000000e+03 8.330766073803966719e+03
2.648822875367477536e+02 8.328173828125000000e+03 8.330732407085510204e+03
2.649027201747521758e+02 8.329342773437500000e+03 8.330699215475742676e+03
2.649231527131050825e+02 8.334607421875000000e+03 8.330666506263198244e+03
2.649435853515751660e+02 8.336701171875000000e+03 8.330634286424368838e+03
2.649640180906280875e+02 8.329608398437500000e+03 8.330602563262098556e+03
2.649844506294466555e+02 8.336461914062500000e+03 8.330571344536057950e+03
2.650048832683824003e+02 8.332783203125000000e+03 8.330540637079931912e+03
2.650253160074353218e+02 8.338253906250000000e+03 8.330510448197594087e+03
2.650457486468367279e+02 8.323548828125000000e+03 8.330480785480564009e+03
2.650661811865866184e+02 8.323100585937500000e+03 8.330451656217388518e+03
2.650866139261052012e+02 8.325095703125000000e+03 8.330423067281475596e+03
2.651070465659722686e+02 8.331321289062500000e+03 8.330395026392066939e+03
2.651274791061878204e+02 8.347992187500000000e+03 8.330367540837396518e+03
2.651479117465205491e+02 8.335219726562500000e+03 8.330340617645040766e+03
2.651683444869704545e+02 8.328298828125000000e+03 8.330314264119628206e+03
2.651887770276516676e+02 8.330158203125000000e+03 8.330288487940048071e+03
2.652092096684500575e+02 8.321522460937500000e+03 8.330263295495295097e+03
2.652296424093656242e+02 8.323794921875000000e+03 8.330238687427638069e+03
2.652500749505124986e+02 8.335671875000000000e+03 8.330214660749934410e+03
2.652705075917765498e+02 8.324303710937500000e+03 8.330191211694153026e+03
2.652909403331577778e+02 8.326472656250000000e+03 8.330168336857615941e+03
2.653113729748874903e+02 8.326401367187500000e+03 8.330146033052817074e+03
2.653318055165000260e+02 8.329209960937500000e+03 8.330124296860767572e+03
2.653522382583469152e+02 8.327277343750000000e+03 8.330103124554963870e+03
2.653726708008907735e+02 8.329262695312500000e+03 8.330082513138304421e+03
2.653931034430861473e+02 8.322002929687500000e+03 8.330062458893977237e+03
2.654135360857471824e+02 8.324008789062500000e+03 8.330042958512280165e+03
2.654339687284082174e+02 8.323186523437500000e+03 8.330024008582528040e+03
2.654544013710692525e+02 8.338255859375000000e+03 8.330005605693571852e+03
2.654748340141959488e+02 8.331851562500000000e+03 8.329987746433853317e+03
2.654952666573226452e+02 8.338696289062500000e+03 8.329970427392649071e+03
2.655156993009150028e+02 8.340140625000000000e+03 8.329953645158431755e+03
2.655361319445073605e+02 8.328510742187500000e+03 8.329937396320454354e+03
2.655565645880997181e+02 8.333265625000000000e+03 8.329921677467562404e+03
2.655769972321577370e+02 8.330083007812500000e+03 8.329906485188261286e+03
2.655974298762157559e+02 8.326181640625000000e+03 8.329891816071763969e+03
2.656178624206222594e+02 8.334389648437500000e+03 8.329877666774667887e+03
2.656382951647974551e+02 8.333651367187500000e+03 8.329864033682275476e+03
2.656587278097867966e+02 8.331749023437500000e+03 8.329850913586709794e+03
2.656791603541933000e+02 8.341351562500000000e+03 8.329838303070218899e+03
2.656995930992998183e+02 8.336265625000000000e+03 8.329826198539431061e+03
2.657200257447548211e+02 8.331862304687500000e+03 8.329814596764872476e+03
2.657404582900926471e+02 8.326917968750000000e+03 8.329803494328303714e+03
2.657608910356648266e+02 8.332033203125000000e+03 8.329792887659030384e+03
2.657813236811198294e+02 8.330397460937500000e+03 8.329782773505443402e+03
2.658017562269233167e+02 8.335572265625000000e+03 8.329773148448965003e+03
2.658221888733096421e+02 8.339483398437500000e+03 8.329764008984166139e+03
2.658426216193474829e+02 8.330641601562500000e+03 8.329755351707421141e+03
2.658630542657338083e+02 8.341129882812500000e+03 8.329747173292013031e+03
2.658834868124686182e+02 8.328232421875000000e+03 8.329739470319802422e+03
2.659039195589721203e+02 8.323065429687500000e+03 8.329732239270233549e+03
2.659243522062897682e+02 8.327423828125000000e+03 8.329725476841435011e+03
2.659447847534902394e+02 8.331987304687500000e+03 8.329719179615723988e+03
2.659652175004594028e+02 8.328893554687500000e+03 8.329713344092913758e+03
2.659856501482427120e+02 8.324309570312500000e+03 8.329707966950631089e+03
2.660060826959088445e+02 8.336721679687500000e+03 8.329703044771285931e+03
2.660265154438093305e+02 8.325178710937500000e+03 8.329698574074696808e+03
2.660469480915926397e+02 8.334048828125000000e+03 8.329694551518736262e+03
2.660673806397244334e+02 8.321858398437500000e+03 8.329690973685617791e+03
2.660878132879734039e+02 8.332984375000000000e+03 8.329687837129229592e+03
2.661082460368052125e+02 8.319258789062500000e+03 8.329685138444829136e+03
2.661286785854026675e+02 8.329851562500000000e+03 8.329682874257799995e+03
2.661491112345829606e+02 8.324569335937500000e+03 8.329681041120487862e+03
2.661695439834147692e+02 8.329344726562500000e+03 8.329679635628130200e+03
2.661899766325950623e+02 8.326974609375000000e+03 8.329678654383274989e+03
2.662104091821238399e+02 8.329331054687500000e+03 8.329678093968572284e+03
2.662308419318869710e+02 8.337888671875000000e+03 8.329677950967747165e+03
2.662512745819985867e+02 8.332402343750000000e+03 8.329678221974811095e+03
2.662717071319930255e+02 8.327053710937500000e+03 8.329678903572554191e+03
2.662921397821046412e+02 8.326871093750000000e+03 8.329679992356517687e+03
2.663125725323334336e+02 8.331604492187500000e+03 8.329681484921511583e+03
2.663330050827935338e+02 8.337129882812500000e+03 8.329683377831530379e+03
2.663534377338364720e+02 8.330004882812500000e+03 8.329685667700341583e+03
2.663738703844137490e+02 8.330364257812500000e+03 8.329688351108383358e+03
2.664147356869652867e+02 8.328382812500000000e+03 8.329694884897948214e+03
2.664351683384738863e+02 8.329802734375000000e+03 8.329698728457118705e+03
2.664556009899824858e+02 8.327852539062500000e+03 8.329702951910985576e+03
2.664760336419567466e+02 8.337716796875000000e+03 8.329707551848501680e+03
2.664964661938138306e+02 8.337769531250000000e+03 8.329712524833141288e+03
2.665168989459052682e+02 8.329791992187500000e+03 8.329717867529581781e+03
2.665373315978795290e+02 8.325920898437500000e+03 8.329723576450835026e+03
2.665577641506679356e+02 8.331905273437500000e+03 8.329729648180673394e+03
2.665781969032250345e+02 8.328903320312500000e+03 8.329736079399443042e+03
2.665986295561306179e+02 8.321765625000000000e+03 8.329742866604374285e+03
2.666190621093846858e+02 8.324635742187500000e+03 8.329750006379126717e+03
2.666394948628731072e+02 8.332991210937500000e+03 8.329757495419922634e+03
2.666599275162443519e+02 8.328032226562500000e+03 8.329765330208079831e+03
2.666803600699640810e+02 8.331011718750000000e+03 8.329773507327570769e+03
2.667007927238009870e+02 8.336989257812500000e+03 8.329782023447216488e+03
2.667212254777550697e+02 8.331609375000000000e+03 8.329790875160811993e+03
2.667416581320576370e+02 8.325046875000000000e+03 8.329800058970657119e+03
2.667620906862430274e+02 8.329763671875000000e+03 8.329809571460546067e+03
2.667825234411284328e+02 8.327057617187500000e+03 8.329819409361771250e+03
2.668029560958966613e+02 8.329832031250000000e+03 8.329829569120734959e+03
2.668233886505477130e+02 8.331218750000000000e+03 8.329840047321577003e+03
2.668438214058987796e+02 8.319592773437500000e+03 8.329850840709736076e+03
2.668642540611326694e+02 8.330881835937500000e+03 8.329861945717470007e+03
2.668846866167150438e+02 8.335728515625000000e+03 8.329873358929329697e+03
2.669051193720661104e+02 8.320671875000000000e+03 8.329885077103654112e+03
2.669255520282313228e+02 8.333314453125000000e+03 8.329897096660080933e+03
2.669459845842793584e+02 8.331550781250000000e+03 8.329909414182518958e+03
2.669664172404445708e+02 8.318612304687500000e+03 8.329922026380530951e+03
2.669868499967269599e+02 8.326669921875000000e+03 8.329934929847266176e+03
2.670072826533578336e+02 8.328386718750000000e+03 8.329948121045405060e+03
2.670277152103371918e+02 8.333516601562500000e+03 8.329961596559607642e+03
2.670481479670852423e+02 8.337022460937500000e+03 8.329975353178258956e+03
2.670685806241817772e+02 8.333291015625000000e+03 8.329989387290665036e+03
2.670890131816267967e+02 8.332491210937500000e+03 8.330003695481633258e+03
2.671094459393061697e+02 8.332968750000000000e+03 8.330018274552014191e+03
2.671298785968683660e+02 8.331938476562500000e+03 8.330033120878324553e+03
2.671503111547790468e+02 8.322293945312500000e+03 8.330048231045850116e+03
2.671707438132725656e+02 8.329866210937500000e+03 8.330063601791534893e+03
2.671911765714175999e+02 8.329166992187500000e+03 8.330079229707327613e+03
2.672116091297939420e+02 8.327783203125000000e+03 8.330095111151187666e+03
2.672320417882874608e+02 8.326687500000000000e+03 8.330111242943194156e+03
2.672524745473638177e+02 8.317596679687500000e+03 8.330127621676219860e+03
2.672729071062058210e+02 8.326224609375000000e+03 8.330144243696182457e+03
2.672933397656306624e+02 8.332926757812500000e+03 8.330161105834869886e+03
2.673137724250555038e+02 8.329257812500000000e+03 8.330178204599891615e+03
2.673342051845975220e+02 8.321764648437500000e+03 8.330195536665578402e+03
2.673546377443708479e+02 8.327348632812500000e+03 8.330213098364703910e+03
2.673750704042613506e+02 8.330852539062500000e+03 8.330230886542183725e+03
2.673955030646175146e+02 8.337737304687500000e+03 8.330248897701785609e+03
2.674159357249736786e+02 8.328296875000000000e+03 8.330267128431944002e+03
2.674363683853298426e+02 8.332305664062500000e+03 8.330285575321500801e+03
2.674568010461516678e+02 8.338742187500000000e+03 8.330304234959716268e+03
2.674772337069734931e+02 8.324691406250000000e+03 8.330323103935023028e+03
2.674976663682609797e+02 8.330738281250000000e+03 8.330342178836690437e+03
2.675180990295484662e+02 8.325671875000000000e+03 8.330361456253134747e+03
2.675385316908359528e+02 8.326797851562500000e+03 8.330380932773194218e+03
2.675589642524719238e+02 8.320547851562500000e+03 8.330400604889289752e+03
2.675793969142250717e+02 8.324704101562500000e+03 8.330420469382621377e+03
2.675998296765610576e+02 8.333390625000000000e+03 8.330440522845285159e+03
2.676202623387798667e+02 8.327517578125000000e+03 8.330460761669139174e+03
2.676406949013471603e+02 8.329505859375000000e+03 8.330481182440789780e+03
2.676611276636831462e+02 8.343164062500000000e+03 8.330501782049643225e+03
2.676815603263676167e+02 8.321315429687500000e+03 8.330522556783980690e+03
2.677019928894005716e+02 8.334103515625000000e+03 8.330543503230097485e+03
2.677224256526678801e+02 8.332131835937500000e+03 8.330564618285516190e+03
2.677428583162836730e+02 8.328550781250000000e+03 8.330585898230407111e+03
2.677632908797822893e+02 8.329236328125000000e+03 8.330607339650734502e+03
2.677837236435152590e+02 8.335208984375000000e+03 8.330628939451684346e+03
2.678041563075967133e+02 8.325469726562500000e+03 8.330650693906241941e+03
2.678245888715609908e+02 8.329701171875000000e+03 8.330672599600506146e+03
2.678450215361081064e+02 8.327299804687500000e+03 8.330694653338501666e+03
2.678654543003067374e+02 8.327490234375000000e+03 8.330716851710212723e+03
2.678858869653195143e+02 8.331838867187500000e+03 8.330739191088447114e+03
2.679063195302151144e+02 8.325509765625000000e+03 8.330761668058987198e+03
2.679267522953450680e+02 8.323701171875000000e+03 8.330784279542065633e+03
2.679471849603578448e+02 8.338879882812500000e+03 8.330807021795126275e+03
2.679676175257191062e+02 8.317609375000000000e+03 8.330829891405628587e+03
2.679880502913147211e+02 8.326689453125000000e+03 8.330852885298987530e+03
2.680084829572588205e+02 8.334105468750000000e+03 8.330875999727475573e+03
2.680289155235514045e+02 8.322146484375000000e+03 8.330899231278186562e+03
2.680493481894955039e+02 8.323814453125000000e+03 8.330922576766577549e+03
2.680697809560224414e+02 8.333558593750000000e+03 8.330946032784198906e+03
2.680902135227806866e+02 8.329724609375000000e+03 8.330969595574306368e+03
2.681106461896561086e+02 8.336649414062500000e+03 8.330993262070793207e+03
2.681310789566487074e+02 8.337414062500000000e+03 8.331017028863991072e+03
2.681515115238726139e+02 8.338063476562500000e+03 8.331040892193203035e+03
2.681719441912136972e+02 8.335216796875000000e+03 8.331064848996800720e+03
2.681923769586719573e+02 8.334142578125000000e+03 8.331088895864977530e+03
2.682128096264787018e+02 8.324657226562500000e+03 8.331113029151447336e+03
2.682332421946339309e+02 8.350925781250000000e+03 8.331137245443807842e+03
2.682536748629063368e+02 8.331544921875000000e+03 8.331161541567673339e+03
2.682741076312959194e+02 8.332324218750000000e+03 8.331185914113026229e+03
2.682945401999168098e+02 8.333939453125000000e+03 8.331210359310454805e+03
2.683149728686548769e+02 8.331536132812500000e+03 8.331234874107045471e+03
2.683354056375101209e+02 8.324655273437500000e+03 8.331259455092629651e+03
2.683558382065966725e+02 8.328457031250000000e+03 8.331284098494812497e+03
2.683762708758004010e+02 8.321809570312500000e+03 8.331308801263665373e+03
2.683967035454697907e+02 8.328644531250000000e+03 8.331333559867987788e+03
2.684171362151391804e+02 8.317422851562500000e+03 8.331358370896052293e+03
2.684375688852742314e+02 8.324875976562500000e+03 8.331383230937266489e+03
2.684580014552921057e+02 8.321267578125000000e+03 8.331408136457757792e+03
2.684784342255443335e+02 8.326833007812500000e+03 8.331433084412778044e+03
2.684988668961450458e+02 8.335052734375000000e+03 8.331458071025313984e+03
2.685192994666285813e+02 8.326934570312500000e+03 8.331483092883092468e+03
2.685397322373464704e+02 8.326460937500000000e+03 8.331508146942996973e+03
2.685601649088785052e+02 8.334343750000000000e+03 8.331533229426953767e+03
2.685805974798277020e+02 8.331592773437500000e+03 8.331558336921687442e+03
2.686010302514769137e+02 8.336854492187500000e+03 8.331583466386420696e+03
2.686214629230089486e+02 8.337333984375000000e+03 8.331608614040171233e+03
2.686418954948894680e+02 8.340245117187500000e+03 8.331633776472102909e+03
2.686623282670043409e+02 8.331444335937500000e+03 8.331658950640452531e+03
2.686827609394676983e+02 8.337008789062500000e+03 8.331684132764654350e+03
2.687031935118138790e+02 8.334063476562500000e+03 8.331709319432877237e+03
2.687236261842772365e+02 8.331417968750000000e+03 8.331734507480789034e+03
2.687440589573234320e+02 8.339406250000000000e+03 8.331759693497791886e+03
2.687644916302524507e+02 8.325611328125000000e+03 8.331784873825317845e+03
2.687849242035299540e+02 8.326642578125000000e+03 8.331810045052883652e+03
2.688053569770418108e+02 8.334648437500000000e+03 8.331835204138667905e+03
2.688257896504364908e+02 8.325887695312500000e+03 8.331860347301586444e+03
2.688462222246453166e+02 8.328205078125000000e+03 8.331885471131867234e+03
2.688666549986228347e+02 8.334593750000000000e+03 8.331910572585778937e+03
2.688870876729488373e+02 8.333678710937500000e+03 8.331935647884154605e+03
2.689075202471576631e+02 8.320740234375000000e+03 8.331960693615650598e+03
2.689279529219493270e+02 8.339166992187500000e+03 8.331985706615136223e+03
2.689483856968581676e+02 8.337221679687500000e+03 8.332010683470356526e+03
2.689688182715326548e+02 8.333604492187500000e+03 8.332035620403285066e+03
2.689892509467899799e+02 8.330421875000000000e+03 8.332060514370185047e+03
2.690096837221644819e+02 8.328922851562500000e+03 8.332085361958659632e+03
2.690301162977702916e+02 8.332412109375000000e+03 8.332110159393221693e+03
2.690505489734932780e+02 8.335870117187500000e+03 8.332134903627016683e+03
2.690709817497991025e+02 8.346477539062500000e+03 8.332159591248637298e+03
2.690914144259877503e+02 8.324572265625000000e+03 8.332184218604408670e+03
2.691118470025248826e+02 8.324368164062500000e+03 8.332208782284626068e+03
2.691322796787135303e+02 8.349192382812500000e+03 8.332233279117732309e+03
2.691527124559506774e+02 8.361674804687500000e+03 8.332257705693227763e+03
2.691731450329534709e+02 8.331857421875000000e+03 8.332282058240296465e+03
2.691935777100734413e+02 8.325257812500000000e+03 8.332306333706299483e+03
2.692140104873105884e+02 8.335906250000000000e+03 8.332330528678907285e+03
2.692344430647790432e+02 8.336333007812500000e+03 8.332354639392451645e+03
2.692548757428303361e+02 8.337371093750000000e+03 8.332378662790808448e+03
2.692753085205331445e+02 8.339085937500000000e+03 8.332402595460394878e+03
2.692957410989329219e+02 8.333632812500000000e+03 8.332426433640572213e+03
2.693161737774498761e+02 8.350974609375000000e+03 8.332450174270183197e+03
2.693366064559668303e+02 8.333775390625000000e+03 8.332473813821026852e+03
2.693570391349494457e+02 8.335332031250000000e+03 8.332497348882465303e+03
2.693979044929146767e+02 8.326550781250000000e+03 8.332544091890835261e+03
2.694183371723629534e+02 8.337588867187500000e+03 8.332567293015956238e+03
2.694387698518112302e+02 8.340319335937500000e+03 8.332590376006448423e+03
2.694592024316079915e+02 8.328948242187500000e+03 8.332613337339462305e+03
2.694796352116391063e+02 8.329816406250000000e+03 8.332636173939914443e+03
2.695000678920187056e+02 8.341528320312500000e+03 8.332658882060539327e+03
2.695205004722811282e+02 8.324894531250000000e+03 8.332681458291554009e+03
2.695409332527779043e+02 8.338954101562500000e+03 8.332703900227435952e+03
2.695613659336231649e+02 8.331549804687500000e+03 8.332726207516432623e+03
2.695817985148169100e+02 8.329454101562500000e+03 8.332748380821893079e+03
2.696022311961278319e+02 8.339833984375000000e+03 8.332770421021976290e+03
2.696226639775559306e+02 8.343451171875000000e+03 8.332792328776111390e+03
2.696430966588668525e+02 8.334547851562500000e+03 8.332814104530993063e+03
2.696635292409919202e+02 8.329693359375000000e+03 8.332835748950923517e+03
2.697043947051279247e+02 8.331483398437500000e+03 8.332878647062387245e+03
2.697248272877186537e+02 8.329718750000000000e+03 8.332899901762359150e+03
2.697452600700780749e+02 8.344791015625000000e+03 8.332921028084816498e+03
2.697656927527859807e+02 8.335260742187500000e+03 8.332942026380618699e+03
2.697861253358423710e+02 8.337326171875000000e+03 8.332962897313011126e+03
2.698065580194815993e+02 8.341908203125000000e+03 8.332983641747894580e+03
2.698269908027723432e+02 8.330779296875000000e+03 8.333004260343854185e+03
2.698474233862943947e+02 8.333779296875000000e+03 8.333024753461048022e+03
2.698678560703992844e+02 8.333979492187500000e+03 8.333045122063005692e+03
2.698882888541556895e+02 8.329171875000000000e+03 8.333065366808357794e+03
2.699087215387262404e+02 8.338114257812500000e+03 8.333085488161481408e+03
2.699291541231796145e+02 8.332979492187500000e+03 8.333105486784632376e+03
2.699495869074016809e+02 8.334626953125000000e+03 8.333125363631823348e+03
2.699700195924378932e+02 8.341456054687500000e+03 8.333145119072712987e+03
2.699904521778225899e+02 8.333272460937500000e+03 8.333164753769997333e+03
2.700108848628588021e+02 8.331388671875000000e+03 8.333184268576576869e+03
2.700313176484778523e+02 8.333733398437500000e+03 8.333203664152970305e+03
2.700517502338625491e+02 8.340527343750000000e+03 8.333222940875873974e+03
2.700721829198300838e+02 8.326089843750000000e+03 8.333242099691344265e+03
2.700926157059147954e+02 8.323508789062500000e+03 8.333261141258582938e+03
2.701130482922308147e+02 8.338372070312500000e+03 8.333280065960374486e+03
2.701334809786640108e+02 8.343587890625000000e+03 8.333298874736694415e+03
2.701539137656800449e+02 8.332033203125000000e+03 8.333317568247657618e+03
2.701743463524617255e+02 8.341315429687500000e+03 8.333336146880270462e+03
2.701947790393605828e+02 8.333759765625000000e+03 8.333354611569859117e+03
2.702152117267251015e+02 8.341231445312500000e+03 8.333372962886909590e+03
2.702356444145552814e+02 8.335526367187500000e+03 8.333391201492793698e+03
2.702560771019198000e+02 8.350134765625000000e+03 8.333409328048066527e+03
2.702765097902156413e+02 8.335531250000000000e+03 8.333427343215342262e+03
2.702969425781629980e+02 8.329420898437500000e+03 8.333445247742229185e+03
2.703173751663416624e+02 8.337331054687500000e+03 8.333463042028546624e+03
2.703378078551031649e+02 8.332625000000000000e+03 8.333480726998050159e+03
2.703582405438646674e+02 8.332564453125000000e+03 8.333498303224252595e+03
2.703786732326261699e+02 8.334024414062500000e+03 8.333515771368536662e+03
2.703991059218533337e+02 8.328378906250000000e+03 8.333533132092681626e+03
2.704195386115461588e+02 8.334039062500000000e+03 8.333550386058061122e+03
2.704399713007733226e+02 8.342623046875000000e+03 8.333567533925277530e+03
2.704604039909318089e+02 8.330953125000000000e+03 8.333584576356870457e+03
2.704808365805074573e+02 8.332413085937500000e+03 8.333601513930323563e+03
2.705012693707831204e+02 8.348184570312500000e+03 8.333618347556004665e+03
2.705217020614072680e+02 8.333582031250000000e+03 8.333635077647075377e+03
2.705421346519142389e+02 8.330136718750000000e+03 8.333651704866046202e+03
2.705625674426555634e+02 8.329967773437500000e+03 8.333668230117968051e+03
2.705830001337453723e+02 8.326755859375000000e+03 8.333684653820933818e+03
2.706034327251836658e+02 8.325461914062500000e+03 8.333700976637801432e+03
2.706238655163906515e+02 8.325692382812500000e+03 8.333717199468415856e+03
2.706442982084117830e+02 8.336968750000000000e+03 8.333733322736063201e+03
2.706647307998500764e+02 8.326809570312500000e+03 8.333749347102477259e+03
2.706851634923368692e+02 8.331959960937500000e+03 8.333765273387163688e+03
2.707055962844751775e+02 8.333528320312500000e+03 8.333781102248980460e+03
2.707260288768447936e+02 8.333467773437500000e+03 8.333796834118060360e+03
2.707464615697972476e+02 8.329607421875000000e+03 8.333812469887752741e+03
2.707668943624012172e+02 8.338196289062500000e+03 8.333828010217310293e+03
2.707873270558193326e+02 8.333840820312500000e+03 8.333843455616890424e+03
2.708077596491202712e+02 8.334157226562500000e+03 8.333858806748557981e+03
2.708281924426555634e+02 8.337912109375000000e+03 8.333874064498659209e+03
2.708486251365393400e+02 8.342966796875000000e+03 8.333889229303957109e+03
2.708690577303059399e+02 8.336001953125000000e+03 8.333904301826843948e+03
2.708894904246553779e+02 8.341111328125000000e+03 8.333919282876750003e+03
2.709099232186563313e+02 8.332979492187500000e+03 8.333934173113033467e+03
2.709303558133542538e+02 8.345599609375000000e+03 8.333948972979878818e+03
2.709507885081693530e+02 8.325417968750000000e+03 8.333963683356198089e+03
2.709712213031016290e+02 8.334969726562500000e+03 8.333978304902069794e+03
2.709916538982652128e+02 8.332118164062500000e+03 8.333992838064923490e+03
2.710120865940116346e+02 8.335564453125000000e+03 8.334007283720418855e+03
2.710325193894095719e+02 8.388879882812500000e+03 8.334021642527992299e+03
2.710529519855044782e+02 8.325640625000000000e+03 8.334035914939579015e+03
2.710733846812509000e+02 8.333970703125000000e+03 8.334050101826014725e+03
2.710938174775801599e+02 8.336686523437500000e+03 8.334064203848074612e+03
2.711142501742579043e+02 8.338945312500000000e+03 8.334078221528945505e+03
2.711346827708184719e+02 8.333096679687500000e+03 8.334092155530917807e+03
2.711551154674962163e+02 8.341028320312500000e+03 8.334106006651929420e+03
2.711755482647567987e+02 8.334438476562500000e+03 8.334119775552453575e+03
2.711959808622486889e+02 8.333262695312500000e+03 8.334133462692079775e+03
2.712164135598577559e+02 8.338904296875000000e+03 8.334147068933669289e+03
2.712368463575839996e+02 8.340909179687500000e+03 8.334160594937418864e+03
2.712572789555415511e+02 8.330341796875000000e+03 8.334174041166779716e+03
2.712777116536162794e+02 8.328611328125000000e+03 8.334187408481066086e+03
2.712981444518081844e+02 8.333839843750000000e+03 8.334200697540502006e+03
2.713185770506970584e+02 8.338450195312500000e+03 8.334213908812303998e+03
2.713390091494657099e+02 8.344402343750000000e+03 8.334227042767302919e+03
2.713594418484717607e+02 8.332072265625000000e+03 8.334240100773620725e+03
2.713798746475949883e+02 8.332762695312500000e+03 8.334253083169101956e+03
2.714003073470667005e+02 8.338932617187500000e+03 8.334265990488200259e+03
2.714207399468868971e+02 8.339227539062500000e+03 8.334278823393395214e+03
2.714411727464757860e+02 8.343860351562500000e+03 8.334291582733578252e+03
2.714616054468788207e+02 8.335241210937500000e+03 8.334304268982910799e+03
2.714820380471646786e+02 8.338250000000000000e+03 8.334316882803261251e+03
2.715024708476848900e+02 8.326193359375000000e+03 8.334329425040898059e+03
2.715229035480879247e+02 8.329919921875000000e+03 8.334341896172320048e+03
2.715433361493051052e+02 8.333638671875000000e+03 8.334354296860514296e+03
2.715637688501738012e+02 8.328366210937500000e+03 8.334366627887531649e+03
2.715842016516253352e+02 8.327278320312500000e+03 8.334378889914300089e+03
2.716046342533081770e+02 8.338795898437500000e+03 8.334391083422457086e+03
2.716250669551081955e+02 8.330708007812500000e+03 8.334403209252846864e+03
2.716454997570253909e+02 8.333855468750000000e+03 8.334415268065862620e+03
2.716659323591738939e+02 8.336544921875000000e+03 8.334427260346390540e+03
2.716863650619052351e+02 8.334625976562500000e+03 8.334439186932584562e+03
2.717067977641709149e+02 8.324560546875000000e+03 8.334451048426357374e+03
2.717272304673679173e+02 8.327455078125000000e+03 8.334462845489897518e+03
2.717476631700992584e+02 8.318332031250000000e+03 8.334474578783789184e+03
2.717680957736447453e+02 8.332599609375000000e+03 8.334486248913181043e+03
2.717885285769589245e+02 8.329723632812500000e+03 8.334497856709744156e+03
2.718089612806215882e+02 8.333425781250000000e+03 8.334509402664305526e+03
2.718293938846327364e+02 8.328791992187500000e+03 8.334520887439151920e+03
2.718498266888782382e+02 8.337517578125000000e+03 8.334532311863771611e+03
2.718702593934722245e+02 8.336374023437500000e+03 8.334543676431441781e+03
2.718906920980662107e+02 8.324831054687500000e+03 8.334554981859402687e+03
2.719111248026601970e+02 8.330029296875000000e+03 8.334566228809038876e+03
2.719315575077198446e+02 8.337585937500000000e+03 8.334577417941993190e+03
2.719519902127794921e+02 8.339468750000000000e+03 8.334588549919390061e+03
2.719724229183048010e+02 8.332767578125000000e+03 8.334599625402863239e+03
2.719928556238301098e+02 8.334199218750000000e+03 8.334610645053544431e+03
2.720132883298210800e+02 8.339840820312500000e+03 8.334621609533065566e+03
2.720337209356948733e+02 8.336879882812500000e+03 8.334632519449240135e+03
2.720541537422686815e+02 8.325618164062500000e+03 8.334643375623665634e+03
2.720745864487253129e+02 8.331522460937500000e+03 8.334654178557506384e+03
2.720950190555304289e+02 8.338222656250000000e+03 8.334664928913169206e+03
2.721154518625698984e+02 8.341521484375000000e+03 8.334675627509432161e+03
2.721358845694921911e+02 8.339982421875000000e+03 8.334686274850038899e+03
2.721563171772286296e+02 8.330963867187500000e+03 8.334696871597601785e+03
2.721767499847337604e+02 8.336854492187500000e+03 8.334707418568179492e+03
2.721971826925873756e+02 8.336765625000000000e+03 8.334717916268236877e+03
2.722176154004409909e+02 8.333480468750000000e+03 8.334728365410715924e+03
2.722380480086430907e+02 8.335798828125000000e+03 8.334738766606391437e+03
2.722584808170795441e+02 8.335666992187500000e+03 8.334749120668951946e+03
2.722789135258644819e+02 8.337359375000000000e+03 8.334759428107472559e+03
2.722993461349979043e+02 8.327891601562500000e+03 8.334769689584012667e+03
2.723197789439000189e+02 8.332764648437500000e+03 8.334779905909999798e+03
2.723606442632153630e+02 8.329763671875000000e+03 8.334800205306597491e+03
2.723810770725831389e+02 8.340063476562500000e+03 8.334810289848486718e+03
2.724015097827650607e+02 8.334552734375000000e+03 8.334820331736191292e+03
2.724219423928298056e+02 8.343801757812500000e+03 8.334830331631255831e+03
2.724423751034773886e+02 8.330224609375000000e+03 8.334840290293284852e+03
2.724628079142421484e+02 8.330693359375000000e+03 8.334850208382837081e+03
2.724832405252382159e+02 8.324296875000000000e+03 8.334860086416021659e+03
2.725036732358857989e+02 8.326399414062500000e+03 8.334869925199269346e+03
2.725241059474647045e+02 8.327049804687500000e+03 8.334879725346138002e+03
2.725445386590436101e+02 8.328967773437500000e+03 8.334889487517566522e+03
2.725649713706225157e+02 8.330255859375000000e+03 8.334899212374932176e+03
2.725854041827842593e+02 8.332456054687500000e+03 8.334908900627229741e+03
2.726058367947116494e+02 8.338800781250000000e+03 8.334918552793466006e+03
2.726262695072218776e+02 8.344175781250000000e+03 8.334928169677405094e+03
2.726467023198492825e+02 8.331965820312500000e+03 8.334937751939683949e+03
2.726671349327079952e+02 8.330623046875000000e+03 8.334947300101304791e+03
2.726875676456838846e+02 8.332803710937500000e+03 8.334956814964041769e+03
2.727080002590082586e+02 8.332048828125000000e+03 8.334966297096241760e+03
2.727284330725669861e+02 8.328622070312500000e+03 8.334975747298218266e+03
2.727488657864741981e+02 8.335127929687500000e+03 8.334985166092428699e+03
2.727692985003814101e+02 8.334894531250000000e+03 8.334994554186418100e+03
2.727897312147542834e+02 8.340378906250000000e+03 8.335003912241785656e+03
2.728101639291271567e+02 8.342546875000000000e+03 8.335013240919706732e+03
2.728305966435000300e+02 8.327806640625000000e+03 8.335022540881564055e+03
2.728510293583385646e+02 8.331956054687500000e+03 8.335031812788947718e+03
2.728714620736427605e+02 8.336895507812500000e+03 8.335041057303249545e+03
2.728918947889469564e+02 8.336732421875000000e+03 8.335050275085639441e+03
2.729123274045996368e+02 8.328898437500000000e+03 8.335059466752736625e+03
2.729327602200210094e+02 8.329040039062500000e+03 8.335068633100430816e+03
2.729531929362565279e+02 8.331827148437500000e+03 8.335077774655808753e+03
2.729736255523748696e+02 8.334802734375000000e+03 8.335086892080198595e+03
2.729940583687275648e+02 8.332172851562500000e+03 8.335095986168831587e+03
2.730144910854287446e+02 8.339860351562500000e+03 8.335105057449451124e+03
2.730349237020127475e+02 8.336973632812500000e+03 8.335114106583565444e+03
2.730553565192967653e+02 8.334112304687500000e+03 8.335123134365625447e+03
2.730757892364636064e+02 8.344236328125000000e+03 8.335132141323945689e+03
2.730962219540961087e+02 8.340625976562500000e+03 8.335141128164406837e+03
2.731166545716114342e+02 8.332625000000000000e+03 8.335150095504295678e+03
2.731370873898267746e+02 8.337875976562500000e+03 8.335159044136880766e+03
2.731575201079249382e+02 8.332190429687500000e+03 8.335167974591659004e+03
2.731779527263715863e+02 8.335059570312500000e+03 8.335176887530489694e+03
2.731983855450525880e+02 8.332051757812500000e+03 8.335185783745437220e+03
2.732188182636164129e+02 8.336347656250000000e+03 8.335194663766998929e+03
2.732392508829943836e+02 8.336592773437500000e+03 8.335203528257196012e+03
2.732596837021410465e+02 8.336126953125000000e+03 8.335212378007006919e+03
2.732801164216361940e+02 8.331777343750000000e+03 8.335221213548018568e+03
2.733005490414798260e+02 8.328720703125000000e+03 8.335230035541821053e+03
2.733209818610921502e+02 8.332265625000000000e+03 8.335238844778983548e+03
2.733414145815186203e+02 8.336629882812500000e+03 8.335247641791907881e+03
2.733618472018279135e+02 8.331439453125000000e+03 8.335256427241754864e+03
2.733822799227200449e+02 8.332250976562500000e+03 8.335265201876198262e+03
2.734027126436121762e+02 8.334795898437500000e+03 8.335273966313350684e+03
2.734231453645043075e+02 8.341566406250000000e+03 8.335282721214596677e+03
2.734435780858621001e+02 8.331550781250000000e+03 8.335291467241520877e+03
2.734640109073370695e+02 8.342597656250000000e+03 8.335300205098106744e+03
2.734844435290433466e+02 8.343509765625000000e+03 8.335308935317549185e+03
2.735048762508668005e+02 8.328472656250000000e+03 8.335317658689426025e+03
2.735253090732730925e+02 8.337601562500000000e+03 8.335326375875220037e+03
2.735457416959106922e+02 8.340041015625000000e+03 8.335335087408220716e+03
2.735661744181998074e+02 8.348653320312500000e+03 8.335343794077518396e+03
2.735866070413030684e+02 8.341693359375000000e+03 8.335352496459754548e+03
2.736070398641750216e+02 8.337049804687500000e+03 8.335361195343622967e+03
2.736274725878611207e+02 8.345190429687500000e+03 8.335369891263206227e+03
2.736479053110815585e+02 8.338405273437500000e+03 8.335378584921927541e+03
2.736683380352333188e+02 8.331161132812500000e+03 8.335387276981766263e+03
2.736887707589194179e+02 8.326349609375000000e+03 8.335395968103512132e+03
2.737092034835368395e+02 8.334569335937500000e+03 8.335404658949148143e+03
2.737296362076885998e+02 8.335801757812500000e+03 8.335413350179469489e+03
2.737500689323060215e+02 8.327151367187500000e+03 8.335422042456249983e+03
2.737705016573891044e+02 8.343905273437500000e+03 8.335430736440883265e+03
2.737909342828206718e+02 8.335099609375000000e+03 8.335439432752131324e+03
2.738113671080209315e+02 8.341160156250000000e+03 8.335448132178840751e+03
2.738317998335696757e+02 8.331701171875000000e+03 8.335456835254941325e+03
2.738522324594669044e+02 8.339814453125000000e+03 8.335465542631791322e+03
2.738726652855984867e+02 8.335099609375000000e+03 8.335474254482513061e+03
2.738930980116128922e+02 8.342187500000000000e+03 8.335482969780145140e+03
2.739135306384414434e+02 8.330508789062500000e+03 8.335491687544352317e+03
2.739339634650386870e+02 8.336278320312500000e+03 8.335500406922006732e+03
2.739543961919844151e+02 8.343699218750000000e+03 8.335509126804645348e+03
2.739748289189301431e+02 8.334666015625000000e+03 8.335517846254093456e+03
2.739952615466900170e+02 8.337870117187500000e+03 8.335526564247347778e+03
2.740156943742185831e+02 8.342282226562500000e+03 8.335535279931245896e+03
2.740361271020956337e+02 8.338206054687500000e+03 8.335543992197355692e+03
2.740565597303211689e+02 8.329228515625000000e+03 8.335552700065038152e+03
2.740769925583153963e+02 8.333506835937500000e+03 8.335561402681165418e+03
2.740974252871237695e+02 8.325926757812500000e+03 8.335570098937674629e+03
2.741178579158149660e+02 8.339945312500000000e+03 8.335578787853570248e+03
2.741382907447405159e+02 8.333327148437500000e+03 8.335587468575822641e+03
2.741587234740145504e+02 8.336818359375000000e+03 8.335596139996268903e+03
2.741791561036370695e+02 8.339575195312500000e+03 8.335604801134359150e+03
2.741995889334939420e+02 8.342372070312500000e+03 8.335613451136428921e+03
2.742200216632336378e+02 8.332885742187500000e+03 8.335622088894549961e+03
2.742404542933218181e+02 8.337264648437500000e+03 8.335630713428410672e+03
2.742608870239928365e+02 8.339127929687500000e+03 8.335639323841834994e+03
2.742813197546638548e+02 8.332180664062500000e+03 8.335647919111639567e+03
2.743017524853348732e+02 8.330852539062500000e+03 8.335656498257125349e+03
2.743221852164715528e+02 8.336220703125000000e+03 8.335665060297795208e+03
2.743426180477254093e+02 8.345945312500000000e+03 8.335673604294575853e+03
2.743630506792105734e+02 8.336733398437500000e+03 8.335682129141507176e+03
2.743834834112785757e+02 8.335168945312500000e+03 8.335690633983347652e+03
2.744039162429980934e+02 8.325928710937500000e+03 8.335699117838716120e+03
2.744243488754145801e+02 8.342761718750000000e+03 8.335707579602940314e+03
2.744447816079482436e+02 8.340288085937500000e+03 8.335716018419490865e+03
2.744652143404819071e+02 8.336097656250000000e+03 8.335724433266148480e+03
2.744856470734812319e+02 8.336315429687500000e+03 8.335732823162417844e+03
2.745060798064805567e+02 8.340713867187500000e+03 8.335741187127401645e+03
2.745265125399455428e+02 8.381395507812500000e+03 8.335749524180599110e+03
2.745469452734105289e+02 8.345197265625000000e+03 8.335757833341120204e+03
2.745673780073411763e+02 8.336062500000000000e+03 8.335766113628462335e+03
2.745878107412718236e+02 8.340805664062500000e+03 8.335774364061728193e+03
2.746082434756681323e+02 8.337519531250000000e+03 8.335782583660420642e+03
2.746286762105301023e+02 8.334058593750000000e+03 8.335790771443831545e+03
2.746491089453920722e+02 8.332014648437500000e+03 8.335798926431083601e+03
2.746695417803712189e+02 8.329726562500000000e+03 8.335807047681186305e+03
2.746899744155816734e+02 8.334625976562500000e+03 8.335815134094502355e+03
2.747104071509093046e+02 8.333901367187500000e+03 8.335823184809270970e+03
2.747308397865854204e+02 8.338224609375000000e+03 8.335831198766096350e+03
2.747512726224958897e+02 8.329911132812500000e+03 8.335839175101627916e+03
2.747717053587548435e+02 8.336135742187500000e+03 8.335847112717819982e+03
2.747921380950137973e+02 8.335821289062500000e+03 8.335855010672970820e+03
2.748125708317384124e+02 8.330634765625000000e+03 8.335862867986559650e+03
2.748330035684630275e+02 8.338750000000000000e+03 8.335870683677712805e+03
2.748534363056533039e+02 8.328810546875000000e+03 8.335878456765904048e+03
2.748738690428435802e+02 8.336714843750000000e+03 8.335886186270265171e+03
2.748943017804995179e+02 8.346535156250000000e+03 8.335893871210268117e+03
2.749147345186211169e+02 8.329356445312500000e+03 8.335901510605217481e+03
2.749351671566255391e+02 8.338234375000000000e+03 8.335909103437150407e+03
2.749555999948643148e+02 8.335245117187500000e+03 8.335916648836635432e+03
2.749760327329859138e+02 8.334354492187500000e+03 8.335924145711707752e+03
2.749964653719216585e+02 8.330801757812500000e+03 8.335931593082730615e+03
2.750168982110917568e+02 8.332759765625000000e+03 8.335938990077775088e+03
2.750373309501446784e+02 8.331879882812500000e+03 8.335946335607030051e+03
2.750577635895460844e+02 8.321391601562500000e+03 8.335953628690731421e+03
2.750781964291818440e+02 8.330118164062500000e+03 8.335960868454829324e+03
2.750986291691660881e+02 8.342304687500000000e+03 8.335968053811971913e+03
2.751190618094988167e+02 8.332477539062500000e+03 8.335975183782267777e+03
2.751394945494830608e+02 8.335291015625000000e+03 8.335982257454568753e+03
2.751599273905158043e+02 8.329028320312500000e+03 8.335989273847822915e+03
2.751803600308485329e+02 8.337355468750000000e+03 8.335996231878145409e+03
2.752007927722297609e+02 8.334263671875000000e+03 8.336003130668017548e+03
2.752212256132625043e+02 8.324620117187500000e+03 8.336009969235394237e+03
2.752416582549922168e+02 8.344638671875000000e+03 8.336016746499964938e+03
2.752620909968391061e+02 8.336916015625000000e+03 8.336023461580793082e+03
2.752825238388031721e+02 8.336197265625000000e+03 8.336030113496268314e+03
2.753029564809985459e+02 8.348573242187500000e+03 8.336036701168521176e+03
2.753233892237767577e+02 8.331096679687500000e+03 8.336043223714166743e+03
2.753642547093331814e+02 8.339131835937500000e+03 8.336056069405074595e+03
2.753846874525770545e+02 8.336978515625000000e+03 8.336062390589086135e+03
2.754051201958209276e+02 8.333364257812500000e+03 8.336068642691107016e+03
2.754255529395304620e+02 8.338231445312500000e+03 8.336074824730578257e+03
2.754459856832399964e+02 8.335337890625000000e+03 8.336080935726662574e+03
2.754664184274151921e+02 8.346160156250000000e+03 8.336086974698797349e+03
2.754868511720560491e+02 8.340230468750000000e+03 8.336092940666276263e+03
2.755072839166969061e+02 8.329954101562500000e+03 8.336098832648267489e+03
2.755277166613377631e+02 8.331583007812500000e+03 8.336104649664071985e+03
2.755481495065614581e+02 8.331699218750000000e+03 8.336110390761063172e+03
2.755685821520164609e+02 8.348695312500000000e+03 8.336116054874710244e+03
2.755890148975886405e+02 8.334694335937500000e+03 8.336121641108016775e+03
2.756094475430436432e+02 8.340111328125000000e+03 8.336127148425541236e+03
2.756298803891986609e+02 8.342524414062500000e+03 8.336132575927087601e+03
2.756503131357021630e+02 8.340745117187500000e+03 8.336137922551577503e+03
2.756707458822056651e+02 8.332182617187500000e+03 8.336143187344981925e+03
2.756911786287091672e+02 8.339483398437500000e+03 8.336148369326600005e+03
2.757116113756783307e+02 8.336806640625000000e+03 8.336153467515847296e+03
2.757320441231131554e+02 8.334803710937500000e+03 8.336158480932022940e+03
2.757524768705479801e+02 8.336982421875000000e+03 8.336163408594309658e+03
2.757729096179828048e+02 8.331804687500000000e+03 8.336168249522012047e+03
2.757933423663489521e+02 8.335061523437500000e+03 8.336173002734643887e+03
2.758137750141322613e+02 8.330471679687500000e+03 8.336177667228541395e+03
2.758342078626155853e+02 8.336304687500000000e+03 8.336182242091128501e+03
2.758546406114473939e+02 8.338665039062500000e+03 8.336186726273796012e+03
2.758750732601620257e+02 8.332978515625000000e+03 8.336191118797074523e+03
2.758955061095766723e+02 8.342675781250000000e+03 8.336195418744251583e+03
2.759159388588741422e+02 8.328082031250000000e+03 8.336199625070643378e+03
2.759363715085200965e+02 8.333389648437500000e+03 8.336203736797026068e+03
2.759568043579347432e+02 8.342468750000000000e+03 8.336207753002247046e+03
2.759772371081635356e+02 8.343887695312500000e+03 8.336211672646146326e+03
2.759976697587408125e+02 8.336083984375000000e+03 8.336215494749345453e+03
2.760181026090867817e+02 8.346881835937500000e+03 8.336219218386442662e+03
2.760385353597812355e+02 8.340048828125000000e+03 8.336222842521437997e+03
2.760589680108241737e+02 8.334178710937500000e+03 8.336226366175098519e+03
2.760794007624499500e+02 8.326070312500000000e+03 8.336229788401255064e+03
2.760998336137272418e+02 8.350374023437500000e+03 8.336233108217555127e+03
2.761202662657015026e+02 8.321000000000000000e+03 8.336236324595476617e+03
2.761406990177929401e+02 8.342270507812500000e+03 8.336239436602212663e+03
2.761611318700015545e+02 8.328086914062500000e+03 8.336242443255519902e+03
2.761815645224414766e+02 8.337202148437500000e+03 8.336245343531349135e+03
2.762019972749985754e+02 8.337386718750000000e+03 8.336248136492351478e+03
2.762224301281385124e+02 8.343479492187500000e+03 8.336250821156298116e+03
2.762428627810440958e+02 8.333945312500000000e+03 8.336253396503763724e+03
2.762632955345325172e+02 8.328500976562500000e+03 8.336255861592766450e+03
2.762837282884865999e+02 8.334433593750000000e+03 8.336258215429714255e+03
2.763041610424406826e+02 8.331457031250000000e+03 8.336260457033849889e+03
2.763245937963947654e+02 8.343844726562500000e+03 8.336262585424474310e+03
2.763654594053514302e+02 8.341085937500000000e+03 8.336266498651490110e+03
2.763858920605853200e+02 8.336311523437500000e+03 8.336268281508473592e+03
2.764063248154707253e+02 8.336526367187500000e+03 8.336269947238113673e+03
2.764267576709389687e+02 8.345288085937500000e+03 8.336271494858063306e+03
2.764471903266385198e+02 8.339336914062500000e+03 8.336272923365733732e+03
2.764676230824552476e+02 8.335456054687500000e+03 8.336274231802270151e+03
2.764880559383891523e+02 8.335948242187500000e+03 8.336275419185194551e+03
2.765084885950200260e+02 8.340237304687500000e+03 8.336276484517298741e+03
2.765289213513024151e+02 8.337603515625000000e+03 8.336277426834363723e+03
2.765493541085161269e+02 8.336177734375000000e+03 8.336278245150231669e+03
2.765697868652641773e+02 8.331015625000000000e+03 8.336278938484138052e+03
2.765902196224778891e+02 8.334068359375000000e+03 8.336279505855422030e+03
2.766106523801572621e+02 8.347740234375000000e+03 8.336279946283368190e+03
2.766310851378366351e+02 8.348041992187500000e+03 8.336280258787270213e+03
2.766515178959816694e+02 8.332665039062500000e+03 8.336280442386421782e+03
2.766719506545923650e+02 8.323216796875000000e+03 8.336280496100123855e+03
2.766923835128545761e+02 8.330920898437500000e+03 8.336280418946962527e+03
2.767128161718137562e+02 8.329996093750000000e+03 8.336280209948341508e+03
2.767332489308901131e+02 8.333288085937500000e+03 8.336279868121451727e+03
2.767536815898492932e+02 8.325287109375000000e+03 8.336279392488955637e+03
2.767741144495084882e+02 8.326998046875000000e+03 8.336278782062159735e+03
2.767945472090505064e+02 8.338190429687500000e+03 8.336278035868352163e+03
2.768149798694066703e+02 8.341349609375000000e+03 8.336277152928789292e+03
2.768354127295315266e+02 8.330669921875000000e+03 8.336276132248842259e+03
2.768558454900048673e+02 8.337588867187500000e+03 8.336274972861750939e+03
2.768762781508266926e+02 8.341178710937500000e+03 8.336273673788855376e+03
2.768967110114172101e+02 8.337484375000000000e+03 8.336272234029382162e+03
2.769171437728218734e+02 8.340644531250000000e+03 8.336270652622659327e+03
2.769375764341093600e+02 8.336942382812500000e+03 8.336268928590134237e+03
2.769580091959796846e+02 8.336991210937500000e+03 8.336267060934176698e+03
2.769784420579671860e+02 8.331985351562500000e+03 8.336265048671999466e+03
2.769988747201859951e+02 8.328390625000000000e+03 8.336262890853502540e+03
2.770193074825219810e+02 8.331421875000000000e+03 8.336260586467380563e+03
2.770397403454408050e+02 8.340062500000000000e+03 8.336258134530717143e+03
2.770601730081252754e+02 8.343876953125000000e+03 8.336255534099991564e+03
2.770806057713925838e+02 8.341049804687500000e+03 8.336252784157306451e+03
2.771010386347770691e+02 8.328413085937500000e+03 8.336249883719818172e+03
2.771214712983928621e+02 8.329135742187500000e+03 8.336246831850496164e+03
2.771419040625914931e+02 8.338390625000000000e+03 8.336243627524883777e+03
2.771623369264416397e+02 8.326916992187500000e+03 8.336240269760182855e+03
2.771827695909887552e+02 8.327748046875000000e+03 8.336236757625945756e+03
2.772032023556530476e+02 8.340642578125000000e+03 8.336233090091127451e+03
2.772236351207830012e+02 8.337840820312500000e+03 8.336229266191772695e+03
2.772440679855644703e+02 8.334291992187500000e+03 8.336225284927459143e+03
2.772645006510429084e+02 8.342461914062500000e+03 8.336221145376890490e+03
2.772849334166385233e+02 8.342519531250000000e+03 8.336216846499863095e+03
2.773053662828169763e+02 8.336654296875000000e+03 8.336212387313222280e+03
2.773257989487610757e+02 8.333145507812500000e+03 8.336207766903091397e+03
2.773462317152880132e+02 8.326609375000000000e+03 8.336202984221930819e+03
2.773666645819321275e+02 8.338084960937500000e+03 8.336198038286749579e+03
2.773870972488075495e+02 8.335074218750000000e+03 8.336192928190637758e+03
2.774075300158001482e+02 8.330767578125000000e+03 8.336187652879092639e+03
2.774279627832584083e+02 8.339679687500000000e+03 8.336182211395927879e+03
2.774483955507166684e+02 8.334958984375000000e+03 8.336176602760560854e+03
2.774688283186405897e+02 8.336703125000000000e+03 8.336170825992154278e+03
2.774892610865645111e+02 8.336947265625000000e+03 8.336164880110134618e+03
2.775096939550712705e+02 8.336604492187500000e+03 8.336158764103271096e+03
2.775301266238093376e+02 8.341398437500000000e+03 8.336152477082010591e+03
2.775505593926645815e+02 8.331841796875000000e+03 8.336146017974628194e+03
2.775709922616370022e+02 8.330636718750000000e+03 8.336139385797891009e+03
2.775914249308407307e+02 8.332066406250000000e+03 8.336132579669705592e+03
2.776118577006272972e+02 8.338833984375000000e+03 8.336125598510589043e+03
2.776322904704138637e+02 8.324080078125000000e+03 8.336118441372920643e+03
2.776527232406660914e+02 8.342149414062500000e+03 8.336111107275824907e+03
2.776731560109183192e+02 8.328217773437500000e+03 8.336103595238761045e+03
2.776935886815190315e+02 8.332302734375000000e+03 8.336095904318975954e+03
2.777140215523540974e+02 8.338751953125000000e+03 8.336088033421567161e+03
2.777344543235376477e+02 8.339930664062500000e+03 8.336079981680015408e+03
2.777548869946040213e+02 8.338508789062500000e+03 8.336071748116468370e+03
2.777753198663704097e+02 8.345704101562500000e+03 8.336063331627650768e+03
2.777957526380196214e+02 8.340928710937500000e+03 8.336054731355427066e+03
2.778161853104829788e+02 8.336052734375000000e+03 8.336045946321391966e+03
2.778366181827150285e+02 8.331054687500000000e+03 8.336036975414943299e+03
2.778570509552955627e+02 8.336754882812500000e+03 8.336027817785468869e+03
2.778774836277589202e+02 8.328297851562500000e+03 8.336018472455220035e+03
2.778979164012707770e+02 8.335219726562500000e+03 8.336008938351482357e+03
2.779183492744341493e+02 8.336147460937500000e+03 8.335999214491414023e+03
2.779387819482944906e+02 8.332503906250000000e+03 8.335989300037977955e+03
2.779592147218063474e+02 8.337758789062500000e+03 8.335979193866805872e+03
2.779796475959010422e+02 8.335510742187500000e+03 8.335968894993915455e+03
2.780000802702270448e+02 8.333296875000000000e+03 8.335958402591397316e+03
2.780205130451358855e+02 8.343264648437500000e+03 8.335947715525722742e+03
2.780409459196962416e+02 8.344026367187500000e+03 8.335936832813818910e+03
2.780613785949535668e+02 8.333119140625000000e+03 8.335925753635638102e+03
2.780818113703280687e+02 8.344532226562500000e+03 8.335914476849557104e+03
2.781022441457025707e+02 8.328859375000000000e+03 8.335903001528680761e+03
2.781226770216599107e+02 8.347632812500000000e+03 8.335891326634340658e+03
2.781431096978485584e+02 8.339555664062500000e+03 8.335879451358907318e+03
2.781635424741543829e+02 8.332381835937500000e+03 8.335867374548855878e+03
2.781839753505773842e+02 8.342681640625000000e+03 8.335855095362425345e+03
2.782044080276973546e+02 8.336519531250000000e+03 8.335842614799357762e+03
2.782248408044688404e+02 8.325894531250000000e+03 8.335829934569552279e+03
2.782452736818231642e+02 8.330826171875000000e+03 8.335817056578582196e+03
2.782657063594087958e+02 8.338513671875000000e+03 8.335803982926248864e+03
2.782861391375772655e+02 8.344165039062500000e+03 8.335790715330867897e+03
2.783065720153972507e+02 8.336227539062500000e+03 8.335777255699274974e+03
2.783474374725483358e+02 8.328842773437500000e+03 8.335749768360081362e+03
2.783678702511824667e+02 8.336710937500000000e+03 8.335735744338408040e+03
2.783883031303994358e+02 8.328247070312500000e+03 8.335721535912512991e+03
2.784087358098477125e+02 8.325070312500000000e+03 8.335707145201668027e+03
2.784291685894131660e+02 8.340657226562500000e+03 8.335692573905062090e+03
2.784496014695614576e+02 8.334435546875000000e+03 8.335677823928786893e+03
2.784700341494753957e+02 8.328113281250000000e+03 8.335662897400372458e+03
2.784904669299721718e+02 8.322555664062500000e+03 8.335647796010418460e+03
2.785108997104689479e+02 8.335379882812500000e+03 8.335632521741044911e+03
2.785313324914313853e+02 8.333912109375000000e+03 8.335617076500966505e+03
2.785517652723938227e+02 8.339081054687500000e+03 8.335601462199609159e+03
2.785721980538219213e+02 8.337932617187500000e+03 8.335585680745678474e+03
2.785926308357156813e+02 8.329950195312500000e+03 8.335569734048236569e+03
2.786130636176094413e+02 8.330066406250000000e+03 8.335553624016716640e+03
2.786334962998516858e+02 8.342370117187500000e+03 8.335537352639938035e+03
2.786539291823282838e+02 8.339443359375000000e+03 8.335520921586976328e+03
2.786743619646877050e+02 8.341000000000000000e+03 8.335504333007265814e+03
2.786947946478612721e+02 8.331644531250000000e+03 8.335487588811418391e+03
2.787152275308035314e+02 8.346275390625000000e+03 8.335470690662376001e+03
2.787356603145599365e+02 8.337376953125000000e+03 8.335453640715320944e+03
2.787560929981991649e+02 8.340250000000000000e+03 8.335436440882307579e+03
2.787765258820727468e+02 8.338450195312500000e+03 8.335419092818487115e+03
2.787969586662948132e+02 8.331240234375000000e+03 8.335401598686461512e+03
2.788173913508653641e+02 8.337989257812500000e+03 8.335383960397428382e+03
2.788378241355530918e+02 8.339581054687500000e+03 8.335366179687993281e+03
2.788582570203579962e+02 8.338071289062500000e+03 8.335348258465153776e+03
2.788786897053942084e+02 8.333969726562500000e+03 8.335330198902029224e+03
2.788991224910132587e+02 8.344420898437500000e+03 8.335312002643222513e+03
2.789195553767494857e+02 8.330357421875000000e+03 8.335293671596233253e+03
2.789399881628341973e+02 8.343718750000000000e+03 8.335275207849350409e+03
2.789604208488017321e+02 8.338881835937500000e+03 8.335256613314006245e+03
2.789808537354692817e+02 8.334366210937500000e+03 8.335237889624557283e+03
2.790012865220196545e+02 8.342471679687500000e+03 8.335219038964791253e+03
2.790217192093841732e+02 8.348042968750000000e+03 8.335200063244763442e+03
2.790421519964002073e+02 8.337155273437500000e+03 8.335180964188879443e+03
2.790625848839990795e+02 8.337891601562500000e+03 8.335161743703542015e+03
2.790830175718292594e+02 8.352519531250000000e+03 8.335142403981233656e+03
2.791034503597766161e+02 8.338306640625000000e+03 8.335122946648050856e+03
2.791238832483068109e+02 8.323264648437500000e+03 8.335103373610909330e+03
2.791443159366026521e+02 8.342663085937500000e+03 8.335083687067874052e+03
2.791647487254813313e+02 8.332216796875000000e+03 8.335063888639018842e+03
2.791851816144771874e+02 8.332916992187500000e+03 8.335043980232238027e+03
2.792056143037043512e+02 8.339077148437500000e+03 8.335023964049589267e+03
2.792260470935143530e+02 8.329062500000000000e+03 8.335003841706695312e+03
2.792464799834415317e+02 8.334068359375000000e+03 8.334983615111543259e+03
2.792669127732515335e+02 8.332005859375000000e+03 8.334963286371428694e+03
2.792873454638756812e+02 8.326274414062500000e+03 8.334942857395984902e+03
2.793077782541513443e+02 8.333400390625000000e+03 8.334922329895471194e+03
2.793282111450098455e+02 8.341820312500000000e+03 8.334901705776595918e+03
2.793486438360996544e+02 8.339476562500000000e+03 8.334880987252290652e+03
2.793690766277723014e+02 8.335999023437500000e+03 8.334860175927762612e+03
2.793895094194449484e+02 8.327054687500000000e+03 8.334839273813842738e+03
2.794099422111175954e+02 8.338192382812500000e+03 8.334818282819611341e+03
2.794303750032559037e+02 8.333678710937500000e+03 8.334797204853659423e+03
2.794508077958598733e+02 8.332998046875000000e+03 8.334776041825056382e+03
2.794712405884638429e+02 8.349083984375000000e+03 8.334754795643359103e+03
2.794916733815334737e+02 8.333064453125000000e+03 8.334733468217160407e+03
2.795121060744859278e+02 8.330914062500000000e+03 8.334712061561091105e+03
2.795325389681383967e+02 8.342945312500000000e+03 8.334690577268502238e+03
2.795529717616736889e+02 8.336576171875000000e+03 8.334669017564196110e+03
2.795734044555574656e+02 8.326700195312500000e+03 8.334647384357851479e+03
2.795938373496755958e+02 8.345462890625000000e+03 8.334625679240503814e+03
2.796142701441422105e+02 8.339221679687500000e+03 8.334603904439265534e+03
2.796347028389573097e+02 8.336439453125000000e+03 8.334582061864217394e+03
2.796551357340067625e+02 8.336361328125000000e+03 8.334560153103366247e+03
2.796755685294046998e+02 8.336311523437500000e+03 8.334538180386853128e+03
2.796960012246854603e+02 8.328701171875000000e+03 8.334516145625180798e+03
2.797164340205490589e+02 8.340283203125000000e+03 8.334494050510980742e+03
2.797368669165298343e+02 8.334644531250000000e+03 8.334471896952956740e+03
2.797572996132075787e+02 8.336260742187500000e+03 8.334449687185240691e+03
2.797777324095368385e+02 8.323052734375000000e+03 8.334427422792357902e+03
2.797981653064489365e+02 8.351040039062500000e+03 8.334405105681584246e+03
2.798185981032438576e+02 8.332057617187500000e+03 8.334382737981215541e+03
2.798390308008529246e+02 8.324036132812500000e+03 8.334360321600028328e+03
2.798798964964225888e+02 8.331497070312500000e+03 8.334315349774857168e+03
2.799003291944973171e+02 8.331764648437500000e+03 8.334292798479020348e+03
2.799207620928063989e+02 8.336894531250000000e+03 8.334270205808541505e+03
2.799411948914639652e+02 8.331536132812500000e+03 8.334247574003780755e+03
2.799616275904700160e+02 8.333336914062500000e+03 8.334224904974378660e+03
2.799820603895932436e+02 8.342833007812500000e+03 8.334202200407769851e+03
2.800024932888336480e+02 8.332044921875000000e+03 8.334179462212527142e+03
2.800229259887710214e+02 8.336133789062500000e+03 8.334156692631160695e+03
2.800433587883599102e+02 8.337571289062500000e+03 8.334133893239832105e+03
2.800637916889972985e+02 8.335019531250000000e+03 8.334111065945635346e+03
2.800842243894003332e+02 8.339318359375000000e+03 8.334088212994432979e+03
2.801046571899205446e+02 8.334514648437500000e+03 8.334065335959556251e+03
2.801250900910235941e+02 8.332236328125000000e+03 8.334042436749225089e+03
2.801455228924751282e+02 8.323258789062500000e+03 8.334019517496926710e+03
2.801659555938094854e+02 8.335704101562500000e+03 8.333996580112541778e+03
2.801863883957266808e+02 8.335116210937500000e+03 8.333973626279843302e+03
2.802068212977610528e+02 8.332836914062500000e+03 8.333950657908198991e+03
2.802272540000267327e+02 8.326413085937500000e+03 8.333927677243886137e+03
2.802476868024095893e+02 8.339088867187500000e+03 8.333904685858789890e+03
2.802681196052581072e+02 8.324152343750000000e+03 8.333881685774031212e+03
2.802885524085722864e+02 8.332387695312500000e+03 8.333858678898695871e+03
2.803089852118864655e+02 8.325345703125000000e+03 8.333835667142384409e+03
2.803294180156663060e+02 8.334095703125000000e+03 8.333812652413645992e+03
2.803498508194461465e+02 8.322545898437500000e+03 8.333789636622092075e+03
2.803702836236916482e+02 8.334311523437500000e+03 8.333766621676266368e+03
2.803907164279371500e+02 8.339107421875000000e+03 8.333743609485785782e+03
2.804111492326483130e+02 8.321945312500000000e+03 8.333720601959197666e+03
2.804315820373594761e+02 8.331816406250000000e+03 8.333697601006104378e+03
2.804520147428847849e+02 8.338303710937500000e+03 8.333674608647177593e+03
2.804724476481787860e+02 8.325328125000000000e+03 8.333651626455159203e+03
2.804928804538212717e+02 8.338491210937500000e+03 8.333628656675989987e+03
2.805133131598122418e+02 8.337946289062500000e+03 8.333605701218551985e+03
2.805337460665032268e+02 8.335578125000000000e+03 8.333582761654610294e+03
2.805541788726113737e+02 8.340976562500000000e+03 8.333559840231604539e+03
2.805746115795336664e+02 8.331181640625000000e+03 8.333536938856776032e+03
2.805950444866903126e+02 8.346607421875000000e+03 8.333514059103757972e+03
2.806154772941954434e+02 8.328907226562500000e+03 8.333491203217601651e+03
2.806359100015833974e+02 8.328261718750000000e+03 8.333468373107540174e+03
2.806563428095541894e+02 8.334796875000000000e+03 8.333445570458401562e+03
2.806767757176421583e+02 8.333606445312500000e+03 8.333422797180202906e+03
2.806972085260786116e+02 8.332294921875000000e+03 8.333400055404683371e+03
2.807176412343978882e+02 8.339538085937500000e+03 8.333377347040970562e+03
2.807380741434171796e+02 8.338383789062500000e+03 8.333354673664076472e+03
2.807585069527849555e+02 8.328808593750000000e+03 8.333332037516636774e+03
2.807789396620355546e+02 8.336235351562500000e+03 8.333309440507684485e+03
2.807993725719861686e+02 8.327991210937500000e+03 8.333286884213921439e+03
2.808198053818196058e+02 8.334296875000000000e+03 8.333264370876810062e+03
2.808402380920015275e+02 8.334336914062500000e+03 8.333241902404277425e+03
2.808606710024178028e+02 8.325823242187500000e+03 8.333219480375981220e+03
2.808811038131825626e+02 8.333764648437500000e+03 8.333197107030426196e+03
2.809015365242958069e+02 8.346836914062500000e+03 8.333174784275974162e+03
2.809219693355262280e+02 8.338962890625000000e+03 8.333152513803448528e+03
2.809424022473394871e+02 8.327781250000000000e+03 8.333130297522213368e+03
2.809628349589183927e+02 8.334886718750000000e+03 8.333108137668010386e+03
2.809832677710801363e+02 8.326480468750000000e+03 8.333086035823260318e+03
2.810037006833590567e+02 8.329714843750000000e+03 8.333063993898424087e+03
2.810241334959864616e+02 8.330366210937500000e+03 8.333042014018090413e+03
2.810445662089623511e+02 8.333699218750000000e+03 8.333020098090417378e+03
2.810649991221725941e+02 8.342839843750000000e+03 8.332998247703319066e+03
2.810854318356141448e+02 8.321766601562500000e+03 8.332976465193611148e+03
2.811058646491728723e+02 8.330164062500000000e+03 8.332954752150184504e+03
2.811262974631972611e+02 8.337352539062500000e+03 8.332933110588524869e+03
2.811467302776873112e+02 8.327972656250000000e+03 8.332911542417721648e+03
2.811671630921773612e+02 8.330746093750000000e+03 8.332890049547349918e+03
2.811875959066674113e+02 8.336440429687500000e+03 8.332868633886488169e+03
2.812080287220887840e+02 8.325386718750000000e+03 8.332847297343249011e+03
2.812284615370444953e+02 8.330246093750000000e+03 8.332826041828178859e+03
2.812488943529315293e+02 8.327944335937500000e+03 8.332804869248910109e+03
2.812693271688185632e+02 8.337027343750000000e+03 8.332783781515492592e+03
2.813101928010582924e+02 8.335199218750000000e+03 8.332741868222068661e+03
2.813306256178766489e+02 8.326578125000000000e+03 8.332721046479759025e+03
2.813510584346950054e+02 8.352406250000000000e+03 8.332700317219638237e+03
2.813714912519790232e+02 8.334520507812500000e+03 8.332679682350324583e+03
2.813919239691458642e+02 8.341327148437500000e+03 8.332659143881763157e+03
2.814123568870127201e+02 8.331993164062500000e+03 8.332638703421391256e+03
2.814327897052280605e+02 8.334899414062500000e+03 8.332618363179482913e+03
2.814532224233262241e+02 8.336091796875000000e+03 8.332598125064103442e+03
2.814736553416587412e+02 8.335785156250000000e+03 8.332577990687605052e+03
2.814940881608054042e+02 8.330985351562500000e+03 8.332557962254892118e+03
2.815145209799520671e+02 8.333628906250000000e+03 8.332538041577055992e+03
2.815349537990987301e+02 8.336987304687500000e+03 8.332518230563178804e+03
2.815553866187110543e+02 8.339600585937500000e+03 8.332498531121898850e+03
2.815758194383233786e+02 8.333775390625000000e+03 8.332478945162753007e+03
2.815962521587498486e+02 8.335464843750000000e+03 8.332459474689054332e+03
2.816166850789450109e+02 8.329776367187500000e+03 8.332440121325873406e+03
2.816371178999543190e+02 8.325506835937500000e+03 8.332420887266322097e+03
2.816575506208464503e+02 8.331754882812500000e+03 8.332401774418605783e+03
2.816779835419729352e+02 8.333573242187500000e+03 8.332382784411753164e+03
2.816984163634479046e+02 8.340248046875000000e+03 8.332363919434477793e+03
2.817188490852713585e+02 8.332457031250000000e+03 8.332345181394015526e+03
2.817392820073291659e+02 8.315143554687500000e+03 8.332326571925383178e+03
2.817597148297354579e+02 8.327014648437500000e+03 8.332308093211746382e+03
2.817801475520245731e+02 8.330449218750000000e+03 8.332289747160677507e+03
2.818005804750137031e+02 8.325014648437500000e+03 8.332271535412159210e+03
2.818210132983513176e+02 8.336355468750000000e+03 8.332253460143972916e+03
2.818414460215717554e+02 8.329961914062500000e+03 8.332235523263603682e+03
2.818618788453750312e+02 8.337978515625000000e+03 8.332217726503942686e+03
2.818823117692954838e+02 8.328615234375000000e+03 8.332200071776569530e+03
2.819027445935644209e+02 8.322720703125000000e+03 8.332182561163184801e+03
2.819231773177161813e+02 8.337533203125000000e+03 8.332165196571142587e+03
2.819436102425679564e+02 8.329040039062500000e+03 8.332147979654970186e+03
2.819640430677682161e+02 8.330957031250000000e+03 8.332130912577933486e+03
2.819844757928512990e+02 8.336474609375000000e+03 8.332113997247291991e+03
2.820049087186343968e+02 8.333992187500000000e+03 8.332097235324232315e+03
2.820253415443003178e+02 8.335691406250000000e+03 8.332080628965748474e+03
2.820457742703147233e+02 8.327232421875000000e+03 8.332064180078250502e+03
2.820662070969119668e+02 8.324623046875000000e+03 8.332047890409634419e+03
2.820866399235092103e+02 8.330880859375000000e+03 8.332031761950345754e+03
2.821070727505721152e+02 8.348591796875000000e+03 8.332015796609111931e+03
2.821275055776350200e+02 8.331440429687500000e+03 8.331999996295382516e+03
2.821479384051635861e+02 8.332737304687500000e+03 8.331984362917888575e+03
2.821683712326921523e+02 8.338718750000000000e+03 8.331968898386086948e+03
2.821888040606863797e+02 8.329216796875000000e+03 8.331953604608701426e+03
2.822092368891462684e+02 8.333016601562500000e+03 8.331938483494843240e+03
2.822296697176061571e+02 8.328675781250000000e+03 8.331923536953943767e+03
2.822501025465317070e+02 8.334940429687500000e+03 8.331908766894752262e+03
2.822705354755744338e+02 8.327680664062500000e+03 8.331894175155641278e+03
2.822909682048484683e+02 8.329347656250000000e+03 8.331879763858547449e+03
2.823114010347053409e+02 8.331847656250000000e+03 8.331865534699387354e+03
2.823318337644450366e+02 8.323766601562500000e+03 8.331851489727008811e+03
2.823522666948847473e+02 8.333069335937500000e+03 8.331837630645088211e+03
2.823726995252072811e+02 8.338764648437500000e+03 8.331823959568126156e+03
2.823931323559954762e+02 8.334741210937500000e+03 8.331810478336539745e+03
2.824135651872493327e+02 8.332867187500000000e+03 8.331797188859429298e+03
2.824544308497570455e+02 8.336374023437500000e+03 8.331771192805914325e+03
2.824748636819422245e+02 8.336043945312500000e+03 8.331758490047104715e+03
2.824952965141274035e+02 8.328302734375000000e+03 8.331745986679447014e+03
