1.405116886128671467e+03 1.382816699218750000e+04 1.382378237285839896e+04
1.405137319175060838e+03 1.382021289062500000e+04 1.382380013450452316e+04
1.405157752022147179e+03 1.382459277343750000e+04 1.382381768941546579e+04
1.405178185069467872e+03 1.382911621093750000e+04 1.382383503771469987e+04
1.405198618017137051e+03 1.382076953125000000e+04 1.382385217892629407e+04
1.405219050864689052e+03 1.382395214843750000e+04 1.382386911283311201e+04
1.405239483913406730e+03 1.383073828125000000e+04 1.382388583946352446e+04
1.405259916861541569e+03 1.381823242187500000e+04 1.382390235834919622e+04
1.405280349710490555e+03 1.382547656250000000e+04 1.382391866927452429e+04
1.405300782759673893e+03 1.381929101562500000e+04 1.382393477225720017e+04
1.405321215709205717e+03 1.381228710937500000e+04 1.382395066683956611e+04
1.405341648658737540e+03 1.383257812500000000e+04 1.382396635288087055e+04
1.405362081609200686e+03 1.382290332031250000e+04 1.382398183016204348e+04
1.405382514559663832e+03 1.382224023437500000e+04 1.382399709846257247e+04
1.405402947610244155e+03 1.382368261718750000e+04 1.382401215763594519e+04
1.405423380461055785e+03 1.383247363281250000e+04 1.382402700724289753e+04
1.405443813412450254e+03 1.382602539062500000e+04 1.382404164728345131e+04
1.405464246464427561e+03 1.382766308593750000e+04 1.382405607753472214e+04
1.405484679416287690e+03 1.382263769531250000e+04 1.382407029763518221e+04
1.405505112268496305e+03 1.382514843750000000e+04 1.382408430736844639e+04
1.405525545321404934e+03 1.382567089843750000e+04 1.382409810671911328e+04
1.405545978274196386e+03 1.383009082031250000e+04 1.382411169526268532e+04
1.405566411227453500e+03 1.381650000000000000e+04 1.382412507284780440e+04
1.405586844180710614e+03 1.381518457031250000e+04 1.382413823925438010e+04
1.405607277134433389e+03 1.382887402343750000e+04 1.382415119426292222e+04
1.405627710088621825e+03 1.382457617187500000e+04 1.382416393765362591e+04
1.405648143043275923e+03 1.383316113281250000e+04 1.382417646920669358e+04
1.405668575997930020e+03 1.382022851562500000e+04 1.382418878870205299e+04
1.405689008953049779e+03 1.382526171875000000e+04 1.382420089592018485e+04
1.405709441908635199e+03 1.381282324218750000e+04 1.382421279064129521e+04
1.405729874764569104e+03 1.382201757812500000e+04 1.382422447258887405e+04
1.405750307820271701e+03 1.382250292968750000e+04 1.382423594171274635e+04
1.405770740776788443e+03 1.382761035156250000e+04 1.382424719762375025e+04
1.405791173833422363e+03 1.382088281250000000e+04 1.382425824021188782e+04
1.405811606690287590e+03 1.382831640625000000e+04 1.382426906909685385e+04
1.405832039647735655e+03 1.382753125000000000e+04 1.382427968421960759e+04
1.405852472705300897e+03 1.381420507812500000e+04 1.382429008535697176e+04
1.405872905563563108e+03 1.381963281250000000e+04 1.382430027213829635e+04
1.405893338521476835e+03 1.382009277343750000e+04 1.382431024449441975e+04
1.405913771579973400e+03 1.381864648437500000e+04 1.382432000220284681e+04
1.405934204439166933e+03 1.382178613281250000e+04 1.382432954490215161e+04
1.405975070457905531e+03 1.384029589843750000e+04 1.382434798481528196e+04
1.405995503417681903e+03 1.382053125000000000e+04 1.382435688149727503e+04
1.406015936377458274e+03 1.383097363281250000e+04 1.382436556238511548e+04
1.406036369338165969e+03 1.382361132812500000e+04 1.382437402725938591e+04
1.406056802298873663e+03 1.382244238281250000e+04 1.382438227589991766e+04
1.406077235260047019e+03 1.381886718750000000e+04 1.382439030808709140e+04
1.406097668221220374e+03 1.382154882812500000e+04 1.382439812360094220e+04
1.406118101183325052e+03 1.382475292968750000e+04 1.382440572222201808e+04
1.406138534245081246e+03 1.382941406250000000e+04 1.382441310376565161e+04
1.406158967107534409e+03 1.383087011718750000e+04 1.382442026790564523e+04
1.406179400170221925e+03 1.382178906250000000e+04 1.382442721456227991e+04
1.406199833133257926e+03 1.382850781250000000e+04 1.382443394341221392e+04
1.406220265996642411e+03 1.382787695312500000e+04 1.382444045423884927e+04
1.406240699059795588e+03 1.382233886718750000e+04 1.382444674691620821e+04
1.406261132023762912e+03 1.382853808593750000e+04 1.382445282113083158e+04
1.406281564888078719e+03 1.381335351562500000e+04 1.382445867666597405e+04
1.406301997952628881e+03 1.381748730468750000e+04 1.382446431338618277e+04
1.406322430917527527e+03 1.381811328125000000e+04 1.382446973098732633e+04
1.406342863782774657e+03 1.382707714843750000e+04 1.382447492925283041e+04
1.406363296848256141e+03 1.382444824218750000e+04 1.382447990803757784e+04
1.406383729713968933e+03 1.383426953125000000e+04 1.382448466702431688e+04
1.406404162780381739e+03 1.382655859375000000e+04 1.382448920608651497e+04
1.406424595746677369e+03 1.382632226562500000e+04 1.382449352493593688e+04
1.406445028613321483e+03 1.382580371093750000e+04 1.382449762335613195e+04
1.406465461680665612e+03 1.383163085937500000e+04 1.382450150118591955e+04
1.406485894647892565e+03 1.382773632812500000e+04 1.382450515814679966e+04
1.406506327615585178e+03 1.383258203125000000e+04 1.382450859403859431e+04
1.406526760583743453e+03 1.382849218750000000e+04 1.382451180864151502e+04
1.406547193552367389e+03 1.383108007812500000e+04 1.382451480173575692e+04
1.406567626620642841e+03 1.382579492187500000e+04 1.382451757311443725e+04
1.406588059489615262e+03 1.382724121093750000e+04 1.382452012251883571e+04
1.406608492459170520e+03 1.381812792968750000e+04 1.382452244976820657e+04
1.406649358498863876e+03 1.382227636718750000e+04 1.382452643689213619e+04
1.406669791368767619e+03 1.382509179687500000e+04 1.382452809630976117e+04
1.406690224439371377e+03 1.381785449218750000e+04 1.382452953269530190e+04
1.406710657410323620e+03 1.382265039062500000e+04 1.382453074580620887e+04
1.406731090281624347e+03 1.383139941406250000e+04 1.382453173542596414e+04
1.406751523353159428e+03 1.382863867187500000e+04 1.382453250134765403e+04
1.406771956325042993e+03 1.381451269531250000e+04 1.382453304333859887e+04
1.406792389297392219e+03 1.382046484375000000e+04 1.382453336118330844e+04
1.406812822269741446e+03 1.382639355468750000e+04 1.382453345466197061e+04
1.406833255242556334e+03 1.383178515625000000e+04 1.382453332355479870e+04
1.406853688315488398e+03 1.382174414062500000e+04 1.382453296763971048e+04
1.406874121189117432e+03 1.381810351562500000e+04 1.382453238670377505e+04
1.406894554162863642e+03 1.381586230468750000e+04 1.382453158052033177e+04
1.406914987137075514e+03 1.381771679687500000e+04 1.382453054887186045e+04
1.406935420111287385e+03 1.382165332031250000e+04 1.382452929153859805e+04
1.406955853186082095e+03 1.382536328125000000e+04 1.382452780829289622e+04
1.406976286061108112e+03 1.381800488281250000e+04 1.382452609893842236e+04
1.406996719036251307e+03 1.382794921875000000e+04 1.382452416323195575e+04
1.407017152112443000e+03 1.383083398437500000e+04 1.382452200095028275e+04
1.407037584988400340e+03 1.381973632812500000e+04 1.382451961190714792e+04
1.407058017964474857e+03 1.381683105468750000e+04 1.382451699584931703e+04
1.407078451041132212e+03 1.380973730468750000e+04 1.382451415255359825e+04
1.407098883918020874e+03 1.382777050781250000e+04 1.382451108184365512e+04
1.407119316895492375e+03 1.382022949218750000e+04 1.382450778345622530e+04
1.407139749973081052e+03 1.383182617187500000e+04 1.382450425716823884e+04
1.407160182850901037e+03 1.381747851562500000e+04 1.382450050281333824e+04
1.407180615928955376e+03 1.381962890625000000e+04 1.382449652009821875e+04
1.407201048907823861e+03 1.383751269531250000e+04 1.382449230885978432e+04
1.407221481886692345e+03 1.382925781250000000e+04 1.382448786885944719e+04
1.407241914865560830e+03 1.382692089843750000e+04 1.382448319987743889e+04
1.407262347845360637e+03 1.382612304687500000e+04 1.382447830169373447e+04
1.407282780825160444e+03 1.382632031250000000e+04 1.382447317408876552e+04
1.407303213905077428e+03 1.383139453125000000e+04 1.382446781681592984e+04
1.407323646785691381e+03 1.382093164062500000e+04 1.382446222973561817e+04
1.407344079866539687e+03 1.382293652343750000e+04 1.382445641251878260e+04
1.407364512847736478e+03 1.382515917968750000e+04 1.382445036502931544e+04
1.407384945728816092e+03 1.382287500000000000e+04 1.382444408705094247e+04
1.407405378811061382e+03 1.383156542968750000e+04 1.382443757826960791e+04
1.407425811792723835e+03 1.383243261718750000e+04 1.382443083855993245e+04
1.407446244675200433e+03 1.382914941406250000e+04 1.382442386770505982e+04
1.407466677757911384e+03 1.382470507812500000e+04 1.382441666538134632e+04
1.407487110740970820e+03 1.382414062500000000e+04 1.382440923147299327e+04
1.407507543624378741e+03 1.383305273437500000e+04 1.382440156576361005e+04
1.407527976708021015e+03 1.382400292968750000e+04 1.382439366791919019e+04
1.407548409692011774e+03 1.382518847656250000e+04 1.382438553783414864e+04
1.407568842676468194e+03 1.382483593750000000e+04 1.382437717525055268e+04
1.407589275660924613e+03 1.381755175781250000e+04 1.382436857994880120e+04
1.407609708645846695e+03 1.383111718750000000e+04 1.382435975170890379e+04
1.407630141631234437e+03 1.381813183593750000e+04 1.382435069031106104e+04
1.407650574617087841e+03 1.382450000000000000e+04 1.382434139553546993e+04
1.407671007602941245e+03 1.382633398437500000e+04 1.382433186716254386e+04
1.407691440589260310e+03 1.381961425781250000e+04 1.382432210497228334e+04
1.407711873575579375e+03 1.382042382812500000e+04 1.382431210874511089e+04
1.407732306662481278e+03 1.382144140625000000e+04 1.382430187821030268e+04
1.407752739550080150e+03 1.382772753906250000e+04 1.382429141329991944e+04
1.407773172537330538e+03 1.382908593750000000e+04 1.382428071364278185e+04
1.407793605625163764e+03 1.381881250000000000e+04 1.382426977901516693e+04
1.407814038513228297e+03 1.381719531250000000e+04 1.382425860935972560e+04
1.407834471501875669e+03 1.383541210937500000e+04 1.382424720429420086e+04
1.407854904590640217e+03 1.382018750000000000e+04 1.382423556359560098e+04
1.407875337580218911e+03 1.382106152343750000e+04 1.382422368715766243e+04
1.407895770469214767e+03 1.382110058593750000e+04 1.382421157476486951e+04
1.407916203559376299e+03 1.382620898437500000e+04 1.382419922601682083e+04
1.407936636549420655e+03 1.382047460937500000e+04 1.382418664087406069e+04
1.407957069539930671e+03 1.381275000000000000e+04 1.382417381905657749e+04
1.407977502530440688e+03 1.384040625000000000e+04 1.382416076034487560e+04
1.407997935521882027e+03 1.381704394531250000e+04 1.382414746451855353e+04
1.408018368612974882e+03 1.382643750000000000e+04 1.382413393129183351e+04
1.408038801504764706e+03 1.381870410156250000e+04 1.382412016064467389e+04
1.408059234497137368e+03 1.382492285156250000e+04 1.382410615215690450e+04
1.408079667589161545e+03 1.382751269531250000e+04 1.382409190560588104e+04
1.408100100481882691e+03 1.382869921875000000e+04 1.382407742098199560e+04
1.408120533574838191e+03 1.382425390625000000e+04 1.382406269778222304e+04
1.408140966568607837e+03 1.382329785156250000e+04 1.382404773600075896e+04
1.408161399462260306e+03 1.382951660156250000e+04 1.382403253542198581e+04
1.408181832556147128e+03 1.382868359375000000e+04 1.382401709560092786e+04
1.408202265550382435e+03 1.382732519531250000e+04 1.382400141654262916e+04
1.408222698444966227e+03 1.382212109375000000e+04 1.382398549803081187e+04
1.408243131540250033e+03 1.383916894531250000e+04 1.382396933960991737e+04
1.408263564435299486e+03 1.382173242187500000e+04 1.382395294137721612e+04
1.408283997430931777e+03 1.381551464843750000e+04 1.382393630287325141e+04
1.408304430527146906e+03 1.382392480468750000e+04 1.382391942387469317e+04
1.408324863423127681e+03 1.381604589843750000e+04 1.382390230441200765e+04
1.408345296519808471e+03 1.382358203125000000e+04 1.382388494392948451e+04
1.408365729516837746e+03 1.382894531250000000e+04 1.382386734246073502e+04
1.408386162513867021e+03 1.383023046875000000e+04 1.382384949970189336e+04
1.408406595511361957e+03 1.382202734375000000e+04 1.382383141543275997e+04
1.408427028509322554e+03 1.382370703125000000e+04 1.382381308943352815e+04
1.408447461507748812e+03 1.382996679687500000e+04 1.382379452148440578e+04
1.408467894506175071e+03 1.381799316406250000e+04 1.382377571136601000e+04
1.408488327505066991e+03 1.382575878906250000e+04 1.382375665885812305e+04
1.408508760604076087e+03 1.382936523437500000e+04 1.382373736364624892e+04
1.408529193603899330e+03 1.382322363281250000e+04 1.382371782569878815e+04
1.408549626503605396e+03 1.382153906250000000e+04 1.382369804480039966e+04
1.408570059604011476e+03 1.381161523437500000e+04 1.382367802043828124e+04
1.408590492604300380e+03 1.381570019531250000e+04 1.382365775268565631e+04
1.408610925505403429e+03 1.381754589843750000e+04 1.382363724132537027e+04
1.408631358606275171e+03 1.383185449218750000e+04 1.382361648583574242e+04
1.408651791607961059e+03 1.382192285156250000e+04 1.382359548629884739e+04
1.408672224509529769e+03 1.383608105468750000e+04 1.382357424249943870e+04
1.408692657611798495e+03 1.381634179687500000e+04 1.382355275390316274e+04
1.408713090613950044e+03 1.382638769531250000e+04 1.382353102060479068e+04
1.408733523717150092e+03 1.382332617187500000e+04 1.382350904217054085e+04
1.408753956620115787e+03 1.381763378906250000e+04 1.382348681870648761e+04
1.408774389623664320e+03 1.381933593750000000e+04 1.382346434966745983e+04
1.408794822727330029e+03 1.381706347656250000e+04 1.382344163483056400e+04
1.408815255631227046e+03 1.382505371093750000e+04 1.382341867431118953e+04
1.408835688635706902e+03 1.381706445312500000e+04 1.382339546755382980e+04
1.408856121640652418e+03 1.381839746093750000e+04 1.382337201445058599e+04
1.408876554645597935e+03 1.383052148437500000e+04 1.382334831478219348e+04
1.408896987651009113e+03 1.382630078125000000e+04 1.382332436832831809e+04
1.408917420656420290e+03 1.382548730468750000e+04 1.382330017486971883e+04
1.408937853662762791e+03 1.382701855468750000e+04 1.382327573418548127e+04
1.408958286769222468e+03 1.382002050781250000e+04 1.382325104593534707e+04
1.408978719675913453e+03 1.382630761718750000e+04 1.382322611026367667e+04
1.408999152682721615e+03 1.382337402343750000e+04 1.382320092658652720e+04
1.409019585790112615e+03 1.382479882812500000e+04 1.382317549467988101e+04
1.409040018697734922e+03 1.381801562500000000e+04 1.382314981469959457e+04
1.409060451705940068e+03 1.382088281250000000e+04 1.382312388605020169e+04
1.409080884814262390e+03 1.382564550781250000e+04 1.382309770850884888e+04
1.409101317822933197e+03 1.382790234375000000e+04 1.382307128211167219e+04
1.409121750831604004e+03 1.382584179687500000e+04 1.382304460651182308e+04
1.409142183841206133e+03 1.382289550781250000e+04 1.382301768148828342e+04
1.409162616850808263e+03 1.382135839843750000e+04 1.382299050682247616e+04
1.409183049960527569e+03 1.382033105468750000e+04 1.382296308215963290e+04
1.409203482870943844e+03 1.382005371093750000e+04 1.382293540768364983e+04
1.409223915881477296e+03 1.382561523437500000e+04 1.382290748277103194e+04
1.409244348992593586e+03 1.382616894531250000e+04 1.382287930719766882e+04
1.409264781903941184e+03 1.382559960937500000e+04 1.382285088115975668e+04
1.409285214915405959e+03 1.382474804687500000e+04 1.382282220402214443e+04
1.409305648027453572e+03 1.382201660156250000e+04 1.382279327556069620e+04
1.409326080939732492e+03 1.382011035156250000e+04 1.382276409598268219e+04
1.409346514052245766e+03 1.382212695312500000e+04 1.382273466449707485e+04
1.409366947065107524e+03 1.382421289062500000e+04 1.382270498131417298e+04
1.409387379978317767e+03 1.382158593750000000e+04 1.382267504621788430e+04
1.409407813092228025e+03 1.381150683593750000e+04 1.382264485854652412e+04
1.409428246106021106e+03 1.382277441406250000e+04 1.382261441852285861e+04
1.409448679020162672e+03 1.382917089843750000e+04 1.382258372593012245e+04
1.409469112134538591e+03 1.381733691406250000e+04 1.382255278009618632e+04
1.409489545149728656e+03 1.382562792968750000e+04 1.382252158125287315e+04
1.409509978164918721e+03 1.382430859375000000e+04 1.382249012903078255e+04
1.409530411180574447e+03 1.381244531250000000e+04 1.382245842320940574e+04
1.409550844196230173e+03 1.381880078125000000e+04 1.382242646356966907e+04
1.409571277212351561e+03 1.381151367187500000e+04 1.382239424989105282e+04
1.409591710228938609e+03 1.382058984375000000e+04 1.382236178195374669e+04
1.409632576263044029e+03 1.382491796875000000e+04 1.382229608242461472e+04
1.409653009280562401e+03 1.382714550781250000e+04 1.382226285039319373e+04
1.409673442298546433e+03 1.382466113281250000e+04 1.382222936322388341e+04
1.409693875416647643e+03 1.383155761718750000e+04 1.382219562053169284e+04
1.409714308334980160e+03 1.383017675781250000e+04 1.382216162259392877e+04
1.409734741454012692e+03 1.381598242187500000e+04 1.382212736852445232e+04
1.409755174473393708e+03 1.381378222656250000e+04 1.382209285860509044e+04
1.409775607392657548e+03 1.381739257812500000e+04 1.382205809262059847e+04
1.409796040512621403e+03 1.383151953125000000e+04 1.382202306983746166e+04
1.409816473532468081e+03 1.381862890625000000e+04 1.382198779054961415e+04
1.409836906453128904e+03 1.382088964843750000e+04 1.382195225453941384e+04
1.409857339574024081e+03 1.381887597656250000e+04 1.382191646106442204e+04
1.409877772595267743e+03 1.382047949218750000e+04 1.382188041042828991e+04
1.409898205716628581e+03 1.381964062500000000e+04 1.382184410205874883e+04
1.409918638638686389e+03 1.382833886718750000e+04 1.382180753626994556e+04
1.409939071660861373e+03 1.382178710937500000e+04 1.382177071230813817e+04
1.409959504783153534e+03 1.383456152343750000e+04 1.382173362994974741e+04
1.409979937706142664e+03 1.383502539062500000e+04 1.382169628952026142e+04
1.410000370729248971e+03 1.382386328125000000e+04 1.382165869025460233e+04
1.410020803852472454e+03 1.382094433593750000e+04 1.382162083192916907e+04
1.410041236776392907e+03 1.382136914062500000e+04 1.382158271488082937e+04
1.410061669800430536e+03 1.382807910156250000e+04 1.382154433833311487e+04
1.410082102925051004e+03 1.382381445312500000e+04 1.382150570206156044e+04
1.410102535849902779e+03 1.382021093750000000e+04 1.382146680641618150e+04
1.410122968974988908e+03 1.382054687500000000e+04 1.382142765041574239e+04
1.410143402000423521e+03 1.381620703125000000e+04 1.382138823441321438e+04
1.410163835025858134e+03 1.382306347656250000e+04 1.382134855799848083e+04
1.410184268052224070e+03 1.381581054687500000e+04 1.382130862094992335e+04
1.410204700978472829e+03 1.381553808593750000e+04 1.382126842324716563e+04
1.410225134005304426e+03 1.381417285156250000e+04 1.382122796427556932e+04
1.410245567132718861e+03 1.382625390625000000e+04 1.382118724381149514e+04
1.410266000160016119e+03 1.382253222656250000e+04 1.382114626203511034e+04
1.410286433187779039e+03 1.381919726562500000e+04 1.382110501852681045e+04
1.410306866216007620e+03 1.381816015625000000e+04 1.382106351306678698e+04
