2.565457091364078224e+02 1.410094238281250000e+04 1.411146365668026374e+04
2.565661417199298739e+02 1.411013378906250000e+04 1.411168982709403281e+04
2.565865742033347487e+02 1.411001757812500000e+04 1.411191307512834646e+04
2.566070068869739771e+02 1.410619726562500000e+04 1.411213341870547811e+04
2.566274394709616899e+02 1.410682812500000000e+04 1.411235086923207200e+04
2.566478719552978873e+02 1.412480859375000000e+04 1.411256544141234008e+04
2.566683046394027770e+02 1.411038964843750000e+04 1.411277715303155856e+04
2.566887372233904898e+02 1.410231347656250000e+04 1.411298601562358999e+04
2.567091697081923485e+02 1.411531250000000000e+04 1.411319204390150844e+04
2.567296023922972381e+02 1.411538671875000000e+04 1.411339525551633051e+04
2.567500349772162735e+02 1.410474609375000000e+04 1.411359566214078950e+04
2.567704674620181322e+02 1.412040527343750000e+04 1.411379327846866363e+04
2.567909000469371676e+02 1.411773046875000000e+04 1.411398812109849314e+04
2.568113327319733799e+02 1.412124511718750000e+04 1.411418020465160589e+04
2.568317653173580766e+02 1.411161718750000000e+04 1.411436954191197583e+04
2.568521978026255965e+02 1.411430468750000000e+04 1.411455614757745570e+04
2.568726304881274700e+02 1.411422070312500000e+04 1.411474003903308767e+04
2.569134955592453480e+02 1.411137597656250000e+04 1.411509972983730404e+04
2.569339282452128828e+02 1.412494335937500000e+04 1.411527556115362677e+04
2.569543608310632408e+02 1.411366015625000000e+04 1.411544873422453747e+04
2.569747933172620833e+02 1.412048535156250000e+04 1.411561926375485928e+04
2.569952260032296181e+02 1.412019042968750000e+04 1.411578716688619170e+04
2.570156585895456374e+02 1.412068652343750000e+04 1.411595245580082337e+04
2.570360910762101412e+02 1.411584667968750000e+04 1.411611514519888442e+04
2.570565236629918218e+02 1.411972363281250000e+04 1.411627525133284144e+04
2.570769563494250178e+02 1.411424121093750000e+04 1.411643278882326194e+04
2.570973888365551829e+02 1.412192871093750000e+04 1.411658777004591866e+04
2.571178214233368635e+02 1.411391113281250000e+04 1.411674021194905799e+04
2.571382541107013822e+02 1.411451367187500000e+04 1.411689012916438878e+04
2.571586866979487240e+02 1.412363867187500000e+04 1.411703753488133952e+04
2.571791191850788891e+02 1.413714843750000000e+04 1.411718244379870885e+04
2.571995518729090691e+02 1.412496093750000000e+04 1.411732487269357443e+04
2.572199844606220722e+02 1.412681152343750000e+04 1.411746483411275403e+04
2.572404169482178986e+02 1.410611132812500000e+04 1.411760234275441871e+04
2.572608496360480785e+02 1.412133398437500000e+04 1.411773741528396204e+04
2.572812822242267430e+02 1.411700585937500000e+04 1.411787006436299271e+04
2.573017147122882307e+02 1.410699804687500000e+04 1.411800030468591831e+04
2.573221473009325564e+02 1.411798046875000000e+04 1.411812815219391268e+04
2.573425799892283976e+02 1.411905566406250000e+04 1.411825362150806905e+04
2.573630124777555466e+02 1.412599218750000000e+04 1.411837672546919930e+04
2.573834450663998723e+02 1.411539257812500000e+04 1.411849748056333556e+04
2.574038777556270361e+02 1.412135156250000000e+04 1.411861590142074783e+04
2.574243102446198463e+02 1.411251074218750000e+04 1.411873200097701374e+04
2.574651754228398204e+02 1.413384765625000000e+04 1.411895729943054539e+04
2.574856080124154687e+02 1.411300097656250000e+04 1.411906652707974354e+04
2.575060406019911170e+02 1.411687988281250000e+04 1.411917349322483278e+04
2.575264731915667653e+02 1.412452539062500000e+04 1.411927821252782087e+04
2.575469057811424136e+02 1.411527832031250000e+04 1.411938069965072100e+04
2.575673383711837232e+02 1.411574316406250000e+04 1.411948096925780555e+04
2.575877708611078560e+02 1.411951953125000000e+04 1.411957903553357392e+04
2.576082035512663424e+02 1.411513769531250000e+04 1.411967491456547577e+04
2.576286361417733133e+02 1.410951074218750000e+04 1.411976861959220696e+04
2.576490686321631074e+02 1.412818945312500000e+04 1.411986016530540292e+04
2.576695013227872550e+02 1.413203515625000000e+04 1.411994956769697819e+04
2.576899339137598872e+02 1.411495410156250000e+04 1.412003684010102370e+04
2.577103665042668581e+02 1.412830566406250000e+04 1.412012199761885859e+04
2.577307990957051516e+02 1.412586035156250000e+04 1.412020505491825679e+04
2.577512316866777837e+02 1.411354785156250000e+04 1.412028602665547805e+04
2.577716642781160772e+02 1.411743652343750000e+04 1.412036492749622994e+04
2.577920967694371939e+02 1.411843847656250000e+04 1.412044177172913987e+04
2.578125294609926641e+02 1.411777636718750000e+04 1.412051657513076862e+04
2.578329620524309576e+02 1.412571679687500000e+04 1.412058935124858726e+04
2.578533945442177355e+02 1.411589257812500000e+04 1.412066011477588472e+04
2.578738272362388670e+02 1.411979882812500000e+04 1.412072888139848874e+04
2.578942598286084831e+02 1.412139746093750000e+04 1.412079566475441970e+04
2.579146923208609223e+02 1.412285644531250000e+04 1.412086047953314846e+04
2.579351250128820539e+02 1.411642871093750000e+04 1.412092334133364420e+04
2.579555576057173312e+02 1.412193359375000000e+04 1.412098426388379448e+04
2.579759900984354317e+02 1.410600878906250000e+04 1.412104326187109837e+04
2.579964227909222245e+02 1.412574707031250000e+04 1.412110035080947637e+04
2.580168553837575018e+02 1.412214453125000000e+04 1.412115554451036951e+04
2.580372879770584404e+02 1.412862792968750000e+04 1.412120885792005720e+04
2.580577204702422023e+02 1.412451171875000000e+04 1.412126030545173853e+04
2.580781531636603177e+02 1.412427539062500000e+04 1.412130990251005642e+04
2.580985857569612563e+02 1.412783203125000000e+04 1.412135766301440526e+04
2.581190182506106794e+02 1.413204492187500000e+04 1.412140360165471611e+04
2.581394509444944561e+02 1.412744140625000000e+04 1.412144773375386831e+04
2.581598835382610559e+02 1.412463867187500000e+04 1.412149007331191387e+04
2.581803160323761404e+02 1.412682128906250000e+04 1.412153063501801080e+04
2.582007487262599170e+02 1.411762988281250000e+04 1.412156943411558677e+04
2.582211813209578395e+02 1.411759863281250000e+04 1.412160648468600812e+04
2.582416138150729239e+02 1.412377441406250000e+04 1.412164180141428369e+04
2.582620464097708464e+02 1.412204882812500000e+04 1.412167539931009014e+04
2.582824791045859456e+02 1.411618359375000000e+04 1.412170729300946550e+04
2.583029116992838681e+02 1.411945898437500000e+04 1.412173749686193696e+04
2.583233441943302751e+02 1.412040429687500000e+04 1.412176602555488716e+04
2.583437768896110356e+02 1.412376269531250000e+04 1.412179289415676067e+04
2.583642094847746193e+02 1.411422753906250000e+04 1.412181811692244992e+04
2.583846419802866876e+02 1.412419824218750000e+04 1.412184170853858450e+04
2.584050746755674481e+02 1.411101171875000000e+04 1.412186368400098945e+04
2.584255072716623545e+02 1.412466601562500000e+04 1.412188405763825358e+04
2.584459397671744227e+02 1.412507031250000000e+04 1.412190284413439440e+04
2.584663724633865058e+02 1.411155957031250000e+04 1.412192005841686114e+04
2.584868049593642354e+02 1.412007421875000000e+04 1.412193571480974060e+04
2.585072375554591417e+02 1.411140429687500000e+04 1.412194982821661324e+04
2.585276700519025326e+02 1.412272265625000000e+04 1.412196241316131818e+04
2.585481027485802770e+02 1.412342285156250000e+04 1.412197348447937111e+04
2.585685353451408446e+02 1.414979101562500000e+04 1.412198305665895714e+04
2.585889679421670735e+02 1.411985937500000000e+04 1.412199114442022255e+04
2.586094005391933024e+02 1.412776171875000000e+04 1.412199776242496227e+04
2.586298331362195313e+02 1.412914062500000000e+04 1.412200292533520042e+04
2.586502657332457602e+02 1.411871582031250000e+04 1.412200664781295563e+04
2.586706983307376504e+02 1.412022558593750000e+04 1.412200894452029752e+04
2.586911309282295406e+02 1.412421386718750000e+04 1.412200983011915196e+04
2.587115635257214308e+02 1.410763085937500000e+04 1.412200931927155398e+04
2.587319960235618055e+02 1.411955371093750000e+04 1.412200742665209691e+04
2.587524287216365337e+02 1.411346093750000000e+04 1.412200416688490441e+04
2.587728613195940852e+02 1.412094140625000000e+04 1.412199955466991014e+04
2.587932938179001212e+02 1.412530566406250000e+04 1.412199360468876694e+04
2.588137265164405107e+02 1.412477929687500000e+04 1.412198633150636670e+04
2.588341591148637235e+02 1.411810546875000000e+04 1.412197774988196761e+04
2.588545916136354208e+02 1.412730468750000000e+04 1.412196787449648582e+04
2.588750243121758103e+02 1.412067871093750000e+04 1.412195671985779154e+04
2.588954569115303457e+02 1.412362597656250000e+04 1.412194430078172445e+04
2.589158895104192197e+02 1.411876660156250000e+04 1.412193063187957887e+04
2.589363220096565783e+02 1.412313574218750000e+04 1.412191572788879421e+04
2.589567547091282904e+02 1.413908007812500000e+04 1.412189960324361164e+04
2.589771873084828258e+02 1.411461132812500000e+04 1.412188227283415472e+04
2.589976198081858456e+02 1.412481054687500000e+04 1.412186375133962974e+04
2.590180525081232190e+02 1.411227734375000000e+04 1.412184405314151627e+04
2.590384851079434156e+02 1.412243261718750000e+04 1.412182319318278678e+04
2.590589176081120968e+02 1.412998925781250000e+04 1.412180118614193452e+04
2.590793503085151315e+02 1.412087597656250000e+04 1.412177804634959102e+04
2.590997829088009894e+02 1.411339941406250000e+04 1.412175378879965319e+04
2.591202154094353318e+02 1.412232128906250000e+04 1.412172842816988668e+04
2.591406481098383665e+02 1.413102050781250000e+04 1.412170197874265432e+04
2.591610807105898857e+02 1.413017187500000000e+04 1.412167445555961058e+04
2.591815133118070662e+02 1.411811230468750000e+04 1.412164587315577592e+04
2.592019458129070699e+02 1.412783789062500000e+04 1.412161624634150576e+04
2.592223785142414272e+02 1.412214941406250000e+04 1.412158558933572749e+04
2.592428111154586077e+02 1.412037500000000000e+04 1.412155391724358196e+04
2.592632436170242727e+02 1.411512402343750000e+04 1.412152124474116863e+04
2.592836763188242912e+02 1.412144042968750000e+04 1.412148758600367728e+04
2.593041089205071330e+02 1.411825097656250000e+04 1.412145295618069758e+04
2.593245414225384593e+02 1.411492480468750000e+04 1.412141736994762505e+04
2.593449741248041391e+02 1.411259960937500000e+04 1.412138084143720334e+04
2.593654067269526422e+02 1.412218945312500000e+04 1.412134338584153193e+04
2.593858392294496298e+02 1.412162597656250000e+04 1.412130501783528780e+04
2.594062718320637941e+02 1.412431347656250000e+04 1.412126575170530487e+04
2.594267045347951353e+02 1.411838867187500000e+04 1.412122560210051597e+04
2.594471370377577841e+02 1.410754492187500000e+04 1.412118458399886549e+04
2.594675696403719485e+02 1.412359375000000000e+04 1.412114270961886723e+04
2.594880022439174354e+02 1.411661816406250000e+04 1.412109999142314155e+04
2.595084348469972610e+02 1.411461132812500000e+04 1.412105644168065555e+04
2.595288674505427480e+02 1.412617187500000000e+04 1.412101207265550147e+04
2.595493001542054117e+02 1.412106738281250000e+04 1.412096689639141732e+04
2.595697326576337218e+02 1.411567285156250000e+04 1.412092092582443729e+04
2.595901652616448700e+02 1.411710839843750000e+04 1.412087417254960747e+04
2.596105977660045028e+02 1.413017578125000000e+04 1.412082664929099701e+04
2.596310304701328278e+02 1.412918457031250000e+04 1.412077836761267281e+04
2.596514630741439760e+02 1.412377636718750000e+04 1.412072934048381649e+04
2.596718955789692700e+02 1.411814257812500000e+04 1.412067958017909405e+04
2.596923282835632563e+02 1.411907324218750000e+04 1.412062909823116206e+04
2.597127608880400658e+02 1.411442578125000000e+04 1.412057790764177480e+04
2.597331933933310211e+02 1.411614355468750000e+04 1.412052602068495435e+04
2.597536260983906686e+02 1.410994921875000000e+04 1.412047344886252176e+04
2.597740587033331394e+02 1.411911328125000000e+04 1.412042020520716687e+04
2.597944913087412715e+02 1.411787792968750000e+04 1.412036630172780497e+04
2.598149238144978881e+02 1.411681640625000000e+04 1.412031175095933031e+04
2.598353565200231969e+02 1.411534667968750000e+04 1.412025656436372810e+04
2.598557891258969903e+02 1.412655371093750000e+04 1.412020075501114843e+04
2.598762216316536069e+02 1.411455566406250000e+04 1.412014433517798898e+04
2.598966543381102383e+02 1.412163281250000000e+04 1.412008731629523754e+04
2.599170869444496930e+02 1.412188183593750000e+04 1.412002971146404161e+04
2.599375194506719708e+02 1.414177050781250000e+04 1.411997153295901080e+04
2.599579521571286023e+02 1.412889746093750000e+04 1.411991279218686213e+04
2.599783847639337182e+02 1.411967675781250000e+04 1.411985350227168237e+04
2.599988172706216574e+02 1.412529785156250000e+04 1.411979367548887603e+04
2.600192499780096114e+02 1.411780664062500000e+04 1.411973332321981798e+04
2.600396825848147273e+02 1.412991113281250000e+04 1.411967245861666743e+04
2.600601151925511658e+02 1.411118652343750000e+04 1.411961109364688673e+04
2.600805476997047663e+02 1.411591796875000000e+04 1.411954924088498592e+04
2.601009804075583816e+02 1.410879101562500000e+04 1.411948691168148980e+04
2.601214130152948201e+02 1.411860253906250000e+04 1.411942411921662824e+04
2.601418455233797431e+02 1.411372851562500000e+04 1.411936087576176214e+04
2.601622782312333584e+02 1.412125195312500000e+04 1.411929719265294625e+04
2.601827108394354582e+02 1.412365820312500000e+04 1.411923308308627020e+04
2.602031433479860425e+02 1.412103710937500000e+04 1.411916855933398256e+04
2.602235760563053191e+02 1.412665917968750000e+04 1.411910363271364258e+04
2.602440086649730802e+02 1.411910839843750000e+04 1.411903831643984086e+04
2.602644411739893258e+02 1.411604199218750000e+04 1.411897262278428025e+04
2.602848737831227481e+02 1.411917382812500000e+04 1.411890656337069595e+04
2.603053064919076860e+02 1.411454199218750000e+04 1.411884015046141576e+04
2.603257390013895929e+02 1.412069238281250000e+04 1.411877339729674168e+04
2.603461716109886765e+02 1.411468652343750000e+04 1.411870631516700814e+04
2.603666043202392757e+02 1.413041601562500000e+04 1.411863891633510866e+04
2.603870368301868439e+02 1.411637109375000000e+04 1.411857121405549697e+04
2.604074694402515888e+02 1.412402246093750000e+04 1.411850321960434303e+04
2.604483346603810787e+02 1.411909375000000000e+04 1.411836640424473080e+04
2.604687672709114850e+02 1.411369824218750000e+04 1.411829760786688348e+04
2.604891998814418912e+02 1.413449511718750000e+04 1.411822856871283147e+04
2.605096324919722974e+02 1.412086621093750000e+04 1.411815929904866425e+04
2.605300651029683650e+02 1.411571582031250000e+04 1.411808981113887785e+04
2.605504976138472557e+02 1.413129296875000000e+04 1.411802011759312154e+04
2.605709303249605000e+02 1.412556738281250000e+04 1.411795022965156022e+04
2.605913629364222288e+02 1.412679980468750000e+04 1.411788016060460723e+04
2.606117955474182963e+02 1.411411328125000000e+04 1.411780992237957253e+04
2.606322281593456864e+02 1.411576562500000000e+04 1.411773952723774346e+04
2.606526607708074152e+02 1.411341894531250000e+04 1.411766898745001163e+04
2.606730933827348053e+02 1.411411621093750000e+04 1.411759831527925962e+04
2.606935259951278567e+02 1.410847265625000000e+04 1.411752752299156782e+04
2.607139586070552468e+02 1.411862402343750000e+04 1.411745662285625076e+04
2.607343912194482982e+02 1.412407031250000000e+04 1.411738562713618376e+04
2.607548237321898341e+02 1.411605175781250000e+04 1.411731454844589825e+04
2.607752564447000623e+02 1.412144921875000000e+04 1.411724339800935195e+04
2.607956890575587749e+02 1.412050781250000000e+04 1.411717218913477882e+04
2.608161215707659721e+02 1.411744140625000000e+04 1.411710093408904140e+04
2.608365542837418616e+02 1.411490917968750000e+04 1.411702964409376727e+04
2.608569868970662355e+02 1.411674023437500000e+04 1.411695833245952599e+04
2.608774194107390940e+02 1.411735058593750000e+04 1.411688701145263258e+04
2.608978521241806448e+02 1.412095312500000000e+04 1.411681569229402521e+04
2.609182847379706800e+02 1.411078515625000000e+04 1.411674438829495921e+04
2.609387173517607152e+02 1.411537988281250000e+04 1.411667311137368233e+04
2.609591498658992350e+02 1.412525488281250000e+04 1.411660187414360371e+04
2.609795825802721083e+02 1.411969042968750000e+04 1.411653068782563787e+04
2.610000151945278049e+02 1.411701367187500000e+04 1.411645956573268995e+04
2.610204477091319859e+02 1.412168066406250000e+04 1.411638852012821008e+04
2.610408804239705205e+02 1.411637695312500000e+04 1.411631756223618868e+04
2.610613130386918783e+02 1.410914257812500000e+04 1.411624670536644953e+04
2.610817455537617207e+02 1.411205175781250000e+04 1.411617596178190797e+04
2.611021782690659165e+02 1.410939160156250000e+04 1.411610534271126380e+04
2.611226108842529356e+02 1.411313476562500000e+04 1.411603486145962961e+04
2.611430433997884393e+02 1.412045019531250000e+04 1.411596453028939504e+04
2.611634760154411197e+02 1.411389746093750000e+04 1.411589436077898063e+04
2.611839087312109768e+02 1.413072460937500000e+04 1.411582436519696057e+04
2.612043412472121418e+02 1.411709667968750000e+04 1.411575455683540349e+04
2.612247738633304834e+02 1.411841601562500000e+04 1.411568494693444882e+04
2.612452065795660019e+02 1.411113867187500000e+04 1.411561554776320372e+04
2.612656391961500049e+02 1.412066992187500000e+04 1.411554637226633713e+04
2.612860717126168311e+02 1.411811230468750000e+04 1.411547743270816136e+04
2.613065044297836721e+02 1.412763281250000000e+04 1.411540874034161425e+04
2.613269370463676751e+02 1.411120898437500000e+04 1.411534030844752488e+04
2.613473695637658238e+02 1.412619726562500000e+04 1.411527214928340982e+04
2.613678021808154881e+02 1.411217578125000000e+04 1.411520427445204768e+04
2.613882348984479904e+02 1.411375097656250000e+04 1.411513669622072121e+04
2.614086674158461392e+02 1.410821582031250000e+04 1.411506942784820421e+04
2.614291000333614647e+02 1.411458300781250000e+04 1.411500248060947706e+04
2.614495326513424516e+02 1.411535156250000000e+04 1.411493586709950432e+04
2.614699652693234384e+02 1.411776757812500000e+04 1.411486959958590887e+04
2.614903978877700865e+02 1.411455957031250000e+04 1.411480369033330680e+04
2.615108305062167346e+02 1.411066113281250000e+04 1.411473815160931190e+04
2.615312631246633828e+02 1.412057226562500000e+04 1.411467299568002272e+04
2.615516957431100309e+02 1.412316894531250000e+04 1.411460823481155239e+04
2.615721283620223403e+02 1.411492578125000000e+04 1.411454388126853519e+04
2.615925609809346497e+02 1.411068750000000000e+04 1.411447994731856124e+04
2.616129936003126204e+02 1.410616406250000000e+04 1.411441644522628849e+04
2.616334261195734143e+02 1.411034765625000000e+04 1.411435338756715282e+04
2.616538588390685618e+02 1.411541699218750000e+04 1.411429078568365912e+04
2.616742914589121938e+02 1.410531445312500000e+04 1.411422865276410266e+04
2.616947239786386490e+02 1.410927929687500000e+04 1.411416700106904682e+04
2.617151566985994577e+02 1.411784277343750000e+04 1.411410584196192394e+04
2.617355893189087510e+02 1.412020410156250000e+04 1.411404518861013821e+04
2.617560219392180443e+02 1.411726171875000000e+04 1.411398505298030068e+04
2.617764545595273376e+02 1.411257519531250000e+04 1.411392544733852083e+04
2.617968871803022921e+02 1.411100683593750000e+04 1.411386638394956753e+04
2.618173198010772467e+02 1.410790332031250000e+04 1.411380787508091453e+04
2.618377523217350245e+02 1.412151074218750000e+04 1.411374993328116398e+04
2.618581850430928171e+02 1.411088867187500000e+04 1.411369256996762851e+04
2.618786176643334329e+02 1.411095800781250000e+04 1.411363579825523993e+04
2.618990501854568720e+02 1.411073730468750000e+04 1.411357963040133109e+04
2.619194829072803259e+02 1.411681835937500000e+04 1.411352407784958996e+04
2.619399155289866030e+02 1.411938085937500000e+04 1.411346915368857117e+04
2.619603480510413647e+02 1.410413476562500000e+04 1.411341487017383042e+04
2.619807807728648186e+02 1.411393847656250000e+04 1.411336123878076796e+04
2.620012133955024183e+02 1.411702832031250000e+04 1.411330827256503653e+04
2.620216459175571799e+02 1.411333496093750000e+04 1.411325598378651921e+04
2.620420785401947796e+02 1.411745019531250000e+04 1.411320438419648417e+04
2.620625112629495561e+02 1.410906542968750000e+04 1.411315348607245687e+04
2.620829438860528171e+02 1.411742187500000000e+04 1.411310330217826049e+04
2.621033764090389013e+02 1.411450292968750000e+04 1.411305384477058033e+04
2.621238091322593391e+02 1.411528710937500000e+04 1.411300512539392184e+04
2.621442417558282614e+02 1.411000390625000000e+04 1.411295715703492351e+04
2.621646742792800069e+02 1.411338671875000000e+04 1.411290995194968855e+04
2.621851070029661059e+02 1.412301953125000000e+04 1.411286352171609906e+04
2.622055396270006895e+02 1.411316992187500000e+04 1.411281787928746598e+04
2.622259721509180963e+02 1.411268164062500000e+04 1.411277303691931229e+04
2.622464047749526799e+02 1.411652929687500000e+04 1.411272900643824505e+04
2.622668374995701015e+02 1.411796777343750000e+04 1.411268580012143684e+04
2.622872700239531696e+02 1.411660937500000000e+04 1.411264343086500594e+04
2.623077026489190757e+02 1.409843652343750000e+04 1.411260191030513488e+04
2.623281353735364974e+02 1.411856738281250000e+04 1.411256124886105499e+04
2.623485678988508880e+02 1.411488964843750000e+04 1.411252144268004668e+04
2.623690005238167942e+02 1.411462695312500000e+04 1.411248247962625646e+04
2.623894332493655384e+02 1.410787402343750000e+04 1.411244434811858082e+04
2.624098657746799290e+02 1.411408203125000000e+04 1.411240703712075083e+04
2.624302984005771577e+02 1.411612500000000000e+04 1.411237053448584265e+04
2.624507311265915632e+02 1.410338574218750000e+04 1.411233482863488462e+04
2.624711636523716152e+02 1.411575976562500000e+04 1.411229990849529713e+04
2.624915962787345052e+02 1.411119433593750000e+04 1.411226576195561938e+04
2.625120289050973952e+02 1.411237792968750000e+04 1.411223237759803851e+04
2.625324615314602852e+02 1.410953027343750000e+04 1.411219974383091539e+04
2.625528941582888365e+02 1.411775878906250000e+04 1.411216784906190514e+04
2.625733266854658723e+02 1.411416796875000000e+04 1.411213668185036295e+04
2.625937594124116004e+02 1.410182519531250000e+04 1.411210623015321835e+04
2.626141920397058129e+02 1.409936328125000000e+04 1.411207648283030176e+04
2.626346246670000255e+02 1.410386132812500000e+04 1.411204742813972916e+04
2.626550572942942381e+02 1.410644238281250000e+04 1.411201905448986145e+04
2.626754899220541120e+02 1.409757812500000000e+04 1.411199135028843375e+04
2.626959225498139858e+02 1.411232910156250000e+04 1.411196430394447088e+04
2.627163550779223442e+02 1.412711523437500000e+04 1.411193790399351928e+04
2.627367878062650561e+02 1.412358007812500000e+04 1.411191213846119899e+04
2.627572204344905913e+02 1.411652929687500000e+04 1.411188699613923927e+04
2.627776529630646110e+02 1.410687988281250000e+04 1.411186246542637491e+04
2.627980856918729842e+02 1.410868261718750000e+04 1.411183853437539619e+04
2.628185183210298419e+02 1.410638085937500000e+04 1.411181519175028916e+04
2.628389508500695229e+02 1.410681347656250000e+04 1.411179242595140568e+04
2.628593835793435574e+02 1.411138574218750000e+04 1.411177022505663263e+04
2.628798162085004151e+02 1.412956542968750000e+04 1.411174857780480124e+04
2.629002487380057573e+02 1.410871191406250000e+04 1.411172747259574135e+04
2.629206813680939376e+02 1.410717187500000000e+04 1.411170689763106930e+04
2.629411140978336334e+02 1.410621386718750000e+04 1.411168684132778981e+04
2.629615467279218137e+02 1.410247363281250000e+04 1.411166729228985241e+04
2.629819792583584785e+02 1.411750585937500000e+04 1.411164823891826927e+04
2.630024119885638356e+02 1.411646093750000000e+04 1.411162966934578071e+04
2.630228446191176772e+02 1.411656640625000000e+04 1.411161157225638999e+04
2.630432771500200033e+02 1.411631347656250000e+04 1.411159393605162040e+04
2.630637098806910217e+02 1.411001855468750000e+04 1.411157674888471593e+04
2.630841425117105246e+02 1.410261425781250000e+04 1.411155999941917617e+04
2.631045750430785120e+02 1.410445800781250000e+04 1.411154367605702828e+04
2.631250077746808529e+02 1.411237792968750000e+04 1.411152776697014997e+04
2.631454404061660171e+02 1.411390332031250000e+04 1.411151226080376000e+04
2.631658729379996657e+02 1.411072851562500000e+04 1.411149714596004560e+04
2.631863055699504912e+02 1.410751464843750000e+04 1.411148241069963660e+04
2.632067383020184934e+02 1.411482812500000000e+04 1.411146804343638905e+04
2.632271708343178034e+02 1.410610253906250000e+04 1.411145403278688173e+04
2.632476034667342901e+02 1.409496777343750000e+04 1.411144036695126124e+04
2.632680361992679536e+02 1.411764355468750000e+04 1.411142703434285977e+04
2.632884688321501017e+02 1.411629101562500000e+04 1.411141402350035423e+04
2.633089013653807342e+02 1.410657128906250000e+04 1.411140132282745981e+04
2.633293340983800590e+02 1.412168554687500000e+04 1.411138892054864846e+04
2.633497667317278683e+02 1.411219433593750000e+04 1.411137680525618271e+04
2.633701992654241621e+02 1.411237500000000000e+04 1.411136496535429069e+04
2.633906318987719715e+02 1.411858691406250000e+04 1.411135338913588930e+04
2.634110645325854421e+02 1.410659863281250000e+04 1.411134206506747796e+04
2.634519298011437058e+02 1.411339453125000000e+04 1.411132012701434360e+04
2.634723624354228377e+02 1.410937695312500000e+04 1.411130948984658971e+04
2.634927950697019696e+02 1.410844921875000000e+04 1.411129905846250040e+04
2.635132277044467628e+02 1.411564355468750000e+04 1.411128882127020552e+04
2.635336603396572173e+02 1.411950390625000000e+04 1.411127876667806413e+04
2.635540929744020104e+02 1.410710156250000000e+04 1.411126888309488095e+04
2.635745256096124649e+02 1.412024804687500000e+04 1.411125915892856210e+04
2.635949581451714039e+02 1.409616503906250000e+04 1.411124958263404187e+04
2.636153908804990351e+02 1.411390039062500000e+04 1.411124014248036474e+04
2.636358235166408122e+02 1.411324316406250000e+04 1.411123082701498242e+04
2.636562560521997511e+02 1.410568164062500000e+04 1.411122162464513167e+04
2.636766887884587049e+02 1.412200000000000000e+04 1.411121252364424072e+04
2.636971214246004820e+02 1.410605175781250000e+04 1.411120351255537571e+04
2.637175539610907435e+02 1.409911914062500000e+04 1.411119457978543505e+04
2.637379866978153586e+02 1.411099023437500000e+04 1.411118571361218710e+04
2.637584193344227970e+02 1.411729492187500000e+04 1.411117690257475988e+04
2.637788518713787198e+02 1.410619042968750000e+04 1.411116813508059204e+04
2.637992846085689962e+02 1.410302148437500000e+04 1.411115939940960197e+04
2.638197172461077571e+02 1.410493847656250000e+04 1.411115068409855667e+04
2.638401498836465180e+02 1.409990136718750000e+04 1.411114197751312167e+04
2.638605824210681021e+02 1.411829492187500000e+04 1.411113326810435319e+04
2.638810151591897011e+02 1.411911718750000000e+04 1.411112454415228967e+04
2.639014477971941233e+02 1.411034472656250000e+04 1.411111579419357804e+04
2.639218803350813687e+02 1.411410156250000000e+04 1.411110700663702664e+04
2.639423130736686289e+02 1.410764746093750000e+04 1.411109816976127331e+04
2.639627457121387124e+02 1.411224902343750000e+04 1.411108927210437105e+04
2.639831782509572804e+02 1.411816894531250000e+04 1.411108030207542834e+04
2.640036109900102019e+02 1.411551367187500000e+04 1.411107124795055279e+04
2.640240436289459467e+02 1.410546289062500000e+04 1.411106209827052953e+04
2.640444761682301760e+02 1.411555859375000000e+04 1.411105284144497818e+04
2.640649088076315820e+02 1.410701171875000000e+04 1.411104346579178309e+04
2.640853415471501648e+02 1.410691406250000000e+04 1.411103395971745340e+04
2.641262067267671227e+02 1.411048535156250000e+04 1.411101451021980029e+04
2.641466394672170281e+02 1.410940820312500000e+04 1.411100454347005871e+04
2.641670721075497568e+02 1.411378027343750000e+04 1.411099440002781012e+04
2.641875046477653086e+02 1.411385351562500000e+04 1.411098406830407839e+04
2.642079373886808753e+02 1.411123437500000000e+04 1.411097353655365441e+04
2.642283700294792652e+02 1.411666894531250000e+04 1.411096279333841630e+04
2.642488025706261396e+02 1.410904687500000000e+04 1.411095182706965352e+04
2.642692352114245296e+02 1.411618750000000000e+04 1.411094062604877581e+04
2.642896679528057575e+02 1.411080761718750000e+04 1.411092917868008408e+04
2.643101004944182932e+02 1.410787890625000000e+04 1.411091747354203471e+04
2.643305331361480057e+02 1.410716210937500000e+04 1.411090549887308043e+04
2.643509658779948950e+02 1.410992285156250000e+04 1.411089324307752577e+04
2.643713984205387533e+02 1.411069335937500000e+04 1.411088069474539589e+04
2.643918310627341270e+02 1.412005761718750000e+04 1.411086784210359838e+04
2.644122638050466776e+02 1.410782421875000000e+04 1.411085467355563742e+04
2.644326963475905359e+02 1.411006054687500000e+04 1.411084117770548255e+04
2.644531289907172322e+02 1.410889062500000000e+04 1.411082734276549309e+04
2.644735616333782673e+02 1.411926367187500000e+04 1.411081315720996281e+04
2.644939942765049636e+02 1.411472656250000000e+04 1.411079860944657776e+04
2.645144269200973213e+02 1.410258300781250000e+04 1.411078368788364605e+04
2.645348594635725021e+02 1.411728515625000000e+04 1.411076838100578607e+04
2.645552922072820365e+02 1.410336816406250000e+04 1.411075267699345568e+04
2.645757248513400555e+02 1.410109765625000000e+04 1.411073656448249676e+04
2.645961573952808976e+02 1.411538281250000000e+04 1.411072003188769850e+04
2.646165901394560933e+02 1.410401269531250000e+04 1.411070306737121973e+04
2.646370227839797735e+02 1.410403710937500000e+04 1.411068565958715772e+04
2.646574554285034537e+02 1.411652929687500000e+04 1.411066779686218433e+04
2.646778880730271339e+02 1.411132421875000000e+04 1.411064946760461680e+04
2.646983207180164754e+02 1.411771972656250000e+04 1.411063066022236490e+04
2.647187533634714782e+02 1.410954492187500000e+04 1.411061136312372400e+04
2.647391859088093042e+02 1.410505273437500000e+04 1.411059156481569880e+04
2.647596186543814838e+02 1.411313476562500000e+04 1.411057125341186475e+04
2.647800512998364866e+02 1.410478808593750000e+04 1.411055041761531356e+04
2.648004838456399739e+02 1.410952929687500000e+04 1.411052904584168209e+04
2.648209165916778147e+02 1.411508984375000000e+04 1.411050712618161015e+04
2.648413492380641401e+02 1.410792871093750000e+04 1.411048464736107053e+04
2.648617817843332887e+02 1.410407324218750000e+04 1.411046159779718619e+04
2.648822145313024521e+02 1.410975976562500000e+04 1.411043796555467634e+04
2.649026471776887774e+02 1.410907519531250000e+04 1.411041373938601282e+04
2.649230797248892486e+02 1.411211328125000000e+04 1.411038890770667058e+04
2.649435123722068965e+02 1.411085742187500000e+04 1.411036345868276658e+04
2.649639451191760600e+02 1.410947851562500000e+04 1.411033738071407424e+04
2.649843776668421924e+02 1.411016699218750000e+04 1.411031066259513500e+04
2.650048103146255016e+02 1.412052246093750000e+04 1.411028329234742887e+04
2.650252430625259876e+02 1.411897167968750000e+04 1.411025525836962152e+04
2.650456757103092968e+02 1.412049218750000000e+04 1.411022654934471211e+04
2.650661082589067519e+02 1.411084179687500000e+04 1.411019715368968355e+04
2.650865410072728992e+02 1.409954980468750000e+04 1.411016705937763982e+04
2.651069736555218697e+02 1.411248828125000000e+04 1.411013625525345924e+04
2.651274062045849860e+02 1.411201464843750000e+04 1.411010472973452852e+04
2.651478388532996178e+02 1.410696289062500000e+04 1.411007247092240868e+04
2.651682716025970876e+02 1.410248339843750000e+04 1.411003946721310058e+04
2.651887041521258652e+02 1.411341015625000000e+04 1.411000570750554289e+04
2.652091368017718196e+02 1.410343359375000000e+04 1.410997118106837479e+04
2.652295695510692894e+02 1.410386914062500000e+04 1.410993589344750217e+04
2.652500021010637283e+02 1.410859765625000000e+04 1.410989986096124085e+04
2.652704347511753440e+02 1.412054882812500000e+04 1.410986309905636335e+04
2.652908675014041364e+02 1.411211425781250000e+04 1.410982562369165134e+04
2.653113001519814134e+02 1.411214648437500000e+04 1.410978745120293570e+04
2.653317327024415135e+02 1.410361816406250000e+04 1.410974859757058402e+04
2.653521654536016285e+02 1.411332421875000000e+04 1.410970907818702653e+04
2.653725980045273900e+02 1.410141015625000000e+04 1.410966890979698292e+04
2.653930306555703282e+02 1.410882324218750000e+04 1.410962810778411949e+04
2.654134633070789278e+02 1.409772949218750000e+04 1.410958668831212708e+04
2.654338959585875273e+02 1.410705468750000000e+04 1.410954466735131791e+04
2.654543286100961268e+02 1.411563769531250000e+04 1.410950206087109837e+04
2.654747612620703876e+02 1.411551171875000000e+04 1.410945888483986528e+04
2.654951939145103097e+02 1.410675976562500000e+04 1.410941515522698683e+04
2.655156265664845705e+02 1.411593750000000000e+04 1.410937088800384845e+04
2.655360592193901539e+02 1.410145605468750000e+04 1.410932609913680426e+04
2.655564918718300760e+02 1.409654589843750000e+04 1.410928080459830198e+04
2.655769245247356594e+02 1.410153613281250000e+04 1.410923502035567435e+04
2.655973571776412427e+02 1.410864160156250000e+04 1.410918876237934819e+04
2.656177897308953106e+02 1.410122558593750000e+04 1.410914204686764788e+04
2.656382224843837321e+02 1.409952636718750000e+04 1.410909488910103755e+04
2.656586551377549767e+02 1.411808398437500000e+04 1.410904730573890265e+04
2.656790876919403672e+02 1.410680273437500000e+04 1.410899931275459494e+04
2.656995204458944499e+02 1.411019726562500000e+04 1.410895092541237136e+04
2.657199530997313559e+02 1.410238281250000000e+04 1.410890216038894869e+04
2.657403856543824077e+02 1.410219335937500000e+04 1.410885303365692744e+04
2.657608184088021517e+02 1.410891503906250000e+04 1.410880356046433008e+04
2.657812510635703802e+02 1.411001074218750000e+04 1.410875375750303101e+04
2.658016836186870933e+02 1.410922949218750000e+04 1.410870364074714598e+04
2.658221162734553218e+02 1.410560546875000000e+04 1.410865322567716976e+04
2.658425490288063884e+02 1.410464648437500000e+04 1.410860252825593852e+04
2.658629816845059395e+02 1.410544140625000000e+04 1.410855156494972834e+04
2.658834142400883138e+02 1.412024218750000000e+04 1.410850035173288961e+04
2.659038469959050417e+02 1.411057031250000000e+04 1.410844890382025005e+04
2.659242796520702541e+02 1.410296679687500000e+04 1.410839723793461962e+04
2.659447122081182897e+02 1.411575976562500000e+04 1.410834537004966114e+04
2.659651449644006789e+02 1.411056250000000000e+04 1.410829331537094004e+04
2.659855776210315526e+02 1.412870703125000000e+04 1.410824109063051401e+04
2.660060101780109107e+02 1.411211230468750000e+04 1.410818871180016504e+04
2.660264429347589612e+02 1.411877929687500000e+04 1.410813619408068553e+04
2.660468755923211575e+02 1.410335058593750000e+04 1.410808355420890075e+04
2.660673081493005157e+02 1.411881835937500000e+04 1.410803080815949215e+04
2.660877408068627119e+02 1.411654296875000000e+04 1.410797797138250826e+04
2.661081735650077462e+02 1.411677246093750000e+04 1.410792505984613308e+04
2.661286061229184270e+02 1.410046386718750000e+04 1.410787209029923179e+04
2.661490387809462845e+02 1.410902343750000000e+04 1.410781907793296887e+04
2.661694715390913188e+02 1.410875292968750000e+04 1.410776603871625048e+04
2.661899041975848377e+02 1.411504785156250000e+04 1.410771298913711507e+04
2.662103367564268410e+02 1.408848632812500000e+04 1.410765994516500359e+04
2.662307695155031979e+02 1.411187988281250000e+04 1.410760692199093864e+04
2.662512021744623780e+02 1.410933007812500000e+04 1.410755393636394365e+04
2.662716347337700427e+02 1.411078027343750000e+04 1.410750100425155506e+04
2.662920673931948841e+02 1.411886718750000000e+04 1.410744814110561674e+04
2.663125001527369022e+02 1.410755468750000000e+04 1.410739536289667376e+04
2.663329327125102282e+02 1.410345507812500000e+04 1.410734268636805064e+04
2.663533653728663921e+02 1.411263476562500000e+04 1.410729012671406963e+04
2.663737980327568948e+02 1.410844140625000000e+04 1.410723770016490198e+04
2.664146633539348841e+02 1.411783398437500000e+04 1.410713331025153821e+04
2.664350960147567093e+02 1.411269628906250000e+04 1.410708137882737901e+04
2.664555286755785346e+02 1.409942480468750000e+04 1.410702964438452182e+04
2.664759613368660212e+02 1.409725878906250000e+04 1.410697812289122157e+04
2.664963938980363309e+02 1.409871972656250000e+04 1.410692683056880924e+04
2.665168266594409943e+02 1.410378613281250000e+04 1.410687578263449177e+04
2.665372593211941421e+02 1.411442089843750000e+04 1.410682499580874719e+04
2.665576918832957745e+02 1.410558398437500000e+04 1.410677448605707104e+04
2.665781246451660991e+02 1.411068847656250000e+04 1.410672426861081840e+04
2.665985573073849082e+02 1.410574804687500000e+04 1.410667436017748514e+04
2.666189898699522018e+02 1.410521679687500000e+04 1.410662477672185560e+04
2.666394226327538490e+02 1.410617968750000000e+04 1.410657553348810325e+04
2.666598552959039807e+02 1.410395507812500000e+04 1.410652664717094012e+04
2.666802878589369357e+02 1.409258300781250000e+04 1.410647813373554527e+04
2.667007205220870674e+02 1.410815820312500000e+04 1.410643000867586306e+04
2.667211532858200371e+02 1.409888867187500000e+04 1.410638228796606563e+04
2.667415859494358301e+02 1.412838574218750000e+04 1.410633498804438932e+04
2.667620185134001076e+02 1.410190136718750000e+04 1.410628812487289906e+04
2.667824512771330774e+02 1.410613476562500000e+04 1.410624171373756326e+04
2.668028839416801929e+02 1.410652050781250000e+04 1.410619577129024947e+04
2.668233165061101317e+02 1.411525976562500000e+04 1.410615031349549463e+04
2.668437492707744241e+02 1.411835644531250000e+04 1.410610535565815917e+04
2.668641819357872009e+02 1.410622167968750000e+04 1.410606091441123135e+04
2.668846145006828010e+02 1.410554980468750000e+04 1.410601700571747097e+04
2.669050472658127546e+02 1.410866015625000000e+04 1.410597364490485052e+04
2.669254799312911928e+02 1.410694140625000000e+04 1.410593084858327711e+04
2.669459124971181154e+02 1.410262109375000000e+04 1.410588863271381160e+04
2.669663451625965536e+02 1.410573144531250000e+04 1.410584701285403935e+04
2.669867779286578298e+02 1.410934375000000000e+04 1.410580600498037165e+04
2.670072105950675905e+02 1.410474707031250000e+04 1.410576562546420973e+04
2.670276431613601744e+02 1.410944140625000000e+04 1.410572589026657806e+04
2.670480759278871119e+02 1.410799121093750000e+04 1.410568681477762584e+04
2.670685085947625339e+02 1.410697949218750000e+04 1.410564841554519444e+04
2.670889411619864404e+02 1.411178027343750000e+04 1.410561070852871853e+04
2.671093739289790392e+02 1.410888671875000000e+04 1.410557370915022693e+04
2.671298065963201225e+02 1.411312402343750000e+04 1.410553743392657998e+04
2.671502391640096903e+02 1.410607031250000000e+04 1.410550189881650294e+04
2.671706718318164349e+02 1.411142382812500000e+04 1.410546711944197523e+04
2.671911045997403562e+02 1.410611132812500000e+04 1.410543311178364638e+04
2.672115371678955853e+02 1.410373925781250000e+04 1.410539989230435822e+04
2.672319698361679912e+02 1.411667968750000000e+04 1.410536747648017808e+04
2.672524026050232351e+02 1.410485449218750000e+04 1.410533588029176826e+04
2.672728351736441255e+02 1.410565429687500000e+04 1.410530512016766079e+04
2.672932678423821926e+02 1.410307519531250000e+04 1.410527521161894765e+04
2.673137005115859210e+02 1.410966308593750000e+04 1.410524617076718823e+04
2.673341332809068263e+02 1.411018066406250000e+04 1.410521801344674896e+04
2.673545658504590392e+02 1.410251660156250000e+04 1.410519075603377132e+04
2.673749985201284289e+02 1.411020898437500000e+04 1.410516441409103027e+04
2.673954311902634799e+02 1.410166894531250000e+04 1.410513900372316311e+04
2.674158638603985310e+02 1.410515234375000000e+04 1.410511454090022744e+04
2.674362965309992433e+02 1.410002734375000000e+04 1.410509104159113849e+04
2.674567292011342943e+02 1.411450781250000000e+04 1.410506852176640132e+04
2.674771618722006679e+02 1.410727050781250000e+04 1.410504699739395983e+04
2.674975945428013802e+02 1.410136816406250000e+04 1.410502648444476108e+04
2.675180272143334150e+02 1.410239941406250000e+04 1.410500699888687450e+04
2.675384598853997886e+02 1.410376269531250000e+04 1.410498855669111254e+04
2.675588924568146467e+02 1.410296972656250000e+04 1.410497117390863241e+04
2.675793251288123429e+02 1.410474218750000000e+04 1.410495486633853579e+04
2.675997579004615545e+02 1.410283984375000000e+04 1.410493964996692921e+04
2.676201905729249120e+02 1.410388378906250000e+04 1.410492554091144484e+04
2.676406231452710927e+02 1.410903613281250000e+04 1.410491255512584939e+04
2.676610559173859656e+02 1.410044726562500000e+04 1.410490070839729378e+04
2.676814885903149843e+02 1.409306738281250000e+04 1.410489001687700147e+04
2.677019211631268263e+02 1.410462597656250000e+04 1.410488049651789333e+04
2.677223539361730218e+02 1.410314062500000000e+04 1.410487216315815385e+04
2.677427866095677018e+02 1.410030761718750000e+04 1.410486503289834218e+04
2.677632191833108664e+02 1.410335546875000000e+04 1.410485912169018411e+04
2.677836519568227232e+02 1.409939941406250000e+04 1.410485444542554615e+04
2.678040846306830645e+02 1.409909472656250000e+04 1.410485102015151824e+04
2.678245172048918903e+02 1.410873046875000000e+04 1.410484886181912589e+04
2.678449498792178929e+02 1.410386523437500000e+04 1.410484798637670247e+04
2.678653826536610723e+02 1.411776171875000000e+04 1.410484840981266825e+04
2.678858153284527361e+02 1.410466601562500000e+04 1.410485014809244603e+04
2.679062479035928845e+02 1.411002148437500000e+04 1.410485321716612998e+04
2.679266806785017252e+02 1.409914648437500000e+04 1.410485763305801083e+04
2.679471133537590504e+02 1.409855664062500000e+04 1.410486341168275976e+04
2.679675459293648601e+02 1.410375488281250000e+04 1.410487056898977789e+04
2.679879787052050233e+02 1.409958593750000000e+04 1.410487912106382646e+04
2.680084113813936710e+02 1.410345214843750000e+04 1.410488908375917890e+04
2.680288439574651420e+02 1.411558593750000000e+04 1.410490047302425955e+04
2.680492766336537898e+02 1.412465234375000000e+04 1.410491330494006252e+04
2.680697094099596143e+02 1.409865234375000000e+04 1.410492759549737093e+04
2.680901419869624078e+02 1.410777929687500000e+04 1.410494335969059648e+04
2.681105746636167169e+02 1.410724511718750000e+04 1.410496059928528302e+04
2.681310074408538640e+02 1.410539746093750000e+04 1.410497930396405354e+04
2.681514400183223188e+02 1.409775292968750000e+04 1.410499946270552391e+04
2.681718726959079504e+02 1.411244921875000000e+04 1.410502106505910888e+04
2.681923054736107588e+02 1.410160253906250000e+04 1.410504410031012594e+04
2.682127381516620517e+02 1.409855957031250000e+04 1.410506855749752867e+04
2.682331707295961678e+02 1.410788867187500000e+04 1.410509442586415753e+04
2.682536034081131220e+02 1.411985644531250000e+04 1.410512169492837165e+04
2.682740361867472529e+02 1.409956054687500000e+04 1.410515035397426436e+04
2.682944687656126916e+02 1.409248632812500000e+04 1.410518039183527435e+04
2.683149014445953071e+02 1.410053906250000000e+04 1.410521179820636644e+04
2.683353342236950994e+02 1.410513281250000000e+04 1.410524456237174672e+04
2.683557668030261993e+02 1.410949804687500000e+04 1.410527867310482725e+04
2.683761994824744761e+02 1.410282714843750000e+04 1.410531412016059039e+04
2.683966321623884141e+02 1.411029296875000000e+04 1.410535089264020280e+04
2.684170648423023522e+02 1.409425097656250000e+04 1.410538897980704860e+04
2.684374975226819515e+02 1.410320898437500000e+04 1.410542837092619448e+04
2.684579301029443741e+02 1.410949023437500000e+04 1.410546905505846553e+04
2.684783628834411502e+02 1.409808789062500000e+04 1.410551102207551412e+04
2.684987955642864108e+02 1.411344335937500000e+04 1.410555426063501000e+04
2.685192281454801559e+02 1.410260546875000000e+04 1.410559875998259304e+04
2.685396609264425933e+02 1.411653417968750000e+04 1.410564451004373768e+04
2.685600936077535152e+02 1.410096875000000000e+04 1.410569149942135664e+04
2.685805261894129217e+02 1.409811132812500000e+04 1.410573971736155363e+04
2.686009589713066816e+02 1.410832226562500000e+04 1.410578915384520042e+04
2.686213916535489261e+02 1.410158300781250000e+04 1.410583979741985968e+04
2.686418242356739938e+02 1.410774707031250000e+04 1.410589163733091664e+04
2.686622570180334151e+02 1.411743652343750000e+04 1.410594466361330342e+04
2.686826897007413208e+02 1.410441503906250000e+04 1.410599886476165739e+04
2.687031222833320498e+02 1.410180078125000000e+04 1.410605423002176030e+04
2.687235549665056169e+02 1.410683105468750000e+04 1.410611074920167084e+04
2.687439877497963607e+02 1.410416210937500000e+04 1.410616841158119132e+04
2.687644204334355891e+02 1.411604101562500000e+04 1.410622720586071227e+04
2.687848530169576406e+02 1.411295214843750000e+04 1.410628712128653933e+04
2.688052858007140458e+02 1.410618261718750000e+04 1.410634814801174616e+04
2.688257184848189354e+02 1.410645898437500000e+04 1.410641027441300321e+04
2.688461510692723095e+02 1.410975585937500000e+04 1.410647348973845510e+04
2.688665838539600372e+02 1.410471679687500000e+04 1.410653778418804359e+04
2.688870165385305882e+02 1.410394531250000000e+04 1.410660314608874614e+04
2.689074491234496236e+02 1.411692871093750000e+04 1.410666956469061915e+04
2.689278818084858358e+02 1.410610742187500000e+04 1.410673702990728270e+04
2.689483145936392248e+02 1.410416796875000000e+04 1.410680553101818441e+04
2.689687471794895828e+02 1.410972851562500000e+04 1.410687505627619066e+04
2.689891798649914563e+02 1.411358886718750000e+04 1.410694559595523242e+04
2.690096126510761678e+02 1.410230664062500000e+04 1.410701713933750216e+04
2.690300452373921871e+02 1.410886523437500000e+04 1.410708967462825785e+04
2.690504779233597219e+02 1.410936816406250000e+04 1.410716319214732357e+04
2.690709107103757560e+02 1.410057812500000000e+04 1.410723768117826694e+04
2.690913433968089521e+02 1.410966210937500000e+04 1.410731313025017153e+04
2.691117759840562940e+02 1.409845996093750000e+04 1.410738952861834332e+04
2.691322086709551513e+02 1.410657324218750000e+04 1.410746686629048054e+04
2.691526414584368467e+02 1.409829394531250000e+04 1.410754513254798439e+04
2.691730740461498499e+02 1.410770214843750000e+04 1.410762431549782559e+04
2.691935067339800298e+02 1.409727929687500000e+04 1.410770440555963432e+04
2.692139395219273865e+02 1.410731054687500000e+04 1.410778539201080275e+04
2.692343721101060510e+02 1.410785546875000000e+04 1.410786726292037929e+04
2.692548047988675535e+02 1.410070605468750000e+04 1.410795000874956531e+04
2.692752375872805715e+02 1.411479296875000000e+04 1.410803361877151474e+04
2.692956701763905585e+02 1.411496289062500000e+04 1.410811808102080613e+04
2.693161028651520610e+02 1.410817089843750000e+04 1.410820338599117167e+04
2.693365355548448861e+02 1.410366796875000000e+04 1.410828952254085016e+04
2.693569682440720499e+02 1.411183007812500000e+04 1.410837647992812163e+04
2.693978336239233613e+02 1.411246679687500000e+04 1.410855281428401759e+04
2.694182663140818477e+02 1.411161523437500000e+04 1.410864216977900833e+04
2.694386990042403340e+02 1.411193945312500000e+04 1.410873230317022535e+04
2.694591315947473049e+02 1.411284082031250000e+04 1.410882320327663547e+04
2.694795643854886293e+02 1.410825097656250000e+04 1.410891486070213432e+04
2.694999970765784383e+02 1.409705664062500000e+04 1.410900726337120068e+04
2.695204296675510705e+02 1.412190429687500000e+04 1.410910040053501507e+04
2.695408624592237175e+02 1.410353320312500000e+04 1.410919426283430585e+04
2.695612951507791877e+02 1.410878320312500000e+04 1.410928883815667905e+04
2.695817277422174811e+02 1.410188085937500000e+04 1.410938411575586724e+04
2.696021604342386127e+02 1.411273242187500000e+04 1.410948008583196497e+04
2.696225932268425822e+02 1.410887011718750000e+04 1.410957673765924665e+04
2.696430259193293750e+02 1.409450390625000000e+04 1.410967405955248796e+04
2.696634585116989911e+02 1.410635449218750000e+04 1.410977204076605267e+04
2.697043239977210760e+02 1.411181347656250000e+04 1.410996994110546075e+04
2.697247565910220146e+02 1.410994042968750000e+04 1.411006983730525826e+04
2.697451893845573068e+02 1.410029589843750000e+04 1.411017035134571779e+04
2.697656220784410834e+02 1.410024023437500000e+04 1.411027147102029630e+04
2.697860546722076833e+02 1.411244433593750000e+04 1.411037318558202242e+04
2.698064873665571213e+02 1.411059375000000000e+04 1.411047548529419691e+04
2.698269201605580747e+02 1.410291308593750000e+04 1.411057835942482052e+04
2.698473527552559972e+02 1.411465332031250000e+04 1.411068179572872941e+04
2.698677854500710964e+02 1.410584765625000000e+04 1.411078578498174102e+04
2.698882182450033724e+02 1.411709570312500000e+04 1.411089031645605428e+04
2.699086509402841330e+02 1.410513671875000000e+04 1.411099537839378900e+04
2.699290835354477167e+02 1.411018261718750000e+04 1.411110096004898151e+04
2.699495163313113153e+02 1.411526074218750000e+04 1.411120705224398625e+04
2.699699490270577371e+02 1.411860253906250000e+04 1.411131364268475591e+04
2.699903816231526434e+02 1.412620605468750000e+04 1.411142072063062551e+04
2.700108143193647265e+02 1.410739355468750000e+04 1.411152827639269526e+04
2.700312471156939864e+02 1.411300781250000000e+04 1.411163629924204179e+04
2.700516797127202153e+02 1.412269433593750000e+04 1.411174477685650345e+04
2.700721124093979597e+02 1.411457714843750000e+04 1.411185370008407699e+04
2.700925452066585422e+02 1.412572753906250000e+04 1.411196305820032649e+04
2.701129778041504323e+02 1.410176269531250000e+04 1.411207283885877769e+04
2.701334105017594993e+02 1.410165136718750000e+04 1.411218303293172357e+04
2.701538432994857430e+02 1.411363281250000000e+04 1.411229362968929127e+04
2.701742758974432945e+02 1.411591406250000000e+04 1.411240461676954328e+04
2.701947085955180228e+02 1.411739062500000000e+04 1.411251598506271694e+04
2.702151412940584123e+02 1.411393359375000000e+04 1.411262772329261497e+04
2.702355739925988019e+02 1.409903222656250000e+04 1.411273982072084982e+04
2.702560066916048527e+02 1.410060644531250000e+04 1.411285226661413253e+04
2.702764393906109035e+02 1.410583496093750000e+04 1.411296505023403734e+04
2.702968721897341311e+02 1.412341308593750000e+04 1.411307816139971328e+04
2.703173047890886664e+02 1.411499804687500000e+04 1.411319158771285947e+04
2.703377374890260398e+02 1.411349023437500000e+04 1.411330532010265597e+04
2.703581701889634132e+02 1.411573925781250000e+04 1.411341934727564512e+04
2.703786028889007866e+02 1.411134765625000000e+04 1.411353365849596776e+04
2.703990355893038213e+02 1.411335156250000000e+04 1.411364824303036585e+04
2.704194682897068560e+02 1.410434960937500000e+04 1.411376309014037906e+04
2.704399009905755520e+02 1.411999609375000000e+04 1.411387818909276393e+04
2.704603336914442480e+02 1.411463867187500000e+04 1.411399352914903102e+04
2.704807662926614285e+02 1.410938183593750000e+04 1.411410909900913975e+04
2.705011990941129625e+02 1.410808105468750000e+04 1.411422488963505748e+04
2.705216317959129810e+02 1.410601953125000000e+04 1.411434088859309304e+04
2.705420643975958228e+02 1.413166113281250000e+04 1.411445708514175749e+04
2.705624971999786794e+02 1.410987304687500000e+04 1.411457347025726995e+04
2.705829299022443593e+02 1.410970800781250000e+04 1.411469003149168202e+04
2.706033625048585236e+02 1.410495703125000000e+04 1.411480675810926004e+04
2.706237953072413802e+02 1.411041894531250000e+04 1.411492364108582115e+04
2.706442280104383826e+02 1.413332812500000000e+04 1.411504066797648557e+04
2.706646606135182083e+02 1.410998339843750000e+04 1.411515782803801631e+04
2.706850933167152107e+02 1.411662890625000000e+04 1.411527511168272031e+04
2.707055261204950511e+02 1.411755566406250000e+04 1.411539250817913853e+04
2.707259587245061994e+02 1.410606738281250000e+04 1.411551000506496348e+04
2.707463914281688631e+02 1.412548535156250000e+04 1.411562759332541100e+04
2.707668242328800261e+02 1.411944824218750000e+04 1.411574526223390421e+04
2.707872569370083511e+02 1.412048730468750000e+04 1.411586299989337567e+04
2.708076895419508219e+02 1.411659863281250000e+04 1.411598079557506026e+04
2.708281223466619849e+02 1.411130078125000000e+04 1.411609864026695868e+04
2.708485550517216325e+02 1.412333789062500000e+04 1.411621652150664340e+04
2.708689876571297646e+02 1.411546777343750000e+04 1.411633442855778412e+04
2.708894203626550734e+02 1.412552539062500000e+04 1.411645235183730802e+04
2.709098531687632203e+02 1.411296972656250000e+04 1.411657028061218989e+04
2.709302857746370137e+02 1.411338476562500000e+04 1.411668820241039066e+04
2.709507184806279838e+02 1.413757226562500000e+04 1.411680610822951348e+04
2.709711512872017920e+02 1.412296191406250000e+04 1.411692398735498318e+04
2.709915838940069079e+02 1.411282421875000000e+04 1.411704182791824132e+04
2.710120166009292006e+02 1.410981250000000000e+04 1.411715962218831191e+04
2.710324494079686701e+02 1.411961425781250000e+04 1.411727736074159839e+04
2.710528820152394474e+02 1.411399609375000000e+04 1.411739503242768478e+04
2.710733147226274014e+02 1.411745996093750000e+04 1.411751262955128914e+04
2.710937475305981934e+02 1.411499121093750000e+04 1.411763014269105406e+04
2.711141802384518087e+02 1.410975097656250000e+04 1.411774756126982720e+04
2.711346128466539085e+02 1.412237304687500000e+04 1.411786487586887961e+04
2.711550455549731851e+02 1.412072460937500000e+04 1.411798207821237884e+04
2.711754783638752997e+02 1.411622851562500000e+04 1.411809915887841635e+04
2.711959109725430608e+02 1.412411035156250000e+04 1.411821610672138377e+04
2.712163436817936599e+02 1.411874707031250000e+04 1.411833291404117699e+04
2.712367764911614358e+02 1.411033886718750000e+04 1.411844957141013037e+04
2.712572091007605195e+02 1.411494433593750000e+04 1.411856606769439531e+04
2.712776418104767799e+02 1.411816894531250000e+04 1.411868239518211703e+04
2.712980746203102171e+02 1.411989843750000000e+04 1.411879854444787088e+04
2.713185072303749621e+02 1.411340429687500000e+04 1.411891450436548621e+04
2.713389393407851458e+02 1.410902343750000000e+04 1.411903026382037569e+04
2.713593720514327288e+02 1.412335937500000000e+04 1.411914581961998010e+04
2.713798048621974885e+02 1.411271386718750000e+04 1.411926115950241729e+04
2.714002375733107328e+02 1.412267578125000000e+04 1.411937627291712306e+04
2.714206701847724617e+02 1.411942382812500000e+04 1.411949115044462087e+04
2.714411029964685440e+02 1.411615820312500000e+04 1.411960578434630224e+04
2.714615357080474496e+02 1.411535546875000000e+04 1.411972016351244747e+04
2.714819683199748397e+02 1.412047851562500000e+04 1.411983427852659224e+04
2.715024011321365833e+02 1.411791113281250000e+04 1.411994812163873212e+04
2.715228338446468115e+02 1.411575390625000000e+04 1.412006168175314997e+04
2.715432664570398629e+02 1.412750683593750000e+04 1.412017494944860118e+04
2.715636991700157523e+02 1.412283593750000000e+04 1.412028791641483622e+04
2.715841319831088185e+02 1.412606738281250000e+04 1.412040057322191751e+04
2.716045645964331925e+02 1.411244824218750000e+04 1.412051290879587759e+04
2.716249973098747432e+02 1.412827929687500000e+04 1.412062491536495872e+04
2.716454301238991320e+02 1.413073339843750000e+04 1.412073658350392543e+04
2.716658627376891673e+02 1.413709863281250000e+04 1.412084790214843815e+04
2.716862954520620406e+02 1.411818750000000000e+04 1.412095886351709487e+04
2.717067281664349139e+02 1.413140234375000000e+04 1.412106945763818658e+04
2.717271608808077872e+02 1.411705468750000000e+04 1.412117967508885158e+04
2.717475935956463218e+02 1.410863867187500000e+04 1.412128950644873112e+04
2.717680262108333409e+02 1.412141015625000000e+04 1.412139894175970403e+04
2.717884590262547135e+02 1.412360546875000000e+04 1.412150797320211313e+04
2.718088917420245707e+02 1.411226855468750000e+04 1.412161658974985767e+04
2.718293243576772511e+02 1.412136718750000000e+04 1.412172478198375575e+04
2.718497571735642850e+02 1.412376269531250000e+04 1.412183254206815764e+04
2.718701898897998035e+02 1.412178222656250000e+04 1.412193985899543986e+04
2.718906226060353220e+02 1.413414941406250000e+04 1.412204672386933817e+04
2.719110553227365017e+02 1.412208984375000000e+04 1.412215312726941920e+04
2.719314880399033427e+02 1.412517675781250000e+04 1.412225905977279035e+04
2.719519207570701838e+02 1.411864257812500000e+04 1.412236451195415430e+04
2.719723534742370248e+02 1.412679296875000000e+04 1.412246947439065116e+04
2.719927861918695271e+02 1.411913476562500000e+04 1.412257393766179484e+04
2.720132189095020294e+02 1.412017480468750000e+04 1.412267789234232623e+04
2.720336515274830163e+02 1.412264355468750000e+04 1.412278132850618931e+04
2.720540843456983566e+02 1.413465527343750000e+04 1.412288423824476740e+04
2.720745170642621815e+02 1.412973144531250000e+04 1.412298661062090650e+04
2.720949496831744909e+02 1.412359472656250000e+04 1.412308843621966298e+04
2.721153825018554926e+02 1.412661816406250000e+04 1.412318970710627218e+04
2.721358152208849788e+02 1.412082910156250000e+04 1.412329041236974444e+04
2.721562478402629495e+02 1.413023339843750000e+04 1.412339054259555814e+04
2.721766806598752737e+02 1.411929980468750000e+04 1.412349008982614760e+04
2.721971133798360825e+02 1.412283300781250000e+04 1.412358904317329143e+04
2.722175460997968912e+02 1.412440039062500000e+04 1.412368739370105141e+04
2.722379787201061845e+02 1.412456445312500000e+04 1.412378513151138577e+04
2.722584115406498313e+02 1.412375878906250000e+04 1.412388224861135859e+04
2.722788442615419626e+02 1.412009179687500000e+04 1.412397873414812057e+04
2.722992768823169172e+02 1.412975292968750000e+04 1.412407457870593134e+04
2.723197097033262253e+02 1.411806445312500000e+04 1.412416977426605081e+04
2.723605750463902950e+02 1.412422070312500000e+04 1.412435817650552417e+04
2.723810078683309257e+02 1.411114648437500000e+04 1.412445136572153569e+04
2.724014405906200409e+02 1.414109765625000000e+04 1.412454386685606005e+04
2.724218732127919793e+02 1.412149023437500000e+04 1.412463567049427002e+04
2.724423059355467558e+02 1.412007128906250000e+04 1.412472676811506062e+04
2.724627387579530478e+02 1.411803906250000000e+04 1.412481715028095095e+04
2.724831713810563087e+02 1.413838867187500000e+04 1.412490680625196546e+04
2.725036041042767465e+02 1.415233691406250000e+04 1.412499572792435902e+04
2.725240368279628456e+02 1.411349609375000000e+04 1.412508390543617497e+04
2.725444695516489446e+02 1.412428808593750000e+04 1.412517132936250709e+04
2.725649022753350437e+02 1.413378515625000000e+04 1.412525799028049005e+04
2.725853350996039808e+02 1.412237500000000000e+04 1.412534387918812354e+04
2.726057677241042256e+02 1.414142480468750000e+04 1.412542898540569149e+04
2.726262004487216473e+02 1.412419238281250000e+04 1.412551330076515296e+04
2.726466332734562457e+02 1.413863183593750000e+04 1.412559681583193014e+04
2.726670658984221518e+02 1.419666796875000000e+04 1.412567951996333431e+04
2.726874986239708960e+02 1.412905371093750000e+04 1.412576140495813161e+04
2.727079312494024634e+02 1.412487597656250000e+04 1.412584246058920871e+04
2.727283640750683844e+02 1.412020898437500000e+04 1.412592267861903565e+04
2.727487968010827899e+02 1.412523339843750000e+04 1.412600204844118889e+04
2.727692295275628567e+02 1.412835351562500000e+04 1.412608056102785849e+04
2.727896622535772622e+02 1.411213769531250000e+04 1.412615820695258662e+04
2.728100949805229902e+02 1.412412890625000000e+04 1.412623497679777574e+04
2.728305277074687183e+02 1.411052441406250000e+04 1.412631086113699348e+04
2.728509604344144464e+02 1.413528417968750000e+04 1.412638585054736541e+04
2.728713931618258357e+02 1.412044042968750000e+04 1.412645993560769057e+04
2.728918258897028863e+02 1.413371582031250000e+04 1.412653310689503269e+04
2.729122585174627602e+02 1.412811230468750000e+04 1.412660535463308770e+04
2.729326913454569876e+02 1.412722753906250000e+04 1.412667667045416238e+04
2.729531240737996995e+02 1.411377343750000000e+04 1.412674704388178725e+04
2.729735567020252347e+02 1.413017675781250000e+04 1.412681646550537334e+04
2.729939895309507847e+02 1.412497167968750000e+04 1.412688492691701504e+04
2.730144222597591579e+02 1.412426367187500000e+04 1.412695241767881271e+04
2.730348548893816769e+02 1.412559765625000000e+04 1.412701892838523054e+04
2.730552877187728882e+02 1.413322167968750000e+04 1.412708445057923745e+04
2.730757204485125840e+02 1.411913183593750000e+04 1.412714897387051678e+04
2.730961531782522798e+02 1.412157421875000000e+04 1.412721248915815522e+04
2.731165858083404601e+02 1.413059179687500000e+04 1.412727498671696958e+04
2.731370186386629939e+02 1.413666406250000000e+04 1.412733645803377112e+04
2.731574513693340123e+02 1.412751074218750000e+04 1.412739689277590151e+04
2.731778840003535151e+02 1.412108593750000000e+04 1.412745628153569305e+04
2.731983168311417103e+02 1.412127734375000000e+04 1.412751461575282519e+04
2.732187495622783899e+02 1.413958203125000000e+04 1.412757188514181689e+04
2.732391821942292154e+02 1.412910449218750000e+04 1.412762808029669759e+04
2.732596150259487331e+02 1.413768457031250000e+04 1.412768319260881617e+04
2.732800477580167353e+02 1.412606347656250000e+04 1.412773721183968519e+04
2.733004803899675608e+02 1.412569726562500000e+04 1.412779012858129863e+04
2.733209132226184011e+02 1.413790234375000000e+04 1.412784193418163886e+04
2.733413459551520646e+02 1.412299707031250000e+04 1.412789261844690373e+04
2.733617785880342126e+02 1.413008886718750000e+04 1.412794217197187390e+04
2.733822113214991987e+02 1.413449707031250000e+04 1.412799058581923600e+04
2.734026440549641848e+02 1.413410156250000000e+04 1.412803785031938241e+04
2.734230767884291708e+02 1.413255859375000000e+04 1.412808395604942234e+04
2.734435095223598182e+02 1.412714648437500000e+04 1.412812889358748907e+04
2.734639423564076424e+02 1.411379687500000000e+04 1.412817265372114343e+04
2.734843749906867743e+02 1.413968750000000000e+04 1.412821522639391151e+04
2.735048077250830829e+02 1.412222070312500000e+04 1.412825660281644559e+04
2.735252405600622296e+02 1.413635644531250000e+04 1.412829677354910382e+04
2.735456731952726841e+02 1.413202539062500000e+04 1.412833572858733532e+04
2.735661059301346540e+02 1.413253613281250000e+04 1.412837345908806128e+04
2.735865385658107698e+02 1.412906445312500000e+04 1.412840995526128245e+04
2.736069714017212391e+02 1.414155859375000000e+04 1.412844520820972502e+04
2.736274041375145316e+02 1.412853320312500000e+04 1.412847920798313680e+04
2.736478368737734854e+02 1.412967480468750000e+04 1.412851194533515809e+04
2.736682696104981005e+02 1.412488183593750000e+04 1.412854341084280350e+04
2.736887023467570543e+02 1.412710937500000000e+04 1.412857359508175614e+04
2.737091350839473307e+02 1.412745312500000000e+04 1.412860248863114430e+04
2.737295678211376071e+02 1.413515429687500000e+04 1.412863008206667109e+04
2.737500005583278835e+02 1.412392382812500000e+04 1.412865636596544209e+04
2.737704332959838212e+02 1.412818359375000000e+04 1.412868133090513766e+04
2.737908659339882433e+02 1.413171875000000000e+04 1.412870496735021698e+04
2.738112987717613578e+02 1.413704199218750000e+04 1.412872726621435322e+04
2.738317315103486180e+02 1.413164843750000000e+04 1.412874821773849908e+04
2.738521641488187015e+02 1.412656542968750000e+04 1.412876781258225856e+04
2.738725969879887998e+02 1.413454296875000000e+04 1.412878604553964033e+04
2.738930297265760601e+02 1.413013183593750000e+04 1.412880291688465513e+04
2.739134623659774661e+02 1.412438867187500000e+04 1.412881842771429910e+04
2.739338952056132257e+02 1.414412109375000000e+04 1.412883257932165179e+04
2.739543279451318085e+02 1.413128906250000000e+04 1.412884537256460317e+04
2.739747606851160526e+02 1.413161425781250000e+04 1.412885680859193781e+04
2.739951933254487813e+02 1.413059082031250000e+04 1.412886688843337834e+04
2.740156261660158634e+02 1.413336914062500000e+04 1.412887561330274548e+04
2.740360589064657688e+02 1.413044433593750000e+04 1.412888298413770644e+04
2.740564915477298200e+02 1.413432519531250000e+04 1.412888900203428784e+04
2.740769243887625635e+02 1.412721289062500000e+04 1.412889366814642563e+04
2.740973571301437914e+02 1.413651562500000000e+04 1.412889698347170633e+04
2.741177897718735039e+02 1.412545703125000000e+04 1.412889894910576550e+04
2.741382226138375700e+02 1.412255957031250000e+04 1.412889956614336916e+04
2.741586553556844592e+02 1.412565917968750000e+04 1.412889883564142110e+04
2.741790879983454943e+02 1.412435546875000000e+04 1.412889675869547864e+04
2.741995208407752216e+02 1.412950878906250000e+04 1.412889333634110517e+04
2.742199535835534334e+02 1.412657910156250000e+04 1.412888856969443805e+04
2.742403862266801298e+02 1.412764062500000000e+04 1.412888245985103458e+04
2.742608189699240029e+02 1.413606250000000000e+04 1.412887500782698407e+04
2.742812517136335373e+02 1.414103222656250000e+04 1.412886621472459592e+04
2.743016844573430717e+02 1.412782324218750000e+04 1.412885608161991877e+04
2.743221172015182674e+02 1.413775195312500000e+04 1.412884460958855198e+04
2.743425500458106399e+02 1.412531250000000000e+04 1.412883179964055125e+04
2.743629826903343201e+02 1.412992285156250000e+04 1.412881765304959299e+04
2.743834154349751770e+02 1.411894921875000000e+04 1.412880217069370701e+04
2.744038482801988721e+02 1.413369238281250000e+04 1.412878535362875300e+04
2.744242809251882136e+02 1.412294433593750000e+04 1.412876720318795742e+04
2.744447136707603931e+02 1.411584375000000000e+04 1.412874772018973454e+04
2.744651464163325727e+02 1.413038476562500000e+04 1.412872690579604387e+04
2.744855791623704135e+02 1.411920800781250000e+04 1.412870476108224466e+04
2.745060119084082544e+02 1.412999707031250000e+04 1.412868128712467114e+04
2.745264446549117565e+02 1.412562695312500000e+04 1.412865648499863528e+04
2.745468774014152586e+02 1.411626367187500000e+04 1.412863035578054405e+04
2.745673101483844221e+02 1.411238769531250000e+04 1.412860290054562756e+04
2.745877428958192468e+02 1.413691992187500000e+04 1.412857412036968526e+04
2.746081756432540715e+02 1.413592480468750000e+04 1.412854401632921326e+04
2.746286083906888962e+02 1.413004882812500000e+04 1.412851258950009287e+04
2.746490411385893822e+02 1.412642089843750000e+04 1.412847984095744687e+04
2.746694739866070449e+02 1.412918945312500000e+04 1.412844577160769040e+04
2.746899066353216767e+02 1.412588671875000000e+04 1.412841038303557252e+04
2.747103393836878240e+02 1.412225195312500000e+04 1.412837367580883802e+04
2.747307720324024558e+02 1.412283593750000000e+04 1.412833565136141624e+04
2.747512048813514411e+02 1.413315527343750000e+04 1.412829631020138550e+04
2.747716376311145723e+02 1.412621093750000000e+04 1.412825565397136597e+04
2.747920703804120421e+02 1.412881835937500000e+04 1.412821368356044331e+04
2.748125031301751733e+02 1.412585839843750000e+04 1.412817040004258160e+04
2.748329358804039657e+02 1.412466894531250000e+04 1.412812580449357847e+04
2.748533686306327581e+02 1.412858007812500000e+04 1.412807989799028655e+04
2.748738013813272119e+02 1.412275000000000000e+04 1.412803268160750304e+04
2.748942341320216656e+02 1.414423535156250000e+04 1.412798415642213513e+04
2.749146668827161193e+02 1.412603320312500000e+04 1.412793432351007868e+04
2.749350995342247188e+02 1.412897753906250000e+04 1.412788318419862480e+04
2.749555323855020106e+02 1.412523828125000000e+04 1.412783073880578377e+04
2.749759651371277869e+02 1.412168750000000000e+04 1.412777698916637382e+04
2.749963977895677090e+02 1.412230761718750000e+04 1.412772193637409509e+04
2.750168306413106620e+02 1.412574511718750000e+04 1.412766558069101120e+04
2.750372633938677609e+02 1.412950390625000000e+04 1.412760792400670834e+04
2.750576960467733443e+02 1.413250390625000000e+04 1.412754896741736411e+04
2.750781288999132812e+02 1.411899218750000000e+04 1.412748871112397683e+04
2.750985616529360414e+02 1.412578320312500000e+04 1.412742715707862044e+04
2.751189943063072860e+02 1.412028222656250000e+04 1.412736430637479680e+04
2.751394270597957075e+02 1.411992968750000000e+04 1.412730015947387074e+04
2.751598599138669670e+02 1.412169433593750000e+04 1.412723471743115806e+04
2.751802925681695342e+02 1.413422558593750000e+04 1.412716798229394772e+04
2.752007253225892782e+02 1.413382910156250000e+04 1.412709995416811944e+04
2.752211581771261990e+02 1.411843554687500000e+04 1.412703063411056246e+04
2.752415908323600888e+02 1.412142968750000000e+04 1.412696002422236961e+04
2.752620235872454941e+02 1.412916210937500000e+04 1.412688812455575317e+04
2.752824564427137375e+02 1.412291699218750000e+04 1.412681493616437547e+04
2.753028890984132886e+02 1.411616992187500000e+04 1.412674046120933053e+04
2.753233218542300165e+02 1.412027734375000000e+04 1.412666469968285674e+04
2.753641873667947948e+02 1.413012304687500000e+04 1.412650932230086983e+04
2.753846201230771840e+02 1.411926757812500000e+04 1.412642970859883280e+04
2.754050528802908957e+02 1.412532910156250000e+04 1.412634881298690198e+04
2.754254856370389462e+02 1.411478710937500000e+04 1.412626663654644290e+04
2.754459183947183192e+02 1.412363378906250000e+04 1.412618318034768527e+04
2.754663511523976922e+02 1.413145800781250000e+04 1.412609844547022658e+04
2.754867839100770652e+02 1.412993750000000000e+04 1.412601243298995360e+04
2.755072166682220995e+02 1.411617285156250000e+04 1.412592514398074127e+04
2.755276494263671339e+02 1.413230859375000000e+04 1.412583657952042995e+04
2.755480822850950062e+02 1.412455664062500000e+04 1.412574674023952321e+04
2.755685149435885251e+02 1.411255468750000000e+04 1.412565562854585733e+04
2.755889477031305432e+02 1.411249609375000000e+04 1.412556324418113400e+04
2.756093803620897233e+02 1.413237500000000000e+04 1.412546958913283015e+04
2.756298132217489183e+02 1.411599902343750000e+04 1.412537466308653529e+04
2.756502459817565978e+02 1.413739062500000000e+04 1.412527846850407877e+04
2.756706787417642772e+02 1.412764648437500000e+04 1.412518100600148682e+04
2.756911115017719567e+02 1.412134667968750000e+04 1.412508227665464256e+04
2.757115442627109587e+02 1.411662695312500000e+04 1.412498228153484524e+04
2.757319770231842995e+02 1.411826464843750000e+04 1.412488102172477556e+04
2.757524097845889628e+02 1.411883789062500000e+04 1.412477849829334809e+04
2.757728425455279648e+02 1.418577636718750000e+04 1.412467471232341632e+04
2.757932753073982894e+02 1.412617773437500000e+04 1.412456966488373473e+04
2.758137079691514373e+02 1.413334863281250000e+04 1.412446335757885572e+04
2.758341408311389387e+02 1.412882519531250000e+04 1.412435578991274633e+04
2.758545735934749246e+02 1.412398437500000000e+04 1.412424696453072102e+04
2.758750062556937337e+02 1.411280761718750000e+04 1.412413688252958855e+04
2.758954391186125576e+02 1.411402539062500000e+04 1.412402554335529749e+04
2.759158718814142048e+02 1.412072070312500000e+04 1.412391294971361276e+04
2.759363045450299978e+02 1.413685156250000000e+04 1.412379910269365610e+04
2.759567374084144831e+02 1.412721875000000000e+04 1.412368400169632150e+04
2.759771701721474528e+02 1.412057910156250000e+04 1.412356764947497868e+04
2.759976028362289071e+02 1.411745898437500000e+04 1.412345004712381160e+04
2.760180357005447149e+02 1.413002539062500000e+04 1.412333119398346025e+04
2.760384684647433460e+02 1.411666210937500000e+04 1.412321109286769570e+04
2.760589011297561228e+02 1.413559765625000000e+04 1.412308974486519037e+04
2.760793338944204152e+02 1.412533496093750000e+04 1.412296714987090672e+04
2.760997667601332068e+02 1.412057226562500000e+04 1.412284330893399238e+04
2.761201994256116450e+02 1.412434082031250000e+04 1.412271822496543064e+04
2.761406321912072599e+02 1.411724414062500000e+04 1.412259189721157418e+04
2.761610650573857129e+02 1.412824511718750000e+04 1.412246432672711489e+04
2.761814977233298123e+02 1.413262792968750000e+04 1.412233551647514469e+04
2.762019304898567498e+02 1.412193164062500000e+04 1.412220546564423421e+04
2.762223633569665253e+02 1.411835546875000000e+04 1.412207417529196755e+04
2.762427960238419473e+02 1.412816113281250000e+04 1.412194164843617182e+04
2.762632287908345461e+02 1.412382128906250000e+04 1.412180788421374018e+04
2.762836615582928061e+02 1.411579589843750000e+04 1.412167288434380680e+04
2.763040943262167275e+02 1.413432226562500000e+04 1.412153664990216203e+04
2.763245270941406488e+02 1.412432617187500000e+04 1.412139918196776671e+04
2.763653927310369909e+02 1.411846191406250000e+04 1.412112054922919560e+04
2.763858253997750580e+02 1.412104785156250000e+04 1.412097938795398841e+04
2.764062581686303020e+02 1.412061523437500000e+04 1.412083699680080827e+04
2.764266910380683839e+02 1.411841113281250000e+04 1.412069337682418882e+04
2.764471237077377737e+02 1.411462500000000000e+04 1.412054853122008717e+04
2.764675564770586789e+02 1.412783300781250000e+04 1.412040245895084081e+04
2.764879893474280834e+02 1.411299218750000000e+04 1.412025516106429495e+04
2.765084220175631344e+02 1.411995312500000000e+04 1.412010664081715186e+04
2.765288547882810235e+02 1.412816796875000000e+04 1.411995689710769147e+04
2.765492875585332513e+02 1.411094335937500000e+04 1.411980593174334354e+04
2.765697203297168016e+02 1.412495605468750000e+04 1.411965374578964838e+04
2.765901531009003520e+02 1.411445214843750000e+04 1.411950034032933036e+04
2.766105858725495636e+02 1.411984863281250000e+04 1.411934571643475283e+04
2.766310186441987753e+02 1.411979394531250000e+04 1.411918987518527501e+04
2.766514514163136482e+02 1.412636621093750000e+04 1.411903281765319480e+04
2.766718841884285212e+02 1.412049511718750000e+04 1.411887454491793687e+04
2.766923170611262321e+02 1.411100976562500000e+04 1.411871505726731266e+04
2.767127497340552509e+02 1.412558203125000000e+04 1.411855435813041186e+04
2.767331825071014464e+02 1.412411914062500000e+04 1.411839244628588858e+04
2.767536151800304651e+02 1.412236230468750000e+04 1.411822933311284578e+04
2.767740480536594987e+02 1.411834863281250000e+04 1.411806504424097147e+04
2.767944808276370168e+02 1.411025976562500000e+04 1.411789961242572463e+04
2.768149135014973581e+02 1.411492285156250000e+04 1.411773306803656305e+04
2.768353463760577142e+02 1.411794433593750000e+04 1.411756543896263247e+04
2.768557791505008936e+02 1.412629980468750000e+04 1.411739675801303019e+04
2.768762118252925575e+02 1.412581347656250000e+04 1.411722705554827553e+04
2.768966447003185749e+02 1.412263769531250000e+04 1.411705635941941728e+04
2.769170774756930768e+02 1.411845507812500000e+04 1.411688470247360965e+04
2.769375101509504020e+02 1.411760058593750000e+04 1.411671211507778571e+04
2.769579429267905653e+02 1.411533496093750000e+04 1.411653862588569609e+04
2.769783758032135665e+02 1.413667871093750000e+04 1.411636426523342016e+04
2.769988084794022143e+02 1.410920117187500000e+04 1.411618906604330186e+04
2.770192412557080388e+02 1.412124023437500000e+04 1.411601305609524206e+04
2.770396741325967014e+02 1.411811816406250000e+04 1.411583626572267167e+04
2.770601068097166717e+02 1.411847851562500000e+04 1.411565872787899571e+04
2.770805395874194801e+02 1.411876074218750000e+04 1.411548047030901762e+04
2.771009724647738039e+02 1.411616894531250000e+04 1.411530152335968160e+04
2.771214051428250968e+02 1.410634082031250000e+04 1.411512192000321375e+04
2.771418379205279052e+02 1.410636035156250000e+04 1.411494168796570375e+04
2.771622707992792130e+02 1.411148339843750000e+04 1.411476085757496185e+04
2.771827034777961671e+02 1.410711425781250000e+04 1.411457946185070614e+04
2.772031362564302981e+02 1.411430566406250000e+04 1.411439752847973796e+04
2.772235690355300903e+02 1.411940820312500000e+04 1.411421508869452373e+04
2.772440019152127206e+02 1.411020117187500000e+04 1.411403217194680838e+04
2.772644345946609974e+02 1.411855859375000000e+04 1.411384881128204142e+04
2.772848673746921122e+02 1.411219531250000000e+04 1.411366503435307095e+04
2.773053002548404038e+02 1.410358496093750000e+04 1.411348087150735228e+04
2.773257329352200031e+02 1.411548144531250000e+04 1.411329635579962996e+04
2.773461657157167792e+02 1.411060546875000000e+04 1.411311151487348616e+04
2.773665985967963934e+02 1.412311328125000000e+04 1.411292637906932941e+04
2.773870312776416540e+02 1.411581542968750000e+04 1.411274098146394317e+04
2.774074640590697527e+02 1.411081738281250000e+04 1.411255534967887252e+04
2.774278968409635127e+02 1.410424414062500000e+04 1.411236951497106929e+04
2.774483296228572726e+02 1.411634765625000000e+04 1.411218350769394601e+04
2.774687624052166939e+02 1.410758789062500000e+04 1.411199735819243324e+04
2.774891951875761151e+02 1.411214453125000000e+04 1.411181109681994894e+04
2.775096280700527132e+02 1.410701855468750000e+04 1.411162475301247468e+04
2.775300607532262802e+02 1.410384082031250000e+04 1.411143835985029364e+04
2.775504935365170240e+02 1.410253417968750000e+04 1.411125194495147480e+04
2.775709264199249446e+02 1.410937304687500000e+04 1.411106553866512877e+04
2.775913591035641730e+02 1.410987890625000000e+04 1.411087917407603891e+04
2.776117918873205781e+02 1.411561132812500000e+04 1.411069287879778130e+04
2.776322246720083058e+02 1.410624121093750000e+04 1.411050668408435195e+04
2.776526574562303722e+02 1.412397167968750000e+04 1.411032062029767076e+04
2.776730902409180999e+02 1.410807324218750000e+04 1.411013471777845007e+04
2.776935229259543121e+02 1.411622070312500000e+04 1.410994900778532065e+04
2.777139558112248778e+02 1.412275000000000000e+04 1.410976351794340735e+04
2.777343885968439281e+02 1.411180566406250000e+04 1.410957828132599025e+04
2.777548212828114629e+02 1.411982714843750000e+04 1.410939332827835460e+04
2.777752541685476899e+02 1.410781250000000000e+04 1.410920868644161419e+04
2.777956869550980628e+02 1.411077050781250000e+04 1.410902438886886011e+04
2.778161196415312588e+02 1.411224902343750000e+04 1.410884046591244260e+04
2.778365525286644697e+02 1.409595312500000000e+04 1.410865694521668775e+04
2.778569853156805038e+02 1.409667089843750000e+04 1.410847385983569256e+04
2.778774180030450225e+02 1.410720019531250000e+04 1.410829124010787928e+04
2.778978507905267179e+02 1.409705761718750000e+04 1.410810911459689851e+04
2.779182836781255901e+02 1.409843750000000000e+04 1.410792751365944605e+04
2.779387163664214313e+02 1.411147265625000000e+04 1.410774647030189954e+04
2.779591491548344493e+02 1.410694628906250000e+04 1.410756601221634628e+04
2.779795820433646441e+02 1.411679492187500000e+04 1.410738616976082267e+04
2.780000147321261466e+02 1.411622460937500000e+04 1.410720697591936914e+04
2.780204475214704871e+02 1.410122851562500000e+04 1.410702845840233567e+04
2.780408804109320045e+02 1.410605468750000000e+04 1.410685064757319924e+04
2.780613131006248295e+02 1.410964257812500000e+04 1.410667357638551766e+04
2.780817458904348314e+02 1.410569140625000000e+04 1.410649727258418716e+04
2.781021786807104945e+02 1.411555175781250000e+04 1.410632176738389353e+04
2.781226115711033344e+02 1.410432910156250000e+04 1.410614709028407560e+04
2.781430442617274821e+02 1.410752929687500000e+04 1.410597327419140493e+04
2.781634770529344678e+02 1.410779394531250000e+04 1.410580034689374588e+04
2.781839099442586303e+02 1.411499609375000000e+04 1.410562833875759679e+04
2.782043426358141005e+02 1.410966699218750000e+04 1.410545728264978970e+04
2.782247754274867475e+02 1.412176269531250000e+04 1.410528720640197207e+04
2.782452083192765713e+02 1.410651660156250000e+04 1.410511814037800286e+04
2.782656410117633641e+02 1.411379882812500000e+04 1.410495011739706206e+04
2.782860738043673337e+02 1.410869238281250000e+04 1.410478316533851103e+04
2.783065066970884800e+02 1.411386914062500000e+04 1.410461731456756388e+04
2.783473721835762262e+02 1.409801171875000000e+04 1.410428904313350722e+04
2.783678049771115184e+02 1.410231640625000000e+04 1.410412668155294159e+04
2.783882378707639873e+02 1.410259667968750000e+04 1.410396554268037107e+04
2.784086705651134253e+02 1.410861523437500000e+04 1.410380565921727248e+04
2.784291033591143787e+02 1.409865429687500000e+04 1.410364705916434286e+04
2.784495362536981702e+02 1.410491503906250000e+04 1.410348977288269089e+04
2.784699689485132694e+02 1.410390332031250000e+04 1.410333383302384755e+04
2.784904017439112067e+02 1.411445410156250000e+04 1.410317926763493233e+04
2.785108345393091440e+02 1.411292871093750000e+04 1.410302610783615819e+04
2.785312673351727426e+02 1.410759570312500000e+04 1.410287438397332153e+04
2.785517001310363412e+02 1.410322070312500000e+04 1.410272412639916001e+04
2.785721329273656011e+02 1.410539062500000000e+04 1.410257536545955190e+04
2.785925657236948609e+02 1.410011914062500000e+04 1.410242813150717484e+04
2.786129985204897821e+02 1.410777539062500000e+04 1.410228245488797438e+04
2.786334312171675265e+02 1.410033203125000000e+04 1.410213836665662893e+04
2.786538641145452857e+02 1.409987304687500000e+04 1.410199589505294534e+04
2.786742969122715294e+02 1.411369042968750000e+04 1.410185507253250034e+04
2.786947296098805964e+02 1.410578808593750000e+04 1.410171592942334792e+04
2.787151625077240169e+02 1.410357617187500000e+04 1.410157849404188710e+04
2.787355953063815832e+02 1.410560253906250000e+04 1.410144279876407018e+04
2.787560280049219728e+02 1.409700976562500000e+04 1.410130887391966098e+04
2.787764609036967158e+02 1.410612792968750000e+04 1.410117674790244200e+04
2.787968937028199434e+02 1.410107226562500000e+04 1.410104645301418714e+04
2.788173264022916555e+02 1.410450292968750000e+04 1.410091801957714779e+04
2.788377592018805444e+02 1.409641406250000000e+04 1.410079147668484075e+04
2.788581921015866101e+02 1.410100781250000000e+04 1.410066685471454548e+04
2.788786248015239835e+02 1.409847656250000000e+04 1.410054418583034021e+04
2.788990576020441949e+02 1.409086132812500000e+04 1.410042349856402143e+04
2.789194905026815832e+02 1.410062011718750000e+04 1.410030482329702681e+04
2.789399233036674559e+02 1.410534082031250000e+04 1.410018819153908407e+04
2.789603560050018132e+02 1.409592578125000000e+04 1.410007363360933778e+04
2.789807889065705240e+02 1.410502832031250000e+04 1.409996117819116989e+04
2.790012217080220580e+02 1.410248925781250000e+04 1.409985085730241008e+04
2.790216544102877378e+02 1.410055859375000000e+04 1.409974270125585099e+04
2.790420872126705945e+02 1.409634570312500000e+04 1.409963673934582039e+04
2.790625201147049665e+02 1.410275292968750000e+04 1.409953300195641350e+04
2.790829528179019690e+02 1.409713671875000000e+04 1.409943152093595927e+04
2.791033856207504869e+02 1.409952050781250000e+04 1.409933232513477560e+04
2.791238185241818428e+02 1.409482226562500000e+04 1.409923544493141890e+04
2.791442512278445065e+02 1.409026464843750000e+04 1.409914091208224454e+04
2.791646840316243470e+02 1.409645410156250000e+04 1.409904875553184320e+04
2.791851169355213642e+02 1.408825585937500000e+04 1.409895900566465571e+04
2.792055496401153505e+02 1.409608496093750000e+04 1.409887169412746334e+04
2.792259824448265135e+02 1.411158398437500000e+04 1.409878684997226082e+04
2.792464153496548533e+02 1.410720898437500000e+04 1.409870450358482231e+04
2.792668481548316777e+02 1.410736230468750000e+04 1.409862468611972872e+04
2.792872808603569865e+02 1.410179785156250000e+04 1.409854742788903968e+04
2.793077136659994721e+02 1.409460156250000000e+04 1.409847275848666141e+04
2.793281465722247958e+02 1.409785449218750000e+04 1.409840070829853903e+04
2.793485792782157660e+02 1.409684179687500000e+04 1.409833130871539470e+04
2.793690120847895741e+02 1.408779882812500000e+04 1.409826458904532046e+04
2.793894448913633823e+02 1.409741992187500000e+04 1.409820057998578704e+04
2.794098776984028518e+02 1.410509863281250000e+04 1.409813931188471361e+04
2.794303105059079826e+02 1.409519433593750000e+04 1.409808081509158001e+04
2.794507433134131134e+02 1.409687304687500000e+04 1.409802511995710302e+04
2.794711761213839054e+02 1.410070019531250000e+04 1.409797225682940370e+04
2.794916089293546975e+02 1.409980664062500000e+04 1.409792225605908607e+04
2.795120416381396353e+02 1.410304785156250000e+04 1.409787514821703553e+04
2.795324745466932654e+02 1.410333203125000000e+04 1.409783096298481360e+04
2.795529073555953801e+02 1.409774023437500000e+04 1.409778973138076981e+04
2.795733400648459792e+02 1.409364453125000000e+04 1.409775148371075920e+04
2.795937729743309319e+02 1.409968359375000000e+04 1.409771624978491127e+04
2.796142057836987078e+02 1.409737597656250000e+04 1.409768406048912948e+04
2.796346384938806295e+02 1.409431640625000000e+04 1.409765494251657583e+04
2.796550714042969048e+02 1.409466503906250000e+04 1.409762891180146289e+04
2.796755042145960033e+02 1.409384863281250000e+04 1.409760598322323312e+04
2.796959369252435863e+02 1.410107031250000000e+04 1.409758617120984309e+04
2.797163697364740074e+02 1.409441992187500000e+04 1.409756949004138369e+04
2.797368026478216052e+02 1.410564062500000000e+04 1.409755595423854174e+04
2.797572353594005108e+02 1.408347363281250000e+04 1.409754557845098861e+04
2.797776681710965931e+02 1.408758300781250000e+04 1.409753837697736162e+04
2.797981010833755136e+02 1.408105175781250000e+04 1.409753436433846218e+04
2.798185338960029185e+02 1.408948828125000000e+04 1.409753355504796855e+04
2.798389666085131466e+02 1.410297949218750000e+04 1.409753596353290413e+04
2.798798323348164558e+02 1.409697656250000000e+04 1.409755049184410927e+04
2.799002650482580066e+02 1.409639257812500000e+04 1.409756264051189464e+04
2.799206979619339108e+02 1.409269726562500000e+04 1.409757806500652805e+04
2.799411307759582996e+02 1.408855761718750000e+04 1.409759677959994042e+04
2.799615634903311729e+02 1.409516015625000000e+04 1.409761879871797646e+04
2.799819963048212230e+02 1.409738281250000000e+04 1.409764413705005427e+04
2.800024292194284499e+02 1.409504589843750000e+04 1.409767280911915805e+04
2.800228619347326458e+02 1.410038671875000000e+04 1.409770482895487476e+04
2.800432947501540184e+02 1.409366894531250000e+04 1.409774021147610256e+04
2.800637276656925678e+02 1.410389843750000000e+04 1.409777897120646048e+04
2.800841603819280863e+02 1.409466699218750000e+04 1.409782112202740609e+04
2.801045931978151202e+02 1.410258691406250000e+04 1.409786667900489920e+04
2.801250261142849922e+02 1.408597167968750000e+04 1.409791565666527458e+04
2.801454589311033487e+02 1.409300878906250000e+04 1.409796806900296724e+04
2.801658916482701898e+02 1.410070019531250000e+04 1.409802393044168639e+04
2.801863244655542076e+02 1.409864257812500000e+04 1.409808325600176249e+04
2.802067573829554021e+02 1.409267480468750000e+04 1.409814606020829888e+04
2.802271901005879045e+02 1.408888378906250000e+04 1.409821235658811929e+04
2.802476229188032448e+02 1.410831835937500000e+04 1.409828216056437850e+04
2.802680557370185852e+02 1.409793750000000000e+04 1.409835548629343430e+04
2.802884885556995869e+02 1.410190234375000000e+04 1.409843234825116815e+04
2.803089213748462498e+02 1.409458886718750000e+04 1.409851276091191903e+04
2.803293541939929128e+02 1.408230957031250000e+04 1.409859673874807959e+04
2.803497870136052370e+02 1.410488183593750000e+04 1.409868429623578049e+04
2.803702198332175612e+02 1.409365039062500000e+04 1.409877544784723796e+04
2.803906526528298855e+02 1.409025488281250000e+04 1.409887020805656721e+04
2.804110854733735323e+02 1.409082519531250000e+04 1.409896859134242914e+04
2.804315182939171791e+02 1.409767089843750000e+04 1.409907061217467344e+04
2.804519510148093104e+02 1.408984960937500000e+04 1.409917628450312077e+04
2.804723839354701340e+02 1.409976562500000000e+04 1.409928562437729124e+04
2.804928167569451034e+02 1.409521875000000000e+04 1.409939864469864551e+04
2.805132494787685573e+02 1.410442382812500000e+04 1.409951535988487376e+04
2.805336824003607035e+02 1.409602050781250000e+04 1.409963578614764810e+04
2.805541152227669954e+02 1.409566992187500000e+04 1.409975993622653914e+04
2.805745479450561106e+02 1.409832031250000000e+04 1.409988782453540443e+04
2.805949808680452406e+02 1.409501269531250000e+04 1.410001946745882924e+04
2.806154136909171939e+02 1.411181054687500000e+04 1.410015487756060247e+04
2.806358464141376317e+02 1.410836718750000000e+04 1.410029406926255979e+04
2.806562792374752462e+02 1.409840332031250000e+04 1.410043705839973700e+04
2.806767121613956988e+02 1.409325000000000000e+04 1.410058385950553929e+04
2.806971449856646359e+02 1.410591308593750000e+04 1.410073448561581245e+04
2.807175777098163962e+02 1.409521875000000000e+04 1.410088895114501793e+04
2.807380106346681714e+02 1.409247363281250000e+04 1.410104727286978414e+04
2.807584434594027698e+02 1.409748535156250000e+04 1.410120946296187503e+04
2.807788761844858527e+02 1.409683984375000000e+04 1.410137553584225134e+04
2.807993091098032892e+02 1.411456250000000000e+04 1.410154550845117956e+04
2.808197419354692101e+02 1.410680859375000000e+04 1.410171939279696926e+04
2.808401746619492769e+02 1.409704101562500000e+04 1.410189720330047567e+04
2.808606075877323747e+02 1.409808789062500000e+04 1.410207895706227100e+04
2.808810404143296182e+02 1.410676953125000000e+04 1.410226466593036457e+04
2.809014731412753463e+02 1.410147656250000000e+04 1.410245434431680042e+04
2.809219059683382511e+02 1.410068164062500000e+04 1.410264800855022258e+04
2.809423388959839940e+02 1.411166503906250000e+04 1.410284567316798712e+04
2.809627716233953834e+02 1.409861230468750000e+04 1.410304734970482241e+04
2.809832044513896108e+02 1.410466015625000000e+04 1.410325305557459069e+04
2.810036373795010149e+02 1.409889160156250000e+04 1.410346280530618424e+04
2.810240702079609036e+02 1.410213281250000000e+04 1.410367661132323337e+04
2.810445029367692769e+02 1.410177441406250000e+04 1.410389448804038693e+04
2.810649358658120036e+02 1.410251074218750000e+04 1.410411645315961869e+04
2.810853685950860381e+02 1.411780566406250000e+04 1.410434251680982015e+04
2.811058014244772494e+02 1.411777343750000000e+04 1.410457269675295174e+04
2.811262342547997832e+02 1.410243554687500000e+04 1.410480700637629161e+04
2.811466670846566558e+02 1.410572460937500000e+04 1.410504546013807339e+04
2.811670999149791896e+02 1.411444042968750000e+04 1.410528807252329716e+04
2.811875327457673848e+02 1.411208300781250000e+04 1.410553485800636008e+04
2.812079655765555799e+02 1.412830761718750000e+04 1.410578583105591497e+04
2.812283984078094363e+02 1.411050781250000000e+04 1.410604100615193602e+04
2.812488312395289540e+02 1.411094921875000000e+04 1.410630039776883859e+04
2.812692640712484717e+02 1.410872460937500000e+04 1.410656402037498265e+04
2.813101297356188297e+02 1.411572265625000000e+04 1.410710401646398532e+04
2.813305625682696700e+02 1.410061816406250000e+04 1.410738041889548185e+04
2.813509954009205103e+02 1.410921191406250000e+04 1.410766111021310644e+04
2.813714282340370119e+02 1.411255761718750000e+04 1.410794610489753177e+04
2.813918609675019979e+02 1.409481250000000000e+04 1.410823541599500095e+04
2.814122939012013376e+02 1.411938964843750000e+04 1.410852906225773586e+04
2.814327267352491617e+02 1.411667187500000000e+04 1.410882705388216345e+04
2.814531594696454704e+02 1.409801171875000000e+04 1.410912940527870524e+04
2.814735924042761326e+02 1.410654296875000000e+04 1.410943613539130456e+04
2.814940252387896180e+02 1.411024511718750000e+04 1.410974725421754010e+04
2.815144580742344260e+02 1.411903906250000000e+04 1.411006277773821057e+04
2.815348909096792340e+02 1.411364746093750000e+04 1.411038272041336313e+04
2.815553237451240420e+02 1.410968847656250000e+04 1.411070709671713121e+04
2.815757565810345113e+02 1.410437792968750000e+04 1.411103592113119521e+04
2.815961893172934651e+02 1.410136230468750000e+04 1.411136920648598789e+04
2.816166222537867725e+02 1.412054492187500000e+04 1.411170697218020359e+04
2.816370550906285644e+02 1.411574121093750000e+04 1.411204922776383683e+04
2.816574878278188407e+02 1.411936425781250000e+04 1.411239598764518087e+04
2.816779207652434707e+02 1.410624707031250000e+04 1.411274727142102711e+04
2.816983536025509238e+02 1.410959863281250000e+04 1.411310308843512030e+04
2.817187863406725228e+02 1.411392480468750000e+04 1.411346345311135519e+04
2.817392192785628140e+02 1.412538574218750000e+04 1.411382838523008104e+04
2.817596521172672510e+02 1.411045996093750000e+04 1.411419789395985208e+04
2.817800848558545113e+02 1.410677929687500000e+04 1.411457199369086811e+04
2.818005177946761250e+02 1.412462890625000000e+04 1.411495070443018449e+04
2.818209506343118846e+02 1.412172265625000000e+04 1.411533403513660051e+04
2.818413833738304675e+02 1.412020507812500000e+04 1.411572200019906086e+04
2.818618162134662271e+02 1.412716992187500000e+04 1.411611461789358327e+04
2.818822491536848247e+02 1.411162402343750000e+04 1.411651190277187925e+04
2.819026819942519069e+02 1.412356542968750000e+04 1.411691386541524844e+04
2.819231147347018123e+02 1.411549023437500000e+04 1.411732052021993150e+04
2.819435476758517325e+02 1.411912304687500000e+04 1.411773188768171349e+04
2.819639805168844759e+02 1.411395800781250000e+04 1.411814797625331266e+04
2.819844132582657039e+02 1.411493359375000000e+04 1.411856880034898859e+04
2.820048462003469467e+02 1.412730859375000000e+04 1.411899438066401490e+04
2.820252790423110127e+02 1.411445703125000000e+04 1.411942472544219345e+04
2.820457117846235633e+02 1.412177148437500000e+04 1.411985984909747640e+04
2.820661446275189519e+02 1.412875683593750000e+04 1.412029977036835044e+04
2.820865774704143405e+02 1.412504980468750000e+04 1.412074450159878324e+04
2.821070103137753904e+02 1.412992285156250000e+04 1.412119405727322737e+04
2.821274431571364403e+02 1.412732031250000000e+04 1.412164845185575723e+04
2.821478760009631515e+02 1.411363671875000000e+04 1.412210769983103455e+04
2.821683088447898626e+02 1.412297949218750000e+04 1.412257181566291365e+04
2.821887416890822351e+02 1.411629101562500000e+04 1.412304081383629455e+04
2.822091745338402689e+02 1.411125585937500000e+04 1.412351470882564900e+04
2.822296073785983026e+02 1.411168261718750000e+04 1.412399351509451117e+04
2.822500402238219976e+02 1.413739550781250000e+04 1.412447724712810123e+04
2.822704731691628695e+02 1.412133691406250000e+04 1.412496592179625804e+04
2.822909059152007103e+02 1.412777636718750000e+04 1.412545954637615068e+04
2.823113387608900666e+02 1.412104687500000000e+04 1.412595814252794116e+04
2.823317715073935688e+02 1.412766699218750000e+04 1.412646171987383423e+04
2.823522044536657631e+02 1.412016406250000000e+04 1.412697030029277448e+04
2.823726373007521033e+02 1.411909277343750000e+04 1.412748389085480994e+04
2.823930701478384435e+02 1.411986425781250000e+04 1.412800250849071926e+04
2.824135029953904450e+02 1.414046093750000000e+04 1.412852616768665030e+04
2.824543686909601092e+02 1.412923242187500000e+04 1.412958866863212825e+04
2.824748015394434333e+02 1.412479003906250000e+04 1.413012753934256762e+04
2.824952343879267573e+02 1.413077929687500000e+04 1.413067150949836105e+04
