1.051840013990644366e+03 9.809305664062500000e+03 9.813451491473289934e+03
1.051860447290353477e+03 9.816999023437500000e+03 9.813360722910878394e+03
1.051880880590062588e+03 9.813559570312500000e+03 9.813272689478480970e+03
1.051901313890703022e+03 9.811068359375000000e+03 9.813187351750111702e+03
1.051921747191343457e+03 9.822002929687500000e+03 9.813104670307677225e+03
1.051942180592566729e+03 9.810561523437500000e+03 9.813024605341272036e+03
1.051962613893672824e+03 9.804987304687500000e+03 9.812947118215066439e+03
1.051983047095593065e+03 9.819309570312500000e+03 9.812872169465934348e+03
1.052003480497747660e+03 9.816500000000000000e+03 9.812799718592061254e+03
1.052023913800250739e+03 9.812567382812500000e+03 9.812729727252946759e+03
1.052044347003102303e+03 9.813291015625000000e+03 9.812662155990708925e+03
1.052064780406188220e+03 9.814694335937500000e+03 9.812596964409145585e+03
1.052085213609971106e+03 9.811216796875000000e+03 9.812534114361193133e+03
1.052105647013988346e+03 9.816013671875000000e+03 9.812473565195643459e+03
1.052126080318354070e+03 9.809826171875000000e+03 9.812415278395841597e+03
1.052146513523068279e+03 9.807642578125000000e+03 9.812359214506788703e+03
1.052166946928016841e+03 9.812795898437500000e+03 9.812305333299702397e+03
1.052187380233779550e+03 9.803512695312500000e+03 9.812253596158032451e+03
1.052207813439425081e+03 9.816309570312500000e+03 9.812203963630865474e+03
1.052228246845770627e+03 9.808988281250000000e+03 9.812156395580659591e+03
1.052269113558810204e+03 9.815822265625000000e+03 9.812067296920986337e+03
1.052289546766318381e+03 9.807601562500000000e+03 9.812025687644483696e+03
1.052309980073943734e+03 9.816596679687500000e+03 9.811985985425140825e+03
1.052330413481686264e+03 9.815305664062500000e+03 9.811948150868498487e+03
1.052350846690125763e+03 9.814675781250000000e+03 9.811912145093345316e+03
1.052371279998682439e+03 9.805495117187500000e+03 9.811877928136638729e+03
1.052391713407821953e+03 9.813258789062500000e+03 9.811845460601456580e+03
1.052412146617192775e+03 9.809080078125000000e+03 9.811814703530275438e+03
1.052432579927146435e+03 9.813723632812500000e+03 9.811785617036421172e+03
1.052453013337217271e+03 9.808959960937500000e+03 9.811758161722660589e+03
1.052473446547985077e+03 9.808060546875000000e+03 9.811732298557399190e+03
1.052493879958521575e+03 9.811113281250000000e+03 9.811707987613090154e+03
1.052514313269872218e+03 9.805139648437500000e+03 9.811685189834564881e+03
1.052534746581688523e+03 9.806468750000000000e+03 9.811663865677375725e+03
1.052555179893504828e+03 9.820120117187500000e+03 9.811643975719829541e+03
1.052575613205786794e+03 9.817492187500000000e+03 9.811625480539292766e+03
1.052596046518534422e+03 9.810304687500000000e+03 9.811608340713624784e+03
1.052616479931399226e+03 9.810507812500000000e+03 9.811592516746650290e+03
1.052636913144960999e+03 9.812909179687500000e+03 9.811577969438625587e+03
1.052657346558757126e+03 9.816124023437500000e+03 9.811564659082680009e+03
1.052677779872901738e+03 9.806974609375000000e+03 9.811552546460965459e+03
1.052698213087860495e+03 9.813085937500000000e+03 9.811541592133758968e+03
1.052718646502587944e+03 9.807172851562500000e+03 9.811531756526905156e+03
1.052739079717546701e+03 9.808430664062500000e+03 9.811523000410730674e+03
1.052759513033553958e+03 9.816265625000000000e+03 9.811515284226348740e+03
1.052779946449212730e+03 9.810557617187500000e+03 9.811508568567063776e+03
1.052800379665568471e+03 9.812702148437500000e+03 9.811502814101753756e+03
1.052820812982507050e+03 9.818357421875000000e+03 9.811497981316832011e+03
1.052841246399562806e+03 9.806002929687500000e+03 9.811494030803442001e+03
1.052861679616849869e+03 9.821217773437500000e+03 9.811490923191036927e+03
1.052882113034836948e+03 9.812054687500000000e+03 9.811488618996250807e+03
1.052902546352706850e+03 9.808511718750000000e+03 9.811487078836569708e+03
1.052922979571390897e+03 9.801901367187500000e+03 9.811486263278769911e+03
1.052943412990309298e+03 9.812636718750000000e+03 9.811486132893815011e+03
1.052963846309576184e+03 9.812329101562500000e+03 9.811486648266301927e+03
1.052984279529191554e+03 9.807914062500000000e+03 9.811487769964798645e+03
1.053004712949041277e+03 9.813465820312500000e+03 9.811489458587780973e+03
1.053025146269705147e+03 9.813078125000000000e+03 9.811491674692329980e+03
1.053045579690020531e+03 9.812505859375000000e+03 9.811494378877328927e+03
1.053066012911032885e+03 9.811745117187500000e+03 9.811497531677554434e+03
1.053086446232628077e+03 9.817264648437500000e+03 9.811501093713839509e+03
1.053106879654340446e+03 9.813187500000000000e+03 9.811505025569555073e+03
1.053127312876749784e+03 9.807345703125000000e+03 9.811509287762297390e+03
1.053147746199276298e+03 9.824067382812500000e+03 9.811513840929921571e+03
1.053168179622385651e+03 9.802502929687500000e+03 9.811518645654228749e+03
1.053188612945377827e+03 9.811275390625000000e+03 9.811523662465584493e+03
1.053209046169184148e+03 9.806811523437500000e+03 9.811528851939106971e+03
1.053229479593224823e+03 9.808630859375000000e+03 9.811534174729618826e+03
1.053249912917613983e+03 9.809196289062500000e+03 9.811539591337597813e+03
1.053270346242003143e+03 9.812252929687500000e+03 9.811545062366398270e+03
1.053290779567323625e+03 9.817463867187500000e+03 9.811550548393972349e+03
1.053311212892644107e+03 9.810781250000000000e+03 9.811556009997759247e+03
1.053331646218430251e+03 9.813170898437500000e+03 9.811561407755572873e+03
1.053352079544682056e+03 9.813378906250000000e+03 9.811566702245097986e+03
1.053372512871399522e+03 9.814927734375000000e+03 9.811571854044008433e+03
1.053392946198116988e+03 9.812726562500000000e+03 9.811576823729865282e+03
1.053413379525300115e+03 9.817369140625000000e+03 9.811581571880464253e+03
1.053433812953066081e+03 9.809185546875000000e+03 9.811586059094741358e+03
1.053454246181063354e+03 9.811274414062500000e+03 9.811590245886514822e+03
1.053474679509643465e+03 9.807629882812500000e+03 9.811594092897283190e+03
1.053495112938340753e+03 9.811000000000000000e+03 9.811597560699337919e+03
1.053515546167269349e+03 9.821448242187500000e+03 9.811600609822415208e+03
1.053535979496780783e+03 9.807285156250000000e+03 9.811603200892157474e+03
1.053556412926409394e+03 9.813482421875000000e+03 9.811605294479122676e+03
1.053576846156734973e+03 9.807022460937500000e+03 9.811606851134123644e+03
1.053597279487177730e+03 9.804874023437500000e+03 9.811607831461633396e+03
1.053617712918203324e+03 9.812065429687500000e+03 9.811608196030552790e+03
1.053638146149925888e+03 9.811685546875000000e+03 9.811607905417842630e+03
1.053658579581417143e+03 9.812623046875000000e+03 9.811606920195205021e+03
1.053679012913256884e+03 9.815060546875000000e+03 9.811605200949528808e+03
1.053699446245562285e+03 9.810761718750000000e+03 9.811602708255322796e+03
1.053719879578333348e+03 9.810476562500000000e+03 9.811599402690178977e+03
1.053740312911570072e+03 9.810231445312500000e+03 9.811595244831696618e+03
1.053760746245272458e+03 9.807469726562500000e+03 9.811590195257453161e+03
1.053781179578974843e+03 9.809333984375000000e+03 9.811584214545180657e+03
1.053801612913142890e+03 9.804386718750000000e+03 9.811577263272354685e+03
1.053822046347893775e+03 9.814711914062500000e+03 9.811569301974996051e+03
1.053842479682993144e+03 9.813796875000000000e+03 9.811560291308529486e+03
1.053862912917975336e+03 9.816500976562500000e+03 9.811550191866470414e+03
1.053883346353657544e+03 9.814169921875000000e+03 9.811538964069541180e+03
1.053903779689688236e+03 9.813661132812500000e+03 9.811526568651941488e+03
1.053924212926067412e+03 9.811289062500000000e+03 9.811512966208671060e+03
1.053944646363146603e+03 9.805464843750000000e+03 9.811498117108265433e+03
1.053965079700108618e+03 9.819827148437500000e+03 9.811481982137651357e+03
1.053985512937884778e+03 9.810363281250000000e+03 9.811464521892821722e+03
1.054005946375429630e+03 9.808482421875000000e+03 9.811445696685957955e+03
1.054026379613671452e+03 9.819938476562500000e+03 9.811425467462551751e+03
1.054046813052613288e+03 9.804995117187500000e+03 9.811403794403808206e+03
1.054067246391437948e+03 9.803727539062500000e+03 9.811380638395648930e+03
1.054087679630611092e+03 9.805666015625000000e+03 9.811355960037197292e+03
1.054108113070484251e+03 9.809663085937500000e+03 9.811329719531824594e+03
1.054128546410705894e+03 9.808590820312500000e+03 9.811301877831163438e+03
1.054148979651276022e+03 9.819413085937500000e+03 9.811272395536536351e+03
1.054169413092080504e+03 9.808046875000000000e+03 9.811241232780543214e+03
1.054189846433233470e+03 9.811049804687500000e+03 9.811208350585642620e+03
1.054210279874503613e+03 9.813578125000000000e+03 9.811173709207465436e+03
1.054230713116470724e+03 9.811414062500000000e+03 9.811137269744234800e+03
1.054251146459020674e+03 9.811390625000000000e+03 9.811098992251874733e+03
1.054271579901222140e+03 9.816064453125000000e+03 9.811058837282413151e+03
