1.893427238785661757e+02 1.000632910156250000e+04 1.000867022431735495e+04
1.893631566572003067e+02 1.001291308593750000e+04 1.000860138377563453e+04
1.893835895354859531e+02 1.000303222656250000e+04 1.000853416685466073e+04
1.894040225129574537e+02 1.000408300781250000e+04 1.000846855460735242e+04
1.894244552906602621e+02 1.000146875000000000e+04 1.000840452900974196e+04
1.894448881680145860e+02 1.000631738281250000e+04 1.000834207013980995e+04
1.894653211454860866e+02 1.001133984375000000e+04 1.000828115904680817e+04
1.894857540219090879e+02 1.001065234375000000e+04 1.000822177735804689e+04
1.895061867986805737e+02 1.000850488281250000e+04 1.000816390607490393e+04
1.895266196751035750e+02 1.000945898437500000e+04 1.000810752566080009e+04
1.895470525510609150e+02 1.002018554687500000e+04 1.000805261743070150e+04
1.895674854270182550e+02 1.000722265625000000e+04 1.000799916241113169e+04
1.895879182023927569e+02 1.000647460937500000e+04 1.000794714188249964e+04
1.896083511780016124e+02 1.001376074218750000e+04 1.000789653611716494e+04
1.896287840530276299e+02 1.000786035156250000e+04 1.000784732689829252e+04
1.896696497024968266e+02 1.001106250000000000e+04 1.000775302167896007e+04
1.896900826767086983e+02 9.999603515625000000e+03 1.000770788728628395e+04
1.897105155508033931e+02 1.000981054687500000e+04 1.000766407352310307e+04
1.897309483243152499e+02 1.001268554687500000e+04 1.000762156139892431e+04
1.897513812980614603e+02 1.000419238281250000e+04 1.000758033132514538e+04
1.897718141712248325e+02 1.001128906250000000e+04 1.000754036494591674e+04
1.897922469442710280e+02 1.001274121093750000e+04 1.000750164326969207e+04
1.898126798174344003e+02 1.001084667968750000e+04 1.000746414694492341e+04
1.898331127897836268e+02 9.999354492187500000e+03 1.000742785701894172e+04
1.898535455623641610e+02 1.001512500000000000e+04 1.000739275504173020e+04
1.898739784341305494e+02 1.000326562500000000e+04 1.000735882151881924e+04
1.898944114060141146e+02 1.000466503906250000e+04 1.000732603749345617e+04
1.899148442773148417e+02 1.000731933593750000e+04 1.000729438431538074e+04
1.899352770489640534e+02 1.000648339843750000e+04 1.000726384299450729e+04
1.899557099197991192e+02 1.000672753906250000e+04 1.000723439426150617e+04
1.899761428907513618e+02 1.000457421875000000e+04 1.000720601915872976e+04
1.899965756610035896e+02 9.999759765625000000e+03 1.000717869912392416e+04
1.900170085313729942e+02 1.000724511718750000e+04 1.000715241477496966e+04
1.900374415013939142e+02 1.000710351562500000e+04 1.000712714715536276e+04
1.900578742711804807e+02 1.001129199218750000e+04 1.000710287765637077e+04
1.900783071406185627e+02 1.000795507812500000e+04 1.000707958694232366e+04
1.900987399099394679e+02 1.000707031250000000e+04 1.000705725626894309e+04
1.901191728785634041e+02 1.000164453125000000e+04 1.000703586634373278e+04
1.901396057475358248e+02 1.000456445312500000e+04 1.000701539851433699e+04
1.901600386160425842e+02 1.000127832031250000e+04 1.000699583370244000e+04
1.901804714845493436e+02 1.000635839843750000e+04 1.000697715293540386e+04
1.902009043521247804e+02 1.000627343750000000e+04 1.000695933724187853e+04
1.902213372201658785e+02 1.000096875000000000e+04 1.000694236764845846e+04
1.902417699876241386e+02 1.000857031250000000e+04 1.000692622526087143e+04
1.902622029548510909e+02 1.001313671875000000e+04 1.000691089087560249e+04
1.902826358214952052e+02 1.001530078125000000e+04 1.000689634575175296e+04
1.903030685884878039e+02 1.000558984375000000e+04 1.000688257090505249e+04
1.903235015547834337e+02 1.000307226562500000e+04 1.000686954716734908e+04
1.903439344209618866e+02 1.000607714843750000e+04 1.000685725576276309e+04
1.903643671870231628e+02 1.001095410156250000e+04 1.000684567770853391e+04
1.903848000527359545e+02 1.002027929687500000e+04 1.000683479391935907e+04
1.904052330185659230e+02 1.000520996093750000e+04 1.000682458543290159e+04
1.904256658833473921e+02 1.000813769531250000e+04 1.000681503337738468e+04
1.904460986484773457e+02 1.001598339843750000e+04 1.000680611877048796e+04
1.904665316133759916e+02 1.000594042968750000e+04 1.000679782251402503e+04
1.904869644776917994e+02 1.000435449218750000e+04 1.000679012576225614e+04
1.905073972418904305e+02 1.000860546875000000e+04 1.000678300953418147e+04
1.905278301062062383e+02 1.000491406250000000e+04 1.000677645478798695e+04
1.905482630697079003e+02 1.000255957031250000e+04 1.000677044255991677e+04
1.905686958329752088e+02 1.001252148437500000e+04 1.000676495396199789e+04
1.905891286963596940e+02 1.000187207031250000e+04 1.000675996993761510e+04
1.906095616593956947e+02 1.000531250000000000e+04 1.000675547152199761e+04
1.906299944221973419e+02 1.000804785156250000e+04 1.000675143980553912e+04
1.906504272846505046e+02 1.000063964843750000e+04 1.000674785575353599e+04
1.906708601466380060e+02 1.000364648437500000e+04 1.000674470041469613e+04
1.906912930086255074e+02 1.001543066406250000e+04 1.000674195481680363e+04
1.907117258701473475e+02 1.000644628906250000e+04 1.000673959998776991e+04
1.907321587316691875e+02 1.001210058593750000e+04 1.000673761695539542e+04
1.907525916928425431e+02 1.000825488281250000e+04 1.000673598674042660e+04
1.907730244537815452e+02 1.000528417968750000e+04 1.000673469039214251e+04
1.907934573148377240e+02 9.999323242187500000e+03 1.000673370891694685e+04
1.908138900753110647e+02 1.000296777343750000e+04 1.000673302335254448e+04
1.908343230355530977e+02 1.000708105468750000e+04 1.000673261471878504e+04
1.908547558952122927e+02 1.000473046875000000e+04 1.000673246405151440e+04
1.908751887553371489e+02 1.000700292968750000e+04 1.000673255237593185e+04
1.908956216145306826e+02 1.000825292968750000e+04 1.000673286071990151e+04
1.909160544737242162e+02 1.000638183593750000e+04 1.000673337011128751e+04
1.909364873329177499e+02 1.000212109375000000e+04 1.000673406157796489e+04
1.909569200915284455e+02 1.001695996093750000e+04 1.000673491614323029e+04
1.909773530499078333e+02 1.001392187500000000e+04 1.000673591484861390e+04
1.909977858080528677e+02 1.000093945312500000e+04 1.000673703870255849e+04
1.910182186663150787e+02 1.000537597656250000e+04 1.000673826874858787e+04
1.910386516237631440e+02 1.001769433593750000e+04 1.000673958601593404e+04
1.910590843814425170e+02 9.999911132812500000e+03 1.000674097151265596e+04
1.910795172387734056e+02 1.000582421875000000e+04 1.000674240628647021e+04
1.910999499955214560e+02 1.000468652343750000e+04 1.000674387135140023e+04
1.911203829525038600e+02 1.000801171875000000e+04 1.000674534775702341e+04
1.911408158089034259e+02 1.002200000000000000e+04 1.000674681650951425e+04
1.911612486653029919e+02 1.000666992187500000e+04 1.000674825864401646e+04
1.911816815212368965e+02 1.000773339843750000e+04 1.000674965518837053e+04
1.912021143771708012e+02 1.000401757812500000e+04 1.000675098717050059e+04
1.912225472321733832e+02 1.000233593750000000e+04 1.000675223561822713e+04
1.912429799875244498e+02 1.001271191406250000e+04 1.000675338155419195e+04
1.912634129426442087e+02 9.999613281250000000e+03 1.000675440602222443e+04
1.912838457971811295e+02 1.000699316406250000e+04 1.000675529003421980e+04
1.913042785520665348e+02 9.998883789062500000e+03 1.000675601462030863e+04
1.913247115062549710e+02 1.001909667968750000e+04 1.000675656081771922e+04
1.913451443603262305e+02 1.000404492187500000e+04 1.000675690964498426e+04
1.913655771138146520e+02 1.001876367187500000e+04 1.000675704213303834e+04
1.914064429206773639e+02 1.000835058593750000e+04 1.000675658220362493e+04
1.914268756737001240e+02 1.000795800781250000e+04 1.000675595184556005e+04
1.914473085263743997e+02 1.000749023437500000e+04 1.000675502925766159e+04
1.914677414787001908e+02 9.995424804687500000e+03 1.000675379546340264e+04
