8.205768727734684944e+02 1.044970312500000000e+04 1.045765161171322688e+04
8.205973073286004364e+02 1.044843652343750000e+04 1.045763902206789498e+04
8.206177417831495404e+02 1.045720800781250000e+04 1.045762650256674897e+04
8.206381761380471289e+02 1.045563867187500000e+04 1.045761405305631706e+04
8.206586106927134097e+02 1.045645800781250000e+04 1.045760167320279288e+04
8.206790451467968524e+02 1.045340527343750000e+04 1.045758936303676819e+04
8.206994795012287796e+02 1.045725097656250000e+04 1.045757712240476758e+04
8.207199140549637377e+02 1.045200488281250000e+04 1.045756495097632796e+04
8.207403485090471804e+02 1.046463476562500000e+04 1.045755284877813938e+04
8.207607828625477850e+02 1.046166113281250000e+04 1.045754081565785236e+04
8.207812174158170819e+02 1.046165039062500000e+04 1.045752885128720663e+04
8.208016518694348633e+02 1.044810253906250000e+04 1.045751695569014191e+04
8.208220862224698067e+02 1.046050488281250000e+04 1.045750512871429237e+04
8.208425207752734423e+02 1.046067675781250000e+04 1.045749337003443725e+04
8.208629552279599011e+02 1.046438964843750000e+04 1.045748167967175505e+04
8.208833896806463599e+02 1.044712304687500000e+04 1.045747005741657995e+04
8.209038241333328187e+02 1.046935351562500000e+04 1.045745850311702088e+04
8.209242585855536163e+02 1.045759863281250000e+04 1.045744701662145235e+04
8.209446930373087525e+02 1.045131054687500000e+04 1.045743559777799055e+04
8.209651274895295501e+02 1.045675781250000000e+04 1.045742424643421691e+04
8.209855619412846863e+02 1.047082128906250000e+04 1.045741296243876604e+04
8.210059963925741613e+02 1.046324121093750000e+04 1.045740174563974688e+04
8.210264308443292975e+02 1.046243554687500000e+04 1.045739059588476084e+04
8.210468652956187725e+02 1.044515820312500000e+04 1.045737951302242800e+04
8.210672997464425862e+02 1.046257226562500000e+04 1.045736849690085728e+04
8.210877341972663999e+02 1.045291894531250000e+04 1.045735754736791205e+04
8.211081686480902135e+02 1.045719628906250000e+04 1.045734666427169941e+04
8.211286031985655427e+02 1.045750000000000000e+04 1.045733584740774313e+04
8.211490375492721796e+02 1.045836425781250000e+04 1.045732509678216957e+04
8.211694720992818475e+02 1.045126660156250000e+04 1.045731441203313079e+04
8.211899065496399999e+02 1.046289746093750000e+04 1.045730379316554354e+04
8.212103408994153142e+02 1.045555468750000000e+04 1.045729324002703106e+04
8.212512098983861506e+02 1.045960742187500000e+04 1.045727233002017965e+04
8.212716442476958036e+02 1.045883300781250000e+04 1.045726197300149397e+04
8.212920787967741489e+02 1.045321875000000000e+04 1.045725168095161644e+04
8.213125132462009788e+02 1.045287500000000000e+04 1.045724145386994132e+04
8.213329475950449705e+02 1.045596289062500000e+04 1.045723129160409007e+04
8.213533821436576545e+02 1.045282128906250000e+04 1.045722119385328551e+04
8.213738165921531618e+02 1.046886523437500000e+04 1.045721116061429711e+04
8.213942511403001845e+02 1.045515429687500000e+04 1.045720119163714844e+04
8.214146854886785150e+02 1.045807421875000000e+04 1.045719128691555670e+04
8.214351199362426996e+02 1.046095996093750000e+04 1.045718144615224810e+04
8.214555543842725456e+02 1.046308789062500000e+04 1.045717166924335106e+04
8.214759888318367302e+02 1.046176464843750000e+04 1.045716195603742017e+04
8.214964232794009149e+02 1.045207617187500000e+04 1.045715230638234789e+04
8.215168577264994383e+02 1.045233300781250000e+04 1.045714272012646325e+04
8.215372921735979617e+02 1.046913574218750000e+04 1.045713319711766053e+04
8.215577266206964850e+02 1.045893457031250000e+04 1.045712373720404867e+04
8.215781610673293471e+02 1.045820507812500000e+04 1.045711434023395850e+04
8.215985955139622092e+02 1.045555371093750000e+04 1.045710500605528796e+04
8.216190299605950713e+02 1.045446777343750000e+04 1.045709573451614415e+04
8.216394645064137876e+02 1.046156152343750000e+04 1.045708652542009258e+04
8.216598988529294729e+02 1.045695019531250000e+04 1.045707737874930899e+04
8.216803333987481892e+02 1.045614648437500000e+04 1.045706829417348490e+04
8.217007678444497287e+02 1.045984570312500000e+04 1.045705927167429036e+04
8.217212021900340915e+02 1.045657421875000000e+04 1.045705031109894117e+04
8.217416367353871465e+02 1.045303710937500000e+04 1.045704141216448625e+04
8.217620711806230247e+02 1.045633203125000000e+04 1.045703257485009999e+04
8.217825055252760649e+02 1.045480175781250000e+04 1.045702379900318192e+04
8.218029400701634586e+02 1.045369628906250000e+04 1.045701508434310381e+04
8.218233745149336755e+02 1.045438085937500000e+04 1.045700643084651892e+04
8.218438088595867157e+02 1.046216015625000000e+04 1.045699783836063943e+04
8.218642434040084481e+02 1.044911035156250000e+04 1.045698930660792757e+04
8.218846778478473425e+02 1.045720312500000000e+04 1.045698083556234633e+04
8.219051121920347214e+02 1.045119628906250000e+04 1.045697242507072406e+04
8.219459811793640256e+02 1.045134472656250000e+04 1.045695578489660693e+04
8.219664157228544354e+02 1.045577246093750000e+04 1.045694755495208301e+04
8.219868500661104918e+02 1.044708398437500000e+04 1.045693938499345313e+04
8.220072845090180635e+02 1.045351171875000000e+04 1.045693127474848916e+04
8.220277190520428121e+02 1.045552539062500000e+04 1.045692322406599123e+04
8.220481533948332071e+02 1.046864062500000000e+04 1.045691523291197154e+04
8.220685878372751176e+02 1.045238574218750000e+04 1.045690730101682493e+04
8.220890223798342049e+02 1.045529199218750000e+04 1.045689942822934972e+04
8.221094568218104541e+02 1.045400195312500000e+04 1.045689161447498554e+04
8.221298911636695266e+02 1.045672070312500000e+04 1.045688385960079540e+04
8.221503257057629526e+02 1.045039550781250000e+04 1.045687616334134145e+04
8.221707601472735405e+02 1.046791210937500000e+04 1.045686852565846311e+04
8.221911945887841284e+02 1.045503320312500000e+04 1.045686094636224698e+04
8.222116290302947164e+02 1.045876269531250000e+04 1.045685342530080197e+04
8.222320633712224662e+02 1.045568945312500000e+04 1.045684596235883873e+04
8.222524979123845696e+02 1.044502734375000000e+04 1.045683855727502851e+04
8.222729323534294963e+02 1.046417578125000000e+04 1.045683121000675055e+04
8.222933666938915849e+02 1.044555468750000000e+04 1.045682392040143350e+04
8.223138012341223657e+02 1.046044042968750000e+04 1.045681668820047162e+04
8.223342356742359698e+02 1.045074218750000000e+04 1.045680951335852478e+04
8.223546700146980584e+02 1.046943457031250000e+04 1.045680239572270693e+04
8.223751045544631779e+02 1.045593554687500000e+04 1.045679533503741732e+04
8.223955389941111207e+02 1.045526464843750000e+04 1.045678833125464735e+04
8.224159733336418867e+02 1.045757128906250000e+04 1.045678138422166194e+04
8.224364078734070063e+02 1.045606054687500000e+04 1.045677449368489215e+04
8.224568423121236265e+02 1.046065039062500000e+04 1.045676765959445038e+04
8.224772768514230847e+02 1.045984765625000000e+04 1.045676088173101198e+04
8.224977111900225282e+02 1.045195703125000000e+04 1.045675416004221188e+04
8.225181456287391484e+02 1.045824609375000000e+04 1.045674749427679490e+04
8.225385801675729454e+02 1.045579492187500000e+04 1.045674088428369578e+04
8.225590145057067275e+02 1.045827148437500000e+04 1.045673433000793011e+04
8.225794489439576864e+02 1.044797070312500000e+04 1.045672783120070198e+04
8.225998834818601608e+02 1.046221191406250000e+04 1.045672138771109167e+04
8.226203179196454585e+02 1.045376953125000000e+04 1.045671499945020332e+04
8.226407522568479180e+02 1.045110351562500000e+04 1.045670866626547286e+04
8.226611867942847311e+02 1.045108691406250000e+04 1.045670238791219890e+04
8.226816212316043675e+02 1.045534765625000000e+04 1.045669616433116971e+04
8.227020555688068271e+02 1.045425195312500000e+04 1.045668999536969568e+04
8.227224901057779789e+02 1.045483691406250000e+04 1.045668388078575299e+04
8.227429245421662927e+02 1.045471386718750000e+04 1.045667782051773065e+04
8.227633590791374445e+02 1.045443750000000000e+04 1.045667181435407656e+04
8.227837934154085815e+02 1.046297070312500000e+04 1.045666586223106060e+04
8.228042278513312340e+02 1.045486132812500000e+04 1.045665996390890723e+04
8.228246623873710632e+02 1.045182031250000000e+04 1.045665411923638749e+04
8.228450967231765389e+02 1.046230664062500000e+04 1.045664832814712463e+04
8.228655310589820147e+02 1.045274609375000000e+04 1.045664259043170387e+04
8.228859655940905213e+02 1.044868359375000000e+04 1.045663690588304962e+04
8.229064000295475125e+02 1.046438085937500000e+04 1.045663127443283520e+04
8.229268343644216657e+02 1.046486425781250000e+04 1.045662569592864929e+04
8.229472688995301723e+02 1.046356640625000000e+04 1.045662017013686636e+04
8.229677033340558410e+02 1.046250585937500000e+04 1.045661469698733345e+04
8.229881378686986864e+02 1.045404003906250000e+04 1.045660927627440833e+04
8.230085722031071782e+02 1.045891894531250000e+04 1.045660390792549151e+04
8.230290066376328468e+02 1.045380078125000000e+04 1.045659859170940035e+04
8.230494411713443696e+02 1.046320507812500000e+04 1.045659332747526059e+04
8.230698755052872002e+02 1.046334082031250000e+04 1.045658811514781337e+04
8.230903099388815463e+02 1.046061718750000000e+04 1.045658295449841899e+04
8.231107444721274078e+02 1.046554296875000000e+04 1.045657784537593943e+04
8.231311789057217538e+02 1.045720507812500000e+04 1.045657278767832213e+04
8.231516132387332618e+02 1.044858886718750000e+04 1.045656778125315759e+04
8.231720477715134621e+02 1.045894238281250000e+04 1.045656282587534588e+04
8.231924822041764855e+02 1.045770312500000000e+04 1.045655792146609019e+04
8.232129165367223322e+02 1.045963574218750000e+04 1.045655306787276095e+04
8.232333510695025325e+02 1.045046484375000000e+04 1.045654826487250466e+04
8.232537855012342334e+02 1.046050976562500000e+04 1.045654351238461459e+04
8.232742200335487723e+02 1.045231933593750000e+04 1.045653881021030611e+04
8.232946543656289577e+02 1.045834863281250000e+04 1.045653415826654964e+04
8.233150887973606586e+02 1.046544335937500000e+04 1.045652955633281454e+04
8.233355233287438750e+02 1.046434667968750000e+04 1.045652500425794642e+04
8.233559576598927379e+02 1.046145703125000000e+04 1.045652050195649463e+04
8.233763920911587775e+02 1.045051562500000000e+04 1.045651604921003309e+04
8.233968266220763326e+02 1.045880957031250000e+04 1.045651164586749837e+04
8.234172609527595341e+02 1.046012207031250000e+04 1.045650729184126249e+04
8.234376953830942512e+02 1.045865527343750000e+04 1.045650298691518037e+04
8.234581299135461450e+02 1.044949316406250000e+04 1.045649873093798305e+04
8.234785642437636852e+02 1.043620117187500000e+04 1.045649452381997617e+04
8.234989986736327410e+02 1.044228027343750000e+04 1.045649036534717925e+04
8.235194331035017967e+02 1.044898828125000000e+04 1.045648625538833585e+04
8.235398675333708525e+02 1.044358789062500000e+04 1.045648219379156217e+04
8.235603020628914237e+02 1.044938867187500000e+04 1.045647818038551486e+04
8.235807363921776414e+02 1.045827636718750000e+04 1.045647421507685067e+04
8.236011708211153746e+02 1.045633691406250000e+04 1.045647029765513435e+04
8.236216053501702845e+02 1.045027832031250000e+04 1.045646642796909509e+04
8.236420397786423564e+02 1.045671386718750000e+04 1.045646260590484599e+04
8.236624741074629128e+02 1.045780468750000000e+04 1.045645883130963193e+04
8.236829086355865002e+02 1.045634472656250000e+04 1.045645510397668659e+04
8.237033430640585721e+02 1.046142578125000000e+04 1.045645142380900324e+04
8.237237773919478059e+02 1.044851367187500000e+04 1.045644779065416515e+04
8.237442119200713933e+02 1.045345507812500000e+04 1.045644420430715218e+04
8.237646463471464813e+02 1.046463671875000000e+04 1.045644066466928780e+04
8.237850806750357151e+02 1.045762597656250000e+04 1.045643717158768050e+04
8.238055152022279799e+02 1.045779296875000000e+04 1.045643372485976215e+04
8.238259496293030679e+02 1.045767578125000000e+04 1.045643032438448790e+04
8.238463841564953327e+02 1.045801074218750000e+04 1.045642696997663916e+04
8.238668184829875827e+02 1.045706347656250000e+04 1.045642366153338298e+04
8.238872529095970094e+02 1.045716015625000000e+04 1.045642039885378108e+04
8.239076874358579516e+02 1.045814453125000000e+04 1.045641718178669726e+04
8.239281217618845403e+02 1.046029296875000000e+04 1.045641401022711398e+04
8.239485561880283058e+02 1.045736914062500000e+04 1.045641088397620115e+04
8.239689907138235867e+02 1.044917089843750000e+04 1.045640780288280075e+04
8.239894250393845141e+02 1.045425000000000000e+04 1.045640476683991801e+04
8.240098594650626183e+02 1.046903222656250000e+04 1.045640177565070189e+04
8.240302939899265766e+02 1.045712500000000000e+04 1.045639882916405986e+04
8.240507283154875040e+02 1.045502539062500000e+04 1.045639592727081981e+04
8.240711627397686243e+02 1.046500781250000000e+04 1.045639306977644446e+04
8.240915972650982440e+02 1.046045703125000000e+04 1.045639025652936834e+04
8.241120316893793643e+02 1.045603808593750000e+04 1.045638748740552910e+04
8.241324661136604846e+02 1.045821093750000000e+04 1.045638476223901671e+04
8.241529005379416049e+02 1.046297363281250000e+04 1.045638208087795101e+04
8.241733349617570639e+02 1.046442187500000000e+04 1.045637944317049732e+04
8.241937693855725229e+02 1.045822558593750000e+04 1.045637684896471546e+04
8.242142038089223206e+02 1.045820898437500000e+04 1.045637429810876711e+04
8.242346382327377796e+02 1.046129882812500000e+04 1.045637179045065932e+04
8.242550726556219161e+02 1.046064355468750000e+04 1.045636932583866655e+04
8.242755070785060525e+02 1.045498339843750000e+04 1.045636690412079406e+04
8.242959414017386734e+02 1.045141992187500000e+04 1.045636452515664860e+04
8.243163759242743254e+02 1.045280078125000000e+04 1.045636218875985287e+04
8.243368103466928005e+02 1.046909863281250000e+04 1.045635989481306387e+04
8.243572448692284524e+02 1.045953027343750000e+04 1.045635764314191510e+04
8.243776791910640895e+02 1.046175292968750000e+04 1.045635543362735552e+04
8.243981136130169034e+02 1.045543652343750000e+04 1.045635326608466494e+04
8.244185481350868940e+02 1.045480371093750000e+04 1.045635114036256709e+04
8.244389824564568698e+02 1.045401855468750000e+04 1.045634905634016104e+04
8.244594168779440224e+02 1.045834765625000000e+04 1.045634701383457832e+04
8.244798513990826905e+02 1.045926171875000000e+04 1.045634501269458087e+04
8.245002857199870050e+02 1.046061816406250000e+04 1.045634305279735054e+04
8.245207201405428350e+02 1.045995605468750000e+04 1.045634113396193061e+04
8.245411546612158418e+02 1.046100976562500000e+04 1.045633925603699390e+04
8.245615889816544950e+02 1.045042871093750000e+04 1.045633741889795419e+04
8.245820234017446637e+02 1.045777734375000000e+04 1.045633562236566286e+04
8.246024579219520092e+02 1.045741308593750000e+04 1.045633386628879089e+04
8.246228923420421779e+02 1.046228710937500000e+04 1.045633215053265485e+04
8.246433267616666853e+02 1.045463769531250000e+04 1.045633047493670529e+04
8.246637611812911928e+02 1.045662011718750000e+04 1.045632883934901656e+04
8.246841956004500389e+02 1.045427343750000000e+04 1.045632724361773580e+04
8.247046300196088850e+02 1.045742382812500000e+04 1.045632568759094102e+04
8.247250644383020699e+02 1.045583398437500000e+04 1.045632417111677933e+04
8.247454988574609160e+02 1.045925000000000000e+04 1.045632269404329418e+04
8.247659332756884396e+02 1.045675292968750000e+04 1.045632125621869636e+04
8.247863676939159632e+02 1.045756054687500000e+04 1.045631985749103842e+04
8.248068021121434867e+02 1.045734570312500000e+04 1.045631849770842746e+04
8.248272365303710103e+02 1.047802734375000000e+04 1.045631717671897968e+04
8.248476709481328726e+02 1.045816113281250000e+04 1.045631589437083858e+04
8.248681053658947349e+02 1.046016992187500000e+04 1.045631465051208397e+04
8.248885397831909359e+02 1.045310449218750000e+04 1.045631344499085753e+04
8.249294087174348533e+02 1.045964843750000000e+04 1.045631114834794607e+04
8.249498430341482162e+02 1.045716308593750000e+04 1.045631005693336556e+04
8.249702774509787560e+02 1.045849414062500000e+04 1.045630900324329741e+04
8.249907119674608111e+02 1.045688769531250000e+04 1.045630798712643082e+04
8.250111462837085128e+02 1.045748535156250000e+04 1.045630700844551939e+04
8.250315807000733912e+02 1.045462109375000000e+04 1.045630606703400917e+04
8.250520152156241238e+02 1.046755468750000000e+04 1.045630516274060574e+04
8.250724495318718255e+02 1.045674707031250000e+04 1.045630429542636011e+04
8.250928839473053813e+02 1.044888769531250000e+04 1.045630346492644276e+04
8.251133184628561139e+02 1.045886718750000000e+04 1.045630267108947191e+04
8.251337527777068317e+02 1.046224511718750000e+04 1.045630191377496703e+04
8.251541871926747262e+02 1.045535937500000000e+04 1.045630119281963562e+04
8.251746217077597976e+02 1.045141406250000000e+04 1.045630050807211956e+04
8.251950561222620308e+02 1.046407324218750000e+04 1.045629985938725440e+04
8.252154905362986028e+02 1.046151171875000000e+04 1.045629924660970937e+04
8.252359249508008361e+02 1.045151953125000000e+04 1.045629866958757520e+04
8.252563593648374081e+02 1.045722265625000000e+04 1.045629812816898266e+04
8.252767938785254955e+02 1.045885351562500000e+04 1.045629762219965778e+04
8.252972281924448907e+02 1.045140332031250000e+04 1.045629715153486177e+04
8.253176626055501401e+02 1.045175195312500000e+04 1.045629671601556765e+04
8.253380971187725663e+02 1.045121484375000000e+04 1.045629631549038277e+04
8.253585314322263002e+02 1.044295996093750000e+04 1.045629594981303853e+04
8.253789658448658884e+02 1.045667968750000000e+04 1.045629561882604685e+04
8.253994003576226532e+02 1.045583984375000000e+04 1.045629532237801141e+04
8.254198346701450646e+02 1.045962402343750000e+04 1.045629506032114659e+04
8.254402690823189914e+02 1.045693652343750000e+04 1.045629483249947225e+04
8.254607034944929183e+02 1.045312792968750000e+04 1.045629463876246155e+04
8.254811379066668451e+02 1.045738476562500000e+04 1.045629447895822159e+04
8.255015724184922874e+02 1.045815136718750000e+04 1.045629435293434653e+04
8.255220067300833762e+02 1.045866113281250000e+04 1.045629426054054056e+04
8.255424411413259804e+02 1.045985546875000000e+04 1.045629420162331735e+04
8.255628756522201002e+02 1.046053320312500000e+04 1.045629417603127877e+04
8.255833099638111889e+02 1.045840722656250000e+04 1.045629418361267017e+04
8.256037443741224706e+02 1.047286132812500000e+04 1.045629422421546951e+04
8.256241788850165904e+02 1.044814160156250000e+04 1.045629429768828049e+04
8.256446131952106953e+02 1.045477050781250000e+04 1.045629440387788782e+04
8.256650476055219769e+02 1.044406152343750000e+04 1.045629454263373191e+04
8.256854821154847741e+02 1.044703808593750000e+04 1.045629471380439281e+04
8.257059165253303945e+02 1.045581445312500000e+04 1.045629491723631872e+04
8.257263508350588381e+02 1.045607031250000000e+04 1.045629515277714381e+04
8.257467853445559740e+02 1.045474218750000000e+04 1.045629542027867501e+04
8.257672197539359331e+02 1.044701562500000000e+04 1.045629571958533052e+04
8.257876541628502309e+02 1.046240820312500000e+04 1.045629605054645435e+04
8.258080885717645288e+02 1.046560644531250000e+04 1.045629641301015727e+04
8.258285229806788266e+02 1.045325878906250000e+04 1.045629680682456819e+04
8.258489574887789786e+02 1.045110742187500000e+04 1.045629723183992246e+04
8.258693917971104383e+02 1.045581542968750000e+04 1.045629768789790069e+04
8.258898262055590749e+02 1.045690332031250000e+04 1.045629817485307285e+04
8.259102607131935656e+02 1.045799609375000000e+04 1.045629869255398444e+04
8.259306950210593641e+02 1.046163867187500000e+04 1.045629924084095001e+04
8.259511294285766780e+02 1.045230957031250000e+04 1.045629981956989286e+04
8.259715639362111688e+02 1.046085839843750000e+04 1.045630042858938396e+04
8.259919982431456447e+02 1.045957812500000000e+04 1.045630106773835359e+04
8.260124327498488128e+02 1.046550000000000000e+04 1.045630173687743081e+04
8.260328671569004655e+02 1.045340234375000000e+04 1.045630243584515119e+04
8.260533014633692801e+02 1.046071777343750000e+04 1.045630316448915255e+04
8.260737359696067870e+02 1.046117187500000000e+04 1.045630392266848139e+04
8.260941703761927783e+02 1.045555468750000000e+04 1.045630471022035636e+04
8.261146047818474472e+02 1.044990136718750000e+04 1.045630552699647524e+04
8.261350391879677773e+02 1.045293847656250000e+04 1.045630637284501063e+04
8.261554735931567848e+02 1.044607519531250000e+04 1.045630724761401689e+04
8.261759079988114536e+02 1.045760351562500000e+04 1.045630815115166843e+04
8.261963424040004611e+02 1.045510742187500000e+04 1.045630908330603052e+04
8.262167768091894686e+02 1.045833593750000000e+04 1.045631004392524846e+04
8.262372111137956381e+02 1.045483105468750000e+04 1.045631103285248537e+04
8.262576456186361611e+02 1.045618066406250000e+04 1.045631204995063308e+04
8.262780800228938460e+02 1.046368066406250000e+04 1.045631309505303216e+04
8.262985144276171923e+02 1.045306445312500000e+04 1.045631416801275918e+04
8.263189488314092159e+02 1.045068750000000000e+04 1.045631526867785033e+04
8.263393832352012396e+02 1.044725976562500000e+04 1.045631639689647272e+04
8.263598177386447787e+02 1.044114648437500000e+04 1.045631755252243966e+04
8.263802520423196256e+02 1.044767089843750000e+04 1.045631873538672880e+04
8.264006864456459880e+02 1.045496484375000000e+04 1.045631994535459671e+04
8.264211209486238658e+02 1.045931835937500000e+04 1.045632118227454157e+04
8.264415552518330514e+02 1.045515722656250000e+04 1.045632244597636054e+04
8.264619896542280912e+02 1.045478710937500000e+04 1.045632373632645613e+04
8.264824241567403078e+02 1.045242675781250000e+04 1.045632505317339019e+04
8.265028584590181708e+02 1.045412500000000000e+04 1.045632639634573206e+04
8.265232928614132106e+02 1.046457617187500000e+04 1.045632776571114118e+04
8.265437273634597659e+02 1.044832910156250000e+04 1.045632916111807936e+04
8.265641616648063064e+02 1.046174023437500000e+04 1.045633058239396269e+04
8.265845961663872004e+02 1.045164355468750000e+04 1.045633202941479249e+04
8.266050305678509176e+02 1.046133203125000000e+04 1.045633350200759378e+04
8.266254648687317967e+02 1.046368652343750000e+04 1.045633500002007895e+04
8.266458993698470294e+02 1.045250000000000000e+04 1.045633652332259589e+04
8.266663337703794241e+02 1.045026464843750000e+04 1.045633807174102003e+04
8.266867681713774800e+02 1.045254394531250000e+04 1.045633964513093997e+04
8.267072025714442134e+02 1.046086523437500000e+04 1.045634124334035369e+04
8.267276369715109468e+02 1.044880175781250000e+04 1.045634286621745559e+04
8.267480713715776801e+02 1.044973828125000000e+04 1.045634451361035099e+04
8.267685057716444135e+02 1.045545996093750000e+04 1.045634618536715971e+04
8.267889401712454855e+02 1.045705175781250000e+04 1.045634788133595430e+04
8.268093745703808963e+02 1.045516210937500000e+04 1.045634960136484915e+04
8.268298089695163071e+02 1.045868652343750000e+04 1.045635134530199502e+04
8.268502433686517179e+02 1.045908007812500000e+04 1.045635311299550449e+04
8.268706778674386442e+02 1.045305273437500000e+04 1.045635490430228674e+04
8.268911121659912169e+02 1.045238085937500000e+04 1.045635671904399351e+04
8.269115465641953051e+02 1.045506250000000000e+04 1.045635855709520183e+04
8.269319810625165701e+02 1.045239062500000000e+04 1.045636041830439717e+04
8.269524153606034815e+02 1.045922558593750000e+04 1.045636230249218170e+04
8.269728497583419085e+02 1.045103222656250000e+04 1.045636420953414199e+04
8.269932842561975121e+02 1.045963574218750000e+04 1.045636613927877079e+04
8.270137185533531010e+02 1.045296582031250000e+04 1.045636809154560979e+04
8.270341529506258667e+02 1.045529980468750000e+04 1.045637006621134969e+04
8.270545874475501478e+02 1.046054687500000000e+04 1.045637206312438138e+04
8.270750217447057366e+02 1.045872558593750000e+04 1.045637408210339345e+04
8.270954561410471797e+02 1.044905957031250000e+04 1.045637612302588241e+04
8.271158906375057995e+02 1.045061816406250000e+04 1.045637818574037010e+04
8.271363249337300658e+02 1.045472656250000000e+04 1.045638027006449556e+04
8.271567594301886857e+02 1.045125976562500000e+04 1.045638237588722222e+04
8.271771938255988061e+02 1.045341601562500000e+04 1.045638450302576530e+04
8.271976282214745879e+02 1.045467968750000000e+04 1.045638665133865288e+04
8.272180626168847084e+02 1.045098828125000000e+04 1.045638882067390477e+04
8.272384970122948289e+02 1.045912304687500000e+04 1.045639101087967356e+04
8.272589314072392881e+02 1.045957128906250000e+04 1.045639322180403360e+04
8.272793658021837473e+02 1.045349707031250000e+04 1.045639545329514294e+04
8.272998001966625452e+02 1.045866699218750000e+04 1.045639770520106322e+04
8.273202345911413431e+02 1.045340039062500000e+04 1.045639997736996156e+04
8.273406690852716565e+02 1.046325000000000000e+04 1.045640226966117916e+04
8.273611033796332777e+02 1.046021484375000000e+04 1.045640458188909543e+04
8.273815377731807530e+02 1.046149511718750000e+04 1.045640691393550151e+04
8.274019722668454051e+02 1.046224121093750000e+04 1.045640926564891015e+04
8.274224065602757037e+02 1.045818066406250000e+04 1.045641163684272760e+04
8.274428410534746945e+02 1.046156542968750000e+04 1.045641402741147613e+04
8.274632754465565085e+02 1.045258203125000000e+04 1.045641643716833278e+04
8.274837097395211458e+02 1.045371289062500000e+04 1.045641886596113545e+04
8.275041442322544754e+02 1.044967382812500000e+04 1.045642131367377260e+04
8.275245785247534513e+02 1.044998046875000000e+04 1.045642378010644825e+04
8.275450129169039428e+02 1.045351855468750000e+04 1.045642626514333097e+04
8.275654474091716111e+02 1.045482128906250000e+04 1.045642876863287165e+04
8.275858817007392645e+02 1.045708007812500000e+04 1.045643129038619008e+04
8.276063160928897560e+02 1.045988964843750000e+04 1.045643383028844255e+04
8.276267505842261016e+02 1.045747949218750000e+04 1.045643638818784166e+04
8.276471848753280938e+02 1.045377539062500000e+04 1.045643896389488691e+04
8.276676192665472627e+02 1.045778222656250000e+04 1.045644155729541671e+04
8.276880537574179471e+02 1.045218066406250000e+04 1.045644416823774736e+04
8.277084881481714547e+02 1.045472070312500000e+04 1.045644679654446736e+04
8.277289225384593010e+02 1.045270703125000000e+04 1.045644944207638400e+04
8.277493569287471473e+02 1.045587597656250000e+04 1.045645210468166260e+04
8.277697913185693324e+02 1.045487890625000000e+04 1.045645478420836298e+04
8.277902257088571787e+02 1.046148046875000000e+04 1.045645748050471593e+04
8.278106600986793637e+02 1.045467382812500000e+04 1.045646019341871215e+04
8.278310944875702262e+02 1.045762207031250000e+04 1.045646292279841146e+04
8.278515288769267499e+02 1.046362792968750000e+04 1.045646566849210649e+04
8.278719632662832737e+02 1.046215136718750000e+04 1.045646843034784979e+04
8.279128321437165141e+02 1.045529101562500000e+04 1.045647400195147929e+04
8.279332664320245385e+02 1.046179687500000000e+04 1.045647681136820211e+04
8.279537008204497397e+02 1.045299511718750000e+04 1.045647963635315318e+04
8.279741353085264564e+02 1.045737402343750000e+04 1.045648247675461607e+04
8.279945695963688195e+02 1.046085937500000000e+04 1.045648533237890297e+04
8.280150040844455361e+02 1.045669238281250000e+04 1.045648820313009128e+04
8.280354384714737535e+02 1.046174121093750000e+04 1.045649108881408029e+04
8.280558727588504553e+02 1.046027148437500000e+04 1.045649398927896254e+04
8.280763072459958494e+02 1.045148242187500000e+04 1.045649690441546409e+04
8.280967416330240667e+02 1.045227050781250000e+04 1.045649983402901671e+04
8.281171759194694459e+02 1.045586621093750000e+04 1.045650277796746013e+04
8.281376104061491787e+02 1.045602246093750000e+04 1.045650573612235166e+04
8.281580447922460735e+02 1.045859960937500000e+04 1.045650870829835549e+04
8.281784790782257915e+02 1.045714355468750000e+04 1.045651169434346048e+04
8.281989135639742017e+02 1.045493945312500000e+04 1.045651469414969324e+04
8.282193478499539196e+02 1.046392773437500000e+04 1.045651770750652031e+04
8.282397823352366686e+02 1.046010742187500000e+04 1.045652073432090219e+04
8.282602167204022408e+02 1.045373144531250000e+04 1.045652377439670272e+04
8.282806511055678129e+02 1.044971972656250000e+04 1.045652682759683375e+04
8.283010854902677238e+02 1.046279199218750000e+04 1.045652989376932965e+04
8.283215198749676347e+02 1.045671875000000000e+04 1.045653297276238845e+04
8.283419542596675456e+02 1.045062011718750000e+04 1.045653606442411183e+04
8.283623887440189719e+02 1.045588183593750000e+04 1.045653916861779180e+04
8.283828230276703835e+02 1.045716503906250000e+04 1.045654228514582064e+04
8.284032574119046330e+02 1.045045214843750000e+04 1.045654541390217128e+04
8.284236918953247368e+02 1.045172753906250000e+04 1.045654855473492353e+04
8.284441261789761484e+02 1.046042089843750000e+04 1.045655170744614952e+04
8.284645605618134141e+02 1.045979101562500000e+04 1.045655487193000772e+04
8.284849950452335179e+02 1.045023144531250000e+04 1.045655804803499450e+04
8.285054293279536068e+02 1.044972949218750000e+04 1.045656123556231250e+04
8.285258638104423881e+02 1.045823828125000000e+04 1.045656443442254385e+04
8.285462981928139925e+02 1.045403906250000000e+04 1.045656764441694395e+04
8.285667324750684202e+02 1.045892480468750000e+04 1.045657086539345619e+04
8.285871669570915401e+02 1.045586328125000000e+04 1.045657409724755416e+04
8.286076013389974833e+02 1.046016113281250000e+04 1.045657733977999305e+04
8.286280356207862496e+02 1.045404980468750000e+04 1.045658059283873445e+04
8.286484701018780470e+02 1.045408789062500000e+04 1.045658385631963756e+04
8.286689044833183289e+02 1.045499511718750000e+04 1.045658713002314653e+04
8.286893387641757727e+02 1.045579687500000000e+04 1.045659041379707742e+04
8.287097732448019087e+02 1.045922851562500000e+04 1.045659370753788244e+04
8.287302076257765293e+02 1.046236621093750000e+04 1.045659701104548913e+04
8.287506420058198273e+02 1.046841601562500000e+04 1.045660032418389528e+04
8.287710763858631253e+02 1.046443750000000000e+04 1.045660364680136991e+04
8.287915107659064233e+02 1.045951562500000000e+04 1.045660697874602192e+04
8.288119451459497213e+02 1.046090332031250000e+04 1.045661031986597300e+04
8.288323795255273581e+02 1.045636328125000000e+04 1.045661367000925384e+04
8.288528139046393335e+02 1.045490136718750000e+04 1.045661702902398065e+04
8.288732482837513089e+02 1.044876464843750000e+04 1.045662039675834421e+04
8.288936826628632843e+02 1.045904687500000000e+04 1.045662377306046255e+04
8.289141170419752598e+02 1.045935449218750000e+04 1.045662715777844642e+04
8.289345515202730894e+02 1.046236523437500000e+04 1.045663055077690296e+04
8.289549857988022268e+02 1.044985351562500000e+04 1.045663395185423724e+04
8.289754201769828796e+02 1.046574414062500000e+04 1.045663736090835118e+04
8.289958546548150480e+02 1.044802050781250000e+04 1.045664077778746650e+04
8.290162889324128628e+02 1.045340625000000000e+04 1.045664420228950439e+04
8.290367233101278543e+02 1.045593359375000000e+04 1.045664763431285246e+04
8.290571577870287001e+02 1.045673925781250000e+04 1.045665107370557598e+04
8.290775920646265149e+02 1.045408398437500000e+04 1.045665452026550338e+04
8.290980265415273607e+02 1.045208496093750000e+04 1.045665797390797161e+04
8.291184609183110297e+02 1.045333593750000000e+04 1.045666143443054534e+04
8.291388951945118606e+02 1.046621582031250000e+04 1.045666490168116070e+04
8.291593296709470451e+02 1.046153027343750000e+04 1.045666837555902021e+04
8.291797640467993915e+02 1.046323632812500000e+04 1.045667185586114647e+04
8.292001984226517379e+02 1.045963574218750000e+04 1.045667534245273964e+04
8.292206327985040843e+02 1.045535546875000000e+04 1.045667883518191411e+04
8.292410671738907695e+02 1.045835156250000000e+04 1.045668233389670240e+04
8.292615015492774546e+02 1.045572167968750000e+04 1.045668583844530076e+04
8.292819359241984785e+02 1.045704882812500000e+04 1.045668934867573989e+04
8.293023702991195023e+02 1.044796484375000000e+04 1.045669286443621968e+04
8.293228047736920416e+02 1.045227050781250000e+04 1.045669638559203304e+04
8.293432391481474042e+02 1.045650195312500000e+04 1.045669991195687726e+04
8.293636734224855900e+02 1.044737792968750000e+04 1.045670344337878487e+04
8.293841078965924680e+02 1.045580566406250000e+04 1.045670697975773692e+04
8.294045422701165080e+02 1.046021484375000000e+04 1.045671052088990473e+04
8.294249765439890325e+02 1.045543164062500000e+04 1.045671406662349000e+04
8.294454110171645880e+02 1.046264941406250000e+04 1.045671761685852107e+04
8.294658452905714512e+02 1.044790820312500000e+04 1.045672117137377791e+04
8.294862796636298299e+02 1.046382617187500000e+04 1.045672473006942164e+04
8.295067141363397241e+02 1.045939843750000000e+04 1.045672829279363577e+04
8.295271484088152647e+02 1.045279101562500000e+04 1.045673185934221692e+04
8.295475827814079821e+02 1.046295214843750000e+04 1.045673542961567364e+04
8.295680172531865537e+02 1.045980468750000000e+04 1.045673900346200753e+04
8.295884515256620944e+02 1.046192871093750000e+04 1.045674258067711344e+04
8.296088859974406660e+02 1.045794531250000000e+04 1.045674616117887672e+04
8.296293203686363995e+02 1.045857128906250000e+04 1.045674974476289390e+04
8.296497546401806176e+02 1.045113476562500000e+04 1.045675333127739577e+04
8.296701891110278666e+02 1.046233984375000000e+04 1.045675692062299277e+04
8.296906234822236001e+02 1.045904199218750000e+04 1.045676051259530141e+04
8.297110577528364956e+02 1.045397460937500000e+04 1.045676410704224327e+04
8.297314922232180834e+02 1.045661816406250000e+04 1.045676770386477438e+04
8.297519265934824944e+02 1.044969238281250000e+04 1.045677130285824751e+04
8.297723609637469053e+02 1.045912304687500000e+04 1.045677490388838851e+04
8.297927953335456550e+02 1.044613476562500000e+04 1.045677850680323172e+04
8.298132297033444047e+02 1.045604882812500000e+04 1.045678211145097885e+04
8.298336640726774931e+02 1.045866796875000000e+04 1.045678571767965332e+04
8.298540984420105815e+02 1.045685644531250000e+04 1.045678932533746411e+04
8.298745328108780086e+02 1.045664062500000000e+04 1.045679293427243101e+04
8.298949672798626125e+02 1.045503125000000000e+04 1.045679654435044722e+04
8.299154016482643783e+02 1.046629589843750000e+04 1.045680015538416956e+04
8.299358359170146286e+02 1.046141992187500000e+04 1.045680376722185974e+04
8.299562703850679100e+02 1.045370605468750000e+04 1.045680737976448836e+04
8.299767047534696758e+02 1.046080175781250000e+04 1.045681099280731360e+04
8.299971390212886035e+02 1.046665234375000000e+04 1.045681460619828613e+04
8.300175734884105623e+02 1.046107714843750000e+04 1.045681821983854570e+04
8.300380078558810055e+02 1.045631640625000000e+04 1.045682183352334505e+04
8.300584421232342720e+02 1.045648339843750000e+04 1.045682544710071488e+04
8.300788765898905694e+02 1.046584570312500000e+04 1.045682906047171673e+04
8.300993109568953514e+02 1.046041601562500000e+04 1.045683267343160333e+04
8.301197452233172953e+02 1.046339257812500000e+04 1.045683628582832898e+04
8.301401796899735928e+02 1.045473242187500000e+04 1.045683989756318078e+04
8.301606140560470521e+02 1.045939160156250000e+04 1.045684350843110406e+04
8.301810484216548502e+02 1.045642578125000000e+04 1.045684711829790649e+04
8.302014827877283096e+02 1.046112988281250000e+04 1.045685072701186982e+04
8.302219170532189310e+02 1.045361914062500000e+04 1.045685433440327688e+04
8.302423515184782445e+02 1.045582910156250000e+04 1.045685794037324740e+04
8.302627858836203814e+02 1.045823437500000000e+04 1.045686154471696864e+04
8.302832202482968569e+02 1.045501562500000000e+04 1.045686514730014460e+04
8.303036546129733324e+02 1.045315722656250000e+04 1.045686874797097335e+04
8.303240889771841466e+02 1.046358886718750000e+04 1.045687234657748922e+04
8.303445233418606222e+02 1.045215234375000000e+04 1.045687594296797033e+04
8.303649577056057751e+02 1.046637304687500000e+04 1.045687953699027821e+04
8.303853920693509281e+02 1.045770214843750000e+04 1.045688312849270005e+04
8.304058264330960810e+02 1.045745605468750000e+04 1.045688671732334842e+04
8.304262608964927495e+02 1.046315136718750000e+04 1.045689030334781637e+04
8.304466951596550643e+02 1.046428710937500000e+04 1.045689388636161675e+04
8.304671296225860715e+02 1.044829687500000000e+04 1.045689746628300054e+04
8.304875639853999019e+02 1.045645312500000000e+04 1.045690104290752060e+04
8.305079982480965555e+02 1.044631054687500000e+04 1.045690461608334226e+04
8.305284327105619013e+02 1.044972949218750000e+04 1.045690818571099589e+04
8.305488670724444091e+02 1.045310351562500000e+04 1.045691175158609440e+04
8.305693013342097402e+02 1.046221875000000000e+04 1.045691531355690131e+04
8.305897357962094247e+02 1.046075488281250000e+04 1.045691887152384697e+04
8.306101701576262712e+02 1.045410839843750000e+04 1.045692242528264433e+04
8.306306044189259410e+02 1.045424804687500000e+04 1.045692597468155145e+04
8.306510388799943030e+02 1.045717285156250000e+04 1.045692951962073857e+04
8.306714732409454882e+02 1.045580664062500000e+04 1.045693305989626970e+04
8.306919077015481889e+02 1.046260644531250000e+04 1.045693659539086002e+04
8.307123419619165361e+02 1.046171191406250000e+04 1.045694012590078273e+04
8.307327763219363987e+02 1.045643359375000000e+04 1.045694365132599705e+04
8.307532106819562614e+02 1.045530078125000000e+04 1.045694717149738790e+04
8.307736450419761240e+02 1.045363769531250000e+04 1.045695068626307329e+04
8.307940794015303254e+02 1.045437597656250000e+04 1.045695419547108941e+04
8.308145137610845268e+02 1.045491210937500000e+04 1.045695769896962702e+04
8.308349481201730669e+02 1.046342871093750000e+04 1.045696119660672412e+04
8.308553824792616069e+02 1.046387695312500000e+04 1.045696468823057330e+04
8.308962511965073645e+02 1.045463378906250000e+04 1.045697165283083450e+04
8.309166855546645820e+02 1.045924023437500000e+04 1.045697512550347710e+04
8.309371199128217995e+02 1.045613281250000000e+04 1.045697859155533479e+04
8.309575542709790170e+02 1.045680566406250000e+04 1.045698205083451830e+04
8.309779887283220887e+02 1.045257226562500000e+04 1.045698550320588765e+04
8.309984230860136449e+02 1.045488378906250000e+04 1.045698894848396048e+04
8.310188573431223631e+02 1.045884570312500000e+04 1.045699238651680207e+04
8.310392918004654348e+02 1.045964843750000000e+04 1.045699581720308561e+04
8.310597261572256684e+02 1.046231835937500000e+04 1.045699924034036667e+04
8.310801604138687253e+02 1.044531640625000000e+04 1.045700265577695063e+04
8.311005948702804744e+02 1.045631152343750000e+04 1.045700606341101957e+04
8.311210292261093855e+02 1.045494140625000000e+04 1.045700946304054742e+04
8.311414634822867811e+02 1.045645312500000000e+04 1.045701285451391959e+04
8.311618979377672076e+02 1.046012207031250000e+04 1.045701623772881067e+04
8.311823322935961187e+02 1.045434472656250000e+04 1.045701961248377302e+04
8.312027665488421917e+02 1.046327246093750000e+04 1.045702297862689738e+04
8.312232010043226182e+02 1.044854687500000000e+04 1.045702633605578740e+04
8.312436353587545455e+02 1.045356933593750000e+04 1.045702968456899544e+04
8.312640698137693107e+02 1.046000390625000000e+04 1.045703302404767055e+04
8.312845040680840611e+02 1.045417871093750000e+04 1.045703635429076166e+04
8.313049384225159883e+02 1.045202441406250000e+04 1.045703967519547950e+04
8.313253728765994310e+02 1.045621582031250000e+04 1.045704298660971835e+04
8.313458073302172124e+02 1.045558007812500000e+04 1.045704628836530537e+04
8.313662416841834784e+02 1.046076562500000000e+04 1.045704958029439513e+04
8.313866761373355985e+02 1.045486718750000000e+04 1.045705286227713441e+04
8.314071104908362031e+02 1.046534179687500000e+04 1.045705613412969979e+04
8.314275447437539697e+02 1.045205468750000000e+04 1.045705939570021292e+04
8.314479791964404285e+02 1.045371484375000000e+04 1.045706264688464944e+04
8.314684135490097106e+02 1.044723730468750000e+04 1.045706588748333525e+04
8.314888478014618158e+02 1.045063085937500000e+04 1.045706911734454479e+04
8.315092822536826134e+02 1.046178613281250000e+04 1.045707233636370984e+04
8.315297166053205729e+02 1.045362988281250000e+04 1.045707554434155645e+04
8.315501510570757091e+02 1.046348144531250000e+04 1.045707874115770028e+04
8.315705853085964918e+02 1.045516601562500000e+04 1.045708192661335488e+04
8.315910195596516132e+02 1.046843164062500000e+04 1.045708510058794855e+04
8.316114540109410882e+02 1.046067089843750000e+04 1.045708826296059488e+04
8.316318883616477251e+02 1.046523144531250000e+04 1.045709141353277664e+04
8.316523226122371852e+02 1.045856933593750000e+04 1.045709455215285197e+04
8.316727570625953376e+02 1.045763769531250000e+04 1.045709767871490840e+04
8.316931914128363132e+02 1.046389941406250000e+04 1.045710079302108898e+04
8.317136256629601121e+02 1.046144335937500000e+04 1.045710389491969181e+04
8.317340601128526032e+02 1.045521972656250000e+04 1.045710698430426055e+04
8.317544944621622562e+02 1.045998730468750000e+04 1.045711006097741119e+04
8.317749287118203938e+02 1.046265234375000000e+04 1.045711312478758373e+04
8.317953631607815623e+02 1.045406445312500000e+04 1.045711617562762694e+04
8.318157975096255541e+02 1.045272949218750000e+04 1.045711921330085534e+04
8.318362319585867226e+02 1.045336914062500000e+04 1.045712223768515105e+04
8.318566662068478763e+02 1.045594140625000000e+04 1.045712524858420147e+04
8.318771005552262068e+02 1.046013085937500000e+04 1.045712824589054799e+04
8.318975350032560527e+02 1.046005566406250000e+04 1.045713122945203577e+04
8.319179693511687219e+02 1.045247851562500000e+04 1.045713419908761352e+04
8.319384035984985530e+02 1.045305175781250000e+04 1.045713715464553570e+04
8.319588380460627377e+02 1.044791113281250000e+04 1.045714009601731959e+04
8.319792723930440843e+02 1.045327050781250000e+04 1.045714302300768031e+04
8.319997066399082541e+02 1.045264648437500000e+04 1.045714593546501055e+04
8.320201410865411162e+02 1.045882324218750000e+04 1.045714883328005817e+04
8.320405754335224628e+02 1.046222363281250000e+04 1.045715171625837320e+04
8.320610096799209714e+02 1.044848242187500000e+04 1.045715458424815370e+04
8.320814441256225109e+02 1.045842675781250000e+04 1.045715743713950178e+04
8.321018784716725349e+02 1.045448925781250000e+04 1.045716027473867871e+04
8.321223129173740745e+02 1.045966308593750000e+04 1.045716309692147479e+04
8.321427471628412604e+02 1.044794726562500000e+04 1.045716590349470789e+04
8.321631815079599619e+02 1.045994238281250000e+04 1.045716869434779073e+04
8.321836159531958401e+02 1.046460253906250000e+04 1.045717146932867036e+04
8.322040501977317035e+02 1.045813085937500000e+04 1.045717422824473397e+04
8.322244845423847437e+02 1.045564453125000000e+04 1.045717697098482677e+04
8.322449188865721226e+02 1.045828906250000000e+04 1.045717969738344618e+04
8.322653532307595015e+02 1.045820410156250000e+04 1.045718240728876845e+04
8.322857875744812191e+02 1.046473828125000000e+04 1.045718510054885337e+04
8.323062219186685979e+02 1.045163574218750000e+04 1.045718777701193176e+04
8.323266562619246542e+02 1.045758984375000000e+04 1.045719043652593973e+04
8.323470906051807106e+02 1.044716601562500000e+04 1.045719307893911537e+04
8.323675249484367669e+02 1.045536230468750000e+04 1.045719570409957305e+04
8.323879592912271619e+02 1.045164746093750000e+04 1.045719831185537078e+04
8.324083937336690724e+02 1.046420507812500000e+04 1.045720090206727036e+04
8.324288280759938061e+02 1.045757226562500000e+04 1.045720347455806041e+04
8.324492623182013631e+02 1.046038964843750000e+04 1.045720602917612632e+04
8.324696967601776123e+02 1.045269335937500000e+04 1.045720856580693726e+04
8.324901311020366848e+02 1.045188671875000000e+04 1.045721108426125102e+04
8.325105653433129191e+02 1.044507324218750000e+04 1.045721358438739480e+04
8.325309997848235071e+02 1.044721875000000000e+04 1.045721606607015565e+04
8.325514341257512569e+02 1.044957519531250000e+04 1.045721852912097529e+04
8.325718683665618300e+02 1.043833398437500000e+04 1.045722097338830645e+04
8.325923028076067567e+02 1.044379785156250000e+04 1.045722339875604666e+04
8.326127371476031840e+02 1.044826171875000000e+04 1.045722580503641802e+04
8.326331713879480958e+02 1.045804785156250000e+04 1.045722819207798238e+04
8.326536058280616999e+02 1.046005566406250000e+04 1.045723055976368960e+04
8.326740401675924659e+02 1.045872558593750000e+04 1.045723290790671308e+04
8.326944746072404087e+02 1.045664453125000000e+04 1.045723523637822836e+04
8.327149088466539979e+02 1.045497656250000000e+04 1.045723754499226925e+04
8.327353431857191026e+02 1.045422460937500000e+04 1.045723983363098159e+04
8.327557776244357228e+02 1.045445410156250000e+04 1.045724210214219056e+04
8.327762118633836508e+02 1.045935449218750000e+04 1.045724435034091402e+04
8.327966462015174329e+02 1.045466992187500000e+04 1.045724657810831013e+04
8.328170806397683918e+02 1.046036816406250000e+04 1.045724878529229682e+04
8.328375148782506585e+02 1.045298730468750000e+04 1.045725097170875233e+04
8.328579492159187794e+02 1.045561523437500000e+04 1.045725313723792897e+04
8.328783836532384157e+02 1.045635156250000000e+04 1.045725528172768463e+04
8.328988179904408753e+02 1.045864648437500000e+04 1.045725740500517350e+04
8.329192522279918194e+02 1.045952539062500000e+04 1.045725950691886828e+04
8.329396865647286177e+02 1.045516894531250000e+04 1.045726158733734337e+04
8.329601209014654160e+02 1.046060449218750000e+04 1.045726364609845041e+04
8.329805553378537297e+02 1.045921777343750000e+04 1.045726568306019544e+04
8.330009896741248667e+02 1.045372949218750000e+04 1.045726769805077492e+04
8.330214239102788270e+02 1.045982812500000000e+04 1.045726969091862884e+04
8.330418583462014794e+02 1.045240917968750000e+04 1.045727166154095721e+04
8.330622926815412939e+02 1.046487402343750000e+04 1.045727360973674513e+04
8.330827269167639315e+02 1.046475292968750000e+04 1.045727553535448897e+04
8.331031613522209227e+02 1.045633203125000000e+04 1.045727743827043741e+04
8.331235956870950758e+02 1.046000292968750000e+04 1.045727931830452872e+04
8.331440299218520522e+02 1.045299218750000000e+04 1.045728117530525924e+04
8.331644643563777208e+02 1.046079882812500000e+04 1.045728300914782449e+04
8.331848986907862127e+02 1.045448535156250000e+04 1.045728481965326137e+04
8.332053331248462200e+02 1.045720507812500000e+04 1.045728660668738121e+04
8.332257673582062125e+02 1.045773339843750000e+04 1.045728837007220864e+04
8.332462016921490431e+02 1.045427636718750000e+04 1.045729010968203693e+04
8.332666361252777278e+02 1.045990820312500000e+04 1.045729182536450753e+04
8.332870703586377203e+02 1.045964062500000000e+04 1.045729351694281286e+04
8.333075046916492283e+02 1.045331542968750000e+04 1.045729518429003474e+04
8.333279391243122518e+02 1.044973144531250000e+04 1.045729682725393104e+04
8.333483733567409217e+02 1.045179199218750000e+04 1.045729844565869098e+04
8.333688076888211071e+02 1.046127636718750000e+04 1.045730003937635593e+04
8.333892421210184693e+02 1.045697851562500000e+04 1.045730160825471648e+04
8.334096763529814780e+02 1.045970410156250000e+04 1.045730315211901689e+04
8.334301106845960021e+02 1.045551562500000000e+04 1.045730467084021438e+04
8.334709794470109046e+02 1.045741601562500000e+04 1.045730763223003669e+04
8.334914137781597674e+02 1.045698242187500000e+04 1.045730907458767615e+04
8.335118481088429689e+02 1.045838085937500000e+04 1.045731049118705414e+04
8.335322824390605092e+02 1.045767578125000000e+04 1.045731188187627959e+04
8.335527167692780495e+02 1.045689257812500000e+04 1.045731324650350689e+04
8.335731510994955897e+02 1.046029492187500000e+04 1.045731458491685044e+04
8.335935854292474687e+02 1.045674609375000000e+04 1.045731589696439187e+04
8.336140197589993477e+02 1.045218554687500000e+04 1.045731718249428195e+04
8.336344540882855654e+02 1.044828808593750000e+04 1.045731844135460778e+04
8.336548883174546063e+02 1.045824609375000000e+04 1.045731967338754293e+04
8.336753227463923395e+02 1.045456445312500000e+04 1.045732087845908427e+04
8.336957570752128959e+02 1.046227832031250000e+04 1.045732205639946915e+04
8.337161913039162755e+02 1.045612207031250000e+04 1.045732320705721213e+04
8.337366257319226861e+02 1.045905175781250000e+04 1.045732433029708773e+04
8.337570600598119199e+02 1.045386523437500000e+04 1.045732542595055384e+04
8.337774944878183305e+02 1.045121484375000000e+04 1.045732649387646052e+04
8.337979287151247263e+02 1.045232226562500000e+04 1.045732753390740982e+04
8.338183630425482988e+02 1.045715332031250000e+04 1.045732854590703209e+04
8.338387974700890481e+02 1.046029199218750000e+04 1.045732952972302883e+04
8.338796660234220326e+02 1.045744628906250000e+04 1.045733141216804506e+04
8.339001004500314593e+02 1.045323242187500000e+04 1.045733231050715221e+04
8.339205346764065325e+02 1.045468457031250000e+04 1.045733318004168905e+04
8.339409690024331212e+02 1.045944335937500000e+04 1.045733402063273934e+04
8.339614034281112254e+02 1.045468750000000000e+04 1.045733483212799911e+04
8.339818377536721528e+02 1.046298730468750000e+04 1.045733561436765376e+04
8.340022719791159034e+02 1.045677050781250000e+04 1.045733636720024515e+04
8.340227064043283463e+02 1.045398242187500000e+04 1.045733709048472156e+04
8.340431407294236124e+02 1.045342675781250000e+04 1.045733778405837074e+04
8.340635750535875559e+02 1.045558007812500000e+04 1.045733844777288868e+04
8.340840093782171607e+02 1.046012011718750000e+04 1.045733908147644615e+04
8.341044437023811042e+02 1.046297851562500000e+04 1.045733968501712297e+04
8.341248781266622245e+02 1.045732617187500000e+04 1.045734025824578566e+04
8.341453123502433300e+02 1.045607714843750000e+04 1.045734080100233768e+04
8.341657466739416122e+02 1.045395703125000000e+04 1.045734131314310798e+04
8.341861810972914100e+02 1.045622558593750000e+04 1.045734179451575073e+04
8.342066153204068542e+02 1.046520703125000000e+04 1.045734224496154457e+04
8.342270496431738138e+02 1.045034863281250000e+04 1.045734266433544872e+04
8.342474840660579503e+02 1.045714648437500000e+04 1.045734305248512464e+04
8.342679182882420719e+02 1.045131347656250000e+04 1.045734340925321339e+04
8.342883526105433702e+02 1.045528515625000000e+04 1.045734373449330451e+04
8.343087869323790073e+02 1.045191601562500000e+04 1.045734402805169339e+04
8.343292212542146444e+02 1.046059570312500000e+04 1.045734428977649623e+04
8.343496556757017970e+02 1.046219238281250000e+04 1.045734451951687333e+04
8.343700898974202573e+02 1.046218554687500000e+04 1.045734471711781225e+04
8.343905242183245718e+02 1.045361816406250000e+04 1.045734488243055057e+04
8.344109586393460631e+02 1.045969140625000000e+04 1.045734501530274429e+04
8.344313928601332009e+02 1.045091894531250000e+04 1.045734511558079248e+04
8.344518271805718541e+02 1.049007910156250000e+04 1.045734518311452484e+04
8.344722616006620228e+02 1.045382617187500000e+04 1.045734521775157555e+04
8.344926959201693535e+02 1.046631152343750000e+04 1.045734521933972428e+04
8.345131301400251687e+02 1.045504394531250000e+04 1.045734518772757110e+04
8.345335645596496761e+02 1.045530566406250000e+04 1.045734512276252644e+04
8.345539988791570067e+02 1.046556640625000000e+04 1.045734502429341592e+04
8.345744330980814993e+02 1.045773730468750000e+04 1.045734489216884867e+04
8.345948675167746842e+02 1.045315917968750000e+04 1.045734472623475449e+04
8.346153018353506923e+02 1.045089843750000000e+04 1.045734452634143781e+04
8.346357362535782158e+02 1.045543847656250000e+04 1.045734429233505762e+04
8.346561704720370471e+02 1.045829101562500000e+04 1.045734402406741174e+04
8.346766047896817327e+02 1.046123046875000000e+04 1.045734372138294384e+04
8.346970392074435949e+02 1.046275878906250000e+04 1.045734338412925172e+04
8.347174734249711037e+02 1.045560644531250000e+04 1.045734301215966480e+04
8.347379077421501279e+02 1.046865820312500000e+04 1.045734260531708969e+04
8.347583421594463289e+02 1.045683691406250000e+04 1.045734216344912784e+04
8.347787763760425150e+02 1.045479003906250000e+04 1.045734168641065480e+04
8.347992106927558780e+02 1.046301171875000000e+04 1.045734117404303106e+04
8.348196451091207564e+02 1.046229687500000000e+04 1.045734062619385440e+04
8.348400793252512813e+02 1.045689355468750000e+04 1.045734004271955200e+04
8.348605136410333216e+02 1.046134179687500000e+04 1.045733942345993273e+04
8.348809480564668775e+02 1.046455566406250000e+04 1.045733876826259439e+04
8.349013822721317410e+02 1.045822949218750000e+04 1.045733807698551755e+04
8.349218166870996356e+02 1.046044921875000000e+04 1.045733734946331424e+04
8.349422509022988379e+02 1.046344628906250000e+04 1.045733658555831062e+04
8.349626853172667325e+02 1.046172558593750000e+04 1.045733578510369080e+04
8.349831196316517889e+02 1.046211035156250000e+04 1.045733494795906518e+04
8.350035539455711842e+02 1.045524707031250000e+04 1.045733407396871917e+04
8.350239881598390639e+02 1.045441113281250000e+04 1.045733316298528553e+04
8.350444225738756359e+02 1.046130273437500000e+04 1.045733221484325804e+04
8.350648568873293698e+02 1.046189648437500000e+04 1.045733122940441899e+04
8.350852911006659269e+02 1.045181152343750000e+04 1.045733020651741208e+04
8.351057255137711763e+02 1.045564453125000000e+04 1.045732914601506309e+04
8.351261598267592490e+02 1.045855566406250000e+04 1.045732804776078046e+04
8.351465940396301448e+02 1.045959179687500000e+04 1.045732691160323520e+04
8.351670284518040717e+02 1.046784472656250000e+04 1.045732573737361963e+04
8.351874627643264830e+02 1.045261718750000000e+04 1.045732452493694836e+04
8.352078971760347486e+02 1.045937988281250000e+04 1.045732327412953782e+04
8.352283313879743218e+02 1.045662597656250000e+04 1.045732198481808882e+04
8.352487656995654106e+02 1.046022265625000000e+04 1.045732065683210749e+04
8.352692001108080149e+02 1.046133691406250000e+04 1.045731929001914614e+04
8.352896343218162656e+02 1.045532812500000000e+04 1.045731788424766273e+04
8.353100686329416931e+02 1.045123144531250000e+04 1.045731643934539898e+04
8.353305030437186360e+02 1.046547656250000000e+04 1.045731495515993083e+04
8.353509372537955642e+02 1.046562500000000000e+04 1.045731343156148068e+04
8.353713715639896691e+02 1.046273730468750000e+04 1.045731186837602218e+04
8.353918059738352895e+02 1.045260351562500000e+04 1.045731026545113127e+04
8.354122401834465563e+02 1.045723046875000000e+04 1.045730862265874202e+04
8.354326745932921767e+02 1.045343066406250000e+04 1.045730693981476543e+04
8.354531089025549591e+02 1.044998437500000000e+04 1.045730521679180856e+04
8.354735432113520801e+02 1.046064062500000000e+04 1.045730345342983674e+04
8.354939775201492012e+02 1.046085351562500000e+04 1.045730164957692796e+04
8.355144118289463222e+02 1.045208300781250000e+04 1.045729980508120025e+04
8.355348461372777820e+02 1.045958496093750000e+04 1.045729791979081165e+04
8.355552804451435804e+02 1.045904882812500000e+04 1.045729599355388018e+04
8.355757147534750402e+02 1.046380273437500000e+04 1.045729402621843656e+04
8.355961490608751774e+02 1.045670410156250000e+04 1.045729201763272977e+04
8.356165834683924913e+02 1.046927636718750000e+04 1.045728996763464602e+04
8.356370176756754518e+02 1.045616210937500000e+04 1.045728787610273321e+04
8.356574519826099277e+02 1.045741503906250000e+04 1.045728574285472132e+04
8.356778862890787423e+02 1.046198535156250000e+04 1.045728356774887470e+04
8.356983205955475569e+02 1.046104296875000000e+04 1.045728135063326044e+04
8.357187550016678870e+02 1.045576855468750000e+04 1.045727909134487709e+04
8.357391892080195248e+02 1.046074316406250000e+04 1.045727678976525567e+04
8.357596235135570168e+02 1.046647753906250000e+04 1.045727444570914849e+04
8.357800579196773469e+02 1.045952343750000000e+04 1.045727205902389323e+04
8.358004921246320009e+02 1.046319824218750000e+04 1.045726962959315642e+04
8.358209264301694930e+02 1.045219921875000000e+04 1.045726715722950576e+04
8.358413608348928392e+02 1.045549316406250000e+04 1.045726464178058632e+04
8.358617950393818319e+02 1.046015429687500000e+04 1.045726208313169991e+04
8.358822293439880013e+02 1.045514257812500000e+04 1.045725948109366982e+04
8.359026637482456863e+02 1.045451367187500000e+04 1.045725683551403381e+04
8.359230979518033564e+02 1.045363574218750000e+04 1.045725414628011458e+04
8.359435322559438646e+02 1.045875878906250000e+04 1.045725141320070543e+04
8.359639666592702270e+02 1.046004394531250000e+04 1.045724863612346053e+04
8.359844009624794126e+02 1.045585644531250000e+04 1.045724581492358448e+04
8.360048352656885982e+02 1.045958789062500000e+04 1.045724294943570203e+04
8.360252695684321225e+02 1.045747656250000000e+04 1.045724003950798397e+04
8.360457038707099855e+02 1.045686718750000000e+04 1.045723708498855922e+04
8.360661381734535098e+02 1.045421777343750000e+04 1.045723408572540575e+04
8.360865724752657115e+02 1.045166699218750000e+04 1.045723104156684531e+04
8.361070067770779133e+02 1.045719824218750000e+04 1.045722795236086313e+04
8.361274411790072918e+02 1.046017187500000000e+04 1.045722481794010127e+04
8.361478753802366555e+02 1.045608593750000000e+04 1.045722163819915659e+04
8.361683096815831959e+02 1.045791308593750000e+04 1.045721841293966827e+04
8.361887440825812519e+02 1.045810058593750000e+04 1.045721514200915954e+04
8.362091782833449543e+02 1.045510253906250000e+04 1.045721182530408259e+04
8.362296125837601721e+02 1.045469531250000000e+04 1.045720846262422674e+04
8.362500469838269055e+02 1.045493066406250000e+04 1.045720505381702787e+04
8.362704811836592853e+02 1.046090136718750000e+04 1.045720159878096820e+04
8.362909155837260187e+02 1.045792578125000000e+04 1.045719809729645567e+04
8.363113498832099140e+02 1.045606250000000000e+04 1.045719454926280923e+04
8.363317840825766325e+02 1.045359082031250000e+04 1.045719095452875263e+04
8.363522184817120433e+02 1.046157324218750000e+04 1.045718731288930212e+04
8.363726526806131005e+02 1.044893066406250000e+04 1.045718362426386739e+04
8.363930869791656733e+02 1.044993652343750000e+04 1.045717988844677529e+04
8.364135213778354228e+02 1.045391699218750000e+04 1.045717610528535806e+04
8.364339555758051574e+02 1.045840917968750000e+04 1.045717227468378769e+04
8.364543898738920689e+02 1.046087500000000000e+04 1.045716839643412823e+04
8.364748242711648345e+02 1.045998925781250000e+04 1.045716447038398110e+04
8.364952584686689079e+02 1.046130566406250000e+04 1.045716049643925362e+04
8.365156927658244967e+02 1.045496191406250000e+04 1.045715647439018358e+04
8.365361271630972624e+02 1.045849707031250000e+04 1.045715240408408863e+04
8.365565614597871900e+02 1.046270703125000000e+04 1.045714828540906456e+04
8.365769957564771175e+02 1.046903613281250000e+04 1.045714411819330962e+04
8.365974300527013838e+02 1.045512988281250000e+04 1.045713990228503826e+04
8.366178643484599888e+02 1.045839062500000000e+04 1.045713563753237213e+04
8.366382986446842551e+02 1.046250488281250000e+04 1.045713132378322916e+04
8.366587329399771988e+02 1.045043359375000000e+04 1.045712696088602388e+04
8.366791672357358038e+02 1.045521875000000000e+04 1.045712254868857417e+04
8.366996016306802630e+02 1.045091015625000000e+04 1.045711808701732298e+04
8.367200358253903687e+02 1.046101269531250000e+04 1.045711357578612842e+04
8.367404701202176511e+02 1.046452246093750000e+04 1.045710901477716470e+04
8.367609045146964490e+02 1.045682812500000000e+04 1.045710440383791320e+04
8.367813387089408934e+02 1.045435937500000000e+04 1.045709974288453668e+04
8.368017730028368533e+02 1.045768066406250000e+04 1.045709503169711570e+04
8.368222073963843286e+02 1.045406054687500000e+04 1.045709027012302977e+04
8.368630759832449257e+02 1.046083789062500000e+04 1.045708059532378138e+04
8.368835102762095630e+02 1.046138378906250000e+04 1.045707568177175563e+04
8.369039444690570235e+02 1.046183300781250000e+04 1.045707071727332732e+04
8.369243788616731763e+02 1.045815332031250000e+04 1.045706570160338561e+04
8.369448131541721523e+02 1.045586132812500000e+04 1.045706063468327193e+04
8.369652474457398057e+02 1.046408789062500000e+04 1.045705551633689538e+04
8.369856817377731204e+02 1.044883593750000000e+04 1.045705034641202292e+04
8.370061159292235970e+02 1.045444824218750000e+04 1.045704512478271317e+04
8.370265503209084272e+02 1.045926074218750000e+04 1.045703985121983715e+04
8.370469846120104194e+02 1.045563085937500000e+04 1.045703452564876534e+04
8.370674189026467502e+02 1.046129394531250000e+04 1.045702914789190618e+04
8.370878530936315656e+02 1.046333886718750000e+04 1.045702371782386399e+04
8.371082874839194119e+02 1.045979589843750000e+04 1.045701823521292863e+04
8.371287217740900815e+02 1.045775488281250000e+04 1.045701269998716816e+04
8.371491560642607510e+02 1.045471386718750000e+04 1.045700711196797056e+04
8.371695903539657593e+02 1.044766796875000000e+04 1.045700147100357572e+04
8.371900246432051063e+02 1.045654589843750000e+04 1.045699577694210711e+04
8.372104590325616300e+02 1.045334960937500000e+04 1.045699002960326470e+04
8.372308932216838002e+02 1.046052050781250000e+04 1.045698422892002964e+04
8.372513275104574859e+02 1.045154687500000000e+04 1.045697837465578414e+04
8.372717618988826871e+02 1.045568750000000000e+04 1.045697246665786588e+04
8.372921960870735347e+02 1.045258300781250000e+04 1.045696650486148428e+04
8.373126303753815591e+02 1.045160449218750000e+04 1.045696048902752773e+04
8.373330647628754377e+02 1.046640429687500000e+04 1.045695441900359583e+04
8.373534989506006241e+02 1.045726953125000000e+04 1.045694829472700621e+04
8.373739332379773259e+02 1.045791796875000000e+04 1.045694211595653724e+04
8.373943676250055432e+02 1.045371386718750000e+04 1.045693588253951020e+04
8.374148018122650683e+02 1.045518261718750000e+04 1.045692959441577841e+04
8.374352361988276243e+02 1.045603125000000000e+04 1.045692325131065445e+04
8.374556704852730036e+02 1.045003320312500000e+04 1.045691685316479925e+04
8.374761046716012061e+02 1.045630175781250000e+04 1.045691039982714028e+04
8.374965390572324395e+02 1.045406445312500000e+04 1.045690389105082977e+04
8.375169733432121575e+02 1.045783691406250000e+04 1.045689732677880420e+04
8.375374076287262142e+02 1.045783105468750000e+04 1.045689070682772217e+04
8.375578419137746096e+02 1.045583007812500000e+04 1.045688403104570898e+04
8.375782761988230050e+02 1.046149511718750000e+04 1.045687729928072622e+04
8.375987104834057391e+02 1.045920898437500000e+04 1.045687051138104653e+04
8.376191448681056499e+02 1.045809472656250000e+04 1.045686366716096745e+04
8.376395790521055460e+02 1.045000097656250000e+04 1.045685676656976830e+04
8.376600133362226188e+02 1.045650097656250000e+04 1.045684980935440581e+04
8.376804477199912071e+02 1.046217968750000000e+04 1.045684279536231770e+04
8.377008819039911032e+02 1.045641796875000000e+04 1.045683572454481691e+04
8.377213162872940302e+02 1.045394531250000000e+04 1.045682859661192924e+04
8.377417504703626037e+02 1.046713085937500000e+04 1.045682141155114005e+04
8.377621847530826926e+02 1.045668457031250000e+04 1.045681416910554435e+04
8.377826191359199584e+02 1.045352539062500000e+04 1.045680686912225610e+04
8.378030533180572093e+02 1.045621777343750000e+04 1.045679951155727758e+04
8.378234876003116369e+02 1.045452050781250000e+04 1.045679209615083346e+04
8.378439219822175801e+02 1.045454785156250000e+04 1.045678462275036873e+04
8.378643561638891697e+02 1.046389746093750000e+04 1.045677709131410302e+04
8.378847904452122748e+02 1.045641308593750000e+04 1.045676950158004911e+04
8.379052248261868954e+02 1.045876464843750000e+04 1.045676185339547919e+04
8.379256590073928237e+02 1.045633496093750000e+04 1.045675414672099760e+04
8.379460932882502675e+02 1.045461816406250000e+04 1.045674638129223240e+04
8.379665276687592268e+02 1.045602734375000000e+04 1.045673855695643215e+04
8.379869618490338326e+02 1.044596972656250000e+04 1.045673067367698604e+04
8.380073962290771306e+02 1.045588769531250000e+04 1.045672273114768723e+04
8.380278305085375905e+02 1.045845507812500000e+04 1.045671472933296900e+04
8.380482647884637117e+02 1.045317089843750000e+04 1.045670666804180837e+04
8.380686990674585104e+02 1.045182128906250000e+04 1.045669854712287997e+04
8.380891333464533091e+02 1.045724804687500000e+04 1.045669036642392894e+04
8.381095676254481077e+02 1.046511328125000000e+04 1.045668212579307874e+04
8.381300019039772451e+02 1.045989355468750000e+04 1.045667382507863113e+04
8.381504361820407212e+02 1.045093359375000000e+04 1.045666546412870957e+04
8.381708704605698586e+02 1.045825390625000000e+04 1.045665704279104648e+04
8.381913048382848501e+02 1.046267968750000000e+04 1.045664856087263433e+04
8.382117390157654881e+02 1.045364648437500000e+04 1.045664001834632290e+04
8.382321732933633029e+02 1.046129687500000000e+04 1.045663141493511102e+04
8.382526076706126332e+02 1.045500488281250000e+04 1.045662275048641823e+04
8.382730418471619487e+02 1.045110156250000000e+04 1.045661402497617019e+04
8.382934762239456177e+02 1.046058398437500000e+04 1.045660523808127982e+04
8.383139105006121099e+02 1.045395507812500000e+04 1.045659638977856957e+04
8.383343446766957641e+02 1.044861718750000000e+04 1.045658747991726341e+04
8.383547790525481105e+02 1.045850000000000000e+04 1.045657850821406464e+04
8.383752132281661034e+02 1.046504785156250000e+04 1.045656947469271654e+04
8.383956475034356117e+02 1.046097949218750000e+04 1.045656037906921665e+04
8.384160818788222969e+02 1.045812792968750000e+04 1.045655122119056614e+04
8.384365160539746284e+02 1.045322167968750000e+04 1.045654200103995026e+04
8.384569503283128142e+02 1.045293261718750000e+04 1.045653271833083272e+04
8.384773847032338381e+02 1.045870800781250000e+04 1.045652337290979813e+04
8.384978188774548471e+02 1.046072851562500000e+04 1.045651396476319314e+04
8.385182531513273716e+02 1.044803710937500000e+04 1.045650449360132734e+04
8.385386875253170729e+02 1.045001855468750000e+04 1.045649495927117277e+04
8.385591217987239361e+02 1.046152832031250000e+04 1.045648536171449086e+04
8.385795560716651380e+02 1.046256933593750000e+04 1.045647570073284078e+04
8.385999903450720012e+02 1.045951171875000000e+04 1.045646597617390944e+04
8.386204246180132031e+02 1.045396386718750000e+04 1.045645618788625143e+04
8.386408588904887438e+02 1.045109277343750000e+04 1.045644633571798113e+04
8.386612931624986231e+02 1.045860742187500000e+04 1.045643641951723112e+04
8.386817274349741638e+02 1.044835742187500000e+04 1.045642643913166103e+04
8.387021618066355586e+02 1.045763574218750000e+04 1.045641639436069818e+04
8.387225959785282612e+02 1.045138183593750000e+04 1.045640628519989332e+04
8.387430302496068180e+02 1.045555859375000000e+04 1.045639611134994266e+04
8.387634646208025515e+02 1.045215722656250000e+04 1.045638587265754541e+04
8.387838987917639315e+02 1.045785644531250000e+04 1.045637556912179389e+04
8.388043330623768270e+02 1.045637695312500000e+04 1.045636520044007193e+04
8.388247674326412380e+02 1.045297558593750000e+04 1.045635476645954441e+04
8.388452016031369567e+02 1.044771972656250000e+04 1.045634426718169379e+04
8.388656359729357064e+02 1.045934667968750000e+04 1.045633370224958344e+04
8.388860702426172793e+02 1.045933300781250000e+04 1.045632307166567080e+04
8.389065044117160141e+02 1.045581152343750000e+04 1.045631237527928170e+04
8.389269387810491025e+02 1.046008300781250000e+04 1.045630161278057858e+04
