1.229412975667975843e+03 1.085615546875000000e+05 1.085683720299137494e+05
1.229433409883640707e+03 1.085765156250000000e+05 1.085683429399250745e+05
1.229453844199422747e+03 1.085605234375000000e+05 1.085683116097985330e+05
1.229474278414621949e+03 1.085641953125000000e+05 1.085682780615747615e+05
1.229494712629821151e+03 1.085763281250000000e+05 1.085682423168378446e+05
1.229515146845020354e+03 1.085809296875000000e+05 1.085682043973206164e+05
1.229535581059753895e+03 1.085524218750000000e+05 1.085681643247567845e+05
1.229556015274021775e+03 1.085626093750000000e+05 1.085681221208792995e+05
1.229576449487823993e+03 1.085772343750000000e+05 1.085680778074210975e+05
1.229596883702091873e+03 1.085683281250000000e+05 1.085680314061129757e+05
1.229617318015545607e+03 1.085537656250000000e+05 1.085679829384484619e+05
1.229637752129230648e+03 1.085705468750000000e+05 1.085679324268845667e+05
1.229658186342101544e+03 1.085670781250000000e+05 1.085678798924301664e+05
1.229678620655089617e+03 1.085804687500000000e+05 1.085678253567862121e+05
1.229699054767843336e+03 1.085573750000000000e+05 1.085677688425016677e+05
1.229719488980248570e+03 1.085662031250000000e+05 1.085677103704945184e+05
1.229739923292770982e+03 1.085561093750000000e+05 1.085676499624676653e+05
1.229760357404593378e+03 1.085758359375000000e+05 1.085675876410573546e+05
1.229780791716650128e+03 1.085750703125000000e+05 1.085675234267737978e+05
1.229801225928124040e+03 1.085674609375000000e+05 1.085674573422812682e+05
1.229821660039480776e+03 1.085881171875000000e+05 1.085673894093384879e+05
1.229842094350140542e+03 1.085743515625000000e+05 1.085673196486694651e+05
1.229862528561148793e+03 1.085766250000000000e+05 1.085672480830142740e+05
1.229882962771691382e+03 1.085601953125000000e+05 1.085671747337715933e+05
1.229903396981768310e+03 1.085718750000000000e+05 1.085670996226743446e+05
1.229923831191845238e+03 1.085651875000000000e+05 1.085670227714536886e+05
1.229944265401922166e+03 1.085597343750000000e+05 1.085669442018423870e+05
1.229964699611533433e+03 1.085614843750000000e+05 1.085668639355750638e+05
1.229985133820679039e+03 1.085815703125000000e+05 1.085667819943846553e+05
1.230005568029824644e+03 1.085705156250000000e+05 1.085666984000020602e+05
1.230026002238970250e+03 1.085572265625000000e+05 1.085666131741600984e+05
1.230046436447650194e+03 1.085434140625000000e+05 1.085665263385935687e+05
1.230066870655398816e+03 1.085688984375000000e+05 1.085664379150373570e+05
1.230087304863613099e+03 1.085580000000000000e+05 1.085663479252182588e+05
1.230107739071827382e+03 1.085740859375000000e+05 1.085662563908710727e+05
1.230128173379227519e+03 1.085549609375000000e+05 1.085661633332732017e+05
1.230148607486858964e+03 1.085495078125000000e+05 1.085660687755299441e+05
1.230169041694141924e+03 1.085713515625000000e+05 1.085659727379996039e+05
1.230189476000610739e+03 1.085640468750000000e+05 1.085658752423956175e+05
1.230209910107310861e+03 1.085463281250000000e+05 1.085657763118878356e+05
1.230230344314128160e+03 1.085711796875000000e+05 1.085656759667675797e+05
1.230250778620131314e+03 1.085476093750000000e+05 1.085655742287516186e+05
1.230271212726365775e+03 1.085411171875000000e+05 1.085654711210714449e+05
1.230291647031903267e+03 1.085607890625000000e+05 1.085653666634462425e+05
1.230312081237323582e+03 1.085743359375000000e+05 1.085652608791296661e+05
1.230332515342626721e+03 1.085751015625000000e+05 1.085651537898737879e+05
1.230352949647232890e+03 1.085604218750000000e+05 1.085650454158328648e+05
1.230373383852187544e+03 1.085684140625000000e+05 1.085649357803158055e+05
1.230393817956559360e+03 1.085503671875000000e+05 1.085648249050787708e+05
1.230414252260699868e+03 1.085657031250000000e+05 1.085647128102158313e+05
1.230434686465188861e+03 1.085622734375000000e+05 1.085645995190934773e+05
1.230455120668746531e+03 1.085705078125000000e+05 1.085644850529059477e+05
1.230475554872304201e+03 1.085718437500000000e+05 1.085643694333808380e+05
1.230495989075396210e+03 1.085632109375000000e+05 1.085642526822536602e+05
1.230516423278488219e+03 1.085645468750000000e+05 1.085641348212544981e+05
1.230536857481580228e+03 1.085822968750000000e+05 1.085640158721161133e+05
1.230557291683740914e+03 1.085725390625000000e+05 1.085638958565768116e+05
1.230577725986484438e+03 1.085809687500000000e+05 1.085637747957654501e+05
1.230598160188179463e+03 1.085465625000000000e+05 1.085636527126095025e+05
1.230618594290222973e+03 1.085693750000000000e+05 1.085635296288483078e+05
1.230639028591569513e+03 1.085739531250000000e+05 1.085634055644066248e+05
1.230659462793264538e+03 1.085548750000000000e+05 1.085632805428251741e+05
1.230679896893911064e+03 1.085782734375000000e+05 1.085631545858592435e+05
1.230700331194791943e+03 1.085589140625000000e+05 1.085630277133776690e+05
1.230720765295438468e+03 1.085772109375000000e+05 1.085628999495995959e+05
1.230741199495736510e+03 1.085467109375000000e+05 1.085627713143892470e+05
1.230761633795686066e+03 1.085734765625000000e+05 1.085626418294667383e+05
1.230782067895866930e+03 1.085761718750000000e+05 1.085625115184683236e+05
1.230802502195350826e+03 1.085739765625000000e+05 1.085623804005819547e+05
1.230822936394717544e+03 1.085584687500000000e+05 1.085622484994558617e+05
1.230843370493967086e+03 1.085670390625000000e+05 1.085621158368341567e+05
1.230863804792985320e+03 1.085715312500000000e+05 1.085619824324971560e+05
1.230884238991420716e+03 1.085591953125000000e+05 1.085618483101331221e+05
1.230904673089738935e+03 1.085647343750000000e+05 1.085617134914821363e+05
1.230925107387825847e+03 1.085604531250000000e+05 1.085615779962934612e+05
1.230945541585795581e+03 1.085806328125000000e+05 1.085614418482833571e+05
1.230965975783765316e+03 1.085646484375000000e+05 1.085613050685223716e+05
1.230986409980803728e+03 1.085539765625000000e+05 1.085611676787495526e+05
1.231006844178307801e+03 1.085548828125000000e+05 1.085610297006882320e+05
1.231027278375346214e+03 1.085541953125000000e+05 1.085608911560774577e+05
1.231047712571918964e+03 1.085676562500000000e+05 1.085607520666500059e+05
1.231068146768026054e+03 1.085733359375000000e+05 1.085606124541386380e+05
1.231088581064715981e+03 1.085631718750000000e+05 1.085604723395820911e+05
1.231109015260357410e+03 1.085627265625000000e+05 1.085603317460957333e+05
1.231129449356347322e+03 1.085395859375000000e+05 1.085601906954095757e+05
1.231149883651640266e+03 1.085682500000000000e+05 1.085600492071895715e+05
1.231170317846816033e+03 1.085708359375000000e+05 1.085599073052385065e+05
1.231190751941874623e+03 1.085446406250000000e+05 1.085597650112950214e+05
1.231211186236236244e+03 1.085746562500000000e+05 1.085596223450040707e+05
1.231231620430946350e+03 1.085530937500000000e+05 1.085594793301830214e+05
1.231252054525073618e+03 1.085478203125000000e+05 1.085593359885760001e+05
1.231292923012748361e+03 1.085533984375000000e+05 1.085590484077134752e+05
1.231313357306178659e+03 1.085380156250000000e+05 1.085589042126224958e+05
1.231333791399840266e+03 1.085567421875000000e+05 1.085587597783810779e+05
1.231354225592687726e+03 1.085731328125000000e+05 1.085586151246106310e+05
1.231374659785535187e+03 1.085640000000000000e+05 1.085584702737443149e+05
1.231395093977916986e+03 1.085672031250000000e+05 1.085583252475181653e+05
1.231415528070181608e+03 1.085657656250000000e+05 1.085581800683732872e+05
1.231435962362214923e+03 1.085730078125000000e+05 1.085580347559107468e+05
1.231456396554131061e+03 1.085424843750000000e+05 1.085578893339949718e+05
1.231476830745581537e+03 1.085504062500000000e+05 1.085577438236502931e+05
1.231497264936566353e+03 1.085526640625000000e+05 1.085575982466094720e+05
1.231517699127551168e+03 1.085560234375000000e+05 1.085574526246018941e+05
1.231538133318535984e+03 1.085548593750000000e+05 1.085573069793603063e+05
1.231558567509055138e+03 1.085593906250000000e+05 1.085571613326207153e+05
1.231579001699108630e+03 1.085509375000000000e+05 1.085570157061158534e+05
1.231599435989279300e+03 1.085596562500000000e+05 1.085568701208619750e+05
1.231619870079215616e+03 1.085566015625000000e+05 1.085567246007312933e+05
1.231640304268803447e+03 1.085495859375000000e+05 1.085565791653202905e+05
1.231660738558042794e+03 1.085509843750000000e+05 1.085564338363631541e+05
1.231681172747164965e+03 1.085610859375000000e+05 1.085562886370134656e+05
1.231701606835704297e+03 1.085646796875000000e+05 1.085561435890051362e+05
1.231722041124477983e+03 1.085547031250000000e+05 1.085559987119368452e+05
1.231742475312668830e+03 1.085460390625000000e+05 1.085558540296753054e+05
1.231762909400742501e+03 1.085569921875000000e+05 1.085557095639469771e+05
1.231783343688584864e+03 1.085665000000000000e+05 1.085555653343660961e+05
1.231803777876310050e+03 1.085529531250000000e+05 1.085554213647838333e+05
1.231824211963452399e+03 1.085699609375000000e+05 1.085552776769321645e+05
1.231844646250829101e+03 1.085779765625000000e+05 1.085551342904307094e+05
1.231865080437157303e+03 1.085725156250000000e+05 1.085549912291285291e+05
1.231885514724068344e+03 1.085673906250000000e+05 1.085548485133469076e+05
1.231905948810279369e+03 1.085569687500000000e+05 1.085547061669200775e+05
1.231926382996607572e+03 1.085507734375000000e+05 1.085545642094824871e+05
1.231946817282121629e+03 1.085530078125000000e+05 1.085544226627791795e+05
1.231967251367866993e+03 1.086364140625000000e+05 1.085542815506104962e+05
1.231987685553263873e+03 1.085631328125000000e+05 1.085541408926382137e+05
1.232008119738195091e+03 1.085721953125000000e+05 1.085540007112874882e+05
1.232028553923126310e+03 1.085421718750000000e+05 1.085538610282877780e+05
1.232048988107591867e+03 1.085586250000000000e+05 1.085537218653749733e+05
1.232069422292057425e+03 1.085545937500000000e+05 1.085535832442785904e+05
1.232089856476057321e+03 1.085555000000000000e+05 1.085534451867344324e+05
1.232110290760174394e+03 1.085699296875000000e+05 1.085533077137999935e+05
1.232130724943242967e+03 1.085445156250000000e+05 1.085531708485613781e+05
1.232151159027125686e+03 1.085718437500000000e+05 1.085530346127297089e+05
1.232171593309845775e+03 1.085481093750000000e+05 1.085528990260554419e+05
1.232192027492914349e+03 1.085586250000000000e+05 1.085527641122566274e+05
1.232212461575400084e+03 1.085545546875000000e+05 1.085526298930620542e+05
1.232232895857654512e+03 1.085565234375000000e+05 1.085524963882367592e+05
1.232253330039791763e+03 1.085498984375000000e+05 1.085523636214779981e+05
1.232273764121811837e+03 1.085447890625000000e+05 1.085522316145074437e+05
1.232294198403134942e+03 1.085655859375000000e+05 1.085521003871291177e+05
1.232314632584806532e+03 1.085477031250000000e+05 1.085519699630013492e+05
1.232335066665895283e+03 1.085459453125000000e+05 1.085518403638509044e+05
1.232355500946752727e+03 1.085350078125000000e+05 1.085517116095115052e+05
1.232375935127027333e+03 1.085310000000000000e+05 1.085515837236146326e+05
1.232396369407884777e+03 1.085373203125000000e+05 1.085514567266342056e+05
1.232416803488042206e+03 1.085646953125000000e+05 1.085513306421687448e+05
1.232437237667851150e+03 1.085592812500000000e+05 1.085512054900907970e+05
1.232457671947311610e+03 1.085390937500000000e+05 1.085510812921469042e+05
1.232478106026537716e+03 1.085509375000000000e+05 1.085509580718852812e+05
1.232498540205881000e+03 1.085608984375000000e+05 1.085508358492201951e+05
1.232518974484410137e+03 1.085502656250000000e+05 1.085507146459046780e+05
1.232539408563170582e+03 1.085414843750000000e+05 1.085505944854369591e+05
1.232559842741582543e+03 1.085523515625000000e+05 1.085504753877813491e+05
1.232580277019646019e+03 1.085438593750000000e+05 1.085503573746862239e+05
1.232600711197592318e+03 1.085548906250000000e+05 1.085502404690380499e+05
1.232621145375072956e+03 1.085332968750000000e+05 1.085501246919912228e+05
1.232641579552553594e+03 1.085537109375000000e+05 1.085500100652757537e+05
1.232662013729568571e+03 1.085581875000000000e+05 1.085498966106269072e+05
1.232682447906583548e+03 1.085639062500000000e+05 1.085497843497747090e+05
1.232702882083132863e+03 1.085358125000000000e+05 1.085496733044543944e+05
1.232723316259216517e+03 1.085406484375000000e+05 1.085495634963985067e+05
1.232743750435765833e+03 1.085519609375000000e+05 1.085494549473347288e+05
1.232764184611383826e+03 1.085453437500000000e+05 1.085493476790031418e+05
1.232784618686884642e+03 1.085356875000000000e+05 1.085492417136473960e+05
1.232805052962154150e+03 1.085511875000000000e+05 1.085491370714546356e+05
1.232825487137772143e+03 1.085410625000000000e+05 1.085490337757006346e+05
1.232845921212341636e+03 1.085470156250000000e+05 1.085489318481051596e+05
1.232866355487145483e+03 1.085321328125000000e+05 1.085488313089080912e+05
1.232886789661366493e+03 1.085376171875000000e+05 1.085487321813323797e+05
1.232907223935239017e+03 1.085402031250000000e+05 1.085486344861394609e+05
1.232927658009342849e+03 1.085475546875000000e+05 1.085485382464829163e+05
1.232948092183098197e+03 1.085418359375000000e+05 1.085484434826744400e+05
1.232968526456505060e+03 1.085393906250000000e+05 1.085483502164684469e+05
1.232988960529211909e+03 1.085406093750000000e+05 1.085482584709573130e+05
1.233009394702501595e+03 1.085149921875000000e+05 1.085481682665096741e+05
1.233029828974977136e+03 1.085295546875000000e+05 1.085480796248871920e+05
1.233050263047218323e+03 1.085526562500000000e+05 1.085479925691096578e+05
1.233070697219111025e+03 1.085331562500000000e+05 1.085479071196204168e+05
1.233091131491120905e+03 1.085279609375000000e+05 1.085478232981738256e+05
1.233111565662547946e+03 1.085496562500000000e+05 1.085477411273258767e+05
1.233131999733857810e+03 1.085404531250000000e+05 1.085476606287829054e+05
1.233152434004936367e+03 1.085101328125000000e+05 1.085475818231084995e+05
1.233172868175897747e+03 1.085315937500000000e+05 1.085475047332042886e+05
1.233193302346859127e+03 1.085229218750000000e+05 1.085474293804126792e+05
1.233213736516889185e+03 1.085475312500000000e+05 1.085473557864696195e+05
1.233234170686919242e+03 1.085449218750000000e+05 1.085472839731043496e+05
1.233254604856949300e+03 1.085504609375000000e+05 1.085472139620494272e+05
1.233275039026513696e+03 1.085402500000000000e+05 1.085471457750390982e+05
1.233295473196078092e+03 1.085233281250000000e+05 1.085470794338043779e+05
1.233315907464828342e+03 1.085432187500000000e+05 1.085470149597696145e+05
1.233336341533809900e+03 1.085341796875000000e+05 1.085469523755966948e+05
1.233356775702442974e+03 1.085482578125000000e+05 1.085468917020873778e+05
1.233377209870610386e+03 1.085579531250000000e+05 1.085468329612854286e+05
1.233397644038312137e+03 1.085411562500000000e+05 1.085467761749233614e+05
1.233418078206479549e+03 1.085323750000000000e+05 1.085467213647312747e+05
1.233438512374181300e+03 1.085597578125000000e+05 1.085466685524442291e+05
1.233458946540951729e+03 1.085394765625000000e+05 1.085466177597959468e+05
1.233479380808304995e+03 1.085517812500000000e+05 1.085465690082817309e+05
1.233499814874958247e+03 1.085248046875000000e+05 1.085465223203378409e+05
1.233520249041728675e+03 1.085537265625000000e+05 1.085464777169943263e+05
1.233540683308150619e+03 1.085424843750000000e+05 1.085464352200156427e+05
1.233561117373872548e+03 1.085462421875000000e+05 1.085463948517432727e+05
1.233581551539711654e+03 1.085544062500000000e+05 1.085463566332998744e+05
1.233601985805202276e+03 1.085289609375000000e+05 1.085463205864506308e+05
1.233622419870458543e+03 1.085485000000000000e+05 1.085462867334410112e+05
1.233642854035831988e+03 1.085677578125000000e+05 1.085462550954898907e+05
1.233663288300391287e+03 1.085512187500000000e+05 1.085462256943639659e+05
1.233683722464833409e+03 1.085554531250000000e+05 1.085461985520825692e+05
1.233704156629275531e+03 1.085386406250000000e+05 1.085461736902287521e+05
1.233724590793251991e+03 1.085489453125000000e+05 1.085461511243238929e+05
1.233745024956762791e+03 1.085537968750000000e+05 1.085461308450621582e+05
1.233765459120739251e+03 1.085650390625000000e+05 1.085461128369354556e+05
1.233785893283784389e+03 1.085620156250000000e+05 1.085460970844377443e+05
1.233806327446829528e+03 1.085482187500000000e+05 1.085460835720610339e+05
1.233826761709526181e+03 1.085590937500000000e+05 1.085460722842484829e+05
1.233847195771988481e+03 1.085509531250000000e+05 1.085460632056422037e+05
1.233867629934102297e+03 1.085613203125000000e+05 1.085460563205855724e+05
1.233888064196333289e+03 1.085528281250000000e+05 1.085460516136032529e+05
1.233908498257864267e+03 1.085442890625000000e+05 1.085460490692414314e+05
1.233928932419512421e+03 1.085525312500000000e+05 1.085460486719395412e+05
1.233949366680812091e+03 1.085630234375000000e+05 1.085460504062217806e+05
1.233969800741411746e+03 1.085635937500000000e+05 1.085460542565397918e+05
1.233990235002245754e+03 1.085509453125000000e+05 1.085460602074616909e+05
1.234010669162962586e+03 1.085428750000000000e+05 1.085460682434083719e+05
1.234031103223096579e+03 1.085589140625000000e+05 1.085460783488417947e+05
1.234051537482999265e+03 1.085366875000000000e+05 1.085460905084183760e+05
1.234071971642784774e+03 1.085293203125000000e+05 1.085461047064674785e+05
1.234092405701987445e+03 1.085320859375000000e+05 1.085461209274517023e+05
1.234112839961424470e+03 1.085323750000000000e+05 1.085461391561173950e+05
1.234133274120278656e+03 1.085348750000000000e+05 1.085461593767036975e+05
1.234153708179015666e+03 1.085449296875000000e+05 1.085461815736746939e+05
1.234174142437055707e+03 1.085564140625000000e+05 1.085462057318627631e+05
1.234194576595444232e+03 1.085526484375000000e+05 1.085462318354216404e+05
1.234215010653249919e+03 1.085479140625000000e+05 1.085462598688144935e+05
1.234235444911289960e+03 1.085725703125000000e+05 1.085462898169609107e+05
1.234276313225738704e+03 1.085450937500000000e+05 1.085463553943469742e+05
1.234296747382730246e+03 1.085688203125000000e+05 1.085463909927149361e+05
1.234317181539256126e+03 1.085597421875000000e+05 1.085464284435226728e+05
1.234337615795433521e+03 1.085388125000000000e+05 1.085464677314598666e+05
1.234358049851842225e+03 1.085336250000000000e+05 1.085465088404302951e+05
1.234378484007436782e+03 1.085415312500000000e+05 1.085465517555147817e+05
1.234398918263148516e+03 1.085541562500000000e+05 1.085465964612344542e+05
1.234419352318625897e+03 1.085528046875000000e+05 1.085466429414119775e+05
1.234439786473754793e+03 1.085431562500000000e+05 1.085466911812092585e+05
1.234460220728535205e+03 1.085584531250000000e+05 1.085467411651448056e+05
1.234480654783081263e+03 1.085258750000000000e+05 1.085467928769650607e+05
1.234501088937278837e+03 1.085406484375000000e+05 1.085468463019091578e+05
1.234521523191593587e+03 1.085335390625000000e+05 1.085469014244960563e+05
1.234541957245208323e+03 1.085332187500000000e+05 1.085469582283947821e+05
1.234562391499057412e+03 1.085481953125000000e+05 1.085470166992125160e+05
1.234582825652323663e+03 1.085443984375000000e+05 1.085470768205935019e+05
1.234603259705472738e+03 1.085671796875000000e+05 1.085471385770077759e+05
1.234623693957924843e+03 1.085364609375000000e+05 1.085472019538649474e+05
1.234644128110725433e+03 1.085812421875000000e+05 1.085472669347424526e+05
1.234664562263060361e+03 1.085592656250000000e+05 1.085473335044367705e+05
1.234684996414929628e+03 1.085504687500000000e+05 1.085474016474405944e+05
1.234705430566798896e+03 1.085418671875000000e+05 1.085474713482483348e+05
1.234725864718202502e+03 1.085752187500000000e+05 1.085475425913511863e+05
1.234746298869606107e+03 1.085517500000000000e+05 1.085476153612436028e+05
1.234766733020544052e+03 1.085673906250000000e+05 1.085476896424167062e+05
1.234787167171481997e+03 1.085619531250000000e+05 1.085477654193649942e+05
1.234807601321954280e+03 1.085387578125000000e+05 1.085478426765795593e+05
1.234828035471960902e+03 1.085470000000000000e+05 1.085479213985531678e+05
1.234848469722084701e+03 1.085549609375000000e+05 1.085480015701767115e+05
1.234868903771508485e+03 1.085459453125000000e+05 1.085480831747522752e+05
1.234889337921049446e+03 1.085616015625000000e+05 1.085481661979634373e+05
1.234909772170241922e+03 1.085403984375000000e+05 1.085482506243218959e+05
1.234930206219200045e+03 1.085500468750000000e+05 1.085483364370711788e+05
1.234950640368275344e+03 1.085625312500000000e+05 1.085484236219553568e+05
1.234971074616536498e+03 1.085689062500000000e+05 1.085485121634832612e+05
1.234991508664563298e+03 1.085647656250000000e+05 1.085486020448404015e+05
1.235011942812707275e+03 1.085640781250000000e+05 1.085486932518309040e+05
1.235032377060037106e+03 1.085643828125000000e+05 1.085487857689628145e+05
1.235052811107598245e+03 1.085587734375000000e+05 1.085488795793658501e+05
1.235073245354928076e+03 1.085651953125000000e+05 1.085489746693670168e+05
1.235093679501675069e+03 1.085581875000000000e+05 1.085490710220707406e+05
1.235114113548304886e+03 1.085591250000000000e+05 1.085491686219536641e+05
1.235134547794703394e+03 1.085387656250000000e+05 1.085492674549499934e+05
1.235154981940984726e+03 1.085623750000000000e+05 1.085493675041111710e+05
1.235175416086800396e+03 1.085548203125000000e+05 1.085494687544089393e+05
1.235195850232150406e+03 1.085698281250000000e+05 1.085495711903361225e+05
1.235216284377500415e+03 1.085585468750000000e+05 1.085496747963879025e+05
1.235236718522850424e+03 1.085414843750000000e+05 1.085497795570571034e+05
1.235257152667734772e+03 1.085447265625000000e+05 1.085498854568341631e+05
1.235277586812153459e+03 1.085488984375000000e+05 1.085499924802119349e+05
1.235298020956572145e+03 1.085302734375000000e+05 1.085501006116856588e+05
1.235318455200642347e+03 1.085610312500000000e+05 1.085502098362834950e+05
1.235338889244012535e+03 1.085587734375000000e+05 1.085503201368848968e+05
1.235359323488082737e+03 1.085513359375000000e+05 1.085504315001492942e+05
1.235379757631104439e+03 1.085557343750000000e+05 1.085505439089328574e+05
1.235400191674008965e+03 1.085350859375000000e+05 1.085506573477182246e+05
1.235420625917147845e+03 1.085461484375000000e+05 1.085507718026732036e+05
1.235441059959586710e+03 1.085462656250000000e+05 1.085508872560449963e+05
1.235461494101677090e+03 1.085408515625000000e+05 1.085510036940161372e+05
1.235481928343418986e+03 1.085447812500000000e+05 1.085511211010937695e+05
1.235502362485509366e+03 1.085484921875000000e+05 1.085512394606256275e+05
1.235522796527016908e+03 1.085375546875000000e+05 1.085513587570852833e+05
1.235543230767827481e+03 1.085508671875000000e+05 1.085514789767230977e+05
1.235563664808869362e+03 1.085425000000000000e+05 1.085516001016842201e+05
1.235584098949562758e+03 1.085437421875000000e+05 1.085517221182296926e+05
1.235604533190373331e+03 1.085439453125000000e+05 1.085518450108681864e+05
1.235624967230483890e+03 1.085408515625000000e+05 1.085519687622770434e+05
1.235645401470363140e+03 1.085416328125000000e+05 1.085520933593742811e+05
1.235665835610125214e+03 1.085357343750000000e+05 1.085522187848303729e+05
1.235686269749421626e+03 1.085504843750000000e+05 1.085523450237437501e+05
1.235706703888252378e+03 1.085359062500000000e+05 1.085524720606072078e+05
1.235727138027083129e+03 1.085195781250000000e+05 1.085525998799165391e+05
1.235747572165913880e+03 1.085032968750000000e+05 1.085527284661646117e+05
1.235768006304278970e+03 1.085118515625000000e+05 1.085528578038413252e+05
1.235788440442178398e+03 1.085291875000000000e+05 1.085529878774395911e+05
1.235808874580077827e+03 1.085162500000000000e+05 1.085531186714551732e+05
1.235829308817628771e+03 1.085412578125000000e+05 1.085532501710239449e+05
1.235849742854945362e+03 1.085562109375000000e+05 1.085533823587038496e+05
1.235870177092030644e+03 1.085446406250000000e+05 1.085535152215752751e+05
1.235890611228998750e+03 1.085528906250000000e+05 1.085536487421861093e+05
1.235911045265384018e+03 1.085812578125000000e+05 1.085537829050166620e+05
1.235931479502003640e+03 1.085757500000000000e+05 1.085539176965394872e+05
1.235951913638040423e+03 1.085612109375000000e+05 1.085540530992677377e+05
1.235972347673494369e+03 1.085520468750000000e+05 1.085541890976853902e+05
1.235992781909182668e+03 1.085538281250000000e+05 1.085543256782917015e+05
1.236013216044288129e+03 1.085691484375000000e+05 1.085544628235731507e+05
1.236033650079276413e+03 1.085499140625000000e+05 1.085546005180175562e+05
1.236054084314033389e+03 1.085533593750000000e+05 1.085547387481425249e+05
1.236074518448673189e+03 1.085671093750000000e+05 1.085548774964161857e+05
1.236094952482730150e+03 1.085509375000000000e+05 1.085550167473207403e+05
1.236115386716555804e+03 1.085463281250000000e+05 1.085551564873995085e+05
1.236135820850264281e+03 1.085317968750000000e+05 1.085552966990981222e+05
1.236156255083624274e+03 1.085675312500000000e+05 1.085554373682800506e+05
1.236176689116749913e+03 1.085645156250000000e+05 1.085555784773704654e+05
1.236197123249992728e+03 1.085646640625000000e+05 1.085557200129331613e+05
1.236217557382304221e+03 1.085664843750000000e+05 1.085558619587642897e+05
1.236237991514615715e+03 1.085576875000000000e+05 1.085560042993631505e+05
1.236258425646927208e+03 1.085523906250000000e+05 1.085561470192226989e+05
1.236278859778773040e+03 1.085648515625000000e+05 1.085562901028325141e+05
1.236299293910153210e+03 1.085554062500000000e+05 1.085564335346855223e+05
1.236319728041533381e+03 1.085489531250000000e+05 1.085565772992778511e+05
1.236340162172913551e+03 1.085497421875000000e+05 1.085567213811024267e+05
1.236360596303362399e+03 1.085598828125000000e+05 1.085568657646455540e+05
1.236381030433811247e+03 1.085690859375000000e+05 1.085570104344066931e+05
1.236401464664377272e+03 1.085452812500000000e+05 1.085571553755895584e+05
1.236421898694243282e+03 1.085564765625000000e+05 1.085573005705513788e+05
1.236442332923877984e+03 1.085473906250000000e+05 1.085574460066305182e+05
1.236462767053861171e+03 1.085864921875000000e+05 1.085575916661905212e+05
1.236483201082795858e+03 1.085513046875000000e+05 1.085577375337111880e+05
1.236503635311964899e+03 1.085528750000000000e+05 1.085578835958375421e+05
1.236524069440551102e+03 1.085579765625000000e+05 1.085580298349136574e+05
1.236544503469020128e+03 1.085682500000000000e+05 1.085581762354332895e+05
1.236564937697257847e+03 1.085473906250000000e+05 1.085583227840389591e+05
1.236585371824912727e+03 1.085732031250000000e+05 1.085584694630706217e+05
1.236605805852450430e+03 1.085947187500000000e+05 1.085586162570227170e+05
1.236626240080222487e+03 1.085546875000000000e+05 1.085587631525465258e+05
1.236646674207411706e+03 1.085562578125000000e+05 1.085589101319732581e+05
1.236667108334135264e+03 1.085581796875000000e+05 1.085590571805152431e+05
1.236687542460858822e+03 1.085606718750000000e+05 1.085592042826687539e+05
1.236707976587116718e+03 1.085639062500000000e+05 1.085593514229233842e+05
1.236728410813491791e+03 1.085405390625000000e+05 1.085594985864964256e+05
1.236748844839166850e+03 1.085468984375000000e+05 1.085596457557142712e+05
1.236769278964493424e+03 1.085555781250000000e+05 1.085597929172330187e+05
1.236789713189937174e+03 1.085746015625000000e+05 1.085599400555487082e+05
1.236810147215146571e+03 1.085737500000000000e+05 1.085600871529917640e+05
1.236830581339541823e+03 1.085666640625000000e+05 1.085602341962109058e+05
1.236851015464402735e+03 1.085757812500000000e+05 1.085603811689882714e+05
1.236871449688449502e+03 1.085549765625000000e+05 1.085605280565261783e+05
1.236891883712261915e+03 1.085537890625000000e+05 1.085606748411659064e+05
1.236912317936308682e+03 1.085592109375000000e+05 1.085608215102770046e+05
1.236932751959655434e+03 1.085738593750000000e+05 1.085609680454747431e+05
1.236953186182770878e+03 1.085612031250000000e+05 1.085611144341237668e+05
1.236973620305769145e+03 1.085704531250000000e+05 1.085612606585675385e+05
1.236994054328650236e+03 1.085500859375000000e+05 1.085614067033014580e+05
1.237014488550834358e+03 1.085654218750000000e+05 1.085615525549571321e+05
1.237034922672901303e+03 1.085498281250000000e+05 1.085616981958888355e+05
1.237055356694851071e+03 1.085548515625000000e+05 1.085618436105926812e+05
1.237075790916569531e+03 1.085416406250000000e+05 1.085619887856939895e+05
1.237096225037705153e+03 1.085586718750000000e+05 1.085621337035500474e+05
1.237116659059189260e+03 1.085559921875000000e+05 1.085622783486642293e+05
1.237137093279976398e+03 1.085446406250000000e+05 1.085624227076436509e+05
1.237157527400180697e+03 1.085612109375000000e+05 1.085625667628604569e+05
1.237177961420733482e+03 1.085620703125000000e+05 1.085627104988188221e+05
1.237198395641054958e+03 1.085589296875000000e+05 1.085628539021153265e+05
1.237218829760793597e+03 1.085515156250000000e+05 1.085629969551326940e+05
1.237259697999339551e+03 1.085674062500000000e+05 1.085632819504152721e+05
1.237280132118146867e+03 1.085475468750000000e+05 1.085634238616663788e+05
1.237300566337071359e+03 1.085810468750000000e+05 1.085635653620090598e+05
1.237321000355295837e+03 1.085621875000000000e+05 1.085637064338562632e+05
1.237341434473637491e+03 1.085537031250000000e+05 1.085638470637808787e+05
1.237361868691630661e+03 1.085601484375000000e+05 1.085639872362660826e+05
1.237382302809506655e+03 1.085760937500000000e+05 1.085641269344343746e+05
1.237402736826799810e+03 1.085663515625000000e+05 1.085642661427825806e+05
1.237423171043861657e+03 1.085548515625000000e+05 1.085644048478462064e+05
1.237443605160806328e+03 1.085501171875000000e+05 1.085645430320788437e+05
1.237464039177168161e+03 1.085592812500000000e+05 1.085646806799780752e+05
1.237484473393764347e+03 1.085493593750000000e+05 1.085648177780592232e+05
1.237504907509777695e+03 1.085668046875000000e+05 1.085649543087928323e+05
1.237525341725442559e+03 1.085636328125000000e+05 1.085650902580096590e+05
1.237545775741338730e+03 1.085686796875000000e+05 1.085652256082149252e+05
1.237566209756303579e+03 1.085553125000000000e+05 1.085653603452276002e+05
1.237586643971502781e+03 1.085692812500000000e+05 1.085654944548580534e+05
1.237607078086119145e+03 1.085767187500000000e+05 1.085656279196203250e+05
1.237627512100618333e+03 1.085833906250000000e+05 1.085657607240199723e+05
1.237647946314886212e+03 1.085742187500000000e+05 1.085658928544941009e+05
1.237668380428571254e+03 1.085691953125000000e+05 1.085660242935885763e+05
1.237688814442604780e+03 1.085689921875000000e+05 1.085661550258125353e+05
1.237709248655941337e+03 1.085545000000000000e+05 1.085662850375663984e+05
1.237729682769160718e+03 1.085754453125000000e+05 1.085664143114327599e+05
1.237750116881914437e+03 1.085686718750000000e+05 1.085665428325403773e+05
1.237770550994668156e+03 1.085680468750000000e+05 1.085666705853851745e+05
1.237790985106956214e+03 1.085806328125000000e+05 1.085667975544572255e+05
1.237811419318895787e+03 1.085833984375000000e+05 1.085669237248657009e+05
1.237831853331066668e+03 1.085583984375000000e+05 1.085670490792607598e+05
1.237852287442423403e+03 1.085588984375000000e+05 1.085671736039753305e+05
1.237872721653897315e+03 1.085461796875000000e+05 1.085672972834958200e+05
1.237893155764788389e+03 1.085601406250000000e+05 1.085674201011003752e+05
1.237913589775562286e+03 1.085768125000000000e+05 1.085675420412975218e+05
1.237934023986104876e+03 1.085813906250000000e+05 1.085676630903633340e+05
1.237954458096530288e+03 1.085669687500000000e+05 1.085677832310076919e+05
1.237974892106372863e+03 1.085933984375000000e+05 1.085679024477343337e+05
1.237995326315984130e+03 1.085648671875000000e+05 1.085680207267816877e+05
