1.032429096488282084e+03 1.199365781250000000e+05 1.199231132458287757e+05
1.032449529299046844e+03 1.199205234375000000e+05 1.199234226095690392e+05
1.032469962210860103e+03 1.199295468750000000e+05 1.199237278762146452e+05
1.032490394922439009e+03 1.199402890625000000e+05 1.199240290631376411e+05
1.032510827734135091e+03 1.199353828125000000e+05 1.199243261966386781e+05
1.032531260646414012e+03 1.199405312500000000e+05 1.199246192985085072e+05
1.032551693458575755e+03 1.199372578125000000e+05 1.199249083877115045e+05
1.032572126171085984e+03 1.199377109375000000e+05 1.199251934861564514e+05
1.032592559083830565e+03 1.199340546875000000e+05 1.199254746198417561e+05
1.032612991896923631e+03 1.199256484375000000e+05 1.199257518064556207e+05
1.032633424610365182e+03 1.199394140625000000e+05 1.199260250678990124e+05
1.032653857523575425e+03 1.199272734375000000e+05 1.199262944299911032e+05
1.032674290337599814e+03 1.199298203125000000e+05 1.199265599106055743e+05
1.032694723251275718e+03 1.199248984375000000e+05 1.199268215341693722e+05
1.032715155965648592e+03 1.199200937500000000e+05 1.199270793187263771e+05
1.032735588780138642e+03 1.199069375000000000e+05 1.199273332899255183e+05
1.032756021594628692e+03 1.199609687500000000e+05 1.199275834683376743e+05
1.032776454409584403e+03 1.199196250000000000e+05 1.199278298758120509e+05
1.032796887224540114e+03 1.199421015625000000e+05 1.199280725341862562e+05
1.032817320039961487e+03 1.199246328125000000e+05 1.199283114653092489e+05
1.032837752855382860e+03 1.199340156250000000e+05 1.199285466910189425e+05
1.032858185771387070e+03 1.199149609375000000e+05 1.199287782342895080e+05
1.032878618487622589e+03 1.199260000000000000e+05 1.199290061135877040e+05
1.032899051303975284e+03 1.199213750000000000e+05 1.199292303541282163e+05
1.032919484220445156e+03 1.199212421875000000e+05 1.199294509777011845e+05
1.032939916937146336e+03 1.199342031250000000e+05 1.199296680029385170e+05
1.032960349753964692e+03 1.199213593750000000e+05 1.199298814548951050e+05
1.032980782671365887e+03 1.199176250000000000e+05 1.199300913553668215e+05
1.033001215388532728e+03 1.199393984375000000e+05 1.199302977231328696e+05
1.033021648206282407e+03 1.199162265625000000e+05 1.199305005831006856e+05
1.033042081124149263e+03 1.199485546875000000e+05 1.199306999570576590e+05
1.033062513942364603e+03 1.199300312500000000e+05 1.199308958648979315e+05
1.033082946761045605e+03 1.199264140625000000e+05 1.199310883294502419e+05
1.033103379579726607e+03 1.199379218750000000e+05 1.199312773725536099e+05
1.033123812398407608e+03 1.199118984375000000e+05 1.199314630160514207e+05
1.033144245217554271e+03 1.199059921875000000e+05 1.199316452817913669e+05
1.033164678036700934e+03 1.199219296875000000e+05 1.199318241916126863e+05
1.033185110856313258e+03 1.199204609375000000e+05 1.199319997673627804e+05
1.033205543675925583e+03 1.199154609375000000e+05 1.199321720308810327e+05
1.033225976496003568e+03 1.199350859375000000e+05 1.199323410040148010e+05
1.033246409416198730e+03 1.199285234375000000e+05 1.199325067094075639e+05
1.033266842236742377e+03 1.199348203125000000e+05 1.199326691672827001e+05
1.033287274957634509e+03 1.198954218750000000e+05 1.199328283995310630e+05
1.033307707878760993e+03 1.199074765625000000e+05 1.199329844303094724e+05
1.033328140699770302e+03 1.199250078125000000e+05 1.199331372791443864e+05
1.033348573421128094e+03 1.199024687500000000e+05 1.199332869679292926e+05
1.033369006343185902e+03 1.199212578125000000e+05 1.199334335206846445e+05
1.033389439164660871e+03 1.199295156250000000e+05 1.199335769570701086e+05
1.033409871886949986e+03 1.199264687500000000e+05 1.199337172989844985e+05
1.033430304809473455e+03 1.199138828125000000e+05 1.199338545703050913e+05
1.033450737532228231e+03 1.199328125000000000e+05 1.199339887901877810e+05
1.033471170454751700e+03 1.199167421875000000e+05 1.199341199831007834e+05
1.033491603278089315e+03 1.199226093750000000e+05 1.199342481689457782e+05
1.033512036001309752e+03 1.199296171875000000e+05 1.199343733696042909e+05
1.033532468925230205e+03 1.199342500000000000e+05 1.199344956087411556e+05
1.033552901748567820e+03 1.199364296875000000e+05 1.199346149063757039e+05
1.033573334472719580e+03 1.199228359375000000e+05 1.199347312844025728e+05
1.033593767397105694e+03 1.199331171875000000e+05 1.199348447663491825e+05
1.033614200221374631e+03 1.199237265625000000e+05 1.199349553723696154e+05
1.033634633046574891e+03 1.199642890625000000e+05 1.199350631248754362e+05
1.033655065871309489e+03 1.199590312500000000e+05 1.199351680457026232e+05
1.033675498696509749e+03 1.199340390625000000e+05 1.199352701566994801e+05
1.033695931621827185e+03 1.199309687500000000e+05 1.199353694801870006e+05
1.033716364347841591e+03 1.199399921875000000e+05 1.199354660365733871e+05
1.033736797173507512e+03 1.199550937500000000e+05 1.199355598491351411e+05
1.033757230099756271e+03 1.199498125000000000e+05 1.199356509396798210e+05
1.033777662926353514e+03 1.199751953125000000e+05 1.199357393291581830e+05
1.033798095652833581e+03 1.199364843750000000e+05 1.199358250394512434e+05
1.033818528580013663e+03 1.199529843750000000e+05 1.199359080936446408e+05
1.033838961407076567e+03 1.199519687500000000e+05 1.199359885123396234e+05
1.033859394234605134e+03 1.199301953125000000e+05 1.199360663177948736e+05
1.033879827062133700e+03 1.199483281250000000e+05 1.199361415318521031e+05
1.033900259889662266e+03 1.199339453125000000e+05 1.199362141763547697e+05
1.033920692818239331e+03 1.199336796875000000e+05 1.199362842734868464e+05
1.033941125546116382e+03 1.199333437500000000e+05 1.199363518440751795e+05
1.033961558375041932e+03 1.199499609375000000e+05 1.199364169109795766e+05
1.033981991303618997e+03 1.199329375000000000e+05 1.199364794960024155e+05
1.034002424032893032e+03 1.199360625000000000e+05 1.199365396200896066e+05
1.034022856861818582e+03 1.199436406250000000e+05 1.199365973059822572e+05
1.034043289791792631e+03 1.199492968750000000e+05 1.199366525754921022e+05
1.034063722521532327e+03 1.199205234375000000e+05 1.199367054496652563e+05
1.034084155451506376e+03 1.199423906250000000e+05 1.199367559513815941e+05
1.034104588181711733e+03 1.199358281250000000e+05 1.199368041014958580e+05
1.034125021012034267e+03 1.199398828125000000e+05 1.199368499225753767e+05
1.034145453942939639e+03 1.199386562500000000e+05 1.199368934364306333e+05
1.034165886673610657e+03 1.199216093750000000e+05 1.199369346642812307e+05
1.034186319504864514e+03 1.199429843750000000e+05 1.199369736285943654e+05
1.034206752436235547e+03 1.199485000000000000e+05 1.199370103511795460e+05
1.034227185168303549e+03 1.199300468750000000e+05 1.199370448533583258e+05
1.034247618100140244e+03 1.199339609375000000e+05 1.199370771576481638e+05
1.034268050932325423e+03 1.199139531250000000e+05 1.199371072854031809e+05
1.034288483764510602e+03 1.199412187500000000e+05 1.199371352586298017e+05
1.034308916597161442e+03 1.199238671875000000e+05 1.199371610991720809e+05
1.034329349430277944e+03 1.199345156250000000e+05 1.199371848288734327e+05
1.034370215096510947e+03 1.199490546875000000e+05 1.199372260431256727e+05
1.034390647930093110e+03 1.199445390625000000e+05 1.199372435713640152e+05
1.034411080764140934e+03 1.199200156250000000e+05 1.199372590761352476e+05
1.034431513698305935e+03 1.199381093750000000e+05 1.199372725793437276e+05
1.034451946432702243e+03 1.199431484375000000e+05 1.199372841026494134e+05
1.034472379367332906e+03 1.199395078125000000e+05 1.199372936681214778e+05
1.034492812201846391e+03 1.199504921875000000e+05 1.199373012974485464e+05
1.034513244937174022e+03 1.199117812500000000e+05 1.199373070125026279e+05
1.034533677872270346e+03 1.199356015625000000e+05 1.199373108351968840e+05
1.034554110707715154e+03 1.199305156250000000e+05 1.199373127873050544e+05
1.034574543443508446e+03 1.199281484375000000e+05 1.199373128906977945e+05
1.034594976379536092e+03 1.199320937500000000e+05 1.199373111672066734e+05
1.034615409215912223e+03 1.199363281250000000e+05 1.199373076386871398e+05
1.034635842152405530e+03 1.199391093750000000e+05 1.199373023269483529e+05
1.034656274889130145e+03 1.199378750000000000e+05 1.199372952539247926e+05
1.034676707725971937e+03 1.199351406250000000e+05 1.199372864413690404e+05
1.034697140663396567e+03 1.199494531250000000e+05 1.199372759110989864e+05
1.034717573401052505e+03 1.199384453125000000e+05 1.199372636851253192e+05
1.034738006138708442e+03 1.199323593750000000e+05 1.199372497851967346e+05
1.034758439076598734e+03 1.199402265625000000e+05 1.199372342329960229e+05
1.034778871914837509e+03 1.199388906250000000e+05 1.199372170505828544e+05
1.034799304753076285e+03 1.199380703125000000e+05 1.199371982597289607e+05
1.034819737591780722e+03 1.199465000000000000e+05 1.199371778822773776e+05
1.034840170430950820e+03 1.199473437500000000e+05 1.199371559400715632e+05
1.034860603370238096e+03 1.199342500000000000e+05 1.199371324548367411e+05
1.034881036109291017e+03 1.199448281250000000e+05 1.199371074487729347e+05
1.034901468949392438e+03 1.199161796875000000e+05 1.199370809433659597e+05
1.034921901889145374e+03 1.199368828125000000e+05 1.199370529604392650e+05
1.034942334729246795e+03 1.199466953125000000e+05 1.199370235221094918e+05
1.034962767469696701e+03 1.199605781250000000e+05 1.199369926502412854e+05
1.034983200410380960e+03 1.199493515625000000e+05 1.199369603662146546e+05
1.035003633251413703e+03 1.199384375000000000e+05 1.199369266923366522e+05
1.035024066092446446e+03 1.199452421875000000e+05 1.199368916502967768e+05
1.035044498933944851e+03 1.199524375000000000e+05 1.199368552619377442e+05
1.035064931775443256e+03 1.199492265625000000e+05 1.199368175491039437e+05
1.035085364717058837e+03 1.199438125000000000e+05 1.199367785334445944e+05
1.035105797459371388e+03 1.199406015625000000e+05 1.199367382373843575e+05
1.035126230301801115e+03 1.199495468750000000e+05 1.199366966821856331e+05
1.035146663244348019e+03 1.199388281250000000e+05 1.199366538896735583e+05
1.035167095987126231e+03 1.199431015625000000e+05 1.199366098823287466e+05
1.035187528930138797e+03 1.199418593750000000e+05 1.199365646811334009e+05
1.035207961773499846e+03 1.199421250000000000e+05 1.199365183085856843e+05
1.035228394517209381e+03 1.199481718750000000e+05 1.199364707865461241e+05
1.035248827461153269e+03 1.199287890625000000e+05 1.199364221361524978e+05
1.035269260304979980e+03 1.199501718750000000e+05 1.199363723799552681e+05
1.035289693049155176e+03 1.199270078125000000e+05 1.199363215398129250e+05
1.035310125994030386e+03 1.199492968750000000e+05 1.199362696368137840e+05
1.035330558838788420e+03 1.199294375000000000e+05 1.199362166935577407e+05
1.035350991583894938e+03 1.199312968750000000e+05 1.199361627319022809e+05
1.035371424529235810e+03 1.199522656250000000e+05 1.199361077728915989e+05
1.035391857274807990e+03 1.199432734375000000e+05 1.199360518394450191e+05
1.035412290220614523e+03 1.199420468750000000e+05 1.199359949523111864e+05
1.035432723066303879e+03 1.199416875000000000e+05 1.199359371341629594e+05
1.035453155812807381e+03 1.199298437500000000e+05 1.199358784068547830e+05
1.035473588759079576e+03 1.199364218750000000e+05 1.199358187913643633e+05
1.035494021606165916e+03 1.199154921875000000e+05 1.199357583104009827e+05
1.035514454453252256e+03 1.199362578125000000e+05 1.199356969855210482e+05
1.035534887300338596e+03 1.199473281250000000e+05 1.199356348385680612e+05
1.035555320147890598e+03 1.199273593750000000e+05 1.199355718913842284e+05
1.035575753095559776e+03 1.199435781250000000e+05 1.199355081655004324e+05
1.035596185843460262e+03 1.199262890625000000e+05 1.199354436837010726e+05
1.035616618691943586e+03 1.199263671875000000e+05 1.199353784668873705e+05
1.035637051640544087e+03 1.199378593750000000e+05 1.199353125368937472e+05
1.035657484489027411e+03 1.199419140625000000e+05 1.199352459162099840e+05
1.035677917238324881e+03 1.199415546875000000e+05 1.199351786266865383e+05
1.035698350187391043e+03 1.199353125000000000e+05 1.199351106891777017e+05
1.035718783036805689e+03 1.199558593750000000e+05 1.199350421265178011e+05
1.035739215786568820e+03 1.199424218750000000e+05 1.199349729605595639e+05
1.035759648736566305e+03 1.199328437500000000e+05 1.199349032121270138e+05
1.035780081586912274e+03 1.199203984375000000e+05 1.199348329040831886e+05
1.035800514537375420e+03 1.199329218750000000e+05 1.199347620575845212e+05
1.035820947288069874e+03 1.199425312500000000e+05 1.199346906955182058e+05
1.035841380139347166e+03 1.199108671875000000e+05 1.199346188386825379e+05
1.035861813090275973e+03 1.199230234375000000e+05 1.199345465089173522e+05
1.035882245841901749e+03 1.199224375000000000e+05 1.199344737291277997e+05
1.035902678693644702e+03 1.199161484375000000e+05 1.199344005200942192e+05
1.035923111645504832e+03 1.199309531250000000e+05 1.199343269036540296e+05
1.035943544397596270e+03 1.199284765625000000e+05 1.199342529027341952e+05
1.035984410203061998e+03 1.199092265625000000e+05 1.199341038315713231e+05
1.036004842956084758e+03 1.199161484375000000e+05 1.199340288061108731e+05
1.036025275909341872e+03 1.199273984375000000e+05 1.199339534820868575e+05
1.036045708662830293e+03 1.199065546875000000e+05 1.199338778828172653e+05
1.036066141516435891e+03 1.199140703125000000e+05 1.199338020290381828e+05
1.036086574470158666e+03 1.199315937500000000e+05 1.199337259425896336e+05
1.036107007224578410e+03 1.199180312500000000e+05 1.199336496464317606e+05
1.036127440079115331e+03 1.199029843750000000e+05 1.199335731612915115e+05
1.036147873033769429e+03 1.199127734375000000e+05 1.199334965090100886e+05
1.036168305888772011e+03 1.199217500000000000e+05 1.199334197121804318e+05
1.036188738743774593e+03 1.199232187500000000e+05 1.199333427922727715e+05
1.036209171599242836e+03 1.199131640625000000e+05 1.199332657711289357e+05
1.036229604455176741e+03 1.199084453125000000e+05 1.199331886705925863e+05
1.036250037311110646e+03 1.199204296875000000e+05 1.199331115125090291e+05
1.036270470167510211e+03 1.199468593750000000e+05 1.199330343187201215e+05
1.036290903023909777e+03 1.199536875000000000e+05 1.199329571110712859e+05
1.036311335980426520e+03 1.199305781250000000e+05 1.199328799110278778e+05
1.036331768737640232e+03 1.199310234375000000e+05 1.199328027415646648e+05
1.036352201694622636e+03 1.199335468750000000e+05 1.199327256230181956e+05
1.036372634551953524e+03 1.199297656250000000e+05 1.199326485783625685e+05
1.036393067310098559e+03 1.199317031250000000e+05 1.199325716294384620e+05
1.036413500268012285e+03 1.199123125000000000e+05 1.199324947969644563e+05
1.036433933126274496e+03 1.199632421875000000e+05 1.199324181039109098e+05
1.036454365884419531e+03 1.199328828125000000e+05 1.199323415721210913e+05
1.036474798843264580e+03 1.199396250000000000e+05 1.199322652223130863e+05
1.036495231702458113e+03 1.199554531250000000e+05 1.199321890774542990e+05
1.036515664461534470e+03 1.199473984375000000e+05 1.199321131593869213e+05
1.036536097420845181e+03 1.199562031250000000e+05 1.199320374888403603e+05
1.036556530280970037e+03 1.199241171875000000e+05 1.199319620887690253e+05
1.036576963240746409e+03 1.199571093750000000e+05 1.199318869802830159e+05
1.036597396000754088e+03 1.199325859375000000e+05 1.199318121863243432e+05
1.036617828861344606e+03 1.199352343750000000e+05 1.199317377276348852e+05
1.036638261822052300e+03 1.199418906250000000e+05 1.199316636260650266e+05
1.036658694582991302e+03 1.199396093750000000e+05 1.199315899045432889e+05
1.036679127444513142e+03 1.199446171875000000e+05 1.199315165838267567e+05
1.036699560306034982e+03 1.199284921875000000e+05 1.199314436861229624e+05
1.036719993167556822e+03 1.199378437500000000e+05 1.199313712332755240e+05
1.036740426129661500e+03 1.199600078125000000e+05 1.199312992467748700e+05
1.036760858891997486e+03 1.199316562500000000e+05 1.199312277458095050e+05
1.036781291754450649e+03 1.199603750000000000e+05 1.199311567325818178e+05
1.036801724717020988e+03 1.199505546875000000e+05 1.199310862066252594e+05
1.036822157580405474e+03 1.199435625000000000e+05 1.199310161681539175e+05
1.036842590343672782e+03 1.199572500000000000e+05 1.199309466166901111e+05
1.036863023307174444e+03 1.199442421875000000e+05 1.199308775507412356e+05
1.036883456170558929e+03 1.199422578125000000e+05 1.199308089708522893e+05
1.036903888934757560e+03 1.199445468750000000e+05 1.199307408765392029e+05
1.036924321899190545e+03 1.199523828125000000e+05 1.199306732663339790e+05
1.036944754763506353e+03 1.199430468750000000e+05 1.199306061407601665e+05
1.036965187728404999e+03 1.199356171875000000e+05 1.199305394986846659e+05
1.036985620493534952e+03 1.199165312500000000e+05 1.199304733406097512e+05
1.037006053358782083e+03 1.199426015625000000e+05 1.199304076650871139e+05
1.037026486324146390e+03 1.199294453125000000e+05 1.199303424716500012e+05
1.037046919090207666e+03 1.199345703125000000e+05 1.199302777607764874e+05
1.037067351955920458e+03 1.199452265625000000e+05 1.199302135310424346e+05
1.037087784922216088e+03 1.199448437500000000e+05 1.199301497819781944e+05
1.037108217688743025e+03 1.199626406250000000e+05 1.199300865140435344e+05
1.037128650655969977e+03 1.199319921875000000e+05 1.199300237255246611e+05
1.037149083523079753e+03 1.199436562500000000e+05 1.199299614168757107e+05
1.037169516290072352e+03 1.199376484375000000e+05 1.199298995876158879e+05
1.037189949257764965e+03 1.199371640625000000e+05 1.199298382363645651e+05
1.037210382125806063e+03 1.199354843750000000e+05 1.199297773635534104e+05
1.037251247861888260e+03 1.199265312500000000e+05 1.199296570504550764e+05
1.037271680730860680e+03 1.199376718750000000e+05 1.199295976092176570e+05
1.037292113499715924e+03 1.199553593750000000e+05 1.199295386445125623e+05
1.037312546468805522e+03 1.199310859375000000e+05 1.199294801550027623e+05
1.037353412207681686e+03 1.199454140625000000e+05 1.199293646019732114e+05
1.037373845077585429e+03 1.199161796875000000e+05 1.199293075372181775e+05
1.037394277947489172e+03 1.199324296875000000e+05 1.199292509463387396e+05
1.037414710818324238e+03 1.199227578125000000e+05 1.199291948288586282e+05
1.037435143688693643e+03 1.199208515625000000e+05 1.199291391843078454e+05
1.037455576559528708e+03 1.199180390625000000e+05 1.199290840122100781e+05
1.037476009430829436e+03 1.199239062500000000e+05 1.199290293120915449e+05
1.037496442302130163e+03 1.199231718750000000e+05 1.199289750834797014e+05
1.037516875274013728e+03 1.199095546875000000e+05 1.199289213256373187e+05
1.037537308145780116e+03 1.199100156250000000e+05 1.199288680386185879e+05
1.037557740917894989e+03 1.199100625000000000e+05 1.199288152219416515e+05
1.037578173890244216e+03 1.199159609375000000e+05 1.199287628743609530e+05
1.037598606762941927e+03 1.199233046875000000e+05 1.199287109961744718e+05
1.037619039535988122e+03 1.199040625000000000e+05 1.199286595869015437e+05
1.037639472509268671e+03 1.199100000000000000e+05 1.199286086453172757e+05
1.037659905382897705e+03 1.199345781250000000e+05 1.199285581716990127e+05
1.037680338156409562e+03 1.199380390625000000e+05 1.199285081655672548e+05
1.037700771130621433e+03 1.199269843750000000e+05 1.199284586257154151e+05
1.037721204004716128e+03 1.199012421875000000e+05 1.199284095524024742e+05
1.037741636978928000e+03 1.199118906250000000e+05 1.199283609446737100e+05
1.037762069753836840e+03 1.199432109375000000e+05 1.199283128027643106e+05
1.037782502628862858e+03 1.199064843750000000e+05 1.199282651254915108e+05
1.037802935604471713e+03 1.199391640625000000e+05 1.199282179123873211e+05
1.037823368379846215e+03 1.199305156250000000e+05 1.199281711636696127e+05
1.037843801255337894e+03 1.199104375000000000e+05 1.199281248781740142e+05
1.037864234231412411e+03 1.199378281250000000e+05 1.199280790554324631e+05
1.037884667007718235e+03 1.199304062500000000e+05 1.199280336956413812e+05
1.037905099984258413e+03 1.199274687500000000e+05 1.199279887974390003e+05
1.037925532861147076e+03 1.199123984375000000e+05 1.199279443610138551e+05
1.037945965638384223e+03 1.199264765625000000e+05 1.199279003858853976e+05
1.037966398615390062e+03 1.199391171875000000e+05 1.199278568709388201e+05
1.037986831493210047e+03 1.199010078125000000e+05 1.199278138163404074e+05
1.038007264270912856e+03 1.198917656250000000e+05 1.199277712216115324e+05
1.038027697249315679e+03 1.199099453125000000e+05 1.199277290856547770e+05
1.038048130127601326e+03 1.199218515625000000e+05 1.199276874086199823e+05
1.038068562906235456e+03 1.199326640625000000e+05 1.199276461900257273e+05
1.038088995885103941e+03 1.199209609375000000e+05 1.199276054287965817e+05
1.038109428764320910e+03 1.199324687500000000e+05 1.199275651250604715e+05
1.038129861743655056e+03 1.199486718750000000e+05 1.199275252779494331e+05
1.038150294523220509e+03 1.199382968750000000e+05 1.199274858875712234e+05
1.038170727403368801e+03 1.199086484375000000e+05 1.199274469528697082e+05
1.038191160383168608e+03 1.199256406250000000e+05 1.199274084733795171e+05
1.038211593163665384e+03 1.199313203125000000e+05 1.199273704491865064e+05
1.038232026044744998e+03 1.199121171875000000e+05 1.199273328792555549e+05
1.038252459025476128e+03 1.199148671875000000e+05 1.199272957631212485e+05
1.038272891806904227e+03 1.199223203125000000e+05 1.199272591008494492e+05
1.038293324788101017e+03 1.199311640625000000e+05 1.199272228912504215e+05
1.038313757670111954e+03 1.199202031250000000e+05 1.199271871343833918e+05
1.038334190452005714e+03 1.199357578125000000e+05 1.199271518297696020e+05
1.038354623434133828e+03 1.199232187500000000e+05 1.199271169764196384e+05
1.038375056316610426e+03 1.199480156250000000e+05 1.199270825743745663e+05
1.038395489099435508e+03 1.199304921875000000e+05 1.199270486231539398e+05
1.038415922082494944e+03 1.199235546875000000e+05 1.199270151217890379e+05
1.038436354965902865e+03 1.199159843750000000e+05 1.199269820703010773e+05
1.038456787849310786e+03 1.199182265625000000e+05 1.199269494680517091e+05
1.038477220733184367e+03 1.199268125000000000e+05 1.199269173145664390e+05
1.038497653617057949e+03 1.199305781250000000e+05 1.199268856093722279e+05
1.038518086601514369e+03 1.199395000000000000e+05 1.199268543518425140e+05
1.038538519386202097e+03 1.199117421875000000e+05 1.199268235419597186e+05
1.038558952271007001e+03 1.199392109375000000e+05 1.199267931787944981e+05
1.038579385256394744e+03 1.199386171875000000e+05 1.199267632618790085e+05
1.038599818041548133e+03 1.199161406250000000e+05 1.199267337911766372e+05
1.038620250927284360e+03 1.199191328125000000e+05 1.199267047657763760e+05
1.038640683813020587e+03 1.199300468750000000e+05 1.199266761853506614e+05
1.038661116699222475e+03 1.199202031250000000e+05 1.199266480494250427e+05
1.038681549685541540e+03 1.199270937500000000e+05 1.199266203573917737e+05
1.038701982572674751e+03 1.199211328125000000e+05 1.199265931090471859e+05
1.038722415359225124e+03 1.199166250000000000e+05 1.199265663039128267e+05
1.038742848346475512e+03 1.199319765625000000e+05 1.199265399411229300e+05
1.038763281234074384e+03 1.199300078125000000e+05 1.199265140205944772e+05
1.038783714022021741e+03 1.199386953125000000e+05 1.199264885418472259e+05
1.038804147009737790e+03 1.199432187500000000e+05 1.199264635040372086e+05
1.038824579898267984e+03 1.199379843750000000e+05 1.199264389070602629e+05
1.038845012686681002e+03 1.199354375000000000e+05 1.199264147504372231e+05
1.038865445675328374e+03 1.199378593750000000e+05 1.199263910333424574e+05
1.038885878564324230e+03 1.199398515625000000e+05 1.199263677556534822e+05
1.038906311553902924e+03 1.199266718750000000e+05 1.199263449166684004e+05
1.038926744343247265e+03 1.199205078125000000e+05 1.199263225162464660e+05
1.038947177233174443e+03 1.199090000000000000e+05 1.199263005535808625e+05
1.038967610223218799e+03 1.199355703125000000e+05 1.199262790282047499e+05
1.038988043013494462e+03 1.199168203125000000e+05 1.199262579399570532e+05
1.039008475904352963e+03 1.199303671875000000e+05 1.199262372880508046e+05
1.039028908895328641e+03 1.199075078125000000e+05 1.199262170720190916e+05
1.039049341686535627e+03 1.199244843750000000e+05 1.199261972916816303e+05
1.039069774677976966e+03 1.199120468750000000e+05 1.199261779461773986e+05
1.039090207569301128e+03 1.199147343750000000e+05 1.199261590353201755e+05
1.039110640361439437e+03 1.199116250000000000e+05 1.199261405586289038e+05
1.039131073353812099e+03 1.199288515625000000e+05 1.199261225153622945e+05
1.039151506246067584e+03 1.199082968750000000e+05 1.199261049053149181e+05
1.039171939138788730e+03 1.199323437500000000e+05 1.199260877279231208e+05
1.039192372031975538e+03 1.199082734375000000e+05 1.199260709827131359e+05
1.039212804925162345e+03 1.199188671875000000e+05 1.199260546692115895e+05
1.039233237718697637e+03 1.199196953125000000e+05 1.199260387870210398e+05
1.039253670712467283e+03 1.199309140625000000e+05 1.199260233354378142e+05
1.039274103606585413e+03 1.199240078125000000e+05 1.199260083142180229e+05
1.039294536500703543e+03 1.199159843750000000e+05 1.199259937228114723e+05
1.039314969395287335e+03 1.199220156250000000e+05 1.199259795607440610e+05
1.039335402290336788e+03 1.199177656250000000e+05 1.199259658275419933e+05
1.039355835285503417e+03 1.199280781250000000e+05 1.199259525226676487e+05
1.039376268080901355e+03 1.199149453125000000e+05 1.199259396458393894e+05
1.039396700976416469e+03 1.199182031250000000e+05 1.199259271963913052e+05
1.039417133972514421e+03 1.199514531250000000e+05 1.199259151738555811e+05
1.039437566768378019e+03 1.199321250000000000e+05 1.199259035779322439e+05
1.039457999764941633e+03 1.199279453125000000e+05 1.199258924079200660e+05
1.039478432661853731e+03 1.199085312500000000e+05 1.199258816635125550e+05
1.039498865458648652e+03 1.199261796875000000e+05 1.199258713442299049e+05
1.039519298456143588e+03 1.199129531250000000e+05 1.199258614494495123e+05
1.039539731353521347e+03 1.199583203125000000e+05 1.199258519788464182e+05
1.039560164151247591e+03 1.199053203125000000e+05 1.199258429319403658e+05
1.039580597149208188e+03 1.199102500000000000e+05 1.199258343081279163e+05
1.039601030047517270e+03 1.199155703125000000e+05 1.199258261070649605e+05
1.039621462846174836e+03 1.199041406250000000e+05 1.199258183282714745e+05
1.039641895845066756e+03 1.199185312500000000e+05 1.199258109711626457e+05
1.039662328743841499e+03 1.199045468750000000e+05 1.199258040353759134e+05
1.039682761743199080e+03 1.199071406250000000e+05 1.199257975203693641e+05
1.039703194542787969e+03 1.199117031250000000e+05 1.199257914257618831e+05
1.039723627442959696e+03 1.199256406250000000e+05 1.199257857509869937e+05
1.039744060443248600e+03 1.199345078125000000e+05 1.199257804955773172e+05
1.039764493243768811e+03 1.199219765625000000e+05 1.199257756591329817e+05
1.039784926144406199e+03 1.199172812500000000e+05 1.199257712411062093e+05
1.039805359145160764e+03 1.199159531250000000e+05 1.199257672410293162e+05
1.039825792046263814e+03 1.199331875000000000e+05 1.199257636584676802e+05
1.039846224947832525e+03 1.199251171875000000e+05 1.199257604929268127e+05
1.039866657849866897e+03 1.199093593750000000e+05 1.199257577439330344e+05
1.039887090651784092e+03 1.199278515625000000e+05 1.199257554110229685e+05
1.039907523653935641e+03 1.199393906250000000e+05 1.199257534936915763e+05
1.039927956556435674e+03 1.199129296875000000e+05 1.199257519914962904e+05
1.039948389359284192e+03 1.199280078125000000e+05 1.199257509039572324e+05
1.039968822362367064e+03 1.199364296875000000e+05 1.199257502305877424e+05
1.039989255265798420e+03 1.199096953125000000e+05 1.199257499709268741e+05
1.040009688069578260e+03 1.198968125000000000e+05 1.199257501244948071e+05
1.040030121073592454e+03 1.199362343750000000e+05 1.199257506908230716e+05
1.040050553977489471e+03 1.199152343750000000e+05 1.199257516694325459e+05
1.040070986981969327e+03 1.199170468750000000e+05 1.199257530598590383e+05
1.040091419786680490e+03 1.199271953125000000e+05 1.199257548616053537e+05
1.040111852691974491e+03 1.199324531250000000e+05 1.199257570742211246e+05
1.040132285696920007e+03 1.199276484375000000e+05 1.199257596972385654e+05
1.040152718502562493e+03 1.199270156250000000e+05 1.199257627301424072e+05
1.040173151408322155e+03 1.199112343750000000e+05 1.199257661725003418e+05
1.040193584414198995e+03 1.199321640625000000e+05 1.199257700238446123e+05
1.040214017220772803e+03 1.199080546875000000e+05 1.199257742836419638e+05
1.040234450127463788e+03 1.199273125000000000e+05 1.199257789514780598e+05
1.040254883134271950e+03 1.199425312500000000e+05 1.199257840268850850e+05
1.040275315941311419e+03 1.199284453125000000e+05 1.199257895093117986e+05
1.040295748948585242e+03 1.199283828125000000e+05 1.199257953983916959e+05
1.040336614764295518e+03 1.199274765625000000e+05 1.199258083943934762e+05
1.040357047672383487e+03 1.199125000000000000e+05 1.199258155003955180e+05
1.040377480580937117e+03 1.199519218750000000e+05 1.199258230111000594e+05
1.040397913489490747e+03 1.199142656250000000e+05 1.199258309260330861e+05
1.040418346398510039e+03 1.199273437500000000e+05 1.199258392447210499e+05
1.040438779307994992e+03 1.199323593750000000e+05 1.199258479666901403e+05
1.040459212317597121e+03 1.199500625000000000e+05 1.199258570915121236e+05
1.040479645227082074e+03 1.199350859375000000e+05 1.199258666186236951e+05
1.040500078037381172e+03 1.199024296875000000e+05 1.199258765475456312e+05
1.040520511047914624e+03 1.199301640625000000e+05 1.199258868779526674e+05
1.040540943858213723e+03 1.199259921875000000e+05 1.199258976091684599e+05
1.040561376769095659e+03 1.199406718750000000e+05 1.199259087408742780e+05
1.040581809780560434e+03 1.199289375000000000e+05 1.199259202726022486e+05
1.040602242591790855e+03 1.199300703125000000e+05 1.199259322037058591e+05
1.040622675503604114e+03 1.199378828125000000e+05 1.199259445338840451e+05
1.040643108515534550e+03 1.199510937500000000e+05 1.199259572626686131e+05
1.040663541327696294e+03 1.199336093750000000e+05 1.199259703893960104e+05
1.040683974340558052e+03 1.199148906250000000e+05 1.199259839138497482e+05
1.040704407253302634e+03 1.199249609375000000e+05 1.199259978353598271e+05
1.040724840066395700e+03 1.199313359375000000e+05 1.199260121534469654e+05
1.040745273079723120e+03 1.199223671875000000e+05 1.199260268678504217e+05
1.040765705993399024e+03 1.199103593750000000e+05 1.199260419778833457e+05
1.040786138806957752e+03 1.199387734375000000e+05 1.199260574830658006e+05
1.040806571821216494e+03 1.199372812500000000e+05 1.199260733831552061e+05
1.040827004735358059e+03 1.199341640625000000e+05 1.199260896774465364e+05
1.040847437750548124e+03 1.199170078125000000e+05 1.199261063656264450e+05
1.040867870565503836e+03 1.199371406250000000e+05 1.199261234469722258e+05
1.040888303480576724e+03 1.199413984375000000e+05 1.199261409212582221e+05
1.040908736495766789e+03 1.199280390625000000e+05 1.199261587880164734e+05
1.040929169311653823e+03 1.199285234375000000e+05 1.199261770465084701e+05
1.040949602227658033e+03 1.199380000000000000e+05 1.199261956965250720e+05
1.040970035244245082e+03 1.199265312500000000e+05 1.199262147375987115e+05
1.040990468160714954e+03 1.199314062500000000e+05 1.199262341690685862e+05
1.041010900977533311e+03 1.199316250000000000e+05 1.199262539904555888e+05
1.041031333994586021e+03 1.199296562500000000e+05 1.199262742015796830e+05
1.041051766911987215e+03 1.199463281250000000e+05 1.199262948016733571e+05
1.041072199829854071e+03 1.199350000000000000e+05 1.199263157893815660e+05
1.041092632747720927e+03 1.199412734375000000e+05 1.199263371593195770e+05
1.041113065666053444e+03 1.199519218750000000e+05 1.199263589051172603e+05
1.041133498584385961e+03 1.199400546875000000e+05 1.199263810204035253e+05
1.041153931503184140e+03 1.199456718750000000e+05 1.199264034988083440e+05
1.041174364422447979e+03 1.199427187500000000e+05 1.199264263339611207e+05
1.041194797341711819e+03 1.199235703125000000e+05 1.199264495194907358e+05
1.041215230261441320e+03 1.199251171875000000e+05 1.199264730490271613e+05
1.041235663281287998e+03 1.199357500000000000e+05 1.199264969163170026e+05
1.041256096101365983e+03 1.199449453125000000e+05 1.199265211146369547e+05
1.041276529021561146e+03 1.199222109375000000e+05 1.199265456379691896e+05
1.041296962042339146e+03 1.199461250000000000e+05 1.199265704799483356e+05
1.041317394863348454e+03 1.199261015625000000e+05 1.199265956338364194e+05
1.041337827784474939e+03 1.199376562500000000e+05 1.199266210936297430e+05
1.041358260806184262e+03 1.199353671875000000e+05 1.199266468529626436e+05
1.041378693627659231e+03 1.199316953125000000e+05 1.199266729050832801e+05
1.041399126549717039e+03 1.199134062500000000e+05 1.199266992440023751e+05
1.041419559572357684e+03 1.199404765625000000e+05 1.199267258633535821e+05
1.041439992394763976e+03 1.199386406250000000e+05 1.199267527563722979e+05
1.041460425417870283e+03 1.199437890625000000e+05 1.199267799172156665e+05
1.041480858340859413e+03 1.199446796875000000e+05 1.199268073391151847e+05
1.041501291164197028e+03 1.199436953125000000e+05 1.199268350156970555e+05
1.041521724187768996e+03 1.199153359375000000e+05 1.199268629409987188e+05
1.041542157111689448e+03 1.199270156250000000e+05 1.199268911082416016e+05
1.041562590036075562e+03 1.199180390625000000e+05 1.199269195111912850e+05
1.041583022960461676e+03 1.199182343750000000e+05 1.199269481434765330e+05
1.041603455885313451e+03 1.199436015625000000e+05 1.199269769987274340e+05
1.041623888910748065e+03 1.199254609375000000e+05 1.199270060707163648e+05
1.041644321836065501e+03 1.199300703125000000e+05 1.199270353527871193e+05
1.041664754661731422e+03 1.199254843750000000e+05 1.199270648385667882e+05
1.041685187687631696e+03 1.199204531250000000e+05 1.199270945221189177e+05
1.041705620613414794e+03 1.199299531250000000e+05 1.199271243966381007e+05
1.041726053440012038e+03 1.199237265625000000e+05 1.199271544557522575e+05
1.041746486466843635e+03 1.199281875000000000e+05 1.199271846935326466e+05
1.041766919394023716e+03 1.199478046875000000e+05 1.199272151031661924e+05
1.041787352221086621e+03 1.199271953125000000e+05 1.199272456782790978e+05
1.041807785248383880e+03 1.199351171875000000e+05 1.199272764129514107e+05
1.041828218076378107e+03 1.199243203125000000e+05 1.199273073002115852e+05
1.041848651104606688e+03 1.199211406250000000e+05 1.199273383342929592e+05
1.041869084032718092e+03 1.199351562500000000e+05 1.199273695083697821e+05
1.041889516861643642e+03 1.199211171875000000e+05 1.199274008160709054e+05
1.041909949890337884e+03 1.199408593750000000e+05 1.199274322514847008e+05
1.041930382819380611e+03 1.199157187500000000e+05 1.199274638077808777e+05
1.041950815649237484e+03 1.199303046875000000e+05 1.199274954785878217e+05
1.041971248678863049e+03 1.199156796875000000e+05 1.199275272579990851e+05
1.041991681608837098e+03 1.199385625000000000e+05 1.199275591391792113e+05
1.042012114639393985e+03 1.199324296875000000e+05 1.199275911160699325e+05
1.042032547469716519e+03 1.199340546875000000e+05 1.199276231818291708e+05
1.042052980400621891e+03 1.199146328125000000e+05 1.199276553305578127e+05
1.042073413431644440e+03 1.199273906250000000e+05 1.199276875558856409e+05
1.042093846263363957e+03 1.199490859375000000e+05 1.199277198509693699e+05
1.042114279194734991e+03 1.199416875000000000e+05 1.199277522099103226e+05
1.042134712226688862e+03 1.199550078125000000e+05 1.199277846263403480e+05
1.042155145059339702e+03 1.199504765625000000e+05 1.199278170934126247e+05
1.042175577991642058e+03 1.199587421875000000e+05 1.199278496052312112e+05
1.042196011024527252e+03 1.199222343750000000e+05 1.199278821554276510e+05
1.042216443957295269e+03 1.199423125000000000e+05 1.199279147373115120e+05
1.042236876890994608e+03 1.199185546875000000e+05 1.199279473446731572e+05
1.042257309824693948e+03 1.199360703125000000e+05 1.199279799711404048e+05
1.042277742758393288e+03 1.199186093750000000e+05 1.199280126103427174e+05
1.042298175692558289e+03 1.199121796875000000e+05 1.199280452559101832e+05
1.042318608627188951e+03 1.199369765625000000e+05 1.199280779014722066e+05
1.042339041561819613e+03 1.199245546875000000e+05 1.199281105406574206e+05
1.042359474596567452e+03 1.199175546875000000e+05 1.199281431672550680e+05
1.042379907432012260e+03 1.199272421875000000e+05 1.199281757744165516e+05
1.042400340467691422e+03 1.199012187500000000e+05 1.199282083564087807e+05
1.042420773403719068e+03 1.199522656250000000e+05 1.199282409063827363e+05
1.042441206239629537e+03 1.199339375000000000e+05 1.199282734179676336e+05
1.042461639276240021e+03 1.199091171875000000e+05 1.199283058852711692e+05
1.042482072112616152e+03 1.199128359375000000e+05 1.199283383012856793e+05
1.042502505049575120e+03 1.199360859375000000e+05 1.199283706601181766e+05
1.042522938087116927e+03 1.199293515625000000e+05 1.199284029553971777e+05
1.042543370924424380e+03 1.199277031250000000e+05 1.199284351802770980e+05
1.042563803862314671e+03 1.199490859375000000e+05 1.199284673288623017e+05
1.042584236900322139e+03 1.199093750000000000e+05 1.199284993947802432e+05
1.042604669738560915e+03 1.199328125000000000e+05 1.199285313711903000e+05
1.042625102777499706e+03 1.199428828125000000e+05 1.199285632523485983e+05
1.042645535716321319e+03 1.199259843750000000e+05 1.199285950314143847e+05
1.042665968555491418e+03 1.199333984375000000e+05 1.199286267020193191e+05
1.042686401594895869e+03 1.199259375000000000e+05 1.199286582582567935e+05
1.042706834534648806e+03 1.199133046875000000e+05 1.199286896932921663e+05
1.042727267474867404e+03 1.199434375000000000e+05 1.199287210009097471e+05
1.042747700415086001e+03 1.199387421875000000e+05 1.199287521747381979e+05
1.042768133355770260e+03 1.199369609375000000e+05 1.199287832084075635e+05
1.042788566396571696e+03 1.199315000000000000e+05 1.199288140956975403e+05
1.042808999237604439e+03 1.199201562500000000e+05 1.199288448297852883e+05
1.042829432179220021e+03 1.199112500000000000e+05 1.199288754047530820e+05
1.042849865220952779e+03 1.199207656250000000e+05 1.199289058142272115e+05
1.042870298163034022e+03 1.199196953125000000e+05 1.199289360515397275e+05
1.042890731004998088e+03 1.199257265625000000e+05 1.199289661103218968e+05
1.042911164047662169e+03 1.199168359375000000e+05 1.199289959846442507e+05
1.042931596990674734e+03 1.198930859375000000e+05 1.199290256676957215e+05
1.042952029833570123e+03 1.199197421875000000e+05 1.199290551531077799e+05
1.042972462877165526e+03 1.199095468750000000e+05 1.199290844349424588e+05
1.042992895820643753e+03 1.199350625000000000e+05 1.199291135063965485e+05
1.043013328764587641e+03 1.199367265625000000e+05 1.199291423612439976e+05
1.043033761708997190e+03 1.199223671875000000e+05 1.199291709931142395e+05
1.043054194653406739e+03 1.199241953125000000e+05 1.199291993956359802e+05
1.043074627698399127e+03 1.199223671875000000e+05 1.199292275625765906e+05
1.043095060543157160e+03 1.199120234375000000e+05 1.199292554871526372e+05
1.043115493488498032e+03 1.199202031250000000e+05 1.199292831634063041e+05
1.043135926434304565e+03 1.199322187500000000e+05 1.199293105848295963e+05
1.043156359380111098e+03 1.199303671875000000e+05 1.199293377450512198e+05
1.043176792426500469e+03 1.199262187500000000e+05 1.199293646378323028e+05
1.043197225273121148e+03 1.199087968750000000e+05 1.199293912564088532e+05
1.043217658219859004e+03 1.199107343750000000e+05 1.199294175948029733e+05
1.043238091266714036e+03 1.199055000000000000e+05 1.199294436466398474e+05
1.043258524114266038e+03 1.199138359375000000e+05 1.199294694051692204e+05
1.043278957061935216e+03 1.199005546875000000e+05 1.199294948644000979e+05
1.043360688955057412e+03 1.199245234375000000e+05 1.199295935797772545e+05
1.043381121804006398e+03 1.199294062500000000e+05 1.199296174462054041e+05
1.043401554853189737e+03 1.199287421875000000e+05 1.199296409752165491e+05
1.043421987802721560e+03 1.199101953125000000e+05 1.199296641600921866e+05
1.043442420752719045e+03 1.199245156250000000e+05 1.199296869945778453e+05
1.043462853702716529e+03 1.199121953125000000e+05 1.199297094723023329e+05
1.043483286653645337e+03 1.199030703125000000e+05 1.199297315868960432e+05
1.043503719604108483e+03 1.199450234375000000e+05 1.199297533319867798e+05
1.043524152655154467e+03 1.199082187500000000e+05 1.199297747013087501e+05
1.043544585506431758e+03 1.199168359375000000e+05 1.199297956881799328e+05
1.043565018557943404e+03 1.199176250000000000e+05 1.199298162866404891e+05
1.043585451509803534e+03 1.199317656250000000e+05 1.199298364900146262e+05
1.043605884362012148e+03 1.199439687500000000e+05 1.199298562919375254e+05
1.043626317414455116e+03 1.199226562500000000e+05 1.199298756863262097e+05
1.043646750367246568e+03 1.199101562500000000e+05 1.199298946665223339e+05
1.043667183219920844e+03 1.199183281250000000e+05 1.199299132261610212e+05
1.043687616273295134e+03 1.199310234375000000e+05 1.199299313591417013e+05
1.043708049227017909e+03 1.199176875000000000e+05 1.199299490588240442e+05
1.043728482080623507e+03 1.199189765625000000e+05 1.199299663188434206e+05
1.043748915134929121e+03 1.199200078125000000e+05 1.199299831330800080e+05
1.043769347989000380e+03 1.199214062500000000e+05 1.199299994948332896e+05
1.043789781043771654e+03 1.199496015625000000e+05 1.199300153980536270e+05
1.043810213998891413e+03 1.199264296875000000e+05 1.199300308361332136e+05
1.043830646854359657e+03 1.199388593750000000e+05 1.199300458027082641e+05
1.043851079909596592e+03 1.199420234375000000e+05 1.199300602916239586e+05
1.043871512865647674e+03 1.199297734375000000e+05 1.199300742962941731e+05
1.043891945821698755e+03 1.199349687500000000e+05 1.199300878104197327e+05
1.043912378778215498e+03 1.199196406250000000e+05 1.199301008276303182e+05
1.043932811734732240e+03 1.199400703125000000e+05 1.199301133415549411e+05
1.043953244791831821e+03 1.199402578125000000e+05 1.199301253458808787e+05
1.043973677648697048e+03 1.199155078125000000e+05 1.199301368340644403e+05
1.043994110606610775e+03 1.199510859375000000e+05 1.199301477999082563e+05
1.044014543664176017e+03 1.199195546875000000e+05 1.199301582370331453e+05
1.044034976622555405e+03 1.199335546875000000e+05 1.199301681389668665e+05
1.044055409480817616e+03 1.199307421875000000e+05 1.199301774993462022e+05
1.044075842539314181e+03 1.199188203125000000e+05 1.199301863119341433e+05
1.044096275498159230e+03 1.199191484375000000e+05 1.199301945702265948e+05
1.044116708357818425e+03 1.199499375000000000e+05 1.199302022678612993e+05
1.044137141417246312e+03 1.199269453125000000e+05 1.199302093985760293e+05
1.044157574377022684e+03 1.199487031250000000e+05 1.199302159558915300e+05
1.044178007336799055e+03 1.199601562500000000e+05 1.199302219334732799e+05
1.044198440297506750e+03 1.199584687500000000e+05 1.199302273249509599e+05
1.044218873258214444e+03 1.199269843750000000e+05 1.199302321239535522e+05
1.044239306319039315e+03 1.199344765625000000e+05 1.199302363241295388e+05
1.044259739180095494e+03 1.199235156250000000e+05 1.199302399190511205e+05
1.044280172141734511e+03 1.199212890625000000e+05 1.199302429024048615e+05
1.044300605203490704e+03 1.199246171875000000e+05 1.199302452678110276e+05
1.044321038065478206e+03 1.199095312500000000e+05 1.199302470088688133e+05
1.044341471128165722e+03 1.199140703125000000e+05 1.199302481192416162e+05
1.044361904090736061e+03 1.199081250000000000e+05 1.199302485925377696e+05
1.044382336953654885e+03 1.199302500000000000e+05 1.199302484223960637e+05
1.044402770016808063e+03 1.199077031250000000e+05 1.199302476024385978e+05
1.044423202880658209e+03 1.199241328125000000e+05 1.199302461263107107e+05
1.044443635844159871e+03 1.199218671875000000e+05 1.199302439876249700e+05
1.044464068908244371e+03 1.199311406250000000e+05 1.199302411800009431e+05
1.044484501772560179e+03 1.199329843750000000e+05 1.199302376971140620e+05
1.044504934737458825e+03 1.199300390625000000e+05 1.199302335325475287e+05
1.044525367802474648e+03 1.199113984375000000e+05 1.199302286799205904e+05
1.044545800667721778e+03 1.199320703125000000e+05 1.199302231329389906e+05
1.044566233733203262e+03 1.199498671875000000e+05 1.199302168851233873e+05
1.044586666699033231e+03 1.199524531250000000e+05 1.199302099301896524e+05
1.044607099665328860e+03 1.199394531250000000e+05 1.199302022617382172e+05
1.044627532631624490e+03 1.199241718750000000e+05 1.199301938733985880e+05
1.044647965598385781e+03 1.199425390625000000e+05 1.199301847587999073e+05
1.044668398565147072e+03 1.199432500000000000e+05 1.199301749115716812e+05
1.044688831532374024e+03 1.199444140625000000e+05 1.199301643253430811e+05
1.044709264500066638e+03 1.199392890625000000e+05 1.199301529937433952e+05
1.044729697567876428e+03 1.199359296875000000e+05 1.199301409103411133e+05
1.044750130536034703e+03 1.199396640625000000e+05 1.199301280688837287e+05
1.044770563404541463e+03 1.199294453125000000e+05 1.199301144630117051e+05
1.044790996472816914e+03 1.199098281250000000e+05 1.199301000861494103e+05
1.044811429441906512e+03 1.199268671875000000e+05 1.199300849321308051e+05
1.044831862311344594e+03 1.199327343750000000e+05 1.199300689945969934e+05
1.044852295381017029e+03 1.199260390625000000e+05 1.199300522669375932e+05
1.044872728350572288e+03 1.199514296875000000e+05 1.199300347430220572e+05
1.044893161220941693e+03 1.199407890625000000e+05 1.199300164164906018e+05
1.044913594291079789e+03 1.199130546875000000e+05 1.199299972806985315e+05
1.044934027262032032e+03 1.199177812500000000e+05 1.199299773295491468e+05
1.044954460232984275e+03 1.199347187500000000e+05 1.199299565565808734e+05
1.044974893204402179e+03 1.199299218750000000e+05 1.199299349554226210e+05
1.044995326175820082e+03 1.199336250000000000e+05 1.199299125197041722e+05
1.045015759147703648e+03 1.199298828125000000e+05 1.199298892430543492e+05
1.045036192120052874e+03 1.199265234375000000e+05 1.199298651191024110e+05
1.045056625092402101e+03 1.199449609375000000e+05 1.199298401414782857e+05
1.045077058065216988e+03 1.199284843750000000e+05 1.199298143038107082e+05
1.045097491038031876e+03 1.199223281250000000e+05 1.199297875997295778e+05
1.045117924111429602e+03 1.199485390625000000e+05 1.199297600227264047e+05
1.045138356985058635e+03 1.199302578125000000e+05 1.199297315668421506e+05
1.045158789958804846e+03 1.199358046875000000e+05 1.199297022252951283e+05
1.045179223033133894e+03 1.199195000000000000e+05 1.199296719917008595e+05
1.045199655907694250e+03 1.199369296875000000e+05 1.199296408601396106e+05
1.045220088882371783e+03 1.199185781250000000e+05 1.199296088237904478e+05
1.045240521957632154e+03 1.199392031250000000e+05 1.199295758762686455e+05
1.045260954932775348e+03 1.199342265625000000e+05 1.199295420115270535e+05
1.045281387808267027e+03 1.199226640625000000e+05 1.199295072232077946e+05
1.045301820884458721e+03 1.199315546875000000e+05 1.199294715044219483e+05
1.045322253860533237e+03 1.199343906250000000e+05 1.199294348493178259e+05
1.045342686837073416e+03 1.199136718750000000e+05 1.199293972513512126e+05
1.045363119813613594e+03 1.199183515625000000e+05 1.199293587041522842e+05
1.045383552791085094e+03 1.199211484375000000e+05 1.199293192042808805e+05
1.045403985868208110e+03 1.199203046875000000e+05 1.199292787598624418e+05
1.045424418746028095e+03 1.199184765625000000e+05 1.199292373827671545e+05
1.045444851723965257e+03 1.199606250000000000e+05 1.199291950836671167e+05
1.045465284802019596e+03 1.199193906250000000e+05 1.199291518738205050e+05
1.045485717680770904e+03 1.199159687500000000e+05 1.199291077651386149e+05
1.045506150759290904e+03 1.199418515625000000e+05 1.199290627680317266e+05
1.045526583738625050e+03 1.199339296875000000e+05 1.199290168944232282e+05
1.045547016617842019e+03 1.199134687500000000e+05 1.199289701555995998e+05
1.045567449697759002e+03 1.199237812500000000e+05 1.199289225621380319e+05
1.045587882677558810e+03 1.199311406250000000e+05 1.199288741260045790e+05
1.045608315558172762e+03 1.199583671875000000e+05 1.199288248584808898e+05
1.045628748638555408e+03 1.199150859375000000e+05 1.199287747701116750e+05
1.045649181619286537e+03 1.199353750000000000e+05 1.199287238728965021e+05
1.045669614500831813e+03 1.199232500000000000e+05 1.199286721781176457e+05
1.045690047582145780e+03 1.199270078125000000e+05 1.199286196962845279e+05
1.045710480463691056e+03 1.199201093750000000e+05 1.199285664396948414e+05
1.045730913545936346e+03 1.199165468750000000e+05 1.199285124185765017e+05
1.045751346528064460e+03 1.199296718750000000e+05 1.199284576449908782e+05
1.045771779510658234e+03 1.199488984375000000e+05 1.199284021299454325e+05
1.045792212493717670e+03 1.199359375000000000e+05 1.199283458847117436e+05
1.045812645476777107e+03 1.199202968750000000e+05 1.199282889205627434e+05
1.045833078460302204e+03 1.199034531250000000e+05 1.199282312487687304e+05
1.045853511444292963e+03 1.199283593750000000e+05 1.199281728806012979e+05
1.045873944428283721e+03 1.199196953125000000e+05 1.199281138273333345e+05
1.045894377512391657e+03 1.199216406250000000e+05 1.199280540999422665e+05
1.045914810497313738e+03 1.199137890625000000e+05 1.199279937102823023e+05
1.045935243382118642e+03 1.199229531250000000e+05 1.199279326696373901e+05
1.045955676467623562e+03 1.199005390625000000e+05 1.199278709883757692e+05
1.045976109453011304e+03 1.199116015625000000e+05 1.199278086786725034e+05
1.045996542338747531e+03 1.199243515625000000e+05 1.199277457518068986e+05
1.046016975424718112e+03 1.199080703125000000e+05 1.199276822181225725e+05
1.046037408411502838e+03 1.199366484375000000e+05 1.199276180898176681e+05
1.046057841298170388e+03 1.199230859375000000e+05 1.199275533781753766e+05
1.046078274385072291e+03 1.199351875000000000e+05 1.199274880935119145e+05
1.046098707372322679e+03 1.199087187500000000e+05 1.199274222480528260e+05
1.046119140460155904e+03 1.199258984375000000e+05 1.199273558524245746e+05
1.046139573347754776e+03 1.199354140625000000e+05 1.199272889188802801e+05
1.046160006335936487e+03 1.199336718750000000e+05 1.199272214577101113e+05
1.046180439424235374e+03 1.199082578125000000e+05 1.199271534801794915e+05
1.046221305302344263e+03 1.199247265625000000e+05 1.199270160231232003e+05
1.046241738391574472e+03 1.199464921875000000e+05 1.199269465651337377e+05
1.046262171281035990e+03 1.199210937500000000e+05 1.199268766368861252e+05
1.046303037361241877e+03 1.199091015625000000e+05 1.199267354116243077e+05
1.046323470252100378e+03 1.199317500000000000e+05 1.199266641381895461e+05
1.046343903342727572e+03 1.199110000000000000e+05 1.199265924382028315e+05
1.046364336234051734e+03 1.199144062500000000e+05 1.199265203243361320e+05
1.046384769225493073e+03 1.199251796875000000e+05 1.199264478068072931e+05
1.046405202317051589e+03 1.199511328125000000e+05 1.199263748968821164e+05
1.046425635208841413e+03 1.199153359375000000e+05 1.199263016069051228e+05
1.046446068201214075e+03 1.199304609375000000e+05 1.199262279470734211e+05
1.046466501293703914e+03 1.199257187500000000e+05 1.199261539286549523e+05
1.046486934286542237e+03 1.199073593750000000e+05 1.199260795636450639e+05
1.046507367279846221e+03 1.199245468750000000e+05 1.199260048629535595e+05
1.046527800273150206e+03 1.199260625000000000e+05 1.199259298378538078e+05
1.046548233266919851e+03 1.199394296875000000e+05 1.199258544996157289e+05
1.046568666261155158e+03 1.199609687500000000e+05 1.199257788595109596e+05
1.046589099255390465e+03 1.199480312500000000e+05 1.199257029288128251e+05
1.046609532250091434e+03 1.199337109375000000e+05 1.199256267187912890e+05
1.046629965345375240e+03 1.199450781250000000e+05 1.199255502403425780e+05
1.046650398240424693e+03 1.199122421875000000e+05 1.199254735058662627e+05
1.046670831335708499e+03 1.199136953125000000e+05 1.199253965251299960e+05
1.046691264331806451e+03 1.199192890625000000e+05 1.199253193105318060e+05
1.046711697227787226e+03 1.199466875000000000e+05 1.199252418733501690e+05
1.046732130324002355e+03 1.199348828125000000e+05 1.199251642237168562e+05
1.046752563321031630e+03 1.199491875000000000e+05 1.199250863740398781e+05
1.046772996217943728e+03 1.199308203125000000e+05 1.199250083355972456e+05
1.046793429315090179e+03 1.199338984375000000e+05 1.199249301185122167e+05
1.046813862313050777e+03 1.199435781250000000e+05 1.199248517352012568e+05
1.046834295210894197e+03 1.199127421875000000e+05 1.199247731969419983e+05
1.046854728308971971e+03 1.199299140625000000e+05 1.199246945138505253e+05
1.046875161307398230e+03 1.199486562500000000e+05 1.199246156983522815e+05
1.046895594306290150e+03 1.199391640625000000e+05 1.199245367613337294e+05
1.046916027305182070e+03 1.199464687500000000e+05 1.199244577140682668e+05
1.046936460304539651e+03 1.199611250000000000e+05 1.199243785678258282e+05
1.046956893304362893e+03 1.199373671875000000e+05 1.199242993338780070e+05
1.046977326304186136e+03 1.199350078125000000e+05 1.199242200234983029e+05
1.046997759304475039e+03 1.199418125000000000e+05 1.199241406479565194e+05
1.047018192305229604e+03 1.199226953125000000e+05 1.199240612185244099e+05
1.047038625305984169e+03 1.199341171875000000e+05 1.199239817464753432e+05
1.047059058407321572e+03 1.199374453125000000e+05 1.199239022426896263e+05
1.047079491308424622e+03 1.199459453125000000e+05 1.199238227196095249e+05
1.047099924310110509e+03 1.199348437500000000e+05 1.199237431873360765e+05
1.047120357412379235e+03 1.199399921875000000e+05 1.199236636571409181e+05
1.047140790414530784e+03 1.199440000000000000e+05 1.199235841410769062e+05
1.047161223317496479e+03 1.199475546875000000e+05 1.199235046504118072e+05
1.047181656420230865e+03 1.199453984375000000e+05 1.199234251952545019e+05
1.047202089423779398e+03 1.199549375000000000e+05 1.199233457880394417e+05
1.047222522327210754e+03 1.199406093750000000e+05 1.199232664400411304e+05
1.047242955430876464e+03 1.199277578125000000e+05 1.199231871613653784e+05
1.047263388434890658e+03 1.199312343750000000e+05 1.199231079644479323e+05
1.047283821539487690e+03 1.199295703125000000e+05 1.199230288597844483e+05
1.047304254444316030e+03 1.199348359375000000e+05 1.199229498598086793e+05
1.047324687449261546e+03 1.199301250000000000e+05 1.199228709746320819e+05
1.047345120554324239e+03 1.199484765625000000e+05 1.199227922155280248e+05
1.047365553460083902e+03 1.199396015625000000e+05 1.199227135949213989e+05
1.047385986465960741e+03 1.199396484375000000e+05 1.199226351229306892e+05
1.047406419572420418e+03 1.199354609375000000e+05 1.199225568108281004e+05
1.047426852478645742e+03 1.199406328125000000e+05 1.199224786710369663e+05
1.047447285585571080e+03 1.199586953125000000e+05 1.199224007132957922e+05
1.047467718592844903e+03 1.199430234375000000e+05 1.199223229500235466e+05
1.047488151500001550e+03 1.199398125000000000e+05 1.199222453924907459e+05
1.047508584607858211e+03 1.199383203125000000e+05 1.199221680508288409e+05
1.047529017616063356e+03 1.199323750000000000e+05 1.199220909374479816e+05
1.047549450624268502e+03 1.199155312500000000e+05 1.199220140632421389e+05
1.047569883632473648e+03 1.199281093750000000e+05 1.199219374394829501e+05
1.047590316641610116e+03 1.199264453125000000e+05 1.199218610774386616e+05
1.047610749650746584e+03 1.199181484375000000e+05 1.199217849883844174e+05
1.047631182660348713e+03 1.199289531250000000e+05 1.199217091835901665e+05
1.047651615669950843e+03 1.199137656250000000e+05 1.199216336743293505e+05
1.047672048680018634e+03 1.199146718750000000e+05 1.199215584718718892e+05
1.047692481690552086e+03 1.198884687500000000e+05 1.199214835874895507e+05
1.047712914701085538e+03 1.199144687500000000e+05 1.199214090324556746e+05
1.047733347712084651e+03 1.199418203125000000e+05 1.199213348180402827e+05
1.047753780723549426e+03 1.198960937500000000e+05 1.199212609555150848e+05
1.047774213735014200e+03 1.199171015625000000e+05 1.199211874561534205e+05
1.047794646847061813e+03 1.199176562500000000e+05 1.199211143308679748e+05
1.047815079759340733e+03 1.198938359375000000e+05 1.199210415920025553e+05
1.047835512871854007e+03 1.199211171875000000e+05 1.199209692494049377e+05
1.047855945884250104e+03 1.199100390625000000e+05 1.199208973154131090e+05
1.047876378797460347e+03 1.199166875000000000e+05 1.199208258012894803e+05
1.047896811910904944e+03 1.198966250000000000e+05 1.199207547172608902e+05
1.047917244924698025e+03 1.199049140625000000e+05 1.199206840756455204e+05
1.047937677838839591e+03 1.198979062500000000e+05 1.199206138877085032e+05
1.047958110952749848e+03 1.199105312500000000e+05 1.199205441636963515e+05
1.047978543967474252e+03 1.199189453125000000e+05 1.199204749159044150e+05
1.047998976882547140e+03 1.199132968750000000e+05 1.199204061555988737e+05
1.048019409997388721e+03 1.198992734375000000e+05 1.199203378930474573e+05
1.048039843013044447e+03 1.198958203125000000e+05 1.199202701405242842e+05
1.048060276128817350e+03 1.199080703125000000e+05 1.199202029086403927e+05
1.048080709044821560e+03 1.199040312500000000e+05 1.199201362096502708e+05
1.048101142061408609e+03 1.199065625000000000e+05 1.199200700538413221e+05
1.048121575178112835e+03 1.198995625000000000e+05 1.199200044524947589e+05
1.048142008095048368e+03 1.198985703125000000e+05 1.199199394178410585e+05
1.048162441112101078e+03 1.198940078125000000e+05 1.199198749601931631e+05
1.048182874229736626e+03 1.199150390625000000e+05 1.199198110908299277e+05
1.048203307147603482e+03 1.198955234375000000e+05 1.199197478219575278e+05
1.048223740266170353e+03 1.199139140625000000e+05 1.199196851636077627e+05
1.048244173184502870e+03 1.199191406250000000e+05 1.199196231282817171e+05
1.048264606203418225e+03 1.198854531250000000e+05 1.199195617263332242e+05
1.048285039322450757e+03 1.199167265625000000e+05 1.199195009690447769e+05
1.048305472341831774e+03 1.199177578125000000e+05 1.199194408682821813e+05
1.048325905261561275e+03 1.199015000000000000e+05 1.199193814353073831e+05
1.048346338381525129e+03 1.199173515625000000e+05 1.199193226805248269e+05
1.048366771401837468e+03 1.198853437500000000e+05 1.199192646160736040e+05
1.048387204322498292e+03 1.199048203125000000e+05 1.199192072532151360e+05
1.048407637443393469e+03 1.199050625000000000e+05 1.199191506023845286e+05
1.048428070464637130e+03 1.199211718750000000e+05 1.199190946756901976e+05
1.048448503485880792e+03 1.200145937500000000e+05 1.199190394841257657e+05
1.048468936508055776e+03 1.199109062500000000e+05 1.199189850389605417e+05
1.048489369529765099e+03 1.199323203125000000e+05 1.199189313514698879e+05
1.048509802652522922e+03 1.199150156250000000e+05 1.199188784326645109e+05
1.048530235575046390e+03 1.198957265625000000e+05 1.199188262945907336e+05
1.048550668598152697e+03 1.199250468750000000e+05 1.199187749477469479e+05
1.048571101721376181e+03 1.199064609375000000e+05 1.199187244034177274e+05
1.048591534644830972e+03 1.199031953125000000e+05 1.199186746736107161e+05
1.048611967768985778e+03 1.199044609375000000e+05 1.199186257686230383e+05
1.048632400793023407e+03 1.199192031250000000e+05 1.199185777004524716e+05
1.048652833717875183e+03 1.198937031250000000e+05 1.199185304803562904e+05
1.048673266842495650e+03 1.199109218750000000e+05 1.199184841189215367e+05
1.048693699867930263e+03 1.199010859375000000e+05 1.199184386281046609e+05
1.048714132793247700e+03 1.199013359375000000e+05 1.199183940191666188e+05
1.048734565918799490e+03 1.199180078125000000e+05 1.199183503027299303e+05
1.048754998945165426e+03 1.199275000000000000e+05 1.199183074907134869e+05
1.048775431971531361e+03 1.199107656250000000e+05 1.199182655941746780e+05
1.048795864997897297e+03 1.199192109375000000e+05 1.199182246243852132e+05
1.048816298025194556e+03 1.199084296875000000e+05 1.199181845926149690e+05
1.048836731052026153e+03 1.199121406250000000e+05 1.199181455101383908e+05
1.048857164079789072e+03 1.199231484375000000e+05 1.199181073882245983e+05
1.048877597107551992e+03 1.199158281250000000e+05 1.199180702381471201e+05
1.048898030135780573e+03 1.199101328125000000e+05 1.199180340711767931e+05
1.048918463164474815e+03 1.199181484375000000e+05 1.199179988985853997e+05
1.048938896193169057e+03 1.199097109375000000e+05 1.199179647316455375e+05
1.048959329321980476e+03 1.199402578125000000e+05 1.199179315814689617e+05
1.048979762251488864e+03 1.199173906250000000e+05 1.199178994598056743e+05
1.049000195381231606e+03 1.199251171875000000e+05 1.199178683772994846e+05
1.049020628411322832e+03 1.199216250000000000e+05 1.199178383456858865e+05
1.049041061341296881e+03 1.199215468750000000e+05 1.199178093762219069e+05
1.049061494471970946e+03 1.199140156250000000e+05 1.199177814797606261e+05
1.049081927502993494e+03 1.199282578125000000e+05 1.199177546679917868e+05
1.049102360434364527e+03 1.199445625000000000e+05 1.199177289521711355e+05
1.049122793565969914e+03 1.199176250000000000e+05 1.199177043432011560e+05
1.049143226597458124e+03 1.199181250000000000e+05 1.199176808527233952e+05
1.049163659529760480e+03 1.199343125000000000e+05 1.199176584919921297e+05
1.049184092661831528e+03 1.199234531250000000e+05 1.199176372719602659e+05
1.049204525694716722e+03 1.199229843750000000e+05 1.199176172042184335e+05
1.049224958827719092e+03 1.199306406250000000e+05 1.199175982998428226e+05
1.049245391761418432e+03 1.199295312500000000e+05 1.199175805703736551e+05
1.049286257928702980e+03 1.198999140625000000e+05 1.199175486804541433e+05
1.049306690862867981e+03 1.199219843750000000e+05 1.199175345427807915e+05
1.049327123897615820e+03 1.199382890625000000e+05 1.199175216248496436e+05
1.049347557032480836e+03 1.198848046875000000e+05 1.199175099379507883e+05
1.049367989967577159e+03 1.199018437500000000e+05 1.199174994935183931e+05
1.049388423102907836e+03 1.199187109375000000e+05 1.199174903026198299e+05
1.049408856139052659e+03 1.199081171875000000e+05 1.199174823766708141e+05
1.049429289175197482e+03 1.199259843750000000e+05 1.199174757268953836e+05
1.049449722211342305e+03 1.199495468750000000e+05 1.199174703645653208e+05
1.049470155247952789e+03 1.199174921875000000e+05 1.199174663009522192e+05
1.049490588285028934e+03 1.199302343750000000e+05 1.199174635473278759e+05
1.049511021322570741e+03 1.199124375000000000e+05 1.199174621149641753e+05
1.049531454360112548e+03 1.199007265625000000e+05 1.199174620151328418e+05
1.049551887398120016e+03 1.199082656250000000e+05 1.199174632591057161e+05
1.049572320436127484e+03 1.199167500000000000e+05 1.199174658581544645e+05
1.049592753474600613e+03 1.199349843750000000e+05 1.199174698235509859e+05
1.049613186513539404e+03 1.199356796875000000e+05 1.199174751665670483e+05
1.049633619552478194e+03 1.199320390625000000e+05 1.199174818984743324e+05
1.049654052591882646e+03 1.199242812500000000e+05 1.199174900305447663e+05
1.049674485731869936e+03 1.199470781250000000e+05 1.199174995741003950e+05
