1.098061343535780907e+03 8.881397460937500000e+03 8.880705033376529173e+03
1.098081777312792838e+03 8.878657226562500000e+03 8.880691102990927902e+03
1.098102210989687592e+03 8.874588867187500000e+03 8.880677282060722064e+03
1.098122644866816700e+03 8.882790039062500000e+03 8.880663570067576075e+03
1.098143078644294292e+03 8.874897460937500000e+03 8.880649966897524791e+03
1.098163512322586030e+03 8.876805664062500000e+03 8.880636472232694359e+03
1.098183946200646460e+03 8.875400390625000000e+03 8.880623085560449908e+03
1.098204379979055375e+03 8.874211914062500000e+03 8.880609806761753134e+03
1.098224813757464290e+03 8.883284179687500000e+03 8.880596635455061914e+03
1.098245247536338866e+03 8.881746093750000000e+03 8.880583571324090371e+03
1.098265681315679103e+03 8.876678710937500000e+03 8.880570614052852761e+03
1.098286115195136517e+03 8.876589843750000000e+03 8.880557763262950175e+03
1.098306548874825239e+03 8.878766601562500000e+03 8.880545018826211162e+03
1.098326982655096799e+03 8.879724609375000000e+03 8.880532380238542828e+03
1.098347416435368359e+03 8.885126953125000000e+03 8.880519847246947393e+03
1.098367850216105580e+03 8.878097656250000000e+03 8.880507419535148074e+03
1.098388283996842802e+03 8.885899414062500000e+03 8.880495096787441071e+03
1.098408717878162861e+03 8.888928710937500000e+03 8.880482878627946775e+03
1.098429151559714228e+03 8.877844726562500000e+03 8.880470764919506109e+03
1.098449585441499949e+03 8.884096679687500000e+03 8.880458755108995319e+03
1.098470019223634154e+03 8.888815429687500000e+03 8.880446849057436339e+03
1.098490452906116843e+03 8.876321289062500000e+03 8.880435046447331843e+03
1.098510886788368225e+03 8.880873046875000000e+03 8.880423346790494179e+03
1.098531320571433753e+03 8.871126953125000000e+03 8.880411749942861206e+03
1.098551754254382104e+03 8.877767578125000000e+03 8.880400255587468564e+03
1.098572188138030469e+03 8.887419921875000000e+03 8.880388863239866623e+03
1.098592621921561658e+03 8.877876953125000000e+03 8.880377572752524429e+03
1.098613055805675685e+03 8.883084960937500000e+03 8.880366383698550635e+03
1.098633489490021020e+03 8.875434570312500000e+03 8.880355295925692189e+03
1.098653923274483532e+03 8.874299804687500000e+03 8.880344308954479857e+03
1.098674357159528881e+03 8.880373046875000000e+03 8.880333422470161167e+03
1.098694790844339877e+03 8.879135742187500000e+03 8.880322636316270291e+03
1.098715224629733711e+03 8.879248046875000000e+03 8.880311950017294294e+03
1.098735658515244722e+03 8.885695312500000000e+03 8.880301363258957281e+03
1.098756092201452702e+03 8.880468750000000000e+03 8.880290875879665691e+03
1.098776525987777859e+03 8.875470703125000000e+03 8.880280487409032503e+03
1.098796959874220192e+03 8.880762695312500000e+03 8.880270197532523525e+03
1.098817393560893834e+03 8.884750976562500000e+03 8.880260006084427005e+03
1.098837827447801828e+03 8.882671875000000000e+03 8.880249912549257715e+03
1.098858261235523969e+03 8.874911132812500000e+03 8.880239916759648622e+03
1.098878695022780448e+03 8.885443359375000000e+03 8.880230018350595856e+03
1.098899128810968250e+03 8.882775390625000000e+03 8.880220217005435188e+03
1.098919562599156052e+03 8.880414062500000000e+03 8.880210512408628347e+03
1.098939996387343854e+03 8.880870117187500000e+03 8.880200904244184130e+03
1.098980863965116441e+03 8.872976562500000000e+03 8.880181975947762112e+03
1.099001297754701227e+03 8.870728515625000000e+03 8.880172655183811003e+03
1.099021731544286013e+03 8.883076171875000000e+03 8.880163429588264989e+03
1.099042165333870798e+03 8.877599609375000000e+03 8.880154298845123776e+03
1.099062599224038422e+03 8.879910156250000000e+03 8.880145262594156520e+03
1.099083032914437354e+03 8.878988281250000000e+03 8.880136320651496135e+03
1.099103466705419123e+03 8.885354492187500000e+03 8.880127472569030942e+03
1.099144334287382662e+03 8.884693359375000000e+03 8.880110056853462083e+03
1.099164768078830093e+03 8.883286132812500000e+03 8.880101488588174107e+03
1.099205635662656277e+03 8.879917968750000000e+03 8.880084629662655061e+03
1.099226069555152208e+03 8.878817382812500000e+03 8.880076338330047292e+03
1.099246503347996622e+03 8.875748046875000000e+03 8.880068138730603096e+03
1.099266937040723860e+03 8.878626953125000000e+03 8.880060030547178030e+03
1.099287370933685452e+03 8.876542968750000000e+03 8.880052013345268278e+03
1.099307804727461189e+03 8.881938476562500000e+03 8.880044086927031458e+03
1.099328238421119750e+03 8.877684570312500000e+03 8.880036250975508665e+03
1.099348672315012664e+03 8.890205078125000000e+03 8.880028505060194220e+03
1.099369106109254062e+03 8.877832031250000000e+03 8.880020848979434959e+03
1.099389540004078299e+03 8.878333984375000000e+03 8.880013282342213643e+03
1.099409973699133843e+03 8.884424804687500000e+03 8.880005804943117255e+03
1.099430407494306564e+03 8.883271484375000000e+03 8.879998416355754671e+03
1.099450841389596462e+03 8.883991210937500000e+03 8.879991116265438905e+03
1.099471275085117668e+03 8.881410156250000000e+03 8.879983904462666032e+03
1.099491708881221712e+03 8.880339843750000000e+03 8.879976780524795686e+03
1.099512142777442932e+03 8.878748046875000000e+03 8.879969744137288217e+03
1.099532576574012637e+03 8.875251953125000000e+03 8.879962795052946603e+03
1.099553010370582342e+03 8.870770507812500000e+03 8.879955932921242493e+03
1.099573444168083370e+03 8.880998046875000000e+03 8.879949157425882731e+03
1.099593877965118736e+03 8.879691406250000000e+03 8.879942468251336322e+03
1.099614311763085425e+03 8.879919921875000000e+03 8.879935865081155498e+03
1.099634745560586452e+03 8.877978515625000000e+03 8.879929347599805624e+03
1.099655179359018803e+03 8.884100585937500000e+03 8.879922915490846208e+03
1.099675613157451153e+03 8.876750000000000000e+03 8.879916568438586182e+03
1.099696046956349164e+03 8.875440429687500000e+03 8.879910306126887008e+03
1.099716480655129999e+03 8.873443359375000000e+03 8.879904128269965440e+03
1.099736914554610848e+03 8.881428710937500000e+03 8.879898034461501084e+03
1.099757348353974521e+03 8.877008789062500000e+03 8.879892024475831931e+03
1.099777782253921032e+03 8.889997070312500000e+03 8.879886097937938757e+03
1.099798215954098850e+03 8.881195312500000000e+03 8.879880254618325125e+03
1.099818649754859507e+03 8.875483398437500000e+03 8.879874494114505069e+03
1.099839083655271679e+03 8.884396484375000000e+03 8.879868816111969863e+03
1.099859517356380820e+03 8.878940429687500000e+03 8.879863220377188554e+03
1.099879951157607138e+03 8.879140625000000000e+03 8.879857706511576907e+03
1.099900385058950633e+03 8.878166015625000000e+03 8.879852274200338798e+03
1.099920818760991096e+03 8.881751953125000000e+03 8.879846923206496285e+03
1.099941252662800252e+03 8.878532226562500000e+03 8.879841653109546314e+03
1.099961686465423554e+03 8.881504882812500000e+03 8.879836463671192178e+03
1.099982120167929679e+03 8.876176757812500000e+03 8.879831354574507714e+03
1.100002554070670158e+03 8.885904296875000000e+03 8.879826325428983182e+03
1.100022987874224782e+03 8.882907226562500000e+03 8.879821375992914909e+03
1.100043421677779406e+03 8.865014648437500000e+03 8.879816505925700767e+03
1.100063855481334031e+03 8.884316406250000000e+03 8.879811714911349554e+03
1.100084289285354316e+03 8.887124023437500000e+03 8.879807002633759112e+03
1.100104723189491779e+03 8.874685546875000000e+03 8.879802368754539202e+03
1.100125156894326210e+03 8.885555664062500000e+03 8.879797813025019423e+03
1.100145590698812157e+03 8.883375976562500000e+03 8.879793335061993275e+03
1.100166024604346603e+03 8.878074218750000000e+03 8.879788934550289923e+03
1.100186458309646696e+03 8.885560546875000000e+03 8.879784611238246725e+03
1.100206892115529627e+03 8.880629882812500000e+03 8.879780364745660336e+03
1.100227326021064073e+03 8.876522460937500000e+03 8.879776194757854682e+03
1.100247759827412665e+03 8.884049804687500000e+03 8.879772100999412942e+03
1.100268193534109741e+03 8.871965820312500000e+03 8.879768083153328917e+03
1.100288627441041172e+03 8.886392578125000000e+03 8.879764140845196380e+03
1.100309061147738248e+03 8.880285156250000000e+03 8.879760273836292981e+03
1.100329495055135339e+03 8.886080078125000000e+03 8.879756481734744739e+03
1.100349928862880915e+03 8.884561523437500000e+03 8.879752764280849078e+03
1.100370362570509315e+03 8.873259765625000000e+03 8.879749121157616173e+03
1.100390796478837729e+03 8.879564453125000000e+03 8.879745551995956703e+03
1.100411230287514627e+03 8.878697265625000000e+03 8.879742056532890274e+03
1.100431663996074349e+03 8.887467773437500000e+03 8.879738634451425241e+03
1.100452097904868424e+03 8.884150390625000000e+03 8.879735285385802854e+03
1.100472531714476645e+03 8.886091796875000000e+03 8.879732009069646665e+03
1.100492965623736382e+03 8.872272460937500000e+03 8.879728805155078589e+03
1.100513399333693087e+03 8.877269531250000000e+03 8.879725673372453457e+03
1.100533833143766969e+03 8.871772460937500000e+03 8.879722613359363095e+03
1.100554267054423690e+03 8.885152343750000000e+03 8.879719624800791280e+03
1.100574700764846057e+03 8.880686523437500000e+03 8.879716707424229753e+03
1.100595134575851262e+03 8.877804687500000000e+03 8.879713860870213466e+03
1.100615568486973643e+03 8.881611328125000000e+03 8.879711084823851706e+03
1.100636002198792994e+03 8.883645507812500000e+03 8.879708379009312921e+03
1.100656436010263860e+03 8.878189453125000000e+03 8.879705743070509925e+03
1.100676869922317564e+03 8.881251953125000000e+03 8.879703176692353736e+03
1.100697303634602576e+03 8.879175781250000000e+03 8.879700679596064219e+03
1.100717737547587603e+03 8.890042968750000000e+03 8.879698251416710264e+03
1.100738171359989792e+03 8.886317382812500000e+03 8.879695891874609515e+03
1.100758605173323303e+03 8.876320312500000000e+03 8.879693600641538069e+03
1.100779038986656815e+03 8.878835937500000000e+03 8.879691377401617501e+03
1.100799472800455987e+03 8.881842773437500000e+03 8.879689221838802041e+03
1.100819906614255160e+03 8.883020507812500000e+03 8.879687133637147781e+03
1.100840340428519994e+03 8.877314453125000000e+03 8.879685112480616226e+03
1.100860774243250489e+03 8.880218750000000000e+03 8.879683158053221632e+03
1.100881208057980984e+03 8.883183593750000000e+03 8.879681270039010997e+03
1.100901641973294318e+03 8.879213867187500000e+03 8.879679448113187391e+03
1.100922075688373297e+03 8.883601562500000000e+03 8.879677691986094942e+03
1.100942509604152292e+03 8.879492187500000000e+03 8.879676001307281695e+03
1.100962943319696933e+03 8.884372070312500000e+03 8.879674375793936633e+03
1.100983377136290073e+03 8.884498046875000000e+03 8.879672815105615882e+03
1.101003811052534729e+03 8.881934570312500000e+03 8.879671318927390530e+03
1.101024244769476354e+03 8.880098632812500000e+03 8.879669886964686157e+03
1.101044678686186671e+03 8.881184570312500000e+03 8.879668518873537323e+03
1.101065112503711134e+03 8.875370117187500000e+03 8.879667214358443744e+03
1.101085546221118420e+03 8.879670898437500000e+03 8.879665973102535645e+03
1.101105980139225721e+03 8.876491210937500000e+03 8.879664794772015739e+03
1.101126413957215846e+03 8.882342773437500000e+03 8.879663679068697093e+03
1.101146847675554454e+03 8.873206054687500000e+03 8.879662625675649906e+03
1.101167281594127417e+03 8.867140625000000000e+03 8.879661634261872678e+03
1.101187715413048863e+03 8.872345703125000000e+03 8.879660704526379050e+03
1.101208149132318795e+03 8.873181640625000000e+03 8.879659836152275602e+03
1.101228583051823080e+03 8.883115234375000000e+03 8.879659028811276585e+03
1.101249016871675849e+03 8.879712890625000000e+03 8.879658282199685345e+03
1.101269450791645795e+03 8.885024414062500000e+03 8.879657595994207441e+03
1.101289884511847049e+03 8.884047851562500000e+03 8.879656969888475942e+03
1.101310318332631141e+03 8.882438476562500000e+03 8.879656403556862642e+03
1.101330752253066748e+03 8.880636718750000000e+03 8.879655896684267645e+03
1.101351185974664986e+03 8.888577148437500000e+03 8.879655448961673756e+03
1.101371619795914739e+03 8.878544921875000000e+03 8.879655060066119404e+03
1.101392053717281669e+03 8.877622070312500000e+03 8.879654729682457400e+03
1.101412487539462745e+03 8.883158203125000000e+03 8.879654457497917974e+03
1.101432921361643821e+03 8.877631835937500000e+03 8.879654243194765513e+03
1.101453355184290558e+03 8.870368164062500000e+03 8.879654086456997902e+03
1.101473789006937295e+03 8.881737304687500000e+03 8.879653986968629397e+03
1.101494222830049694e+03 8.886273437500000000e+03 8.879653944413665158e+03
1.101514656653162092e+03 8.885010742187500000e+03 8.879653958476112166e+03
1.101535090477205813e+03 8.880340820312500000e+03 8.879654028839981038e+03
1.101555524400901049e+03 8.881549804687500000e+03 8.879654155190029996e+03
1.101575958124827594e+03 8.881766601562500000e+03 8.879654337208005018e+03
1.101596391949336976e+03 8.871487304687500000e+03 8.879654574580181361e+03
1.101616825774312019e+03 8.878886718750000000e+03 8.879654866989809307e+03
1.101637259599287063e+03 8.873975585937500000e+03 8.879655214120894016e+03
1.101657693524379283e+03 8.876308593750000000e+03 8.879655615659539762e+03
1.101678127249702811e+03 8.874617187500000000e+03 8.879656071283461642e+03
1.101698561075609177e+03 8.880074218750000000e+03 8.879656580682967615e+03
1.101718995001632720e+03 8.873827148437500000e+03 8.879657143542848644e+03
1.101739428727887571e+03 8.880217773437500000e+03 8.879657759538449682e+03
1.101759862554725260e+03 8.881362304687500000e+03 8.879658428362456107e+03
1.101780296481680125e+03 8.871924804687500000e+03 8.879659149699622503e+03
1.101800730208866298e+03 8.880371093750000000e+03 8.879659923222990983e+03
1.101821164136286825e+03 8.879796875000000000e+03 8.879660748631709794e+03
1.101841597964055836e+03 8.905273437500000000e+03 8.879661625598053433e+03
1.101862031691707671e+03 8.883309570312500000e+03 8.879662553805248535e+03
1.101882465620059520e+03 8.879619140625000000e+03 8.879663532951348316e+03
1.101902899448759854e+03 8.879034179687500000e+03 8.879664562706337165e+03
1.101923333277460188e+03 8.881700195312500000e+03 8.879665642758875038e+03
1.101964200935792178e+03 8.875998046875000000e+03 8.879667952492669428e+03
1.101984634865541011e+03 8.883171875000000000e+03 8.879669181548084453e+03
1.102005068595521152e+03 8.879742187500000000e+03 8.879670459624818250e+03
1.102025502425618470e+03 8.881054687500000000e+03 8.879671786425275059e+03
1.102045936356298625e+03 8.877797851562500000e+03 8.879673161634207645e+03
1.102066370186861604e+03 8.874714843750000000e+03 8.879674584922109716e+03
1.102086803917773068e+03 8.879153320312500000e+03 8.879676055972320682e+03
1.102107237848918885e+03 8.877582031250000000e+03 8.879677574490782717e+03
1.102127671680878848e+03 8.870386718750000000e+03 8.879679140139607625e+03
1.102148105512373149e+03 8.882139648437500000e+03 8.879680752610011041e+03
1.102168539344798774e+03 8.875284179687500000e+03 8.879682411586112721e+03
1.102188973176758736e+03 8.877480468750000000e+03 8.879684116751808688e+03
1.102209407009650022e+03 8.885515625000000000e+03 8.879685867791218698e+03
1.102229840842541307e+03 8.880309570312500000e+03 8.879687664388275152e+03
1.102250274675898254e+03 8.879903320312500000e+03 8.879689506227023230e+03
1.102270708509255201e+03 8.882132812500000000e+03 8.879691392991426255e+03
1.102291142342612147e+03 8.882559570312500000e+03 8.879693324365489389e+03
1.102311576076783240e+03 8.883099609375000000e+03 8.879695300023522577e+03
1.102332010011188686e+03 8.880699218750000000e+03 8.879697319678809436e+03
1.102352443845476955e+03 8.879905273437500000e+03 8.879699382985987540e+03
1.102372877780348063e+03 8.884332031250000000e+03 8.879701489649323776e+03
1.102393311515450478e+03 8.880877929687500000e+03 8.879703639321549417e+03
1.102413745350670069e+03 8.878053710937500000e+03 8.879705831717905312e+03
1.102434179286472499e+03 8.877356445312500000e+03 8.879708066523067828e+03
1.102454613022506237e+03 8.877484375000000000e+03 8.879710343387885587e+03
1.102475046858657151e+03 8.880158203125000000e+03 8.879712662029476633e+03
1.102495480794925243e+03 8.874343750000000000e+03 8.879715022132453669e+03
1.102515914531890303e+03 8.888099609375000000e+03 8.879717423345942734e+03
1.102536348468624055e+03 8.887000976562500000e+03 8.879719865400838898e+03
1.102556782306171954e+03 8.877608398437500000e+03 8.879722347945726142e+03
1.102577216043602675e+03 8.880845703125000000e+03 8.879724870663898400e+03
1.102597649981733412e+03 8.886526367187500000e+03 8.879727433276799275e+03
1.102618083819746971e+03 8.881627929687500000e+03 8.879730035430999123e+03
1.102638517658226192e+03 8.884254882812500000e+03 8.879732676823023212e+03
1.102658951496705413e+03 8.880996093750000000e+03 8.879735357136816674e+03
1.102679385335650295e+03 8.868271484375000000e+03 8.879738076056446516e+03
1.102699819274712354e+03 8.871373046875000000e+03 8.879740833279463914e+03
1.102720253114122897e+03 8.878074218750000000e+03 8.879743628462911147e+03
1.102740686853881925e+03 8.886518554687500000e+03 8.879746461290242223e+03
1.102761120793875307e+03 8.879659179687500000e+03 8.879749331487317249e+03
1.102781554634217173e+03 8.879599609375000000e+03 8.879752238696286440e+03
1.102801988374441862e+03 8.888373046875000000e+03 8.879755182600551052e+03
1.102822422315366566e+03 8.874877929687500000e+03 8.879758162927724698e+03
1.102842856156639755e+03 8.882344726562500000e+03 8.879761179318276845e+03
1.102863289897795767e+03 8.875640625000000000e+03 8.879764231455612389e+03
1.102883723839651793e+03 8.877670898437500000e+03 8.879767319068931101e+03
1.102904157581273466e+03 8.872305664062500000e+03 8.879770441781656700e+03
1.102924591523595154e+03 8.883631835937500000e+03 8.879773599339074281e+03
1.102945025366265327e+03 8.877836914062500000e+03 8.879776791379026690e+03
1.102965459108818322e+03 8.884622070312500000e+03 8.879780017584940651e+03
1.102985893051605672e+03 8.882887695312500000e+03 8.879783277688493399e+03
1.103006326895207167e+03 8.883378906250000000e+03 8.879786571326170815e+03
1.103026760638691485e+03 8.879170898437500000e+03 8.879789898181343233e+03
1.103047194582410157e+03 8.879935546875000000e+03 8.879793257987148536e+03
1.103067628426477313e+03 8.875954101562500000e+03 8.879796650378533741e+03
1.103088062370661646e+03 8.875085937500000000e+03 8.879800075072664185e+03
1.103108496115542948e+03 8.889403320312500000e+03 8.879803531703124463e+03
1.103128929960541427e+03 8.877146484375000000e+03 8.879807020004343940e+03
1.103149363905657083e+03 8.876996093750000000e+03 8.879810539660784343e+03
1.103169797651004046e+03 8.886567382812500000e+03 8.879814090304576894e+03
1.103190231496468186e+03 8.877860351562500000e+03 8.879817671671598873e+03
1.103210665442515165e+03 8.880365234375000000e+03 8.879821283446395682e+03
1.103231099188793451e+03 8.883680664062500000e+03 8.879824925259657903e+03
1.103251533135306090e+03 8.880073242187500000e+03 8.879828596866678708e+03
1.103271966982167214e+03 8.878222656250000000e+03 8.879832297897804892e+03
1.103292400829028338e+03 8.881183593750000000e+03 8.879836028054869530e+03
1.103312834676355124e+03 8.885311523437500000e+03 8.879839787021959637e+03
1.103333268524147570e+03 8.879522460937500000e+03 8.879843574483087650e+03
1.103353702371940017e+03 8.877068359375000000e+03 8.879847390122171419e+03
1.103374136220198125e+03 8.880092773437500000e+03 8.879851233623297958e+03
1.103394570068456233e+03 8.873930664062500000e+03 8.879855104670390574e+03
1.103415003917180002e+03 8.871135742187500000e+03 8.879859002947543559e+03
1.103435437866020948e+03 8.878481445312500000e+03 8.879862928157966962e+03
1.103455871615558863e+03 8.880503906250000000e+03 8.879866879927954869e+03
1.103476305564865470e+03 8.883243164062500000e+03 8.879870858018686704e+03
1.103496739414986223e+03 8.891112304687500000e+03 8.879874862056165512e+03
1.103517173164524138e+03 8.880974609375000000e+03 8.879878891723739798e+03
1.103537607115227729e+03 8.880752929687500000e+03 8.879882946765106681e+03
1.103558040865696967e+03 8.883250976562500000e+03 8.879887026784621412e+03
1.103578474716749042e+03 8.876329101562500000e+03 8.879891131526166646e+03
1.103598908667452633e+03 8.877151367187500000e+03 8.879895260673925804e+03
1.103619342418853194e+03 8.880695312500000000e+03 8.879899413851311692e+03
1.103639776370488107e+03 8.882962890625000000e+03 8.879903590823530976e+03
1.103660210222471505e+03 8.875136718750000000e+03 8.879907791213470773e+03
1.103680643974803388e+03 8.874731445312500000e+03 8.879912014704786998e+03
1.103701077927369624e+03 8.876623046875000000e+03 8.879916261043643317e+03
1.103721511779818684e+03 8.884263671875000000e+03 8.879920529851786341e+03
1.103741945533081889e+03 8.883624023437500000e+03 8.879924820813099359e+03
1.103762379486113787e+03 8.880028320312500000e+03 8.879929133674515469e+03
1.103782813339959830e+03 8.877711914062500000e+03 8.879933468057111895e+03
1.103803247293923050e+03 8.869705078125000000e+03 8.879937823687159835e+03
1.103823681047651917e+03 8.883654296875000000e+03 8.879942200184490503e+03
1.103844114901963621e+03 8.879386718750000000e+03 8.879946597297379412e+03
1.103864548856858164e+03 8.876758789062500000e+03 8.879951014710139134e+03
1.103884982611518353e+03 8.877819335937500000e+03 8.879955452041593162e+03
1.103905416466761380e+03 8.872949218750000000e+03 8.879959909040924686e+03
1.103925850422587246e+03 8.877504882812500000e+03 8.879964385392428085e+03
1.103946284277830273e+03 8.886889648437500000e+03 8.879968880736034407e+03
1.103966718033887446e+03 8.878717773437500000e+03 8.879973394755779736e+03
1.103987151990178972e+03 8.876167968750000000e+03 8.879977927201951388e+03
1.104007585846818984e+03 8.878381835937500000e+03 8.879982477692166867e+03
1.104028019703458995e+03 8.878054687500000000e+03 8.879987045932493857e+03
1.104048453560564667e+03 8.890343750000000000e+03 8.879991631607039380e+03
1.104068887418136001e+03 8.876436523437500000e+03 8.879996234399808600e+03
1.104089321375824511e+03 8.879704101562500000e+03 8.880000854017376696e+03
1.104109755133278668e+03 8.871046875000000000e+03 8.880005490075720445e+03
1.104130188991781324e+03 8.887391601562500000e+03 8.880010142327082576e+03
1.104150622949935496e+03 8.881148437500000000e+03 8.880014810455388215e+03
1.104171056708786637e+03 8.872911132812500000e+03 8.880019494076223054e+03
1.104191490667872131e+03 8.892267578125000000e+03 8.880024192965174734e+03
1.104211924426723272e+03 8.878753906250000000e+03 8.880028906714154800e+03
1.104232358286157250e+03 8.881406250000000000e+03 8.880033635076457358e+03
1.104252792246174067e+03 8.879468750000000000e+03 8.880038377736294933e+03
1.104273226005956531e+03 8.879594726562500000e+03 8.880043134307752553e+03
1.104293659866321832e+03 8.890360351562500000e+03 8.880047904544757330e+03
1.104314093826804310e+03 8.880946289062500000e+03 8.880052688131399918e+03
1.104334527587983757e+03 8.884325195312500000e+03 8.880057484681496135e+03
1.104354961548931897e+03 8.880653320312500000e+03 8.880062293972725456e+03
1.104375395410228521e+03 8.873484375000000000e+03 8.880067115618712705e+03
1.104395829171873629e+03 8.885758789062500000e+03 8.880071949303281144e+03
1.104416263133753091e+03 8.894425781250000000e+03 8.880076794781465651e+03
1.104436696995981038e+03 8.875686523437500000e+03 8.880081651666241669e+03
1.104457130758557469e+03 8.877028320312500000e+03 8.880086519641448831e+03
1.104477564721368253e+03 8.885962890625000000e+03 8.880091398462609504e+03
1.104497998584061861e+03 8.870041992187500000e+03 8.880096287742100685e+03
1.104518432447686791e+03 8.878114257812500000e+03 8.880101187188021868e+03
1.104538866310846061e+03 8.889217773437500000e+03 8.880106096484047157e+03
1.104559300174936652e+03 8.883272460937500000e+03 8.880111015314512770e+03
1.104579734138678759e+03 8.880545898437500000e+03 8.880115943387252628e+03
1.104600168003235012e+03 8.880161132812500000e+03 8.880120880338319694e+03
1.104620601767674088e+03 8.884166015625000000e+03 8.880125825851364425e+03
1.104641035732813179e+03 8.881424804687500000e+03 8.880130779683251603e+03
1.104661469597835094e+03 8.882177734375000000e+03 8.880135741445126769e+03
1.104681903363205492e+03 8.880919921875000000e+03 8.880140710820982349e+03
1.104702337328810245e+03 8.882377929687500000e+03 8.880145687567817731e+03
1.104722771194763482e+03 8.879235351562500000e+03 8.880150671296645669e+03
1.104743205160833895e+03 8.901118164062500000e+03 8.880155661740185678e+03
1.104763638927135617e+03 8.875838867187500000e+03 8.880160658509164932e+03
1.104784072794020176e+03 8.878580078125000000e+03 8.880165661360981176e+03
1.104804506660904735e+03 8.873040039062500000e+03 8.880170669955057747e+03
1.104824940528254956e+03 8.883444335937500000e+03 8.880175683975514403e+03
1.104845374396070838e+03 8.884701171875000000e+03 8.880180703106350848e+03
1.104865808263886720e+03 8.889360351562500000e+03 8.880185727031461283e+03
1.104886242131702602e+03 8.889217773437500000e+03 8.880190755434849052e+03
1.104906676100101322e+03 8.885261718750000000e+03 8.880195788025295769e+03
1.104967977706808597e+03 8.875217773437500000e+03 8.880210907536857121e+03
1.104988411476369947e+03 8.878814453125000000e+03 8.880215953567416364e+03
1.105008845346048474e+03 8.879006835937500000e+03 8.880221002204991237e+03
1.105029279315844178e+03 8.880161132812500000e+03 8.880226053133616006e+03
1.105049713085871190e+03 8.885318359375000000e+03 8.880231105963157461e+03
1.105070146956481040e+03 8.875071289062500000e+03 8.880236160451871910e+03
1.105090580927208066e+03 8.882557617187500000e+03 8.880241216283671747e+03
1.105111014798283577e+03 8.878364257812500000e+03 8.880246273093132913e+03
1.105131448669824749e+03 8.880083007812500000e+03 8.880251330589018835e+03
1.105151882541365921e+03 8.876204101562500000e+03 8.880256388455229171e+03
1.105172316412907094e+03 8.880763671875000000e+03 8.880261446375759988e+03
1.105192750285379589e+03 8.875195312500000000e+03 8.880266504034843820e+03
1.105213184157386422e+03 8.876605468750000000e+03 8.880271561116143857e+03
1.105233618029858917e+03 8.882077148437500000e+03 8.880276617303894454e+03
1.105254051903262734e+03 8.880199218750000000e+03 8.880281672282206273e+03
1.105274485776200891e+03 8.878548828125000000e+03 8.880286725734742504e+03
1.105294919749721885e+03 8.876503906250000000e+03 8.880291777370483032e+03
1.105315353623125702e+03 8.878423828125000000e+03 8.880296826823809170e+03
1.105335787397343665e+03 8.884378906250000000e+03 8.880301873778989830e+03
1.105356221371330321e+03 8.882894531250000000e+03 8.880306917993850220e+03
1.105376655246131122e+03 8.881119140625000000e+03 8.880311959078571817e+03
1.105397089020814747e+03 8.885592773437500000e+03 8.880316996716974245e+03
1.105417522995732725e+03 8.879060546875000000e+03 8.880322030667082799e+03
1.105437956870999187e+03 8.877977539062500000e+03 8.880327060538995283e+03
1.105458390746731311e+03 8.880891601562500000e+03 8.880332086041385992e+03
1.105478824622463435e+03 8.879624023437500000e+03 8.880337106858143670e+03
1.105499258398544043e+03 8.873541015625000000e+03 8.880342122648824443e+03
1.105519692374859005e+03 8.883681640625000000e+03 8.880347133171006135e+03
1.105540126251522452e+03 8.878471679687500000e+03 8.880352138035112148e+03
1.105560560128651559e+03 8.885538085937500000e+03 8.880357136949718551e+03
1.105580994005780667e+03 8.876292968750000000e+03 8.880362129598701358e+03
1.105601427882909775e+03 8.878300781250000000e+03 8.880367115666071186e+03
1.105621861660853028e+03 8.874445312500000000e+03 8.880372094811677016e+03
1.105642295638564974e+03 8.878475585937500000e+03 8.880377066792319965e+03
1.105662729517091066e+03 8.880166015625000000e+03 8.880382031219203782e+03
1.105683163495268673e+03 8.879976562500000000e+03 8.880386987824636890e+03
1.105703597274143249e+03 8.879037109375000000e+03 8.880391936220163188e+03
1.105724031153135002e+03 8.876338867187500000e+03 8.880396876162358240e+03
1.105744465132243931e+03 8.882479492187500000e+03 8.880401807335096237e+03
1.105764898912049830e+03 8.872918945312500000e+03 8.880406729350186652e+03
1.105785332791972905e+03 8.878855468750000000e+03 8.880411641963830334e+03
1.105805766772013158e+03 8.880238281250000000e+03 8.880416544859881469e+03
1.105826200652401894e+03 8.878282226562500000e+03 8.880421437674413028e+03
1.105846634532790631e+03 8.875132812500000000e+03 8.880426320115362614e+03
1.105867068413645029e+03 8.876025390625000000e+03 8.880431191866842710e+03
1.105887502294965088e+03 8.883197265625000000e+03 8.880436052612854837e+03
1.105907936176285148e+03 8.881717773437500000e+03 8.880440902037291380e+03
1.105928370058070868e+03 8.876471679687500000e+03 8.880445739824263001e+03
1.105948803939856589e+03 8.876992187500000000e+03 8.880450565657669358e+03
1.105969237922225147e+03 8.887739257812500000e+03 8.880455379245169752e+03
1.105989671704825014e+03 8.877045898437500000e+03 8.880460180200103423e+03
1.106010105687659234e+03 8.870639648437500000e+03 8.880464968300457258e+03
1.106030539570376277e+03 8.880496093750000000e+03 8.880469743159757854e+03
1.106050973353907466e+03 8.879796875000000000e+03 8.880474504462421464e+03
1.106071407337207347e+03 8.874866210937500000e+03 8.880479251962009585e+03
1.106091841221321374e+03 8.880208007812500000e+03 8.880483985272961945e+03
1.106112275005318224e+03 8.883882812500000000e+03 8.880488704079278250e+03
1.106132708989549428e+03 8.878299804687500000e+03 8.880493408134212586e+03
1.106153142874129117e+03 8.823584960937500000e+03 8.880498097052623052e+03
1.106173576659057289e+03 8.768968750000000000e+03 8.880502770518734906e+03
1.106194010644219816e+03 8.723457031250000000e+03 8.880507428285023707e+03
1.106214444429613650e+03 8.734333984375000000e+03 8.880512069944312316e+03
1.106234878415241838e+03 8.746293945312500000e+03 8.880516695271466233e+03
1.106255312301218510e+03 8.824155273437500000e+03 8.880521303882491338e+03
1.106275746087078005e+03 8.866489257812500000e+03 8.880525895461523760e+03
1.106296180073637515e+03 8.878016601562500000e+03 8.880530469760040432e+03
1.106316613960545510e+03 8.882846679687500000e+03 8.880535026394672968e+03
1.106337047847453505e+03 8.879610351562500000e+03 8.880539565071780089e+03
1.106357481734827161e+03 8.885018554687500000e+03 8.880544085475463362e+03
1.106377915622200817e+03 8.889409179687500000e+03 8.880548587289624265e+03
1.106398349610157311e+03 8.873855468750000000e+03 8.880553070220283189e+03
1.106418783397879452e+03 8.884064453125000000e+03 8.880557533885585144e+03
1.106439217286184430e+03 8.881223632812500000e+03 8.880561978035391803e+03
1.106459651275072247e+03 8.878455078125000000e+03 8.880566402353411831e+03
1.106480085163842887e+03 8.879103515625000000e+03 8.880570806480189276e+03
1.106500518952962011e+03 8.880399414062500000e+03 8.880575190100124018e+03
1.106520952942315489e+03 8.878705078125000000e+03 8.880579552961407899e+03
1.106541386832017452e+03 8.879835937500000000e+03 8.880583894683850303e+03
1.106561820721719414e+03 8.878323242187500000e+03 8.880588214972787682e+03
1.106582254611887038e+03 8.874196289062500000e+03 8.880592513512314326e+03
1.106602688502520323e+03 8.882494140625000000e+03 8.880596789986437216e+03
1.106623122493270785e+03 8.874955078125000000e+03 8.880601044099847059e+03
1.106643556283786893e+03 8.878743164062500000e+03 8.880605275474183145e+03
1.106663990175351501e+03 8.876060546875000000e+03 8.880609483855998405e+03
1.106684424166567624e+03 8.881541015625000000e+03 8.880613668928668631e+03
1.106704857958480716e+03 8.875109375000000000e+03 8.880617830315142783e+03
1.106725291850510985e+03 8.882507812500000000e+03 8.880621967760569532e+03
1.106745725842658430e+03 8.885269531250000000e+03 8.880626080948597519e+03
1.106766159635037184e+03 8.878493164062500000e+03 8.880630169503045181e+03
1.106786593628115952e+03 8.874080078125000000e+03 8.880634233188040525e+03
1.106807027521077543e+03 8.884519531250000000e+03 8.880638271627576614e+03
1.106827461314387619e+03 8.885795898437500000e+03 8.880642284506116994e+03
1.106847895307932049e+03 8.879967773437500000e+03 8.880646271566372889e+03
1.106868329101707786e+03 8.875139648437500000e+03 8.880650232414296624e+03
1.106888762996066362e+03 8.882621093750000000e+03 8.880654166792301112e+03
1.106909196990542114e+03 8.877237304687500000e+03 8.880658074383907660e+03
1.106929630785249174e+03 8.876698242187500000e+03 8.880661954815965146e+03
1.106950064780190587e+03 8.878642578125000000e+03 8.880665807848439727e+03
1.106970498675014824e+03 8.879253906250000000e+03 8.880669633108493144e+03
1.106990932570770383e+03 8.879178710937500000e+03 8.880673430299248139e+03
1.107011366466060281e+03 8.878738281250000000e+03 8.880677199104444298e+03
1.107031800362281501e+03 8.888467773437500000e+03 8.880680939208339623e+03
1.107052234258502722e+03 8.878406250000000000e+03 8.880684650294768289e+03
1.107072668155189604e+03 8.883375976562500000e+03 8.880688332047811855e+03
1.107093102051876485e+03 8.889013671875000000e+03 8.880691984151388169e+03
1.107113536048680544e+03 8.881656250000000000e+03 8.880695606307175694e+03
1.107133969945833087e+03 8.881428710937500000e+03 8.880699198163756591e+03
1.107154403743334115e+03 8.880938476562500000e+03 8.880702759405585311e+03
1.107174837741535157e+03 8.880580078125000000e+03 8.880706289768777424e+03
1.107195271639153361e+03 8.878686523437500000e+03 8.880709788885054877e+03
1.107215705437585711e+03 8.878400390625000000e+03 8.880713256439121324e+03
1.107236139436252415e+03 8.875917968750000000e+03 8.880716692165551649e+03
1.107256573335267603e+03 8.877520507812500000e+03 8.880720095697688521e+03
1.107277007134165615e+03 8.876733398437500000e+03 8.880723466719933640e+03
1.107297441133763641e+03 8.882208984375000000e+03 8.880726804965674091e+03
1.107317875033244491e+03 8.886433593750000000e+03 8.880730110069522198e+03
1.107338309033308178e+03 8.888066406250000000e+03 8.880733381747942985e+03
1.107358742833137512e+03 8.886156250000000000e+03 8.880736619637013064e+03
1.107379176734015346e+03 8.876581054687500000e+03 8.880739823468729810e+03
1.107399610634427518e+03 8.878739257812500000e+03 8.880742992910923931e+03
1.107420044535305351e+03 8.872229492187500000e+03 8.880746127647740650e+03
1.107440478436648846e+03 8.875421875000000000e+03 8.880749227363183309e+03
1.107460912438109517e+03 8.880508789062500000e+03 8.880752291756103659e+03
1.107481346239801496e+03 8.890102539062500000e+03 8.880755320465797922e+03
1.107501780241727829e+03 8.878942382812500000e+03 8.880758313235546666e+03
1.107522214044351131e+03 8.883386718750000000e+03 8.880761269690839981e+03
1.107542647946625948e+03 8.882318359375000000e+03 8.880764189559195074e+03
1.107563081949483603e+03 8.883268554687500000e+03 8.880767072524211471e+03
1.107583515752572566e+03 8.883350585937500000e+03 8.880769918227782910e+03
1.107603949655778706e+03 8.878338867187500000e+03 8.880772726395951395e+03
1.107624383659567684e+03 8.880550781250000000e+03 8.880775496712223685e+03
1.107644817463122308e+03 8.889754882812500000e+03 8.880778228820096047e+03
1.107665251367259771e+03 8.886091796875000000e+03 8.880780922444075259e+03
1.107685685371514410e+03 8.882145507812500000e+03 8.880783577267528017e+03
1.107706119276117533e+03 8.878982421875000000e+03 8.880786192948500684e+03
1.107726553181186318e+03 8.879447265625000000e+03 8.880788769184098783e+03
1.107746987086255103e+03 8.876607421875000000e+03 8.880791305658261990e+03
1.107767420991789550e+03 8.883685546875000000e+03 8.880793802055042761e+03
1.107787854997441173e+03 8.878601562500000000e+03 8.880796258070327895e+03
1.107808288803324103e+03 8.879864257812500000e+03 8.880798673352364858e+03
1.107828722709324211e+03 8.878292968750000000e+03 8.880801047620903773e+03
1.107849156715907156e+03 8.879645507812500000e+03 8.880803380559391371e+03
1.107869590522721410e+03 8.887513671875000000e+03 8.880805671817843177e+03
1.107890024529770017e+03 8.876890625000000000e+03 8.880807921125109715e+03
1.107930892244447023e+03 8.880818359375000000e+03 8.880812292522699863e+03
1.107951326251961291e+03 8.883274414062500000e+03 8.880814414013100759e+03
1.107971760160289705e+03 8.882134765625000000e+03 8.880816492255664343e+03
1.107992193968500942e+03 8.880332031250000000e+03 8.880818526934937836e+03
1.108012627976946533e+03 8.881007812500000000e+03 8.880820517764506803e+03
1.108033061885740608e+03 8.884246093750000000e+03 8.880822464398826924e+03
1.108053495795000345e+03 8.884138671875000000e+03 8.880824366531762280e+03
1.108073929704260081e+03 8.884810546875000000e+03 8.880826223847272558e+03
1.108094363613985479e+03 8.882543945312500000e+03 8.880828036029393843e+03
1.108114797523710877e+03 8.881963867187500000e+03 8.880829802762089457e+03
1.108135231433901936e+03 8.887224609375000000e+03 8.880831523729397304e+03
1.108155665344092995e+03 8.883056640625000000e+03 8.880833198615277070e+03
1.108176099254749715e+03 8.878844726562500000e+03 8.880834827103768475e+03
1.108196533165872097e+03 8.887117187500000000e+03 8.880836408878874863e+03
1.108216967076528817e+03 8.874604492187500000e+03 8.880837943624515901e+03
1.108237400988116860e+03 8.875973632812500000e+03 8.880839431024800433e+03
1.108257834899704903e+03 8.877791015625000000e+03 8.880840870763662679e+03
1.108278268911875784e+03 8.879095703125000000e+03 8.880842262531832603e+03
1.108298702723812312e+03 8.877279296875000000e+03 8.880843605993173696e+03
1.108319136636331677e+03 8.880043945312500000e+03 8.880844900851823695e+03
1.108339570648968220e+03 8.877906250000000000e+03 8.880846146791031060e+03
1.108360004561953247e+03 8.885766601562500000e+03 8.880847343482615543e+03
1.108380438375286758e+03 8.888282226562500000e+03 8.880848490611306261e+03
1.108400872388854623e+03 8.891922851562500000e+03 8.880849587877564772e+03
1.108421306302770972e+03 8.885972656250000000e+03 8.880850634948925290e+03
1.108441740216687322e+03 8.883376953125000000e+03 8.880851631514859037e+03
1.108462174131069332e+03 8.878482421875000000e+03 8.880852577259389363e+03
1.108482608045451343e+03 8.883013671875000000e+03 8.880853471866494147e+03
1.108503042060416192e+03 8.901459960937500000e+03 8.880854315024198513e+03
1.108523475875146687e+03 8.889416015625000000e+03 8.880855106404467733e+03
1.108543909790460020e+03 8.876738281250000000e+03 8.880855845703335945e+03
1.108564343806356192e+03 8.879548828125000000e+03 8.880856532604029780e+03
1.108584777622018009e+03 8.881636718750000000e+03 8.880857166780824627e+03
1.108605211637914181e+03 8.881798828125000000e+03 8.880857747930149344e+03
1.108625645554624498e+03 8.883801757812500000e+03 8.880858275727092405e+03
1.108646079370751977e+03 8.873163085937500000e+03 8.880858749856404756e+03
1.108666513388045132e+03 8.882818359375000000e+03 8.880859170008694491e+03
1.108686947304755449e+03 8.883218750000000000e+03 8.880859535861354743e+03
1.108707381122279912e+03 8.883198242187500000e+03 8.880859847099212857e+03
1.108727815140038729e+03 8.886093750000000000e+03 8.880860103410424927e+03
1.108748249058146030e+03 8.876835937500000000e+03 8.880860304474816076e+03
1.108768682976253331e+03 8.882433593750000000e+03 8.880860449977786629e+03
1.108789116894360632e+03 8.879316406250000000e+03 8.880860539603325378e+03
1.108809550713282079e+03 8.875469726562500000e+03 8.880860573035410198e+03
1.108829984731972218e+03 8.875101562500000000e+03 8.880860549958120828e+03
1.108850418651476502e+03 8.879496093750000000e+03 8.880860470055369660e+03
1.108870852570980787e+03 8.880052734375000000e+03 8.880860333011189141e+03
1.108891286490485072e+03 8.877595703125000000e+03 8.880860138509577155e+03
1.108911720410455018e+03 8.885393554687500000e+03 8.880859886234531587e+03
1.108932154330890626e+03 8.876928710937500000e+03 8.880859575870046683e+03
1.108952588251326233e+03 8.881108398437500000e+03 8.880859207100129424e+03
1.108973022172227502e+03 8.880357421875000000e+03 8.880858779608768600e+03
1.108993456193245947e+03 8.872600585937500000e+03 8.880858293077450071e+03
1.109013890114147216e+03 8.873722656250000000e+03 8.880857747194932017e+03
1.109034323935862631e+03 8.879566406250000000e+03 8.880857141646069067e+03
1.109054757957812399e+03 8.880056640625000000e+03 8.880856476105542242e+03
1.109075191879644990e+03 8.870951171875000000e+03 8.880855750266691757e+03
1.109095625701826066e+03 8.883400390625000000e+03 8.880854963814390430e+03
1.109116059724707156e+03 8.873521484375000000e+03 8.880854116420627179e+03
1.109136493647471070e+03 8.876986328125000000e+03 8.880853207781427045e+03
1.109156927670352161e+03 8.877018554687500000e+03 8.880852237571885780e+03
1.109177361493930221e+03 8.877541015625000000e+03 8.880851205490667780e+03
1.109197795417159796e+03 8.889284179687500000e+03 8.880850111207129885e+03
1.109218229441437870e+03 8.885787109375000000e+03 8.880848954404278629e+03
1.109238663265481591e+03 8.884300781250000000e+03 8.880847734783626947e+03
1.109259097189642489e+03 8.877871093750000000e+03 8.880846452011710426e+03
1.109279531214386225e+03 8.874934570312500000e+03 8.880845105771571980e+03
1.109299965039361268e+03 8.875786132812500000e+03 8.880843695767462123e+03
1.109320399064570665e+03 8.878818359375000000e+03 8.880842221655773756e+03
1.109340832989662886e+03 8.879172851562500000e+03 8.880840683141705085e+03
1.109361266815569252e+03 8.883208984375000000e+03 8.880839079910130749e+03
1.109381700841244310e+03 8.883758789062500000e+03 8.880837411621116189e+03
1.109402134767733514e+03 8.877109375000000000e+03 8.880835677982588095e+03
1.109422568594105542e+03 8.872566406250000000e+03 8.880833878679588452e+03
1.109443002620711923e+03 8.879400390625000000e+03 8.880832013369183187e+03
1.109463436447549611e+03 8.866392578125000000e+03 8.880830081771884579e+03
1.109483870374970138e+03 8.882013671875000000e+03 8.880828083543789035e+03
1.109504304402507842e+03 8.883596679687500000e+03 8.880826018367955839e+03
1.109524738229811192e+03 8.879576171875000000e+03 8.880823885959238396e+03
1.109545172257814556e+03 8.875599609375000000e+03 8.880821685959788738e+03
1.109565606186166406e+03 8.873350585937500000e+03 8.880819418085444340e+03
1.109586040114518255e+03 8.880515625000000000e+03 8.880817082009643855e+03
1.109606474043335766e+03 8.875828125000000000e+03 8.880814677416328777e+03
1.109626907972618937e+03 8.879153320312500000e+03 8.880812203989496993e+03
1.109647341901902109e+03 8.883917968750000000e+03 8.880809661413202775e+03
1.109667775931302458e+03 8.880859375000000000e+03 8.880807049358478253e+03
1.109688209760934114e+03 8.888790039062500000e+03 8.880804367548167647e+03
1.109708643791265786e+03 8.877006835937500000e+03 8.880801615613703689e+03
1.109729077721480280e+03 8.881701171875000000e+03 8.880798793279083839e+03
1.109749511552043259e+03 8.878152343750000000e+03 8.880795900229279141e+03
1.109769945582840592e+03 8.882985351562500000e+03 8.880792936105306580e+03
1.109790379513986409e+03 8.880941406250000000e+03 8.880789900634144942e+03
1.109810813345015049e+03 8.881909179687500000e+03 8.880786793500908971e+03
1.109831247376743704e+03 8.882984375000000000e+03 8.880783614343330555e+03
1.109851681308355182e+03 8.881382812500000000e+03 8.880780362891677214e+03
1.109872115340549499e+03 8.872560546875000000e+03 8.880777038798007197e+03
1.109892549172975123e+03 8.885151367187500000e+03 8.880773641795713047e+03
1.109912983105517924e+03 8.880041015625000000e+03 8.880770171519472569e+03
1.109933417138643563e+03 8.884625000000000000e+03 8.880766627652130410e+03
1.109953850971534848e+03 8.886691406250000000e+03 8.880763009930391490e+03
1.109974284905008972e+03 8.889916015625000000e+03 8.880759317985543021e+03
1.109994718938600272e+03 8.880818359375000000e+03 8.880755551500571528e+03
1.110015152772422880e+03 8.888775390625000000e+03 8.880751710215303319e+03
1.110035586706362665e+03 8.881182617187500000e+03 8.880747793757911495e+03
1.110056020740885288e+03 8.876918945312500000e+03 8.880743801811197045e+03
1.110076454575639218e+03 8.878395507812500000e+03 8.880739734118385968e+03
1.110096888610627502e+03 8.878311523437500000e+03 8.880735590283849888e+03
1.110117322445847094e+03 8.878958984375000000e+03 8.880731370072702703e+03
1.110137756381183863e+03 8.878485351562500000e+03 8.880727073107569595e+03
1.110158190416637808e+03 8.875640625000000000e+03 8.880722699071322495e+03
1.110178624352440238e+03 8.884777343750000000e+03 8.880718247690716453e+03
1.110199058189056814e+03 8.879221679687500000e+03 8.880713718650786177e+03
1.110219492225442082e+03 8.881297851562500000e+03 8.880709111568690787e+03
1.110239926162175834e+03 8.884732421875000000e+03 8.880704426195370615e+03
1.110260360098909587e+03 8.877209960937500000e+03 8.880699662192539108e+03
1.110280794036109000e+03 8.881578125000000000e+03 8.880694819244094106e+03
1.110301227973774076e+03 8.881692382812500000e+03 8.880689897034024398e+03
1.110321661911439151e+03 8.886331054687500000e+03 8.880684895246444285e+03
1.110342095849569887e+03 8.879414062500000000e+03 8.880679813565235236e+03
1.110362529787700623e+03 8.884635742187500000e+03 8.880674651674509732e+03
1.110382963825948536e+03 8.880487304687500000e+03 8.880669409232386897e+03
1.110403397664893419e+03 8.884939453125000000e+03 8.880664086000269890e+03
1.110423831703606993e+03 8.881355468750000000e+03 8.880658681558194075e+03
1.110464699482545257e+03 8.882116210937500000e+03 8.880647628017008174e+03
1.110485133522190154e+03 8.884162109375000000e+03 8.880641978204905172e+03
1.110505567462183535e+03 8.878075195312500000e+03 8.880636245998623053e+03
1.110526001302525401e+03 8.878390625000000000e+03 8.880630431083372969e+03
1.110546435343101621e+03 8.884130859375000000e+03 8.880624533057198278e+03
1.110566869284026325e+03 8.879206054687500000e+03 8.880618551690047752e+03
1.110587303124833852e+03 8.884269531250000000e+03 8.880612486667279882e+03
1.110607737166341394e+03 8.881262695312500000e+03 8.880606337582990818e+03
1.110628171107731760e+03 8.880632812500000000e+03 8.880600104211080179e+03
1.110648605149704963e+03 8.881163085937500000e+03 8.880593786174322304e+03
1.110669038991909474e+03 8.880278320312500000e+03 8.880587383250196581e+03
1.110689472933765501e+03 8.882157226562500000e+03 8.880580895029508611e+03
1.110709906876552850e+03 8.877005859375000000e+03 8.880574321226973552e+03
1.110730340819340199e+03 8.878558593750000000e+03 8.880567661526883967e+03
1.110750774762593210e+03 8.882517578125000000e+03 8.880560915613088582e+03
1.110771208705846220e+03 8.876164062500000000e+03 8.880554083169734440e+03
1.110791642649564892e+03 8.883291015625000000e+03 8.880547163880666631e+03
1.110812076693400741e+03 8.885762695312500000e+03 8.880540157395495044e+03
1.110832510537467897e+03 8.881693359375000000e+03 8.880533063501683500e+03
1.110852944481652230e+03 8.874690429687500000e+03 8.880525881779763949e+03
1.110873378526419401e+03 8.892194335937500000e+03 8.880518611912277265e+03
1.110914246316067874e+03 8.878154296875000000e+03 8.880503806691931459e+03
1.110934680361766368e+03 8.881595703125000000e+03 8.880496270598083356e+03
1.110955114307347685e+03 8.876425781250000000e+03 8.880488645167361028e+03
1.110975548252929002e+03 8.888741210937500000e+03 8.880480930047058791e+03
1.110995982198975980e+03 8.881800781250000000e+03 8.880473124920998089e+03
1.111016416145488620e+03 8.882620117187500000e+03 8.880465229473171348e+03
1.111036850192118436e+03 8.882997070312500000e+03 8.880457243348406337e+03
1.111057284038979560e+03 8.881800781250000000e+03 8.880449166348569634e+03
1.111077717985957861e+03 8.880504882812500000e+03 8.880440998039790429e+03
1.111098152033519000e+03 8.879425781250000000e+03 8.880432738104535019e+03
1.111118585881311446e+03 8.878471679687500000e+03 8.880424386348877306e+03
1.111139019829221070e+03 8.880982421875000000e+03 8.880415942334926513e+03
1.111159453877247870e+03 8.882003906250000000e+03 8.880407405745318101e+03
1.111179887725505978e+03 8.881529296875000000e+03 8.880398776390016792e+03
1.111200321774464101e+03 8.872608398437500000e+03 8.880390053783892654e+03
1.111220755723305047e+03 8.881097656250000000e+03 8.880381237738662094e+03
1.111241189572494477e+03 8.886917968750000000e+03 8.880372327939498064e+03
1.111261623621918261e+03 8.877389648437500000e+03 8.880363323938949179e+03
1.111282057571690530e+03 8.875019531250000000e+03 8.880354225552457137e+03
1.111302491421345621e+03 8.884179687500000000e+03 8.880345032465616896e+03
1.111322925471700728e+03 8.879201171875000000e+03 8.880335744226391398e+03
1.111343359421938658e+03 8.876888671875000000e+03 8.880326360654815289e+03
1.111363793372642249e+03 8.890718750000000000e+03 8.880316881389393529e+03
1.111384227323811501e+03 8.883526367187500000e+03 8.880307306114120365e+03
1.111404661274980754e+03 8.882500976562500000e+03 8.880297634513208322e+03
1.111425095226150006e+03 8.877302734375000000e+03 8.880287866270660743e+03
1.111445529177784920e+03 8.882333007812500000e+03 8.880278001070246319e+03
1.111465963129885495e+03 8.883666015625000000e+03 8.880268038595961116e+03
1.111486397081986070e+03 8.882203125000000000e+03 8.880257978532030393e+03
1.111506831034552306e+03 8.881204101562500000e+03 8.880247820562213747e+03
1.111527265087235719e+03 8.876483398437500000e+03 8.880237564320257661e+03
1.111547699040267617e+03 8.877004882812500000e+03 8.880227209590415441e+03
1.111568132893647999e+03 8.876765625000000000e+03 8.880216756058134706e+03
1.111588566946797073e+03 8.879990234375000000e+03 8.880206203253512285e+03
1.111609000900760293e+03 8.889337890625000000e+03 8.880195551014197918e+03
1.111629434754606336e+03 8.881120117187500000e+03 8.880184799026141263e+03
1.111649868808686733e+03 8.881923828125000000e+03 8.880173946814560622e+03
1.111670302763115615e+03 8.878631835937500000e+03 8.880162994221980625e+03
1.111690736617892981e+03 8.885311523437500000e+03 8.880151940933877995e+03
1.111711170672904700e+03 8.884091796875000000e+03 8.880140786471285537e+03
1.111731604628264904e+03 8.883583984375000000e+03 8.880129530681155302e+03
1.111752038683742285e+03 8.885747070312500000e+03 8.880118173137441772e+03
1.111772472539450973e+03 8.881452148437500000e+03 8.880106713691568075e+03
1.111792906495276839e+03 8.889260742187500000e+03 8.880095151860106853e+03
1.111813340551685542e+03 8.874859375000000000e+03 8.880083487325280657e+03
1.111833774407859892e+03 8.879329101562500000e+03 8.880071719943558492e+03
1.111874642421957105e+03 8.887658203125000000e+03 8.880047874856467388e+03
1.111895076279062778e+03 8.881621093750000000e+03 8.880035796694603050e+03
1.111915510336402804e+03 8.874101562500000000e+03 8.880023614188161446e+03
1.111935944294556975e+03 8.880222656250000000e+03 8.880011327198875733e+03
1.111956378152128309e+03 8.875517578125000000e+03 8.879998935413123036e+03
1.111976812210399657e+03 8.882901367187500000e+03 8.879986438331417958e+03
1.111997246169019490e+03 8.877773437500000000e+03 8.879973835820674140e+03
1.112017680127639323e+03 8.879571289062500000e+03 8.879961127504197066e+03
1.112038114086724818e+03 8.878087890625000000e+03 8.879948313065693583e+03
1.112058548045810312e+03 8.879273437500000000e+03 8.879935392189454433e+03
1.112078982005361468e+03 8.880931640625000000e+03 8.879922364559177367e+03
1.112099415965378284e+03 8.875785156250000000e+03 8.879909229858858453e+03
1.112119849925395101e+03 8.885211914062500000e+03 8.879895987772788430e+03
1.112140283885411918e+03 8.877171875000000000e+03 8.879882637984967005e+03
1.112160717845894396e+03 8.875609375000000000e+03 8.879869180179088289e+03
1.112181151806842536e+03 8.875467773437500000e+03 8.879855614039142893e+03
1.112201585867907852e+03 8.883342773437500000e+03 8.879841939182166243e+03
1.112222019728738815e+03 8.882668945312500000e+03 8.879828155493960367e+03
1.112242453690618277e+03 8.880033203125000000e+03 8.879814262456087818e+03
1.112262887752149254e+03 8.875081054687500000e+03 8.879800259751884369e+03
1.112283321614377201e+03 8.879711914062500000e+03 8.879786147271015579e+03
1.112303755676373839e+03 8.873682617187500000e+03 8.879771924421860604e+03
1.112324189639184624e+03 8.884217773437500000e+03 8.879757591095682074e+03
1.112344623501878232e+03 8.874492187500000000e+03 8.879743146978757068e+03
1.112365057564806193e+03 8.885088867187500000e+03 8.879728591541956121e+03
1.112385491528082639e+03 8.881998046875000000e+03 8.879713924682069774e+03
1.112405925391707569e+03 8.880345703125000000e+03 8.879699146084729364e+03
1.112426359455101192e+03 8.874545898437500000e+03 8.879684255216558086e+03
1.112446793419308960e+03 8.879519531250000000e+03 8.879669251978586544e+03
1.112467227483633906e+03 8.867083007812500000e+03 8.879654135908462194e+03
1.112487661348190159e+03 8.879320312500000000e+03 8.879638906912854509e+03
1.112508095312863588e+03 8.869469726562500000e+03 8.879623564453089784e+03
1.112528529377654195e+03 8.881690429687500000e+03 8.879608108211497893e+03
1.112548963243141770e+03 8.880665039062500000e+03 8.879592538099386729e+03
1.112569397208746523e+03 8.882642578125000000e+03 8.879576853573436892e+03
1.112589831274468452e+03 8.879956054687500000e+03 8.879561054315963702e+03
1.112610265140421689e+03 8.880288085937500000e+03 8.879545140243673814e+03
1.112630699206609279e+03 8.872736328125000000e+03 8.879529110729032254e+03
1.112651133173145354e+03 8.882012695312500000e+03 8.879512965690431884e+03
1.112671567139681429e+03 8.873841796875000000e+03 8.879496704733981460e+03
1.112692001106683165e+03 8.872767578125000000e+03 8.879480327543307794e+03
1.112712434974033386e+03 8.870347656250000000e+03 8.879463833883495681e+03
1.112732868941500783e+03 8.872038085937500000e+03 8.879447223277296871e+03
1.112753303009551018e+03 8.880540039062500000e+03 8.879430495406606497e+03
1.112773736977484077e+03 8.881544921875000000e+03 8.879413650119713566e+03
1.112794170945882797e+03 8.881914062500000000e+03 8.879396687018561352e+03
1.112814604914281517e+03 8.881903320312500000e+03 8.879379605787533364e+03
1.112835038882680237e+03 8.873188476562500000e+03 8.879362406110618394e+03
1.112855472951661795e+03 8.878202148437500000e+03 8.879345087586287264e+03
1.112875906821340322e+03 8.879447265625000000e+03 8.879327650153558352e+03
1.112896340790670365e+03 8.879024414062500000e+03 8.879310093242187577e+03
1.112916774860117584e+03 8.885538085937500000e+03 8.879292416534015501e+03
1.112937208730261773e+03 8.887149414062500000e+03 8.879274619972939036e+03
1.112957642700523138e+03 8.874946289062500000e+03 8.879256702983049763e+03
1.112978076770901680e+03 8.879031250000000000e+03 8.879238665246575692e+03
1.112998510641977191e+03 8.881071289062500000e+03 8.879220506712706992e+03
1.113018944712821394e+03 8.881251953125000000e+03 8.879202226710800460e+03
1.113039378684014082e+03 8.880894531250000000e+03 8.879183825191812502e+03
1.113059812555555254e+03 8.887646484375000000e+03 8.879165301841530891e+03
1.113080246627330780e+03 8.875011718750000000e+03 8.879146656071203324e+03
1.113100680599454790e+03 8.880541992187500000e+03 8.879127887837563321e+03
1.113121114471461624e+03 8.875458007812500000e+03 8.879108996826840666e+03
1.113141548544168472e+03 8.879000000000000000e+03 8.879089982444020279e+03
1.113161982516758144e+03 8.877221679687500000e+03 8.879070844652105734e+03
1.113182416589464992e+03 8.880386718750000000e+03 8.879051582947560746e+03
1.113202850462868810e+03 8.877882812500000000e+03 8.879032197297528910e+03
1.113223284436389804e+03 8.879636718750000000e+03 8.879012687102851487e+03
1.113243718510027975e+03 8.886634765625000000e+03 8.878993052045698278e+03
1.113264152383897454e+03 8.881140625000000000e+03 8.878973292099137325e+03
1.113284586358349770e+03 8.873782226562500000e+03 8.878953406657641608e+03
1.113305020332802087e+03 8.869488281250000000e+03 8.878933395502155690e+03
1.113325454407371581e+03 8.875930664062500000e+03 8.878913258217713519e+03
1.113345888382289559e+03 8.889056640625000000e+03 8.878892994685171288e+03
1.113366322257556021e+03 8.876432617187500000e+03 8.878872604590380433e+03
1.113386756232939661e+03 8.874385742187500000e+03 8.878852087417995790e+03
1.113407190308906138e+03 8.883875000000000000e+03 8.878831442849674204e+03
1.113427624284755439e+03 8.877732421875000000e+03 8.878810670772178128e+03
1.113448058160953224e+03 8.882891601562500000e+03 8.878789770870900611e+03
1.113468492237385362e+03 8.882208007812500000e+03 8.878768742522175671e+03
1.113488926214165986e+03 8.880690429687500000e+03 8.878747585717657785e+03
1.113509360090829432e+03 8.875498046875000000e+03 8.878726300143716799e+03
1.113529794168192893e+03 8.888373046875000000e+03 8.878704885170040143e+03
1.113550228145439178e+03 8.878598632812500000e+03 8.878683340794930700e+03
1.113570662223268300e+03 8.879964843750000000e+03 8.878661666490774223e+03
1.113591096100863069e+03 8.883811523437500000e+03 8.878639862261588860e+03
1.113611530079506338e+03 8.873521484375000000e+03 8.878617927470841096e+03
1.113631964157801121e+03 8.887375000000000000e+03 8.878595861802101354e+03
1.113652398036327213e+03 8.880255859375000000e+03 8.878573665263658768e+03
1.113672832015436143e+03 8.878845703125000000e+03 8.878551337214208615e+03
1.113693266094662249e+03 8.880558593750000000e+03 8.878528877336313599e+03
1.113713699973654002e+03 8.882019531250000000e+03 8.878506285645074968e+03
1.113734134053345770e+03 8.877330078125000000e+03 8.878483561381210166e+03
1.113754568033386022e+03 8.876001953125000000e+03 8.878460704561750390e+03
1.113775001913774759e+03 8.876498046875000000e+03 8.878437714872634388e+03
1.113795435993932188e+03 8.874889648437500000e+03 8.878414591660010046e+03
1.113815869974438101e+03 8.878936523437500000e+03 8.878391334945723429e+03
1.113836303955409676e+03 8.872856445312500000e+03 8.878367944300794989e+03
1.113856737936381251e+03 8.886481445312500000e+03 8.878344419409751936e+03
1.113897605999372900e+03 8.876313476562500000e+03 8.878296965507317509e+03
1.113918039881624281e+03 8.874286132812500000e+03 8.878273036097187287e+03
1.113938473863527179e+03 8.884254882812500000e+03 8.878248971060549593e+03
1.113958907845895737e+03 8.877510742187500000e+03 8.878224770197226462e+03
1.113979341828264296e+03 8.881823242187500000e+03 8.878200433191757838e+03
1.113999775811564177e+03 8.881776367187500000e+03 8.878175959727026566e+03
1.114020209794398397e+03 8.876327148437500000e+03 8.878151349488696724e+03
1.114040643777698278e+03 8.879410156250000000e+03 8.878126602159645699e+03
1.114061077761463821e+03 8.882750976562500000e+03 8.878101717423864102e+03
1.114081511845346540e+03 8.906467773437500000e+03 8.878076694842973666e+03
1.114101945729460567e+03 8.886511718750000000e+03 8.878051534469204853e+03
1.114122379813808948e+03 8.883633789062500000e+03 8.878026235494025968e+03
1.114142813798040152e+03 8.870174804687500000e+03 8.878000797972274086e+03
1.114163247683085501e+03 8.879581054687500000e+03 8.877975221588822023e+03
1.114183681767899543e+03 8.882206054687500000e+03 8.877949505652446533e+03
1.114204115753527731e+03 8.877783203125000000e+03 8.877923650222346623e+03
1.114224549639038742e+03 8.874180664062500000e+03 8.877897654985741610e+03
1.114244983724784106e+03 8.876330078125000000e+03 8.877871519243504736e+03
1.114265417710877955e+03 8.877392578125000000e+03 8.877845243062160080e+03
1.114285851797088981e+03 8.874585937500000000e+03 8.877818825868811473e+03
1.114306285683531314e+03 8.879327148437500000e+03 8.877792267736185750e+03
1.114326719670556486e+03 8.886094726562500000e+03 8.877765567958937027e+03
1.114347153757233173e+03 8.881272460937500000e+03 8.877738726220197350e+03
1.114367587644606829e+03 8.889543945312500000e+03 8.877711742597704870e+03
1.114388021632097661e+03 8.876354492187500000e+03 8.877684616381098749e+03
1.114408455719705671e+03 8.882198242187500000e+03 8.877657347252279578e+03
1.114428889608010650e+03 8.868073242187500000e+03 8.877629935295859468e+03
1.114449323696084321e+03 8.876729492187500000e+03 8.877602379660478618e+03
1.114469757684506476e+03 8.878749023437500000e+03 8.877574680432853711e+03
1.114490191573277116e+03 8.871019531250000000e+03 8.877546837299083563e+03
1.114510625662282109e+03 8.874966796875000000e+03 8.877518849533482353e+03
1.114531059651635587e+03 8.883420898437500000e+03 8.877490717229718939e+03
1.114551493640989065e+03 8.873840820312500000e+03 8.877462439935654402e+03
1.114571927630808204e+03 8.871210937500000000e+03 8.877434017334642704e+03
1.114592361620627344e+03 8.876606445312500000e+03 8.877405449111320195e+03
1.114612795610912144e+03 8.876976562500000000e+03 8.877376734949026286e+03
1.114633229601196945e+03 8.873387695312500000e+03 8.877347874532411879e+03
1.114653663591947407e+03 8.874392578125000000e+03 8.877318867544812747e+03
1.114674097583163530e+03 8.874834960937500000e+03 8.877289713670215860e+03
1.114694531574379653e+03 8.877731445312500000e+03 8.877260412593277579e+03
1.114714965565595776e+03 8.875683593750000000e+03 8.877230963997993967e+03
1.114735399657394737e+03 8.875769531250000000e+03 8.877201367422319890e+03
1.114755833549425006e+03 8.872068359375000000e+03 8.877171622986350485e+03
1.114776267541106790e+03 8.878471679687500000e+03 8.877141729939330617e+03
1.114796701633837074e+03 8.878461914062500000e+03 8.877111687961021744e+03
1.114817135526333004e+03 8.875406250000000000e+03 8.877081497179453436e+03
1.114837569619063288e+03 8.877647460937500000e+03 8.877051156686928152e+03
1.114858003612607718e+03 8.880380859375000000e+03 8.877020666610915214e+03
1.114878437505569309e+03 8.867211914062500000e+03 8.876990026639696225e+03
1.114898871599230915e+03 8.881357421875000000e+03 8.876959236004398917e+03
1.114919305593241006e+03 8.867937500000000000e+03 8.876928294840485250e+03
1.114939739487133920e+03 8.880400390625000000e+03 8.876897202834865311e+03
1.114960173581726849e+03 8.873828125000000000e+03 8.876865959212706002e+03
1.114980607576202601e+03 8.867734375000000000e+03 8.876834564116827096e+03
1.115001041671261191e+03 8.876245117187500000e+03 8.876803016922869574e+03
1.115021475566085428e+03 8.880611328125000000e+03 8.876771317780348909e+03
