1.405117625102400780e+03 1.123859472656250000e+04 1.125031551052899886e+04
1.405138058332260698e+03 1.125220410156250000e+04 1.125035651030971712e+04
1.405158491362817585e+03 1.125133886718750000e+04 1.125039652996472068e+04
1.405178924593143165e+03 1.125381738281250000e+04 1.125043557849647914e+04
1.405199357723817229e+03 1.125317773437500000e+04 1.125047366354650512e+04
1.405219790754839778e+03 1.124659570312500000e+04 1.125051079334966926e+04
1.405240223986096680e+03 1.124359082031250000e+04 1.125054697666473476e+04
1.405260657117702067e+03 1.124937695312500000e+04 1.125058222117452897e+04
1.405281090149190277e+03 1.125441894531250000e+04 1.125061653511278382e+04
1.405301523380912840e+03 1.125024609375000000e+04 1.125064992719793736e+04
1.405321956512983888e+03 1.124982421875000000e+04 1.125068240515395883e+04
1.405342389645520598e+03 1.124969726562500000e+04 1.125071397736749168e+04
1.405362822778057307e+03 1.125167285156250000e+04 1.125074465205862543e+04
1.405383255910594016e+03 1.124613281250000000e+04 1.125077443744818993e+04
1.405403689143713564e+03 1.125144726562500000e+04 1.125080334189716086e+04
1.405424122176598758e+03 1.125136425781250000e+04 1.125083137320724927e+04
1.405444555310066789e+03 1.124229492187500000e+04 1.125085854001833468e+04
1.405464988543651998e+03 1.124625976562500000e+04 1.125088485053797012e+04
1.405485421677120030e+03 1.153455371093750000e+04 1.125091031272918917e+04
1.405505854711402208e+03 1.124752441406250000e+04 1.125093493482634767e+04
1.405526287945453078e+03 1.125592675781250000e+04 1.125095872540436721e+04
1.405546721079852432e+03 1.125422265625000000e+04 1.125098169232937835e+04
1.405567154214717448e+03 1.125701562500000000e+04 1.125100384394076173e+04
1.405587587349582464e+03 1.124800195312500000e+04 1.125102518845882878e+04
1.405608020484447479e+03 1.125178613281250000e+04 1.125104573410442390e+04
1.405628453619778156e+03 1.125341113281250000e+04 1.125106548909882622e+04
1.405648886755108833e+03 1.124347167968750000e+04 1.125108446166239628e+04
1.405669319890905172e+03 1.124581933593750000e+04 1.125110266001638774e+04
1.405689753026701510e+03 1.125714843750000000e+04 1.125112009238120118e+04
1.405710186162963510e+03 1.125475585937500000e+04 1.125113676697804840e+04
1.405730619199108332e+03 1.125081152343750000e+04 1.125115269195116343e+04
1.405751052435953170e+03 1.125186718750000000e+04 1.125116787575034141e+04
1.405771485572680831e+03 1.124720507812500000e+04 1.125118232636743778e+04
1.405791918809525669e+03 1.125704589843750000e+04 1.125119605216499440e+04
1.405812351846601814e+03 1.125112011718750000e+04 1.125120906116767219e+04
1.405832784984260798e+03 1.124859472656250000e+04 1.125122136179273366e+04
1.405853218222036958e+03 1.125330957031250000e+04 1.125123296225037120e+04
1.405873651259578764e+03 1.125482031250000000e+04 1.125124387059601395e+04
1.405894084397703409e+03 1.124790332031250000e+04 1.125125409521614529e+04
1.405914517635945231e+03 1.125611328125000000e+04 1.125126364432136324e+04
1.405934950674418360e+03 1.124669433593750000e+04 1.125127252599726853e+04
1.405975817052181810e+03 1.125112597656250000e+04 1.125128832034070183e+04
1.405996250191237777e+03 1.125600390625000000e+04 1.125129524936609960e+04
1.406016683330759406e+03 1.125379394531250000e+04 1.125130154393578414e+04
1.406037116470281035e+03 1.124903417968750000e+04 1.125130721227043796e+04
1.406057549609802663e+03 1.125342089843750000e+04 1.125131226259090181e+04
1.406077982749789953e+03 1.125166699218750000e+04 1.125131670311812741e+04
1.406098415890242904e+03 1.124537402343750000e+04 1.125132054207291367e+04
1.406118849030695856e+03 1.125196875000000000e+04 1.125132378767600312e+04
1.406139282271265984e+03 1.124810644531250000e+04 1.125132644815985623e+04
1.406159715312067419e+03 1.125328808593750000e+04 1.125132853171052193e+04
1.406180148553103209e+03 1.124694335937500000e+04 1.125133004658966456e+04
1.406200581694487482e+03 1.125149707031250000e+04 1.125133100099172589e+04
1.406221014736220241e+03 1.125335742187500000e+04 1.125133140314568664e+04
1.406241447977721691e+03 1.125001855468750000e+04 1.125133126127428477e+04
1.406261881119571626e+03 1.125594726562500000e+04 1.125133058359646020e+04
1.406282314161770046e+03 1.126100976562500000e+04 1.125132937834084623e+04
1.406302747404202819e+03 1.125320996093750000e+04 1.125132765370674679e+04
1.406323180546984076e+03 1.125350000000000000e+04 1.125132541793650671e+04
1.406343613589648157e+03 1.124964355468750000e+04 1.125132267925847009e+04
1.406364046832546592e+03 1.125322167968750000e+04 1.125131944584957091e+04
1.406384479876141995e+03 1.124259277343750000e+04 1.125131572599379433e+04
1.406404913119506091e+03 1.125274609375000000e+04 1.125131152783938342e+04
1.406425346263218671e+03 1.125288476562500000e+04 1.125130685966520832e+04
1.406445779307279736e+03 1.125891796875000000e+04 1.125130172969894920e+04
1.406466212551109493e+03 1.125291503906250000e+04 1.125129614608291376e+04
1.406486645695287734e+03 1.125459179687500000e+04 1.125129011711647399e+04
1.406507078839931637e+03 1.125181445312500000e+04 1.125128365099419170e+04
1.406527511985041201e+03 1.125378320312500000e+04 1.125127675593689673e+04
1.406547945129685104e+03 1.125172167968750000e+04 1.125126944016574816e+04
1.406568378374911845e+03 1.125590429687500000e+04 1.125126171186241118e+04
1.406588811420369893e+03 1.125152539062500000e+04 1.125125357936429646e+04
1.406609244565945119e+03 1.124984082031250000e+04 1.125124505077584035e+04
1.406650110958144069e+03 1.125981640625000000e+04 1.125122683828102163e+04
1.406670544004067779e+03 1.125173828125000000e+04 1.125121717090948732e+04
1.406690977250691503e+03 1.123992382812500000e+04 1.125120714027315080e+04
1.406711410397663713e+03 1.124969921875000000e+04 1.125119675473764801e+04
1.406731843444518745e+03 1.125643457031250000e+04 1.125118602252920755e+04
1.406752276691608131e+03 1.124923046875000000e+04 1.125117495170842449e+04
1.406772709839046001e+03 1.124497851562500000e+04 1.125116355065615062e+04
1.406793142986483872e+03 1.125273437500000000e+04 1.125115182754007765e+04
1.406813576134387404e+03 1.124560351562500000e+04 1.125113979058077894e+04
1.406834009282290936e+03 1.125166308593750000e+04 1.125112744799937354e+04
1.406854442530777305e+03 1.124808105468750000e+04 1.125111480795378520e+04
1.406874875579029322e+03 1.125493847656250000e+04 1.125110187885308915e+04
1.406895308727864176e+03 1.124688964843750000e+04 1.125108866872989893e+04
1.406915741876699030e+03 1.125559765625000000e+04 1.125107518586800506e+04
1.406936175025999546e+03 1.124766406250000000e+04 1.125106143848795546e+04
1.406956608275417238e+03 1.124656933593750000e+04 1.125104743474168208e+04
1.406977041325066239e+03 1.125677441406250000e+04 1.125103318305740322e+04
1.406997474474832416e+03 1.125116796875000000e+04 1.125101869144860393e+04
1.407017907724715769e+03 1.125284570312500000e+04 1.125100396813268526e+04
1.407038340774830431e+03 1.125178808593750000e+04 1.125098902154824464e+04
1.407058773925527930e+03 1.125063671875000000e+04 1.125097385969804600e+04
1.407079207175876945e+03 1.124977148437500000e+04 1.125095849080052903e+04
1.407099640226922929e+03 1.125701074218750000e+04 1.125094292330289136e+04
1.407120073378086090e+03 1.125648437500000000e+04 1.125092716519930400e+04
1.407140506629366428e+03 1.125328222656250000e+04 1.125091122470788105e+04
1.407160939680878073e+03 1.125219921875000000e+04 1.125089511028473316e+04
1.407181372932624072e+03 1.125219824218750000e+04 1.125087882983530289e+04
1.407201806084718555e+03 1.126478515625000000e+04 1.125086239181818746e+04
1.407222239236813039e+03 1.125650195312500000e+04 1.125084580437524710e+04
1.407242672388907522e+03 1.125157714843750000e+04 1.125082907572734985e+04
1.407263105541933328e+03 1.125020800781250000e+04 1.125081221409457794e+04
1.407283538694493473e+03 1.124392285156250000e+04 1.125079522769894902e+04
1.407303971947636455e+03 1.124724609375000000e+04 1.125077812467647527e+04
1.407324405001010746e+03 1.125185742187500000e+04 1.125076091350023125e+04
1.407344838254619390e+03 1.124726855468750000e+04 1.125074360205420089e+04
1.407365271408110857e+03 1.124985546875000000e+04 1.125072619881299033e+04
1.407385704461950809e+03 1.124751464843750000e+04 1.125070871199836438e+04
1.407406137716490775e+03 1.124605371093750000e+04 1.125069114957355123e+04
1.407426570870913565e+03 1.124447070312500000e+04 1.125067352001744439e+04
1.407447003925219178e+03 1.124886230468750000e+04 1.125065583155182867e+04
1.407467437180224806e+03 1.125334960937500000e+04 1.125063809213676541e+04
1.407487870335113257e+03 1.125795703125000000e+04 1.125062031025391843e+04
1.407508303390350193e+03 1.125110742187500000e+04 1.125060249412432131e+04
1.407528736645821482e+03 1.125313183593750000e+04 1.125058465170714408e+04
1.407549169801641256e+03 1.125388183593750000e+04 1.125056679148494004e+04
1.407569602957461029e+03 1.124571679687500000e+04 1.125054892159162046e+04
1.407590036113746464e+03 1.125127441406250000e+04 1.125053105024764227e+04
1.407610469270031899e+03 1.124552539062500000e+04 1.125051318567428098e+04
1.407630902426782995e+03 1.124538281250000000e+04 1.125049533609199352e+04
1.407651335583534092e+03 1.124568750000000000e+04 1.125047750972206268e+04
1.407671768740750849e+03 1.124202636718750000e+04 1.125045971478494539e+04
1.407692201897967607e+03 1.124791796875000000e+04 1.125044195950191533e+04
1.407712635055184364e+03 1.125084082031250000e+04 1.125042425209384601e+04
1.407733068312983960e+03 1.124656347656250000e+04 1.125040660069486694e+04
1.407753501371014863e+03 1.125014941406250000e+04 1.125038901378485389e+04
1.407773934529162943e+03 1.124542675781250000e+04 1.125037149932608008e+04
1.407794367787428200e+03 1.124622265625000000e+04 1.125035406554053770e+04
1.407814800845924765e+03 1.125570898437500000e+04 1.125033672090432447e+04
1.407835234005004168e+03 1.125404882812500000e+04 1.125031947338269310e+04
1.407855667263735086e+03 1.124741406250000000e+04 1.125030233119879449e+04
1.407876100423280150e+03 1.124992089843750000e+04 1.125028530274033983e+04
1.407896533482708037e+03 1.124770800781250000e+04 1.125026839622725674e+04
1.407916966742370278e+03 1.124773828125000000e+04 1.125025161963283972e+04
1.407937399901915342e+03 1.125189941406250000e+04 1.125023498142553944e+04
1.407957833062391728e+03 1.124894238281250000e+04 1.125021848974294699e+04
1.407978266222402453e+03 1.125261914062500000e+04 1.125020215280706543e+04
1.407998699383344501e+03 1.124837402343750000e+04 1.125018597883766779e+04
1.408019132643938065e+03 1.124324902343750000e+04 1.125016997597874797e+04
1.408039565704762936e+03 1.124667187500000000e+04 1.125015415268438664e+04
1.408059998866170645e+03 1.125481542968750000e+04 1.125013851694153527e+04
1.408080432127695531e+03 1.125034667968750000e+04 1.125012307697425422e+04
1.408100865189451724e+03 1.125600000000000000e+04 1.125010784122853511e+04
1.408121298451442271e+03 1.125000390625000000e+04 1.125009281762707178e+04
1.408141731613315642e+03 1.125328222656250000e+04 1.125007801461314011e+04
1.408162164675537497e+03 1.124685644531250000e+04 1.125006344040397744e+04
1.408182597938459367e+03 1.124868847656250000e+04 1.125004910300797928e+04
1.408203031101264060e+03 1.124789746093750000e+04 1.125003501085885546e+04
1.408223464163951576e+03 1.125896875000000000e+04 1.125002117217381965e+04
1.408243897427339107e+03 1.124738183593750000e+04 1.125000759497192121e+04
1.408264330490957946e+03 1.124607128906250000e+04 1.124999428774010448e+04
1.408284763654228300e+03 1.124980078125000000e+04 1.124998125850223732e+04
1.408305196918547153e+03 1.125198046875000000e+04 1.124996851548246195e+04
1.408325629982631654e+03 1.125047265625000000e+04 1.124995606708742343e+04
1.408346063246950507e+03 1.124228906250000000e+04 1.124994392129407606e+04
1.408366496411617845e+03 1.124862500000000000e+04 1.124993208650380984e+04
1.408386929576285183e+03 1.125072363281250000e+04 1.124992057087752255e+04
1.408407362741418183e+03 1.124926953125000000e+04 1.124990938263583303e+04
1.408427795906551182e+03 1.124694335937500000e+04 1.124989852999989489e+04
1.408448229071684182e+03 1.125466503906250000e+04 1.124988802119058528e+04
1.408468662237748504e+03 1.124755175781250000e+04 1.124987786442832294e+04
1.408489095403347164e+03 1.125097949218750000e+04 1.124986806793469441e+04
1.408509528669528663e+03 1.124944531250000000e+04 1.124985863988484925e+04
1.408529961836058646e+03 1.124931835937500000e+04 1.124984958859212566e+04
1.408550394902471453e+03 1.125198437500000000e+04 1.124984092227201290e+04
1.408570828169118613e+03 1.125295117187500000e+04 1.124983264902088376e+04
1.408591261336114258e+03 1.124672070312500000e+04 1.124982477718395057e+04
1.408611694403458387e+03 1.124517578125000000e+04 1.124981731497616784e+04
1.408632127671036869e+03 1.125291894531250000e+04 1.124981027051195633e+04
1.408652560838963836e+03 1.124737695312500000e+04 1.124980365211869503e+04
1.408672993906773627e+03 1.125483398437500000e+04 1.124979746801110377e+04
1.408693427174817771e+03 1.125421093750000000e+04 1.124979172632239715e+04
1.408713860343210399e+03 1.124629687500000000e+04 1.124978643536100935e+04
1.408734293611720204e+03 1.125276660156250000e+04 1.124978160329619641e+04
1.408754726680461317e+03 1.125503906250000000e+04 1.124977723841635816e+04
1.408775159849785268e+03 1.125131542968750000e+04 1.124977334887479810e+04
1.408795593118760735e+03 1.124811621093750000e+04 1.124976994289962749e+04
1.408816026188433170e+03 1.125206738281250000e+04 1.124976702875797855e+04
1.408836459358222783e+03 1.125839160156250000e+04 1.124976461462442603e+04
1.408856892528012395e+03 1.125447070312500000e+04 1.124976270873535395e+04
1.408877325698267668e+03 1.124308496093750000e+04 1.124976131931161581e+04
1.408897758868522942e+03 1.125671289062500000e+04 1.124976045457414148e+04
1.408918192039243877e+03 1.125423828125000000e+04 1.124976012274382083e+04
1.408938625209964812e+03 1.124904687500000000e+04 1.124976033204155647e+04
1.408959058480802923e+03 1.124289160156250000e+04 1.124976109069331142e+04
1.408979491552338004e+03 1.125806152343750000e+04 1.124976240690482155e+04
1.408999924723524600e+03 1.124633984375000000e+04 1.124976428891211981e+04
1.409020357995294034e+03 1.125183496093750000e+04 1.124976674494456165e+04
1.409040791067294776e+03 1.124971386718750000e+04 1.124976978318270812e+04
1.409061224239412695e+03 1.124813378906250000e+04 1.124977341188775972e+04
1.409081657512113452e+03 1.125535644531250000e+04 1.124977763928944478e+04
1.409102090684697032e+03 1.124858398437500000e+04 1.124978247356717839e+04
1.409122523857280612e+03 1.125029199218750000e+04 1.124978792296109168e+04
1.409142957030329853e+03 1.124969628906250000e+04 1.124979399569221277e+04
1.409163390203844756e+03 1.125093652343750000e+04 1.124980069998147883e+04
1.409183823477476835e+03 1.125571289062500000e+04 1.124980804408720360e+04
1.409204256550874561e+03 1.124821582031250000e+04 1.124981603611758692e+04
1.409224689724855125e+03 1.125103125000000000e+04 1.124982468440641242e+04
1.409245122999418527e+03 1.124830859375000000e+04 1.124983399718431792e+04
1.409265556073747575e+03 1.125173632812500000e+04 1.124984398253019390e+04
1.409285989248193800e+03 1.125074609375000000e+04 1.124985464880674226e+04
1.409306422523222864e+03 1.124917871093750000e+04 1.124986600424518838e+04
1.409326855598483235e+03 1.124827050781250000e+04 1.124987805689444576e+04
1.409347288873512298e+03 1.124783691406250000e+04 1.124989081521113258e+04
1.409367722049355507e+03 1.125147656250000000e+04 1.124990428723470541e+04
1.409388155125081539e+03 1.124989746093750000e+04 1.124991848117492918e+04
1.409408588401041925e+03 1.124586230468750000e+04 1.124993340546669424e+04
1.409429021577350795e+03 1.127608105468750000e+04 1.124994906811726469e+04
1.409449454653542489e+03 1.124655468750000000e+04 1.124996547733628177e+04
1.409469887929968536e+03 1.125641113281250000e+04 1.124998264159137216e+04
1.409490321107208729e+03 1.124991308593750000e+04 1.125000056885752929e+04
1.409510754284448922e+03 1.124486328125000000e+04 1.125001926743712465e+04
1.409531187461689115e+03 1.125405273437500000e+04 1.125003874555105176e+04
1.409551620638929307e+03 1.125414746093750000e+04 1.125005901142020230e+04
1.409572053817100823e+03 1.124747070312500000e+04 1.125008007326644656e+04
1.409592486994806677e+03 1.124245703125000000e+04 1.125010193930926471e+04
1.409633353351615369e+03 1.125335742187500000e+04 1.125014811687124529e+04
1.409653786530252546e+03 1.125344238281250000e+04 1.125017244483173999e+04
1.409674219709355384e+03 1.124747949218750000e+04 1.125019760987351947e+04
1.409694652988575399e+03 1.124953027343750000e+04 1.125022362034645266e+04
1.409715086068026721e+03 1.124994726562500000e+04 1.125025048408347357e+04
1.409735519347712398e+03 1.124909863281250000e+04 1.125027820983145102e+04
1.409755952527280897e+03 1.124694531250000000e+04 1.125030680541009133e+04
1.409776385607663542e+03 1.125414843750000000e+04 1.125033627902880289e+04
1.409796818887814879e+03 1.124975390625000000e+04 1.125036663934623721e+04
1.409817252068314701e+03 1.123692285156250000e+04 1.125039789414493498e+04
1.409837685149163008e+03 1.125293066406250000e+04 1.125043005163264206e+04
1.409858118429780006e+03 1.124668164062500000e+04 1.125046312050816050e+04
1.409878551611211151e+03 1.125212011718750000e+04 1.125049710851531017e+04
1.409898984892759472e+03 1.124663085937500000e+04 1.125053202420665366e+04
1.409919417974073440e+03 1.125197070312500000e+04 1.125056787528300265e+04
1.409939851155970246e+03 1.124646289062500000e+04 1.125060467048618375e+04
1.409960284437984228e+03 1.125112500000000000e+04 1.125064241805023994e+04
1.409980717520695180e+03 1.125046777343750000e+04 1.125068112563594877e+04
1.410001150703057647e+03 1.125650097656250000e+04 1.125072080202349025e+04
1.410021583986002952e+03 1.125642480468750000e+04 1.125076145544987412e+04
1.410042017068713903e+03 1.125108593750000000e+04 1.125080309353031953e+04
1.410062450252007693e+03 1.124808984375000000e+04 1.125084572509149439e+04
1.410082883535418659e+03 1.124591894531250000e+04 1.125088935836802011e+04
1.410103316619526595e+03 1.124645996093750000e+04 1.125093400093408854e+04
1.410123749903403223e+03 1.125095996093750000e+04 1.125097966188258215e+04
1.410144183087162673e+03 1.124746582031250000e+04 1.125102634877173114e+04
1.410164616271853447e+03 1.124792285156250000e+04 1.125107407004586275e+04
1.410185049456544220e+03 1.125265917968750000e+04 1.125112283392377503e+04
1.410205482541117817e+03 1.124883496093750000e+04 1.125117264837969742e+04
1.410225915726274252e+03 1.125122363281250000e+04 1.125122352212383521e+04
1.410246349011547863e+03 1.125291894531250000e+04 1.125127546339158653e+04
1.410266782197169960e+03 1.125318359375000000e+04 1.125132847989611764e+04
1.410287215382792056e+03 1.125254785156250000e+04 1.125138258010903701e+04
1.410307648568879813e+03 1.125457519531250000e+04 1.125143777225251688e+04
