1.098061741667333990e+03 1.174472656250000000e+04 1.174951248943923201e+04
1.098082175603136420e+03 1.174688281250000000e+04 1.174950389913564140e+04
1.098102609439287335e+03 1.175344238281250000e+04 1.174949539823052692e+04
1.098123043475672603e+03 1.175073437500000000e+04 1.174948698624352983e+04
1.098143477411940694e+03 1.174612304687500000e+04 1.174947866294269261e+04
1.098163911248557270e+03 1.174807421875000000e+04 1.174947042797026006e+04
1.098184345285408199e+03 1.175428808593750000e+04 1.174946228084977338e+04
1.098204779222607613e+03 1.175303808593750000e+04 1.174945422134518230e+04
1.098225213159807026e+03 1.175055468750000000e+04 1.174944624906028548e+04
1.098245647097472101e+03 1.174891992187500000e+04 1.174943836363864284e+04
1.098266081035137177e+03 1.175070312500000000e+04 1.174943056472417811e+04
1.098286515073385090e+03 1.174911035156250000e+04 1.174942285192288182e+04
1.098306948911398649e+03 1.174679296875000000e+04 1.174941522499140046e+04
1.098327382849995047e+03 1.174679882812500000e+04 1.174940768346057303e+04
1.098347816789057106e+03 1.174652539062500000e+04 1.174940022701171983e+04
1.098368250727653503e+03 1.175044238281250000e+04 1.174939285528892833e+04
1.098388684667181224e+03 1.175362695312500000e+04 1.174938556793543285e+04
1.098409118706360459e+03 1.174542285156250000e+04 1.174937836456039076e+04
1.098429552546236664e+03 1.174527050781250000e+04 1.174937124491230861e+04
1.098449986585881561e+03 1.175373144531250000e+04 1.174936420849589194e+04
1.098470420525874943e+03 1.174470117187500000e+04 1.174935725505858500e+04
1.098490854366216809e+03 1.175127832031250000e+04 1.174935038424292543e+04
1.098511288406793028e+03 1.173533789062500000e+04 1.174934359559242330e+04
1.098531722347717732e+03 1.173253027343750000e+04 1.174933688885105403e+04
1.098552156188525259e+03 1.173429785156250000e+04 1.174933026366151171e+04
1.098572590230032802e+03 1.173694238281250000e+04 1.174932371957060604e+04
1.098593024171423167e+03 1.173898144531250000e+04 1.174931725631901099e+04
1.098613458212930709e+03 1.175007226562500000e+04 1.174931087348713118e+04
1.098633892055135220e+03 1.175360449218750000e+04 1.174930457081164968e+04
1.098654325996991247e+03 1.175958691406250000e+04 1.174929834784350714e+04
1.098674760039430112e+03 1.174869433593750000e+04 1.174929220422733670e+04
1.098695193882100284e+03 1.174951464843750000e+04 1.174928613969659818e+04
1.098715627824887633e+03 1.175345019531250000e+04 1.174928015380545912e+04
1.098736061867792159e+03 1.174798242187500000e+04 1.174927424619880549e+04
1.098756495711393654e+03 1.175026757812500000e+04 1.174926841660637547e+04
1.098776929654646665e+03 1.174828710937500000e+04 1.174926266458605460e+04
1.098797363698482513e+03 1.175425683593750000e+04 1.174925698978245418e+04
1.098817797542549670e+03 1.175260839843750000e+04 1.174925139192216920e+04
1.098838231586851180e+03 1.174603515625000000e+04 1.174924587053935284e+04
1.098858665531035513e+03 1.174358398437500000e+04 1.174924042535946865e+04
1.098879099475685507e+03 1.174797265625000000e+04 1.174923505599889177e+04
1.098899533420801163e+03 1.175539550781250000e+04 1.174922976210137131e+04
1.098919967365451157e+03 1.175285937500000000e+04 1.174922454331088920e+04
1.098940401311032474e+03 1.175194238281250000e+04 1.174921939927082713e+04
1.098981269202195108e+03 1.175154296875000000e+04 1.174920933401764523e+04
1.099001703148242086e+03 1.175238964843750000e+04 1.174920441209189448e+04
1.099022137094754726e+03 1.174489062500000000e+04 1.174919956349165659e+04
1.099042571041267365e+03 1.174831542968750000e+04 1.174919478786078980e+04
1.099063005087897182e+03 1.174365917968750000e+04 1.174919008482016216e+04
1.099083438934758306e+03 1.175940039062500000e+04 1.174918545408200953e+04
1.099103872881736606e+03 1.175015820312500000e+04 1.174918089522158152e+04
1.099144740776624531e+03 1.175346191406250000e+04 1.174917199177725706e+04
1.099165174724534154e+03 1.174429882812500000e+04 1.174916764648084609e+04
1.099206042620819062e+03 1.175096386718750000e+04 1.174915916695833948e+04
1.099226476669311523e+03 1.175268945312500000e+04 1.174915503199963678e+04
1.099246910618152469e+03 1.174736914062500000e+04 1.174915096646804705e+04
1.099267344467341900e+03 1.174760253906250000e+04 1.174914697000630076e+04
1.099287778516300023e+03 1.174331835937500000e+04 1.174914304220008307e+04
1.099308212465606630e+03 1.175096582031250000e+04 1.174913918275119067e+04
1.099328646315261722e+03 1.174379492187500000e+04 1.174913539130236313e+04
1.099349080365151167e+03 1.175431347656250000e+04 1.174913166744219961e+04
1.099369514315389097e+03 1.174538867187500000e+04 1.174912801086959007e+04
1.099389948365278542e+03 1.176765527343750000e+04 1.174912442119260413e+04
1.099410382215864956e+03 1.174504296875000000e+04 1.174912089810701400e+04
1.099430816167034209e+03 1.174547265625000000e+04 1.174911744120436924e+04
1.099451250217854977e+03 1.175365429687500000e+04 1.174911405012954310e+04
1.099471684068907052e+03 1.176348242187500000e+04 1.174911072457547561e+04
1.099492118020541966e+03 1.175099218750000000e+04 1.174910746413655579e+04
1.099512552072294056e+03 1.174833007812500000e+04 1.174910426845754773e+04
1.099532986023928970e+03 1.174614355468750000e+04 1.174910113721351081e+04
1.099553419976029545e+03 1.173589550781250000e+04 1.174909807003229616e+04
1.099573853928595781e+03 1.175607812500000000e+04 1.174909506655764926e+04
1.099594287881162018e+03 1.175073339843750000e+04 1.174909212643337742e+04
1.099614721833728254e+03 1.175621582031250000e+04 1.174908924930322428e+04
1.099635155786760151e+03 1.175060449218750000e+04 1.174908643481086256e+04
1.099655589740257710e+03 1.174541992187500000e+04 1.174908368260003954e+04
1.099676023693289608e+03 1.175592480468750000e+04 1.174908099231461165e+04
1.099696457647252828e+03 1.175061718750000000e+04 1.174907836359814974e+04
1.099716891501098871e+03 1.174729003906250000e+04 1.174907579610693938e+04
1.099737325555179268e+03 1.174616015625000000e+04 1.174907328944743313e+04
1.099757759509608150e+03 1.174777929687500000e+04 1.174907084330060025e+04
1.099778193564154208e+03 1.174614355468750000e+04 1.174906845728626649e+04
1.099798627418931574e+03 1.175135644531250000e+04 1.174906613108275269e+04
1.099819061374291778e+03 1.175141015625000000e+04 1.174906386429917075e+04
1.099839495429303497e+03 1.174621972656250000e+04 1.174906165658023383e+04
1.099859929285012186e+03 1.174547265625000000e+04 1.174905950760154883e+04
1.099880363240372390e+03 1.174845800781250000e+04 1.174905741697499070e+04
1.099900797296315432e+03 1.175138964843750000e+04 1.174905538434505434e+04
1.099921231152489781e+03 1.174301367187500000e+04 1.174905340938493464e+04
1.099941665208898485e+03 1.175026269531250000e+04 1.174905149169971264e+04
1.099962099165655673e+03 1.175579296875000000e+04 1.174904963096169195e+04
1.099982533022295684e+03 1.174309179687500000e+04 1.174904782681382130e+04
1.100002967079635710e+03 1.175254101562500000e+04 1.174904607887370003e+04
1.100023401036858559e+03 1.175454296875000000e+04 1.174904438681120882e+04
1.100043834994081408e+03 1.175107031250000000e+04 1.174904275026138930e+04
1.100064268951769918e+03 1.174808007812500000e+04 1.174904116886794509e+04
1.100084702909924090e+03 1.175204980468750000e+04 1.174903964227461620e+04
1.100105136968195438e+03 1.175035742187500000e+04 1.174903817011809952e+04
1.100125570826698095e+03 1.175153417968750000e+04 1.174903675206334628e+04
1.100146004784852266e+03 1.176252148437500000e+04 1.174903538773291802e+04
1.100166438844054937e+03 1.174456542968750000e+04 1.174903407677124778e+04
1.100186872703023255e+03 1.175025390625000000e+04 1.174903281884101671e+04
1.100207306662574410e+03 1.175109179687500000e+04 1.174903161356706187e+04
1.100227740721777081e+03 1.175038085937500000e+04 1.174903046059394546e+04
1.100248174681793898e+03 1.175175097656250000e+04 1.174902935957663067e+04
1.100268608541693538e+03 1.174768359375000000e+04 1.174902831015814445e+04
1.100289042601827532e+03 1.174610839843750000e+04 1.174902731196718014e+04
1.100309476462192833e+03 1.175546289062500000e+04 1.174902636466702461e+04
1.100329910522792488e+03 1.174463574218750000e+04 1.174902546788286782e+04
1.100350344483740628e+03 1.174376074218750000e+04 1.174902462127198305e+04
1.100370778344571590e+03 1.176972460937500000e+04 1.174902382447739365e+04
1.100391212406102568e+03 1.174959570312500000e+04 1.174902307713148002e+04
1.100411646367516369e+03 1.174306152343750000e+04 1.174902237888934542e+04
1.100432080229278654e+03 1.174857421875000000e+04 1.174902172939399316e+04
1.100452514291275293e+03 1.175076855468750000e+04 1.174902112827999008e+04
1.100472948253620416e+03 1.175109179687500000e+04 1.174902057520025483e+04
1.100493382316082716e+03 1.175244921875000000e+04 1.174902006979311409e+04
1.100513816178776324e+03 1.174628710937500000e+04 1.174901961170938011e+04
1.100534250141587108e+03 1.174621191406250000e+04 1.174901920058572432e+04
1.100554684204515070e+03 1.174515234375000000e+04 1.174901883606656702e+04
1.100575118067674339e+03 1.175949707031250000e+04 1.174901851780066863e+04
1.100595552031416446e+03 1.175302929687500000e+04 1.174901824542674512e+04
1.100615986095275730e+03 1.174925097656250000e+04 1.174901801858922045e+04
1.100636419958900660e+03 1.174866308593750000e+04 1.174901783693483048e+04
1.100656853923108429e+03 1.174849511718750000e+04 1.174901770010431210e+04
1.100677287987899035e+03 1.174707617187500000e+04 1.174901760774206377e+04
1.100697721852455288e+03 1.176217578125000000e+04 1.174901755949286235e+04
1.100718155917245895e+03 1.175834570312500000e+04 1.174901755499949286e+04
1.100738589882384986e+03 1.176462304687500000e+04 1.174901759390609368e+04
1.100759023847524077e+03 1.175370312500000000e+04 1.174901767585626294e+04
1.100779457813128829e+03 1.174918261718750000e+04 1.174901780049374975e+04
1.100799891778733581e+03 1.173783691406250000e+04 1.174901796746229229e+04
1.100820325744803995e+03 1.175029882812500000e+04 1.174901817640563240e+04
1.100840759711340070e+03 1.174465917968750000e+04 1.174901842696750828e+04
1.100861193677410483e+03 1.174590722656250000e+04 1.174901871879165446e+04
1.100881627644412220e+03 1.175165625000000000e+04 1.174901905152182735e+04
1.100902061711065471e+03 1.175004492187500000e+04 1.174901942480367325e+04
1.100922495577950031e+03 1.175524414062500000e+04 1.174901983827516415e+04
1.100942929645534605e+03 1.174423925781250000e+04 1.174902029158813821e+04
1.100963363512884825e+03 1.175568066406250000e+04 1.174902078437745149e+04
1.100983797480817884e+03 1.174429199218750000e+04 1.174902131629380892e+04
1.101004231548868120e+03 1.174073925781250000e+04 1.174902188698150349e+04
1.101024665416684002e+03 1.174483300781250000e+04 1.174902249607560952e+04
1.101045099485199898e+03 1.175102246093750000e+04 1.174902314323181417e+04
1.101065533454064280e+03 1.175389941406250000e+04 1.174902382808462062e+04
1.101085967322811484e+03 1.174774414062500000e+04 1.174902455027721044e+04
1.101106401391793042e+03 1.174903808593750000e+04 1.174902530946420302e+04
1.101126835361123085e+03 1.176621875000000000e+04 1.174902610527846628e+04
1.101147269230801612e+03 1.175318066406250000e+04 1.174902693736321453e+04
1.101167703300248832e+03 1.175143945312500000e+04 1.174902780537463696e+04
1.101188137270510197e+03 1.174739062500000000e+04 1.174902870894403895e+04
1.101208571140654385e+03 1.174355761718750000e+04 1.174902964771460211e+04
1.101229005211032927e+03 1.174666113281250000e+04 1.174903062134411812e+04
1.101249439181759953e+03 1.174677539062500000e+04 1.174903162946229713e+04
1.101269873252604157e+03 1.175181738281250000e+04 1.174903267172272172e+04
1.101290307123679668e+03 1.174412402343750000e+04 1.174903374775359953e+04
1.101310741094872355e+03 1.174101269531250000e+04 1.174903485721420475e+04
1.101331175166182220e+03 1.174677539062500000e+04 1.174903599974876670e+04
1.101351609038189054e+03 1.175044531250000000e+04 1.174903717498405240e+04
1.101372043010313064e+03 1.174473339843750000e+04 1.174903838258076576e+04
1.101392477082088590e+03 1.174776757812500000e+04 1.174903962218310335e+04
1.101412911054678261e+03 1.174323535156250000e+04 1.174904089342274165e+04
1.101433345027267933e+03 1.175150292968750000e+04 1.174904219594935057e+04
1.101453779000323266e+03 1.174828515625000000e+04 1.174904352940670651e+04
1.101474212973378599e+03 1.175010937500000000e+04 1.174904489343851674e+04
1.101494646946433932e+03 1.174872949218750000e+04 1.174904628768851762e+04
1.101515080919954926e+03 1.174502246093750000e+04 1.174904771180048192e+04
1.101535514893941581e+03 1.174378417968750000e+04 1.174904916541815328e+04
1.101555948967579752e+03 1.175553808593750000e+04 1.174905064819253312e+04
1.101576382841914892e+03 1.175162402343750000e+04 1.174905215974545899e+04
1.101596816816367209e+03 1.174534082031250000e+04 1.174905369974260975e+04
1.101617250790819526e+03 1.174795898437500000e+04 1.174905526782038214e+04
1.101637684765737504e+03 1.174785253906250000e+04 1.174905686362256165e+04
1.101658118840772659e+03 1.174647949218750000e+04 1.174905848680086638e+04
1.101678552716039121e+03 1.174760546875000000e+04 1.174906013697501112e+04
1.101698986691422760e+03 1.174711621093750000e+04 1.174906181381275928e+04
1.101719420766923577e+03 1.174451562500000000e+04 1.174906351695823832e+04
1.101739854643121362e+03 1.175425390625000000e+04 1.174906524603003709e+04
1.101760288618970662e+03 1.175769433593750000e+04 1.174906700069700491e+04
1.101780722695402801e+03 1.175588378906250000e+04 1.174906878060333293e+04
1.101801156572066247e+03 1.174935449218750000e+04 1.174907058536641489e+04
1.101821590648964047e+03 1.175059472656250000e+04 1.174907241466531559e+04
1.101842024625744671e+03 1.175236816406250000e+04 1.174907426811707046e+04
1.101862458502873778e+03 1.175010253906250000e+04 1.174907614536510300e+04
1.101882892580702901e+03 1.174869433593750000e+04 1.174907804608091828e+04
1.101903326558414847e+03 1.174269921875000000e+04 1.174907996988045124e+04
1.101923760536126792e+03 1.175146972656250000e+04 1.174908191641668964e+04
1.101964628492482007e+03 1.175058886718750000e+04 1.174908587627434099e+04
1.101985062571242452e+03 1.174677343750000000e+04 1.174908788889314019e+04
1.102005496449768543e+03 1.175157128906250000e+04 1.174908992280377788e+04
1.102025930428877473e+03 1.174923339843750000e+04 1.174909197767977457e+04
1.102046364508103579e+03 1.175131835937500000e+04 1.174909405316513221e+04
1.102066798487678170e+03 1.174325878906250000e+04 1.174909614888329634e+04
1.102087232367135584e+03 1.174765917968750000e+04 1.174909826447766500e+04
1.102107666446827352e+03 1.175328125000000000e+04 1.174910039962321389e+04
1.102128100427333266e+03 1.175152539062500000e+04 1.174910255393253829e+04
1.102148534407373518e+03 1.174408984375000000e+04 1.174910472705964457e+04
1.102168968387879431e+03 1.175290136718750000e+04 1.174910691864837281e+04
1.102189402368851006e+03 1.174712304687500000e+04 1.174910912834245755e+04
1.102209836349822581e+03 1.173691796875000000e+04 1.174911135578558969e+04
1.102230270330794156e+03 1.175220312500000000e+04 1.174911360062151107e+04
1.102250704312231392e+03 1.175346386718750000e+04 1.174911586249400352e+04
1.102271138293668628e+03 1.174308691406250000e+04 1.174911814104675796e+04
1.102291572275571525e+03 1.175267382812500000e+04 1.174912043592356713e+04
1.102312006157822907e+03 1.174394140625000000e+04 1.174912274675680965e+04
1.102332440239842981e+03 1.174988867187500000e+04 1.174912507322419515e+04
1.102352874222677201e+03 1.174929687500000000e+04 1.174912741493554131e+04
1.102373308305162936e+03 1.174523828125000000e+04 1.174912977155737099e+04
1.102393742187879980e+03 1.174219531250000000e+04 1.174913214269878154e+04
1.102414176171179861e+03 1.175166894531250000e+04 1.174913452803826294e+04
1.102434610254596919e+03 1.174897460937500000e+04 1.174913692721970074e+04
1.102455044138245285e+03 1.175071191406250000e+04 1.174913933985152107e+04
1.102475478122010827e+03 1.175145800781250000e+04 1.174914176561277782e+04
1.102495912205893546e+03 1.175835449218750000e+04 1.174914420414739652e+04
1.102516346090007573e+03 1.175317382812500000e+04 1.174914665506323581e+04
1.102536780174355954e+03 1.174428515625000000e+04 1.174914911805200791e+04
1.102557214159518480e+03 1.175512109375000000e+04 1.174915159272145502e+04
1.102577648044098169e+03 1.175456738281250000e+04 1.174915407871496973e+04
1.102598082129377872e+03 1.174940917968750000e+04 1.174915657571302654e+04
1.102618516114540398e+03 1.174792773437500000e+04 1.174915908332269100e+04
1.102638950100168586e+03 1.174964160156250000e+04 1.174916160119995948e+04
1.102659384085796773e+03 1.175170507812500000e+04 1.174916412898851922e+04
1.102679818071890622e+03 1.174996386718750000e+04 1.174916666633215573e+04
1.102700252158101648e+03 1.174417675781250000e+04 1.174916921288705271e+04
1.102720686144661158e+03 1.175062695312500000e+04 1.174917176827205913e+04
1.102741120031103492e+03 1.174290722656250000e+04 1.174917433213071854e+04
1.102761554117780179e+03 1.174662695312500000e+04 1.174917690414451681e+04
1.102781988104805350e+03 1.174963867187500000e+04 1.174917948391950267e+04
1.102802421992179006e+03 1.174398828125000000e+04 1.174918207109930518e+04
1.102822856079787016e+03 1.175350000000000000e+04 1.174918466536568849e+04
1.102843290067277849e+03 1.174271289062500000e+04 1.174918726632430116e+04
1.102863723955117166e+03 1.175569531250000000e+04 1.174918987361885047e+04
1.102884158043190837e+03 1.174255761718750000e+04 1.174919248693138070e+04
1.102904591931961477e+03 1.174653710937500000e+04 1.174919510585453463e+04
1.102925026020035148e+03 1.174209277343750000e+04 1.174919773008313678e+04
1.102945460008922964e+03 1.174929296875000000e+04 1.174920035922263560e+04
1.102965893898159266e+03 1.175575585937500000e+04 1.174920299291662741e+04
1.102986327987164259e+03 1.175593652343750000e+04 1.174920563084748028e+04
1.103006761976517737e+03 1.174626757812500000e+04 1.174920827262031162e+04
1.103027195866219699e+03 1.175810449218750000e+04 1.174921091787879777e+04
1.103047629956156015e+03 1.174317773437500000e+04 1.174921356630552691e+04
1.103068063946440816e+03 1.175136914062500000e+04 1.174921621750539271e+04
1.103088498036377132e+03 1.174698730468750000e+04 1.174921887114798301e+04
1.103108931927010417e+03 1.173993066406250000e+04 1.174922152683819513e+04
1.103129365917760879e+03 1.175271386718750000e+04 1.174922418425867545e+04
1.103149800008628517e+03 1.181210937500000000e+04 1.174922684305317489e+04
1.103170233899727464e+03 1.175326269531250000e+04 1.174922950282640704e+04
1.103190667891409248e+03 1.175543457031250000e+04 1.174923216326119655e+04
1.103211101982742548e+03 1.174696191406250000e+04 1.174923482400117064e+04
1.103231535874772817e+03 1.175008105468750000e+04 1.174923748465113022e+04
1.103251969966571778e+03 1.174242285156250000e+04 1.174924014490678383e+04
1.103272403959184885e+03 1.176762304687500000e+04 1.174924280437293783e+04
1.103292837951332331e+03 1.173963476562500000e+04 1.174924546270618521e+04
1.103313271943945438e+03 1.174730859375000000e+04 1.174924811955038604e+04
1.103333705937024206e+03 1.175477539062500000e+04 1.174925077454927487e+04
1.103354139930102974e+03 1.174749707031250000e+04 1.174925342734653168e+04
1.103374573923181742e+03 1.174716699218750000e+04 1.174925607758588922e+04
1.103395007916726172e+03 1.175664453125000000e+04 1.174925872491115115e+04
1.103415441910736263e+03 1.175022851562500000e+04 1.174926136896604658e+04
1.103435876004397869e+03 1.174629492187500000e+04 1.174926400940713029e+04
1.103456309898756444e+03 1.174838476562500000e+04 1.174926664583952879e+04
1.103476743993349373e+03 1.175491699218750000e+04 1.174926927795853044e+04
1.103497177987825125e+03 1.175330761718750000e+04 1.174927190536915441e+04
1.103517611882649362e+03 1.175139355468750000e+04 1.174927452771526077e+04
1.103538045977707952e+03 1.174488769531250000e+04 1.174927714467903934e+04
1.103558479872997850e+03 1.175367480468750000e+04 1.174927975585300373e+04
1.103578913868404925e+03 1.174972167968750000e+04 1.174928236091925100e+04
1.103599347963929176e+03 1.174745214843750000e+04 1.174928495952142839e+04
1.103619781860150397e+03 1.174091308593750000e+04 1.174928755126524266e+04
1.103640215956140310e+03 1.174548437500000000e+04 1.174929013584504719e+04
1.103660649952478707e+03 1.175409570312500000e+04 1.174929271286665244e+04
1.103681083848699927e+03 1.174779003906250000e+04 1.174929528197384934e+04
1.103701517945621163e+03 1.175045898437500000e+04 1.174929784284814014e+04
1.103721951942425221e+03 1.174580859375000000e+04 1.174930039509549897e+04
1.103742385840043426e+03 1.174982519531250000e+04 1.174930293835990233e+04
1.103762819936964661e+03 1.175094921875000000e+04 1.174930547232217941e+04
1.103783253934700042e+03 1.174869628906250000e+04 1.174930799658897922e+04
1.103803688032552600e+03 1.174753125000000000e+04 1.174931051082865451e+04
1.103824121930636466e+03 1.174860937500000000e+04 1.174931301464811986e+04
1.103844555928837508e+03 1.175211621093750000e+04 1.174931550772793344e+04
1.103864990027155727e+03 1.175335839843750000e+04 1.174931798971167882e+04
1.103885423926170915e+03 1.175116503906250000e+04 1.174932046020679991e+04
1.103905857924837619e+03 1.174967968750000000e+04 1.174932291889326189e+04
1.103926292024087161e+03 1.174924316406250000e+04 1.174932536541474474e+04
1.103946726023219526e+03 1.174690039062500000e+04 1.174932779939094871e+04
1.103967159922700375e+03 1.176885839843750000e+04 1.174933022046585393e+04
1.103987594022415578e+03 1.175340820312500000e+04 1.174933262831863613e+04
1.104008028022479266e+03 1.174942968750000000e+04 1.174933502255758685e+04
1.104028462022542953e+03 1.175258593750000000e+04 1.174933740283822772e+04
1.104048896023072302e+03 1.174404296875000000e+04 1.174933976880434966e+04
1.104069330023601651e+03 1.174500000000000000e+04 1.174934212009962721e+04
1.104089764124713838e+03 1.175038867187500000e+04 1.174934445637926729e+04
1.104110198025591671e+03 1.173797753906250000e+04 1.174934677725272013e+04
1.104130632027052343e+03 1.174949218750000000e+04 1.174934908239800643e+04
1.104151066128164530e+03 1.174473535156250000e+04 1.174935137145852605e+04
1.104171500029973686e+03 1.174304980468750000e+04 1.174935364404463871e+04
1.104191934132017195e+03 1.174873730468750000e+04 1.174935589984452236e+04
1.104212368033826351e+03 1.174417089843750000e+04 1.174935813845769735e+04
1.104232802036218345e+03 1.174680859375000000e+04 1.174936035956099295e+04
1.104253236138727516e+03 1.175410351562500000e+04 1.174936256279782538e+04
1.104273670041467994e+03 1.174909472656250000e+04 1.174936474777973672e+04
1.104294104044325650e+03 1.174144042968750000e+04 1.174936691418265946e+04
1.104314538147766143e+03 1.174556347656250000e+04 1.174936906165010987e+04
1.104334972050972283e+03 1.173818066406250000e+04 1.174937118979434672e+04
1.104355406154412776e+03 1.175260742187500000e+04 1.174937329830081035e+04
1.104375840158201754e+03 1.174920996093750000e+04 1.174937538678215242e+04
1.104396274062339216e+03 1.174873242187500000e+04 1.174937745488240398e+04
1.104416708166711032e+03 1.174819433593750000e+04 1.174937950227550027e+04
1.104437142170965672e+03 1.175138867187500000e+04 1.174938152857493333e+04
1.104457576075568795e+03 1.175287890625000000e+04 1.174938353342479604e+04
1.104478010180406272e+03 1.175484570312500000e+04 1.174938551649808687e+04
1.104498444185592234e+03 1.174226562500000000e+04 1.174938747740928375e+04
1.104518878190778196e+03 1.175627734375000000e+04 1.174938941581183826e+04
1.104539312196429819e+03 1.175545312500000000e+04 1.174939133134953772e+04
1.104559746202081442e+03 1.175142578125000000e+04 1.174939322366607303e+04
1.104580180307850242e+03 1.175915917968750000e+04 1.174939509241427731e+04
1.104600614313967526e+03 1.174363769531250000e+04 1.174939693721961521e+04
1.104621048220433295e+03 1.174870019531250000e+04 1.174939875772618143e+04
1.104641482327133417e+03 1.174568066406250000e+04 1.174940055360424230e+04
1.104661916333716363e+03 1.175931250000000000e+04 1.174940232447095877e+04
1.104682350240647793e+03 1.174719140625000000e+04 1.174940406997047830e+04
1.104702784347813576e+03 1.174831542968750000e+04 1.174940578977196492e+04
1.104723218355327845e+03 1.175926269531250000e+04 1.174940748349372370e+04
1.104743652462959290e+03 1.175036425781250000e+04 1.174940915079604747e+04
1.104764086370822042e+03 1.175006152343750000e+04 1.174941079129839636e+04
1.104784520378801972e+03 1.175312597656250000e+04 1.174941240466877935e+04
1.104804954386781901e+03 1.174522070312500000e+04 1.174941399054283465e+04
1.104825388395227492e+03 1.174326660156250000e+04 1.174941554856432776e+04
1.104845822404138744e+03 1.174469628906250000e+04 1.174941707837699505e+04
1.104866256413049996e+03 1.175817285156250000e+04 1.174941857962454014e+04
1.104886690421961248e+03 1.175612890625000000e+04 1.174942005195069942e+04
1.104907124531455338e+03 1.174397265625000000e+04 1.174942149500623600e+04
1.104968426560517401e+03 1.175331054687500000e+04 1.174942564492292513e+04
1.104988860470708460e+03 1.175068261718750000e+04 1.174942696729172530e+04
1.105009294481016695e+03 1.175098730468750000e+04 1.174942825860810990e+04
1.105029728591442108e+03 1.175339746093750000e+04 1.174942951851535145e+04
1.105050162502098829e+03 1.175102343750000000e+04 1.174943074663893276e+04
1.105070596513338387e+03 1.174823535156250000e+04 1.174943194264087288e+04
1.105091030624229461e+03 1.174656542968750000e+04 1.174943310616437884e+04
1.105111464635934681e+03 1.174556933593750000e+04 1.174943423684186018e+04
1.105131898647639900e+03 1.175748632812500000e+04 1.174943533432278491e+04
1.105152332659345120e+03 1.174622265625000000e+04 1.174943639825088394e+04
1.105172766671516001e+03 1.174956933593750000e+04 1.174943742826992275e+04
1.105193200683686882e+03 1.174247167968750000e+04 1.174943842402361042e+04
1.105213634695857763e+03 1.175241894531250000e+04 1.174943938515568152e+04
1.105234068708494306e+03 1.174529785156250000e+04 1.174944031130989788e+04
1.105254502721596509e+03 1.175474316406250000e+04 1.174944120212998860e+04
1.105274936734698713e+03 1.175463867187500000e+04 1.174944205725967186e+04
1.105295370847918093e+03 1.174841796875000000e+04 1.174944287634660577e+04
1.105315804861485958e+03 1.175362695312500000e+04 1.174944365902651771e+04
1.105336238774936646e+03 1.175094238281250000e+04 1.174944440494366427e+04
1.105356672889087349e+03 1.175674316406250000e+04 1.174944511375248476e+04
1.105377106903120875e+03 1.175714062500000000e+04 1.174944578508601444e+04
1.105397540817502886e+03 1.175009765625000000e+04 1.174944641858854811e+04
1.105417974932119250e+03 1.174768261718750000e+04 1.174944701391284252e+04
1.105438408946618438e+03 1.174915429687500000e+04 1.174944757069360276e+04
1.105458842961583287e+03 1.175402539062500000e+04 1.174944808857758471e+04
1.105479276977013797e+03 1.174742285156250000e+04 1.174944856720852476e+04
1.105499710892327130e+03 1.175174121093750000e+04 1.174944900622809291e+04
1.105520145007874817e+03 1.176163378906250000e+04 1.174944940528618645e+04
1.105540579023770988e+03 1.174973828125000000e+04 1.174944976402038446e+04
1.105561013039667159e+03 1.174972363281250000e+04 1.174945008207646970e+04
1.105581447056028992e+03 1.174581933593750000e+04 1.174945035909818398e+04
1.105601881072390825e+03 1.175068945312500000e+04 1.174945059472926187e+04
1.105622314989101142e+03 1.175237695312500000e+04 1.174945078861258662e+04
1.105642749106045812e+03 1.175411523437500000e+04 1.174945094039443575e+04
1.105663183122873306e+03 1.175248046875000000e+04 1.174945104971600449e+04
1.105683617240283638e+03 1.175224121093750000e+04 1.174945111622209515e+04
1.105704051157925278e+03 1.174697265625000000e+04 1.174945113955578017e+04
1.105724485175218433e+03 1.174775097656250000e+04 1.174945111936145622e+04
1.105744919293094426e+03 1.174393164062500000e+04 1.174945105528221393e+04
1.105765353211201727e+03 1.175988085937500000e+04 1.174945094696306114e+04
1.105785787229891866e+03 1.175475781250000000e+04 1.174945079404645003e+04
1.105806221348233521e+03 1.174922167968750000e+04 1.174945059617548031e+04
1.105826655366923660e+03 1.175293652343750000e+04 1.174945035299580741e+04
1.105847089386079460e+03 1.174836328125000000e+04 1.174945006415030912e+04
1.105867523405235261e+03 1.174183300781250000e+04 1.174944972928272546e+04
1.105887957424391061e+03 1.174772265625000000e+04 1.174944934803679280e+04
1.105908391444012523e+03 1.174985156250000000e+04 1.174944892005623478e+04
1.105928825463633984e+03 1.174767480468750000e+04 1.174944844498480052e+04
1.105949259483721107e+03 1.174804101562500000e+04 1.174944792246621000e+04
1.105969693603925407e+03 1.175315625000000000e+04 1.174944735214129832e+04
1.105990127524361014e+03 1.175432128906250000e+04 1.174944673366252027e+04
1.106010561645030975e+03 1.174397753906250000e+04 1.174944606666150503e+04
1.106030995665583760e+03 1.175390429687500000e+04 1.174944535079143679e+04
1.106051429586950690e+03 1.174890234375000000e+04 1.174944458569672679e+04
1.106071863708086312e+03 1.175534863281250000e+04 1.174944377100956262e+04
1.106092297729570419e+03 1.175197851562500000e+04 1.174944290638525126e+04
1.106112731650937349e+03 1.175612109375000000e+04 1.174944199146827668e+04
1.106133165773004293e+03 1.174727050781250000e+04 1.174944102588853639e+04
1.106153599794954062e+03 1.174762207031250000e+04 1.174944000930360926e+04
1.106174033717252314e+03 1.174329687500000000e+04 1.174943894135795563e+04
1.106194467839784920e+03 1.175446972656250000e+04 1.174943782167925747e+04
1.106214901762083173e+03 1.175537109375000000e+04 1.174943664993319180e+04
1.106235335885081440e+03 1.175366113281250000e+04 1.174943542574050844e+04
1.106255769908428192e+03 1.174765332031250000e+04 1.174943414876254428e+04
1.106276203831657767e+03 1.175010156250000000e+04 1.174943281864383971e+04
1.106296637955121696e+03 1.174100000000000000e+04 1.174943143500818587e+04
1.106317071978934109e+03 1.175052050781250000e+04 1.174942999751923344e+04
1.106337506002746522e+03 1.174691503906250000e+04 1.174942850581409584e+04
1.106357940027024597e+03 1.175176171875000000e+04 1.174942695953647308e+04
1.106378374051302671e+03 1.175281347656250000e+04 1.174942535833013972e+04
1.106398808175697923e+03 1.174609472656250000e+04 1.174942370183057938e+04
1.106419242100324482e+03 1.175396289062500000e+04 1.174942198970623940e+04
1.106439676125533879e+03 1.175066015625000000e+04 1.174942022157609608e+04
1.106460110250394791e+03 1.174400781250000000e+04 1.174941839708314365e+04
1.106480544276069850e+03 1.175340429687500000e+04 1.174941651588886452e+04
1.106500978201627731e+03 1.174499023437500000e+04 1.174941457763791550e+04
1.106521412327419966e+03 1.174779785156250000e+04 1.174941258194512011e+04
1.106541846353095025e+03 1.175689941406250000e+04 1.174941052848312393e+04
1.106562280379235744e+03 1.174912500000000000e+04 1.174940841703974365e+04
1.106582714405842125e+03 1.174606933593750000e+04 1.174940624802911771e+04
1.106603148432448506e+03 1.175034082031250000e+04 1.174940402202002042e+04
1.106623582559172064e+03 1.175173437500000000e+04 1.174940173956984290e+04
1.106644016486126930e+03 1.174900000000000000e+04 1.174939940128120725e+04
1.106664450513198972e+03 1.174756542968750000e+04 1.174939700768892180e+04
1.106684884640853852e+03 1.174985839843750000e+04 1.174939455936083868e+04
1.106705318568274379e+03 1.173878222656250000e+04 1.174939205690211384e+04
1.106725752596277744e+03 1.174252148437500000e+04 1.174938950084501630e+04
1.106746186724398285e+03 1.175484082031250000e+04 1.174938689175754189e+04
1.106766620652750134e+03 1.175229980468750000e+04 1.174938423024707481e+04
1.106787054780870676e+03 1.174837890625000000e+04 1.174938151683030082e+04
1.106807488809805363e+03 1.176951660156250000e+04 1.174937875211525170e+04
1.106827922738622874e+03 1.175049902343750000e+04 1.174937593667151668e+04
1.106848356867674738e+03 1.174648046875000000e+04 1.174937307102605519e+04
1.106868790796957910e+03 1.174633593750000000e+04 1.174937015580367733e+04
1.106889224826358259e+03 1.175034082031250000e+04 1.174936719153067679e+04
1.106909658955875784e+03 1.175090429687500000e+04 1.174936417877505664e+04
1.106930092886090279e+03 1.175098925781250000e+04 1.174936111815002369e+04
1.106950527016073465e+03 1.174849218750000000e+04 1.174935801016453115e+04
1.106970961046405137e+03 1.176118945312500000e+04 1.174935485543248069e+04
1.106991395076736808e+03 1.175246289062500000e+04 1.174935165450755449e+04
1.107011829107534140e+03 1.174711035156250000e+04 1.174934840795838863e+04
1.107032263138331473e+03 1.174634765625000000e+04 1.174934511635377930e+04
1.107052697169594467e+03 1.175213769531250000e+04 1.174934178026235895e+04
1.107073131200857460e+03 1.175011914062500000e+04 1.174933840025292739e+04
1.107093565232586116e+03 1.175358886718750000e+04 1.174933497689411524e+04
1.107113999363966286e+03 1.174315429687500000e+04 1.174933151073771296e+04
1.107134433396160603e+03 1.174978906250000000e+04 1.174932800238616619e+04
1.107154867328237742e+03 1.175065136718750000e+04 1.174932445240896413e+04
1.107175301460549235e+03 1.175370507812500000e+04 1.174932086132233781e+04
1.107195735493209213e+03 1.174552636718750000e+04 1.174931722974741024e+04
1.107216169425752014e+03 1.174889843750000000e+04 1.174931355825356513e+04
1.107236603558994830e+03 1.175529589843750000e+04 1.174930984735518177e+04
1.107257037592120469e+03 1.174797460937500000e+04 1.174930609767531132e+04
1.107277471525128931e+03 1.175011230468750000e+04 1.174930230978324289e+04
1.107297905658837408e+03 1.175509179687500000e+04 1.174929848419164773e+04
1.107318339692894369e+03 1.174227050781250000e+04 1.174929462152519591e+04
1.107338773826602846e+03 1.174777636718750000e+04 1.174929072231493410e+04
1.107359207761008292e+03 1.174785449218750000e+04 1.174928678718689480e+04
1.107379641795065254e+03 1.175093359375000000e+04 1.174928281665247960e+04
1.107400075830053538e+03 1.175241992187500000e+04 1.174927881129932757e+04
1.107420509864576161e+03 1.174716894531250000e+04 1.174927477169642589e+04
1.107440943899564445e+03 1.175413867187500000e+04 1.174927069841231059e+04
1.107461378034669906e+03 1.174782617187500000e+04 1.174926659199559253e+04
1.107481811970006675e+03 1.175408496093750000e+04 1.174926245307548743e+04
1.107502246106043458e+03 1.174193359375000000e+04 1.174925828213960267e+04
1.107522680041845888e+03 1.175093847656250000e+04 1.174925407983848709e+04
1.107543114077765495e+03 1.174701757812500000e+04 1.174924984667931494e+04
1.107563548213802278e+03 1.174728613281250000e+04 1.174924558323036035e+04
1.107583982150070369e+03 1.175161132812500000e+04 1.174924129012312369e+04
1.107604416186921299e+03 1.174659375000000000e+04 1.174923696786343862e+04
1.107624850323889405e+03 1.176008398437500000e+04 1.174923261701968840e+04
1.107645284260623157e+03 1.174778613281250000e+04 1.174922823822475766e+04
1.107665718297939748e+03 1.175322949218750000e+04 1.174922383198309581e+04
1.107686152435373515e+03 1.175209179687500000e+04 1.174921939886312975e+04
1.107706586473155767e+03 1.174836035156250000e+04 1.174921493947690942e+04
1.107727020510938019e+03 1.174685156250000000e+04 1.174921045437160137e+04
1.107747454548720270e+03 1.174055664062500000e+04 1.174920594411592538e+04
1.107767888586968184e+03 1.174319335937500000e+04 1.174920140927849025e+04
1.107788322725798935e+03 1.173704492187500000e+04 1.174919685040562035e+04
1.107808756664395332e+03 1.174185351562500000e+04 1.174919226813331625e+04
1.107829190703108907e+03 1.173450976562500000e+04 1.174918766296311878e+04
1.107849624842405319e+03 1.173362500000000000e+04 1.174918303546329844e+04
1.107870058781467378e+03 1.174620703125000000e+04 1.174917838627086348e+04
1.107890492920763791e+03 1.175125878906250000e+04 1.174917371586341687e+04
1.107931360900402069e+03 1.174838281250000000e+04 1.174916431388381170e+04
1.107951795040629804e+03 1.174292285156250000e+04 1.174915958338010387e+04
1.107972229080740362e+03 1.175247558593750000e+04 1.174915483400504672e+04
1.107992663021199405e+03 1.175279394531250000e+04 1.174915006632751829e+04
1.108013097161892802e+03 1.174147460937500000e+04 1.174914528084613448e+04
1.108033531202934682e+03 1.175189062500000000e+04 1.174914047819971529e+04
1.108053965243976563e+03 1.174790722656250000e+04 1.174913565893368286e+04
1.108074399285018444e+03 1.175153320312500000e+04 1.174913082361675697e+04
1.108094833326525986e+03 1.174792578125000000e+04 1.174912597281753915e+04
1.108115267368499190e+03 1.175109179687500000e+04 1.174912110710475099e+04
1.108135701410006732e+03 1.174844824218750000e+04 1.174911622704733054e+04
1.108156135452445596e+03 1.175013769531250000e+04 1.174911133321365924e+04
1.108176569494418800e+03 1.175755078125000000e+04 1.174910642617279154e+04
1.108197003536857665e+03 1.174284082031250000e+04 1.174910150649322168e+04
1.108217437579762191e+03 1.174462792968750000e+04 1.174909657474366395e+04
1.108237871622666717e+03 1.175299218750000000e+04 1.174909163149294909e+04
1.108258305665571243e+03 1.174913476562500000e+04 1.174908667730979687e+04
1.108278739809058607e+03 1.174194824218750000e+04 1.174908171273845801e+04
1.108299173752311617e+03 1.175217382812500000e+04 1.174907673842081567e+04
1.108319607796147466e+03 1.175228613281250000e+04 1.174907175485242260e+04
1.108340041940100491e+03 1.174690136718750000e+04 1.174906676260198037e+04
1.108360475983936340e+03 1.174824707031250000e+04 1.174906176228712866e+04
1.108380909928586334e+03 1.174516015625000000e+04 1.174905675447647263e+04
1.108401344073005021e+03 1.174271582031250000e+04 1.174905173966541042e+04
1.108421778117772192e+03 1.174493945312500000e+04 1.174904671849609076e+04
1.108442212162539363e+03 1.175137695312500000e+04 1.174904169151279348e+04
1.108462646207772195e+03 1.174924804687500000e+04 1.174903665928412011e+04
1.108483080253005028e+03 1.174862304687500000e+04 1.174903162237890683e+04
1.108503514398355037e+03 1.175021875000000000e+04 1.174902658134116064e+04
1.108523948343936354e+03 1.174641992187500000e+04 1.174902153681360869e+04
1.108544382390100509e+03 1.174701074218750000e+04 1.174901648929084331e+04
1.108564816536381841e+03 1.175001757812500000e+04 1.174901143934166248e+04
1.108585250482428819e+03 1.174923046875000000e+04 1.174900638760902257e+04
1.108605684628710151e+03 1.175289746093750000e+04 1.174900133456264302e+04
1.108626118675805628e+03 1.174391992187500000e+04 1.174899628084527103e+04
1.108646552622318268e+03 1.174239550781250000e+04 1.174899122702597924e+04
1.108666986769530922e+03 1.175073828125000000e+04 1.174898617359897253e+04
1.108687420817092061e+03 1.175275488281250000e+04 1.174898112120725273e+04
1.108707854764536023e+03 1.174627734375000000e+04 1.174897607041963420e+04
1.108728288912214339e+03 1.175542382812500000e+04 1.174897102173060557e+04
1.108748722959775478e+03 1.175456933593750000e+04 1.174896597578311412e+04
1.108769157008267939e+03 1.174817480468750000e+04 1.174896093312090670e+04
1.108789591056294739e+03 1.173990820312500000e+04 1.174895589431304325e+04
1.108810025004670024e+03 1.173889550781250000e+04 1.174895085995267073e+04
1.108830459153745323e+03 1.175060644531250000e+04 1.174894583053453971e+04
1.108850893202703446e+03 1.175012304687500000e+04 1.174894080670145013e+04
1.108871327251661569e+03 1.175129296875000000e+04 1.174893578899746535e+04
1.108891761301085353e+03 1.174338085937500000e+04 1.174893077799118691e+04
1.108912195350509137e+03 1.174699218750000000e+04 1.174892577425145282e+04
1.108932629399932921e+03 1.174889062500000000e+04 1.174892077834697557e+04
1.108953063449822366e+03 1.174369335937500000e+04 1.174891579084636032e+04
1.108973497500177473e+03 1.174811328125000000e+04 1.174891081231832868e+04
1.108993931650184095e+03 1.174230664062500000e+04 1.174890584330750607e+04
1.109014365701004863e+03 1.174935937500000000e+04 1.174890088443096101e+04
1.109034799651708454e+03 1.175534765625000000e+04 1.174889593625748785e+04
1.109055233802646399e+03 1.174627929687500000e+04 1.174889099928315409e+04
1.109075667853467166e+03 1.175497558593750000e+04 1.174888607414932994e+04
1.109096101804636419e+03 1.175286132812500000e+04 1.174888116142443687e+04
1.109116535956040025e+03 1.174803808593750000e+04 1.174887626160520449e+04
1.109136970007792115e+03 1.174521875000000000e+04 1.174887137533233908e+04
1.109157404159661382e+03 1.175008984375000000e+04 1.174886650312680649e+04
1.109177838111761957e+03 1.175190527343750000e+04 1.174886164562872182e+04
1.109198272163979709e+03 1.174874414062500000e+04 1.174885680333540222e+04
1.109218706316780299e+03 1.175125878906250000e+04 1.174885197681569116e+04
1.109239140269346535e+03 1.174408593750000000e+04 1.174884716670923444e+04
1.109259574322029948e+03 1.174494628906250000e+04 1.174884237351393313e+04
1.109280008475296199e+03 1.175050488281250000e+04 1.174883759779864340e+04
1.109300442428328097e+03 1.175217187500000000e+04 1.174883284020226165e+04
1.109320876582060009e+03 1.174508886718750000e+04 1.174882810120016438e+04
1.109341310635674745e+03 1.174703417968750000e+04 1.174882338143096968e+04
1.109361744589637965e+03 1.175339941406250000e+04 1.174881868146300621e+04
1.109382178743369877e+03 1.174700000000000000e+04 1.174881400179626507e+04
1.109402612797915936e+03 1.174748046875000000e+04 1.174880934306808922e+04
1.109423046752344817e+03 1.174106933593750000e+04 1.174880470584709110e+04
1.109443480907008052e+03 1.174617382812500000e+04 1.174880009063399848e+04
1.109463914861902595e+03 1.174934082031250000e+04 1.174879549808786396e+04
1.109484348916914314e+03 1.174783007812500000e+04 1.174879092870984095e+04
1.109504783072043210e+03 1.174718066406250000e+04 1.174878638306899484e+04
1.109525217027403414e+03 1.175432226562500000e+04 1.174878186180058037e+04
1.109545651182997972e+03 1.175390527343750000e+04 1.174877736538480895e+04
1.109566085238941014e+03 1.174617382812500000e+04 1.174877289445657698e+04
1.109586519294884056e+03 1.174296386718750000e+04 1.174876844956261266e+04
1.109606953351292759e+03 1.174544335937500000e+04 1.174876403127153753e+04
1.109627387407701463e+03 1.174074414062500000e+04 1.174875964015216960e+04
1.109647821464110166e+03 1.175024707031250000e+04 1.174875527677322498e+04
1.109668255621101707e+03 1.174681738281250000e+04 1.174875094168216310e+04
1.109688689577858895e+03 1.175083984375000000e+04 1.174874663551129925e+04
1.109709123735316098e+03 1.174682714843750000e+04 1.174874235874487567e+04
1.109729557792656124e+03 1.174927636718750000e+04 1.174873811201478748e+04
1.109749991750344634e+03 1.174514355468750000e+04 1.174873389588920872e+04
1.109770425908267498e+03 1.174451367187500000e+04 1.174872971087521364e+04
1.109790859966073185e+03 1.175014453125000000e+04 1.174872555760326577e+04
1.109811293924227357e+03 1.174627734375000000e+04 1.174872143664152100e+04
1.109831728082615882e+03 1.174499023437500000e+04 1.174871734849845416e+04
1.109852162141352892e+03 1.174958691406250000e+04 1.174871329380303541e+04
1.109872596300207078e+03 1.175267968750000000e+04 1.174870927308434329e+04
1.109893030258826911e+03 1.174446093750000000e+04 1.174870528696994734e+04
1.109913464318029583e+03 1.175116015625000000e+04 1.174870133596962842e+04
1.109933898477815092e+03 1.174598828125000000e+04 1.174869742065262835e+04
1.109954332437366247e+03 1.174647265625000000e+04 1.174869354164504330e+04
1.109974766497034580e+03 1.175207519531250000e+04 1.174868969945830395e+04
1.109995200656820089e+03 1.174549511718750000e+04 1.174868589466168123e+04
1.110015634616836905e+03 1.174585058593750000e+04 1.174868212787944867e+04
1.110036068677436560e+03 1.174795898437500000e+04 1.174867839962468679e+04
1.110056502837687731e+03 1.175082031250000000e+04 1.174867471046685387e+04
1.110076936798635870e+03 1.174340527343750000e+04 1.174867106102835169e+04
1.110097370959352702e+03 1.174966601562500000e+04 1.174866745180663202e+04
1.110117804920766503e+03 1.174826562500000000e+04 1.174866388344090228e+04
1.110138238981831819e+03 1.175652148437500000e+04 1.174866035644736985e+04
1.110158673143479973e+03 1.174777441406250000e+04 1.174865687139520742e+04
1.110179107205476612e+03 1.175083886718750000e+04 1.174865342888728992e+04
1.110199541167356074e+03 1.175232031250000000e+04 1.174865002949178961e+04
1.110219975329469889e+03 1.175518652343750000e+04 1.174864667372777694e+04
1.110240409391466528e+03 1.174045703125000000e+04 1.174864336221361555e+04
1.110260843453928828e+03 1.174691308593750000e+04 1.174864009550140690e+04
1.110281277516856790e+03 1.175955468750000000e+04 1.174863687415987079e+04
1.110301711579784751e+03 1.174858496093750000e+04 1.174863369875779972e+04
1.110322145642712712e+03 1.175178027343750000e+04 1.174863056986391894e+04
1.110342579706106335e+03 1.175155078125000000e+04 1.174862748804686998e+04
1.110363013769499958e+03 1.174370898437500000e+04 1.174862445387545085e+04
1.110383447933010757e+03 1.174639160156250000e+04 1.174862146790386760e+04
1.110403881897218525e+03 1.174897167968750000e+04 1.174861853074423925e+04
1.110424316061194986e+03 1.175102050781250000e+04 1.174861564290792921e+04
1.110465184089727700e+03 1.174706152343750000e+04 1.174861001760750514e+04
1.110485618254635483e+03 1.174819433593750000e+04 1.174860728123949957e+04
1.110506052319426090e+03 1.175865136718750000e+04 1.174860459651170095e+04
1.110526486284099519e+03 1.175069335937500000e+04 1.174860196399206325e+04
1.110546920449472964e+03 1.174081835937500000e+04 1.174859938421094193e+04
1.110567354514729232e+03 1.175625585937500000e+04 1.174859685777542472e+04
1.110587788480333984e+03 1.174827929687500000e+04 1.174859438525338555e+04
1.110608222646173090e+03 1.175252539062500000e+04 1.174859196717766099e+04
1.110628656712360680e+03 1.174980859375000000e+04 1.174858960415285947e+04
1.110649090878665447e+03 1.174415234375000000e+04 1.174858729672460868e+04
1.110669524844735861e+03 1.174345898437500000e+04 1.174858504549513236e+04
1.110689958911389112e+03 1.174949902343750000e+04 1.174858285099959357e+04
1.110710392978508025e+03 1.175485351562500000e+04 1.174858071381788795e+04
1.110730827045161277e+03 1.174994335937500000e+04 1.174857863451883168e+04
1.110751261112280190e+03 1.174572558593750000e+04 1.174857661367104447e+04
1.110771695179864764e+03 1.174608691406250000e+04 1.174857465184326065e+04
1.110792129247449338e+03 1.174815917968750000e+04 1.174857274960423638e+04
1.110812563415151089e+03 1.174829296875000000e+04 1.174857090751382202e+04
1.110832997383084148e+03 1.174518554687500000e+04 1.174856912616732370e+04
1.110853431451134384e+03 1.175285156250000000e+04 1.174856740610687120e+04
1.110873865619301796e+03 1.174640039062500000e+04 1.174856574790209561e+04
1.110914733656682074e+03 1.175278710937500000e+04 1.174856261938217176e+04
1.110935167825780809e+03 1.175287988281250000e+04 1.174856115018152195e+04
1.110955601894762367e+03 1.174881250000000000e+04 1.174855974512675675e+04
1.110976035963743925e+03 1.174538867187500000e+04 1.174855840477924721e+04
1.110996470033191144e+03 1.175096386718750000e+04 1.174855712970768218e+04
1.111016904103104025e+03 1.174913671875000000e+04 1.174855592048079052e+04
1.111037338272668421e+03 1.174581347656250000e+04 1.174855477766190415e+04
1.111057772242929786e+03 1.175141992187500000e+04 1.174855370183597915e+04
1.111078206313308328e+03 1.174690332031250000e+04 1.174855269355548080e+04
1.111098640483804047e+03 1.175177246093750000e+04 1.174855175339012385e+04
1.111119074454065412e+03 1.175114648437500000e+04 1.174855088192194853e+04
1.111139508524909616e+03 1.174026757812500000e+04 1.174855007970633960e+04
1.111159942696336657e+03 1.174847167968750000e+04 1.174854934731304274e+04
1.111180376667529345e+03 1.175632421875000000e+04 1.174854868532104956e+04
1.111200810838490725e+03 1.174305468750000000e+04 1.174854809428611952e+04
1.111221244910266250e+03 1.174848339843750000e+04 1.174854757478614556e+04
1.111241678881924599e+03 1.174459667968750000e+04 1.174854712738882336e+04
1.111262113054282963e+03 1.174701953125000000e+04 1.174854675265681726e+04
1.111282547126058489e+03 1.173876660156250000e+04 1.174854645116491156e+04
1.111302981098648161e+03 1.174581738281250000e+04 1.174854622348072735e+04
1.111323415271006525e+03 1.175367382812500000e+04 1.174854607017019953e+04
1.111343849343713373e+03 1.174854394531250000e+04 1.174854599180484365e+04
1.111364283416885883e+03 1.174825195312500000e+04 1.174854598895244999e+04
1.111384717490058392e+03 1.174434570312500000e+04 1.174854606218174740e+04
1.111405151563230902e+03 1.175182910156250000e+04 1.174854621206145021e+04
1.111425585636869073e+03 1.175791308593750000e+04 1.174854643916028726e+04
1.111446019710507244e+03 1.174901171875000000e+04 1.174854674404697107e+04
1.111466453784145415e+03 1.174856250000000000e+04 1.174854712729022867e+04
1.111486887858249247e+03 1.175183789062500000e+04 1.174854758945878893e+04
1.111507321932818741e+03 1.175119726562500000e+04 1.174854813112137708e+04
1.111527756107039750e+03 1.174957714843750000e+04 1.174854875284993250e+04
1.111548190181609243e+03 1.175177148437500000e+04 1.174854945520711590e+04
1.111568624156527221e+03 1.175054882812500000e+04 1.174855023876046107e+04
1.111589058331679553e+03 1.175001074218750000e+04 1.174855110409079134e+04
1.111609492406714708e+03 1.174675488281250000e+04 1.174855205175470837e+04
1.111629926382564008e+03 1.173823144531250000e+04 1.174855308231976960e+04
1.111650360558182001e+03 1.174956738281250000e+04 1.174855419637038722e+04
1.111670794633682817e+03 1.174592675781250000e+04 1.174855539445954673e+04
1.111691228609532118e+03 1.174348632812500000e+04 1.174855667715475101e+04
1.111711662786081433e+03 1.175445996093750000e+04 1.174855804504421394e+04
1.111732096862513572e+03 1.174826367187500000e+04 1.174855949867714480e+04
1.111752531039062887e+03 1.175033789062500000e+04 1.174856103863651515e+04
1.111772965015843511e+03 1.174368847656250000e+04 1.174856266546781262e+04
1.111793399092741311e+03 1.174736621093750000e+04 1.174856437976299276e+04
1.111813833269756287e+03 1.174644921875000000e+04 1.174856618209206863e+04
1.111834267247002572e+03 1.173039746093750000e+04 1.174856807299666252e+04
1.111875135502312332e+03 1.174517480468750000e+04 1.174857212288995288e+04
1.111895569480024278e+03 1.174656445312500000e+04 1.174857428298632476e+04
1.111916003658436239e+03 1.175040234375000000e+04 1.174857653397282047e+04
1.111936437736265361e+03 1.174824609375000000e+04 1.174857887638564353e+04
1.111956871714908630e+03 1.174459277343750000e+04 1.174858131079232953e+04
1.111977305893320590e+03 1.174170800781250000e+04 1.174858383779789619e+04
1.111997739972546697e+03 1.174481640625000000e+04 1.174858645793477990e+04
1.112018174051307142e+03 1.175300585937500000e+04 1.174858917178367665e+04
1.112038608130533248e+03 1.175578417968750000e+04 1.174859197991343171e+04
1.112059042210225016e+03 1.174065527343750000e+04 1.174859488289277579e+04
1.112079476289451122e+03 1.174729785156250000e+04 1.174859788129029403e+04
1.112099910369608551e+03 1.174340234375000000e+04 1.174860097567491539e+04
1.112120344449300319e+03 1.175458398437500000e+04 1.174860416661515410e+04
1.112140778529457748e+03 1.175158984375000000e+04 1.174860745467987363e+04
1.112161212610080838e+03 1.174868945312500000e+04 1.174861084043780465e+04
1.112181646690703928e+03 1.174686523437500000e+04 1.174861432445759056e+04
1.112202080871444196e+03 1.175515625000000000e+04 1.174861790732575537e+04
1.112222514851950109e+03 1.174724414062500000e+04 1.174862158955762425e+04
1.112242948933038861e+03 1.175293164062500000e+04 1.174862537177539525e+04
1.112263383114710450e+03 1.174741699218750000e+04 1.174862925454927245e+04
1.112283817096147686e+03 1.174776171875000000e+04 1.174863323839007899e+04
1.112304251277819276e+03 1.174549121093750000e+04 1.174863732394461658e+04
1.112324685359373689e+03 1.175148437500000000e+04 1.174864151172230231e+04
1.112345119341742247e+03 1.175018652343750000e+04 1.174864580229054445e+04
1.112365553523879498e+03 1.175109960937500000e+04 1.174865019628160553e+04
1.112385987606365234e+03 1.175078222656250000e+04 1.174865469420057525e+04
1.112406421588733792e+03 1.175335351562500000e+04 1.174865929661454902e+04
1.112426855771802366e+03 1.175130957031250000e+04 1.174866400416077158e+04
1.112447289854753762e+03 1.174697656250000000e+04 1.174866881733944683e+04
1.112467724037822336e+03 1.174931054687500000e+04 1.174867373676646093e+04
1.112488158021122217e+03 1.175501660156250000e+04 1.174867876293756126e+04
1.112508592104539275e+03 1.175202148437500000e+04 1.174868389649444725e+04
1.112529026288539171e+03 1.175193066406250000e+04 1.174868913800754854e+04
1.112549460272304714e+03 1.174429785156250000e+04 1.174869448796762845e+04
1.112569894356653094e+03 1.174930078125000000e+04 1.174869994702137046e+04
1.112590328540652990e+03 1.175260253906250000e+04 1.174870551573885677e+04
1.112610762525349855e+03 1.175617089843750000e+04 1.174871119460652881e+04
1.112631196710281074e+03 1.175378710937500000e+04 1.174871698430416291e+04
1.112651630795095116e+03 1.174916992187500000e+04 1.174872288531619051e+04
1.112672064879909158e+03 1.174397460937500000e+04 1.174872889823942751e+04
1.112692498965188861e+03 1.174277636718750000e+04 1.174873502364273736e+04
1.112712932950817049e+03 1.175350488281250000e+04 1.174874126206400615e+04
1.112733367036096752e+03 1.174832617187500000e+04 1.174874761413280066e+04
1.112753801221959293e+03 1.175258398437500000e+04 1.174875408041980336e+04
1.112774235308170319e+03 1.175137792968750000e+04 1.174876066143038224e+04
1.112794669394381344e+03 1.176054101562500000e+04 1.174876735776451824e+04
1.112815103480592370e+03 1.174681835937500000e+04 1.174877416999092748e+04
1.112835537567269057e+03 1.174594238281250000e+04 1.174878109867848980e+04
1.112855971754062921e+03 1.174126171875000000e+04 1.174878814443058945e+04
1.112876405741088092e+03 1.174653710937500000e+04 1.174879530771167811e+04
1.112896839827764779e+03 1.174478125000000000e+04 1.174880258919457992e+04
1.112917274015024304e+03 1.175373535156250000e+04 1.174880998945008832e+04
1.112937708002515137e+03 1.175149414062500000e+04 1.174881750893728531e+04
1.112958142090588808e+03 1.174261523437500000e+04 1.174882514833454843e+04
1.112978576278313994e+03 1.175499804687500000e+04 1.174883290821201808e+04
1.112999010266270489e+03 1.175344726562500000e+04 1.174884078902381953e+04
1.113019444454461336e+03 1.175735351562500000e+04 1.174884879149295739e+04
1.113039878543000668e+03 1.176082812500000000e+04 1.174885691607160334e+04
1.113060312531422824e+03 1.174842968750000000e+04 1.174886516332650717e+04
1.113080746720544994e+03 1.175137890625000000e+04 1.174887353394870297e+04
1.113101180809549987e+03 1.175058984375000000e+04 1.174888202838459802e+04
1.113121614798437804e+03 1.175039355468750000e+04 1.174889064720109673e+04
1.113142048988025635e+03 1.174673535156250000e+04 1.174889939109471561e+04
1.113162483077496290e+03 1.175021484375000000e+04 1.174890826050638316e+04
1.113182917267084122e+03 1.174333886718750000e+04 1.174891725609173955e+04
1.113203351256903261e+03 1.175125488281250000e+04 1.174892637828655825e+04
1.113223785347305238e+03 1.174895019531250000e+04 1.174893562779272725e+04
1.113244219537358731e+03 1.175249511718750000e+04 1.174894500518041787e+04
1.113264653527643532e+03 1.175813964843750000e+04 1.174895451088000846e+04
1.113285087618511170e+03 1.174525683593750000e+04 1.174896414559899858e+04
1.113305521709378809e+03 1.174363378906250000e+04 1.174897390985964012e+04
1.113325955900363624e+03 1.175039355468750000e+04 1.174898380427945267e+04
1.113346389991696924e+03 1.174655859375000000e+04 1.174899382933043307e+04
1.113366823982913047e+03 1.174430566406250000e+04 1.174900398557915469e+04
1.113387258074246347e+03 1.174852343750000000e+04 1.174901427369385783e+04
1.113407692266162485e+03 1.175135839843750000e+04 1.174902469424544688e+04
1.113428126357961446e+03 1.174433789062500000e+04 1.174903524770029981e+04
1.113448560350108892e+03 1.175092089843750000e+04 1.174904593462542834e+04
1.113468994542490691e+03 1.174702343750000000e+04 1.174905675574738052e+04
1.113489428635220975e+03 1.174911621093750000e+04 1.174906771147705877e+04
1.113509862627834082e+03 1.174797558593750000e+04 1.174907880238096368e+04
1.113530296820681542e+03 1.174971191406250000e+04 1.174909002919182967e+04
1.113550730913877487e+03 1.174966015625000000e+04 1.174910139231462563e+04
1.113571165106724948e+03 1.175345117187500000e+04 1.174911289242890234e+04
1.113591599100269377e+03 1.175045410156250000e+04 1.174912452993413717e+04
1.113612033193930984e+03 1.174876660156250000e+04 1.174913630556856879e+04
1.113632467387709767e+03 1.174417187500000000e+04 1.174914821990295241e+04
1.113652901381719857e+03 1.174415625000000000e+04 1.174916027333014790e+04
1.113673335475847125e+03 1.175385351562500000e+04 1.174917246659474586e+04
1.113693769670091569e+03 1.175234277343750000e+04 1.174918480026753241e+04
1.113714203664567322e+03 1.175328710937500000e+04 1.174919727473519015e+04
1.113734637859277427e+03 1.174612207031250000e+04 1.174920989081063999e+04
1.113755071954336017e+03 1.174425878906250000e+04 1.174922264887850724e+04
1.113775505949277431e+03 1.174852539062500000e+04 1.174923554950513062e+04
1.113795940144453198e+03 1.174453125000000000e+04 1.174924859344990546e+04
1.113816374239977449e+03 1.174386132812500000e+04 1.174926178109118700e+04
1.113836808335967362e+03 1.175373046875000000e+04 1.174927511306126326e+04
1.113857242431491613e+03 1.175007617187500000e+04 1.174928858992824826e+04
1.113898110723588616e+03 1.174495214843750000e+04 1.174931598069718166e+04
1.113918544719927013e+03 1.174951269531250000e+04 1.174932989560095666e+04
1.113938978816382587e+03 1.174714843750000000e+04 1.174934395774466248e+04
1.113959412913303822e+03 1.175337011718750000e+04 1.174935816762952527e+04
1.113979847010225058e+03 1.174946386718750000e+04 1.174937252582395377e+04
1.114000281107146293e+03 1.174784765625000000e+04 1.174938703289666773e+04
1.114020715204533190e+03 1.175422265625000000e+04 1.174940168941672528e+04
1.114041149301920086e+03 1.174906347656250000e+04 1.174941649595251874e+04
1.114061583399772644e+03 1.175029492187500000e+04 1.174943145307311715e+04
1.114082017597742379e+03 1.174898242187500000e+04 1.174944656142129497e+04
1.114102451595477760e+03 1.175017773437500000e+04 1.174946182134259652e+04
1.114122885793913156e+03 1.175048828125000000e+04 1.174947723370516542e+04
1.114143319892231375e+03 1.174808496093750000e+04 1.174949279885195756e+04
1.114163753890432417e+03 1.174869042968750000e+04 1.174950851734945172e+04
1.114184188089333475e+03 1.174669726562500000e+04 1.174952438999889637e+04
1.114204622188117355e+03 1.174649414062500000e+04 1.174954041713648985e+04
1.114225056187249720e+03 1.174711914062500000e+04 1.174955659932905291e+04
1.114245490386616439e+03 1.174561425781250000e+04 1.174957293738393491e+04
1.114265924486331642e+03 1.175073535156250000e+04 1.174958943163124422e+04
1.114286358685698360e+03 1.175093750000000000e+04 1.174960608280058295e+04
1.114306792685762048e+03 1.175404101562500000e+04 1.174962289121591675e+04
1.114327226785477251e+03 1.174281347656250000e+04 1.174963985769072133e+04
1.114347660985775292e+03 1.173972460937500000e+04 1.174965698279682329e+04
1.114368094986304641e+03 1.177299316406250000e+04 1.174967426685007376e+04
1.114388529086951166e+03 1.174792871093750000e+04 1.174969171067169009e+04
1.114408963287249207e+03 1.174768652343750000e+04 1.174970931483234017e+04
1.114429397288244218e+03 1.174743359375000000e+04 1.174972707964201982e+04
1.114449831489473581e+03 1.175536230468750000e+04 1.174974500601681575e+04
1.114470265590585768e+03 1.174436523437500000e+04 1.174976309426314765e+04
1.114490699592046440e+03 1.174768945312500000e+04 1.174978134494777260e+04
1.114511133793741465e+03 1.175528417968750000e+04 1.174979975890845708e+04
1.114531567895784974e+03 1.174474414062500000e+04 1.174981833644489416e+04
1.114552001997828484e+03 1.174611621093750000e+04 1.174983707821520875e+04
1.114572436099871993e+03 1.175415527343750000e+04 1.174985598478811880e+04
1.114592870202381164e+03 1.174754101562500000e+04 1.174987505673278793e+04
1.114613304304890335e+03 1.174793066406250000e+04 1.174989429461750842e+04
1.114633738407399505e+03 1.175533398437500000e+04 1.174991369901100188e+04
1.114654172510374337e+03 1.174701660156250000e+04 1.174993327048244100e+04
1.114674606613814831e+03 1.175261328125000000e+04 1.174995300960055829e+04
1.114695040716789663e+03 1.175114355468750000e+04 1.174997291693317675e+04
1.114715474820230156e+03 1.175674121093750000e+04 1.174999299304992746e+04
1.114735909023787826e+03 1.175147460937500000e+04 1.175001323861869059e+04
1.114756343027576804e+03 1.174869042968750000e+04 1.175003365390982799e+04
1.114776777131948620e+03 1.175258105468750000e+04 1.175005423979090119e+04
1.114797211335971951e+03 1.175006347656250000e+04 1.175007499683220522e+04
1.114817645340226591e+03 1.175605078125000000e+04 1.175009592529705333e+04
1.114838079544715583e+03 1.174241601562500000e+04 1.175011702616386174e+04
1.114858513649553061e+03 1.175164453125000000e+04 1.175013829969294602e+04
1.114878947654273361e+03 1.175882617187500000e+04 1.175015974645002098e+04
1.114899381859693676e+03 1.174180468750000000e+04 1.175018136732081075e+04
1.114919815964996815e+03 1.174894726562500000e+04 1.175020316255703801e+04
1.114940249970182776e+03 1.174687500000000000e+04 1.175022513272485594e+04
1.114960684176068753e+03 1.174968847656250000e+04 1.175024727871771756e+04
1.114981118281837553e+03 1.175157226562500000e+04 1.175026960077962576e+04
1.115001552487723529e+03 1.174880957031250000e+04 1.175029209969804106e+04
1.115021986493840814e+03 1.175181835937500000e+04 1.175031477571020878e+04
