6.683833130570128560e+02 5.622664062500000000e+03 5.625901887151276242e+03
6.684037462817505002e+02 5.627500488281250000e+03 5.625964996194372361e+03
6.684241795074194670e+02 5.627187988281250000e+03 5.626028203644918904e+03
6.684446127330884337e+02 5.626790527343750000e+03 5.626091506016916355e+03
6.684650459592230618e+02 5.625647460937500000e+03 5.626154899828675298e+03
6.684854791858233511e+02 5.637985839843750000e+03 5.626218381597072948e+03
6.685059124128893018e+02 5.627263671875000000e+03 5.626281947838980159e+03
6.685263456399552524e+02 5.632599609375000000e+03 5.626345595069824412e+03
6.685467788674868643e+02 5.628787109375000000e+03 5.626409319807924476e+03
6.685672121951356530e+02 5.624020019531250000e+03 5.626473118881471237e+03
6.685876453234814107e+02 5.626679687500000000e+03 5.626536987871932070e+03
6.686080786520615220e+02 5.626010253906250000e+03 5.626600924545010457e+03
6.686285118805244565e+02 5.625109863281250000e+03 5.626664924478248395e+03
6.686489450098015368e+02 5.631447265625000000e+03 5.626728984190525807e+03
6.686693783393129706e+02 5.629420898437500000e+03 5.626793101137845952e+03
6.686898115691728890e+02 5.617936035156250000e+03 5.626857270896487535e+03
6.687102446993812919e+02 5.629194335937500000e+03 5.626921489982566527e+03
6.687306780302897096e+02 5.625937011718750000e+03 5.626985755857269396e+03
6.687511112610809505e+02 5.632540527343750000e+03 5.627050064091686181e+03
6.687715443922206759e+02 5.637385253906250000e+03 5.627114411203541749e+03
6.687919777235947549e+02 5.631019042968750000e+03 5.627178794654363628e+03
6.688124109557829797e+02 5.629166503906250000e+03 5.627243210017833917e+03
6.688328441879712045e+02 5.631486816406250000e+03 5.627307654123254906e+03
6.688532774206250906e+02 5.627685058593750000e+03 5.627372123488965372e+03
6.688737105531617999e+02 5.628252929687500000e+03 5.627436614314324288e+03
6.688941438868641853e+02 5.623021484375000000e+03 5.627501124067247474e+03
6.689145771204493940e+02 5.625437500000000000e+03 5.627565648313551719e+03
6.689350103545002639e+02 5.623103515625000000e+03 5.627630183887610656e+03
6.689554435885511339e+02 5.633958984375000000e+03 5.627694727304816297e+03
6.689758768230676651e+02 5.628822753906250000e+03 5.627759275083506509e+03
6.689963100580498576e+02 5.618501464843750000e+03 5.627823823740547596e+03
6.690167433936148882e+02 5.625459960937500000e+03 5.627888370109045354e+03
6.690371765289455652e+02 5.624397949218750000e+03 5.627952909755658766e+03
6.690576098649762571e+02 5.624745605468750000e+03 5.628017440463609091e+03
6.690780431013554335e+02 5.620456054687500000e+03 5.628081957801141471e+03
6.690984762380830944e+02 5.624540039062500000e+03 5.628146458285333210e+03
6.691189095750451088e+02 5.634314941406250000e+03 5.628210939379547199e+03
6.691393428123556077e+02 5.626619628906250000e+03 5.628275396654145879e+03
6.691597759500145912e+02 5.625080566406250000e+03 5.628339826626362083e+03
6.691802092879079282e+02 5.628316406250000000e+03 5.628404226758445475e+03
6.692006425266154110e+02 5.643475585937500000e+03 5.628468592623336008e+03
6.692210756652057171e+02 5.624029296875000000e+03 5.628532920735487096e+03
6.692415090040303767e+02 5.617750488281250000e+03 5.628597208557039266e+03
6.692619422436691821e+02 5.626167968750000000e+03 5.628661451662501349e+03
6.692823755834251642e+02 5.629011230468750000e+03 5.628725647195316924e+03
6.693028087234124541e+02 5.624282714843750000e+03 5.628789790730557797e+03
6.693232419639825821e+02 5.622288085937500000e+03 5.628853879728330867e+03
6.693436753046698868e+02 5.629392578125000000e+03 5.628917910703204143e+03
6.693641084455884993e+02 5.633927734375000000e+03 5.628981879232744177e+03
6.693845416870899498e+02 5.624025878906250000e+03 5.629045782774560394e+03
6.694049750287085772e+02 5.637101074218750000e+03 5.629109617843067099e+03
6.694254081710241735e+02 5.632158691406250000e+03 5.629173380020238255e+03
6.694458414134569466e+02 5.617819824218750000e+03 5.629237066757816137e+03
6.694662746558897197e+02 5.623716796875000000e+03 5.629300674260063715e+03
6.694867078992538154e+02 5.620213378906250000e+03 5.629364199046733120e+03
6.695071412427350879e+02 5.627088867187500000e+03 5.629427637942402725e+03
6.695275743864476681e+02 5.624445800781250000e+03 5.629490986533526666e+03
6.695480076307430863e+02 5.633921875000000000e+03 5.629554242268804956e+03
6.695684409751556814e+02 5.631575195312500000e+03 5.629617401662257180e+03
6.695888742199167609e+02 5.629261230468750000e+03 5.629680460613240939e+03
6.696093073650263250e+02 5.637408691406250000e+03 5.629743415640103194e+03
6.696297407108359039e+02 5.624989257812500000e+03 5.629806264184312568e+03
6.696501739565283060e+02 5.629194335937500000e+03 5.629869001836677853e+03
6.696706071025691926e+02 5.630016601562500000e+03 5.629931625117134899e+03
6.696910404493100941e+02 5.636153320312500000e+03 5.629994131462191945e+03
6.697114736959338188e+02 5.630509765625000000e+03 5.630056516467620895e+03
6.697319070431403816e+02 5.626505859375000000e+03 5.630118777263001903e+03
6.697523401910439134e+02 5.625014160156250000e+03 5.630180909452348715e+03
6.697727734385989606e+02 5.628136718750000000e+03 5.630242910462517102e+03
6.697932067872025073e+02 5.636998046875000000e+03 5.630304776812638011e+03
6.698136399355717003e+02 5.630480957031250000e+03 5.630366504108370464e+03
6.698340731845237315e+02 5.624107910156250000e+03 5.630428089776341949e+03
6.698545065335929394e+02 5.627750976562500000e+03 5.630489530329894478e+03
6.698749396833591163e+02 5.634682617187500000e+03 5.630550821386636017e+03
6.698953730333596468e+02 5.626188476562500000e+03 5.630611960661841294e+03
6.699158062837086618e+02 5.635040527343750000e+03 5.630672943773935913e+03
6.699362394344061613e+02 5.627670410156250000e+03 5.630733767242079921e+03
6.699566727853380144e+02 5.624436035156250000e+03 5.630794428474608139e+03
6.699771060366183519e+02 5.628387207031250000e+03 5.630854923096885614e+03
6.699975392883643508e+02 5.630629882812500000e+03 5.630915247923378047e+03
6.700179725401103497e+02 5.629932617187500000e+03 5.630975399469562944e+03
6.700384057927876711e+02 5.644390136718750000e+03 5.631035374255025090e+03
6.700588390454649925e+02 5.628357421875000000e+03 5.631095168793872290e+03
6.700792722981423140e+02 5.634892089843750000e+03 5.631154779602961753e+03
6.700997055517509580e+02 5.632858886718750000e+03 5.631214203201850978e+03
6.701201388053596020e+02 5.625810546875000000e+03 5.631273436104678694e+03
6.701405720594339073e+02 5.639767578125000000e+03 5.631332474829636340e+03
6.701610053139738739e+02 5.635005859375000000e+03 5.631391315893568390e+03
6.701814385685138404e+02 5.634600585937500000e+03 5.631449955811982363e+03
6.702018718235194683e+02 5.625521972656250000e+03 5.631508391103061513e+03
6.702223050789907575e+02 5.635594238281250000e+03 5.631566618283643038e+03
6.702427384350448847e+02 5.631287597656250000e+03 5.631624634154308296e+03
6.702631715908646584e+02 5.638780273437500000e+03 5.631682434379366896e+03
6.702836048472672701e+02 5.631847167968750000e+03 5.631740016328195452e+03
6.703244713614694774e+02 5.634174316406250000e+03 5.631854510613301500e+03
6.703449047189205885e+02 5.630200195312500000e+03 5.631911416260213628e+03
6.703653379767201841e+02 5.631817871093750000e+03 5.631968089135116315e+03
6.703857711348682642e+02 5.630031250000000000e+03 5.632024525758293748e+03
6.704062044932506979e+02 5.636385253906250000e+03 5.632080723473123726e+03
6.704266377519816160e+02 5.629826171875000000e+03 5.632136677969908305e+03
6.704470709115266800e+02 5.640295410156250000e+03 5.632192385770347755e+03
6.704675042708404362e+02 5.637645507812500000e+03 5.632247844204508510e+03
6.704879375309683383e+02 5.630318847656250000e+03 5.632303048975991260e+03
6.705083706909790635e+02 5.627289062500000000e+03 5.632357996602868297e+03
6.705288040516898036e+02 5.631752441406250000e+03 5.632412684409015128e+03
6.705492373127490282e+02 5.634430175781250000e+03 5.632467108105480293e+03
6.705696706739254296e+02 5.632814453125000000e+03 5.632521264741153573e+03
6.705901038353331387e+02 5.639076171875000000e+03 5.632575150040037443e+03
6.706105370973236859e+02 5.635369628906250000e+03 5.632628761313036193e+03
6.706309704594314098e+02 5.632889160156250000e+03 5.632682095071711956e+03
6.706514036222361028e+02 5.622290039062500000e+03 5.632735147053426772e+03
6.706718368851579726e+02 5.636693847656250000e+03 5.632787914554493909e+03
6.706922702486626804e+02 5.631912597656250000e+03 5.632840394088744688e+03
6.707127035120502114e+02 5.629617675781250000e+03 5.632892581657541086e+03
6.707331366762518883e+02 5.631537109375000000e+03 5.632944473784406000e+03
6.707535700406879187e+02 5.637192871093750000e+03 5.632996067744390530e+03
6.707740032053552568e+02 5.627320312500000000e+03 5.633047359044352561e+03
6.707944365702569485e+02 5.631725097656250000e+03 5.633098345205196892e+03
6.708148698355071247e+02 5.626634765625000000e+03 5.633149021993218412e+03
6.708353030015714467e+02 5.637946289062500000e+03 5.633199385930960489e+03
6.708557363674044609e+02 5.638803222656250000e+03 5.633249434269811900e+03
6.708761696340516210e+02 5.635628906250000000e+03 5.633299162792037350e+03
6.708966028005816042e+02 5.628745117187500000e+03 5.633348568016919671e+03
6.709170361678116024e+02 5.636413085937500000e+03 5.633397647186247923e+03
6.709374694349244237e+02 5.635011718750000000e+03 5.633446396091911083e+03
6.709579028030857444e+02 5.642061035156250000e+03 5.633494811730633955e+03
6.709783359710127115e+02 5.632849121093750000e+03 5.633542889907839708e+03
6.709987692395225167e+02 5.638993652343750000e+03 5.633590627850651799e+03
6.710192026081494987e+02 5.637625000000000000e+03 5.633638022069790168e+03
6.710396357774734497e+02 5.633462402343750000e+03 5.633685068390133893e+03
6.710600690469145775e+02 5.640652832031250000e+03 5.633731764020463743e+03
6.710805024169385433e+02 5.635142089843750000e+03 5.633778105473498726e+03
6.711009355871938169e+02 5.633125976562500000e+03 5.633824088587503866e+03
6.711213688575662673e+02 5.633083007812500000e+03 5.633869710556821701e+03
6.711418022285215557e+02 5.635313476562500000e+03 5.633914967893986613e+03
6.711622353997081518e+02 5.632077636718750000e+03 5.633959856453278007e+03
6.711826687711291015e+02 5.629646484375000000e+03 5.634004373630252303e+03
6.712031020433641970e+02 5.634263671875000000e+03 5.634048515286655856e+03
6.712235353155992925e+02 5.639297363281250000e+03 5.634092278156333123e+03
6.712439685878343880e+02 5.634518554687500000e+03 5.634135658756124030e+03
6.712644018610008061e+02 5.632083496093750000e+03 5.634178653604829378e+03
6.712848351341672242e+02 5.636105468750000000e+03 5.634221259217306397e+03
6.713052684077993035e+02 5.630871582031250000e+03 5.634263472111357260e+03
6.713257016818970442e+02 5.633982421875000000e+03 5.634305288803801886e+03
6.713461349559947848e+02 5.640564941406250000e+03 5.634346705810514322e+03
6.713665683306753635e+02 5.630094726562500000e+03 5.634387719849235509e+03
6.713870015060529113e+02 5.633019042968750000e+03 5.634428326837812165e+03
6.714074348811991513e+02 5.637955078125000000e+03 5.634468524086130856e+03
6.714278680570423603e+02 5.631132812500000000e+03 5.634508307325973874e+03
6.714483013330027461e+02 5.632337890625000000e+03 5.634547673660175860e+03
6.714687347095459700e+02 5.632095703125000000e+03 5.634586619600306221e+03
6.714891678858548403e+02 5.639961914062500000e+03 5.634625141092945341e+03
6.715096011632122099e+02 5.633285644531250000e+03 5.634663235226024881e+03
6.715300345406867564e+02 5.634905273437500000e+03 5.634700898508308455e+03
6.715504677183926105e+02 5.630869628906250000e+03 5.634738126907055630e+03
6.715709009966813028e+02 5.637266601562500000e+03 5.634774917489507061e+03
6.715913343750871718e+02 5.632457519531250000e+03 5.634811266765187611e+03
6.716117675537243485e+02 5.639382812500000000e+03 5.634847170720716349e+03
6.716322009330615401e+02 5.638289550781250000e+03 5.634882626576560142e+03
6.716526342122815549e+02 5.629196289062500000e+03 5.634917630324264792e+03
6.716730673923157156e+02 5.631271484375000000e+03 5.634952178488905702e+03
6.716935007725842297e+02 5.634398437500000000e+03 5.634986268090184240e+03
6.717139340532012284e+02 5.642115722656250000e+03 5.635019895141236702e+03
6.717343673338182271e+02 5.636781250000000000e+03 5.635053056326276419e+03
6.717548006153665483e+02 5.637312500000000000e+03 5.635085748163626704e+03
6.717752338969148695e+02 5.639153320312500000e+03 5.635117967168602263e+03
6.717956671784631908e+02 5.634086425781250000e+03 5.635149709858046663e+03
6.718161004609428346e+02 5.624762207031250000e+03 5.635180972750211367e+03
6.718365337434224784e+02 5.627907226562500000e+03 5.635211752360482024e+03
6.718569671264849603e+02 5.633846191406250000e+03 5.635242045353608773e+03
6.718774004098959267e+02 5.632812500000000000e+03 5.635271847949534276e+03
6.718978335936553776e+02 5.638067382812500000e+03 5.635301156672297111e+03
6.719182669771835208e+02 5.634553710937500000e+03 5.635329968464563535e+03
6.719387002619914711e+02 5.632937011718750000e+03 5.635358279418602251e+03
6.719591334462165833e+02 5.632716796875000000e+03 5.635386086056021668e+03
6.719795668316073716e+02 5.637344238281250000e+03 5.635413385300556911e+03
6.720000001168809831e+02 5.631035156250000000e+03 5.635440173262752069e+03
6.720204333025030792e+02 5.644245117187500000e+03 5.635466446467584319e+03
6.720408666888251901e+02 5.637257812500000000e+03 5.635492201814244254e+03
6.720612998749129474e+02 5.633704101562500000e+03 5.635517435314222894e+03
6.720817332617007196e+02 5.633587402343750000e+03 5.635542143979439061e+03
6.721021665488369763e+02 5.637412109375000000e+03 5.635566323959634246e+03
6.721225997363217175e+02 5.637067382812500000e+03 5.635589971779401822e+03
6.721430331240408123e+02 5.638045410156250000e+03 5.635613084298703143e+03
6.721634664121083915e+02 5.643646484375000000e+03 5.635635657691203960e+03
6.721838996009901166e+02 5.628747558593750000e+03 5.635657688482152480e+03
6.722043329896405339e+02 5.631680175781250000e+03 5.635679173506689040e+03
6.722247662791050971e+02 5.629527832031250000e+03 5.635700108963270395e+03
6.722451996682211757e+02 5.631092285156250000e+03 5.635720491572400533e+03
6.722656328584998846e+02 5.633583984375000000e+03 5.635740317557214439e+03
6.722860661484301090e+02 5.643150390625000000e+03 5.635759583728225152e+03
6.723064995389431715e+02 5.638319824218750000e+03 5.635778286594891142e+03
6.723269327301532030e+02 5.638517089843750000e+03 5.635796422403660472e+03
6.723473660210147500e+02 5.637363281250000000e+03 5.635813987940866355e+03
6.723677994129247963e+02 5.643220703125000000e+03 5.635830979716118236e+03
6.723882326046004891e+02 5.636166503906250000e+03 5.635847393999903943e+03
6.724086658973246813e+02 5.639171875000000000e+03 5.635863227555299090e+03
6.724290992897003889e+02 5.642825195312500000e+03 5.635878476889475678e+03
6.724495325828902423e+02 5.633586914062500000e+03 5.635893138370838642e+03
6.724699658760800958e+02 5.638939941406250000e+03 5.635907208591670496e+03
6.724903991697356105e+02 5.640951171875000000e+03 5.635920684069100389e+03
6.725108324638567865e+02 5.638051757812500000e+03 5.635933561319925502e+03
6.725312657584436238e+02 5.629217285156250000e+03 5.635945836860937561e+03
6.725516990530304611e+02 5.641668457031250000e+03 5.635957507208671814e+03
6.725721323480829597e+02 5.625924804687500000e+03 5.635968568880206476e+03
6.725925656436011195e+02 5.638283691406250000e+03 5.635979018392330545e+03
6.726129989391192794e+02 5.636534179687500000e+03 5.635988852261623833e+03
6.726334322355687618e+02 5.634878906250000000e+03 5.635998067005320991e+03
6.726538655320182443e+02 5.632000000000000000e+03 5.636006659139797193e+03
6.726742988289333880e+02 5.641060058593750000e+03 5.636014625622246967e+03
6.726947322259657085e+02 5.640053710937500000e+03 5.636021968596788611e+03
6.727151654232293367e+02 5.631212402343750000e+03 5.636028693411441054e+03
6.727355987210758030e+02 5.628134277343750000e+03 5.636034805677249096e+03
6.727560321195051074e+02 5.646080566406250000e+03 5.636040310892917660e+03
6.727764653181657195e+02 5.634323242187500000e+03 5.636045214489628052e+03
6.727968986169435084e+02 5.630667968750000000e+03 5.636049522051445820e+03
6.728173320163041353e+02 5.623374511718750000e+03 5.636053239077438775e+03
6.728377652158960700e+02 5.640609375000000000e+03 5.636056371024954387e+03
6.728581986157223582e+02 5.640614746093750000e+03 5.636058923463031533e+03
6.728786319158971310e+02 5.635962890625000000e+03 5.636060901857652425e+03
6.728990651164203882e+02 5.633881835937500000e+03 5.636062311724893334e+03
6.729194985176436603e+02 5.635684570312500000e+03 5.636063158588995975e+03
6.729399318187497556e+02 5.627914550781250000e+03 5.636063447941060986e+03
6.729603651207871735e+02 5.636795410156250000e+03 5.636063185294300638e+03
6.729807984228245914e+02 5.642382812500000000e+03 5.636062376156405662e+03
6.730012317253276706e+02 5.635570312500000000e+03 5.636061026035049508e+03
6.730216650278307498e+02 5.630005371093750000e+03 5.636059140437957467e+03
6.730420983307994902e+02 5.636692871093750000e+03 5.636056724872785708e+03
6.730625316342338920e+02 5.632563476562500000e+03 5.636053784847208590e+03
6.730829650382511318e+02 5.639062500000000000e+03 5.636050325850695117e+03
6.731033983421511948e+02 5.636541503906250000e+03 5.636046353424940207e+03
6.731238315468654037e+02 5.636753906250000000e+03 5.636041873084950566e+03
6.731442649513483047e+02 5.633151855468750000e+03 5.636036890269164360e+03
6.731646982566453516e+02 5.634129882812500000e+03 5.636031410554503964e+03
6.731851314622908831e+02 5.639516601562500000e+03 5.636025439456023378e+03
6.732055648681707680e+02 5.638111816406250000e+03 5.636018982390203746e+03
6.732259981743991375e+02 5.632795898437500000e+03 5.636012044955950842e+03
6.732464313809759915e+02 5.640084960937500000e+03 5.636004632667971237e+03
6.732668647877871990e+02 5.636173828125000000e+03 5.635996750921714920e+03
6.733077314025722444e+02 5.637792480468750000e+03 5.635979601384409762e+03
6.733281647106632590e+02 5.645533203125000000e+03 5.635970344571258465e+03
6.733485979186370969e+02 5.634333007812500000e+03 5.635960640454219174e+03
6.733690313273109496e+02 5.633174316406250000e+03 5.635950494394870475e+03
6.733894646363332868e+02 5.639279785156250000e+03 5.635939912046803329e+03
6.734098978457041085e+02 5.634105468750000000e+03 5.635928898924080386e+03
6.734303312557749450e+02 5.633253906250000000e+03 5.635917460369368200e+03
6.734507645657286048e+02 5.638333496093750000e+03 5.635905602055658164e+03
6.734711979757994413e+02 5.637351562500000000e+03 5.635893329374519453e+03
6.735120644979178905e+02 5.646155273437500000e+03 5.635867563306159354e+03
6.735324979093857110e+02 5.630022460937500000e+03 5.635854080745607462e+03
6.735529311210848391e+02 5.638303710937500000e+03 5.635840206043323633e+03
6.735733644333668053e+02 5.639037109375000000e+03 5.635825944505925690e+03
6.735937978457659483e+02 5.640471191406250000e+03 5.635811301635802920e+03
6.736142311585135758e+02 5.631881347656250000e+03 5.635796283083842354e+03
6.736346643716096878e+02 5.642702148437500000e+03 5.635780894363222615e+03
6.736550977854058146e+02 5.639955566406250000e+03 5.635765140752748266e+03
6.736755310990847647e+02 5.639478515625000000e+03 5.635749027989380920e+03
6.736959644132293761e+02 5.634517089843750000e+03 5.635732561504166370e+03
6.737163977278396487e+02 5.638789062500000000e+03 5.635715746804802620e+03
6.737368310429155827e+02 5.638978027343750000e+03 5.635698589398991317e+03
6.737572644581086934e+02 5.631228515625000000e+03 5.635681094708300407e+03
6.737776976735331118e+02 5.630902343750000000e+03 5.635663268499646620e+03
6.737981309900060296e+02 5.634648437500000000e+03 5.635645116020710702e+03
6.738185644061304629e+02 5.627596191406250000e+03 5.635626642775693654e+03
6.738389976224862039e+02 5.643103515625000000e+03 5.635607854545343798e+03
6.738594309398904443e+02 5.632187988281250000e+03 5.635588756563060088e+03
6.738798643569462001e+02 5.636723632812500000e+03 5.635569354333350020e+03
6.739002975746989250e+02 5.635583007812500000e+03 5.635549653650005894e+03
6.739207309926860034e+02 5.633532714843750000e+03 5.635529659635554708e+03
6.739411642113700509e+02 5.637799804687500000e+03 5.635509378188613482e+03
6.739615975301712751e+02 5.626917480468750000e+03 5.635488814521791937e+03
6.739820309490896761e+02 5.631813476562500000e+03 5.635467974138711725e+03
6.740024641687050462e+02 5.628507324218750000e+03 5.635446862854470055e+03
6.740228974884375930e+02 5.637255859375000000e+03 5.635425485869400291e+03
6.740433309087529778e+02 5.630843750000000000e+03 5.635403848686866695e+03
6.740637641292996705e+02 5.628971679687500000e+03 5.635381957134512049e+03
6.740841975500807166e+02 5.633204101562500000e+03 5.635359816291542302e+03
6.741046308712102473e+02 5.636133789062500000e+03 5.635337431988799835e+03
6.741250641928054392e+02 5.642244140625000000e+03 5.635314809626125680e+03
6.741454975148662925e+02 5.633918457031250000e+03 5.635291954711226936e+03
6.741659308369271457e+02 5.634794433593750000e+03 5.635268872752350944e+03
6.741863641599193215e+02 5.635263671875000000e+03 5.635245569256156159e+03
6.742067974829114974e+02 5.632144531250000000e+03 5.635222049731420157e+03
6.742272308059036732e+02 5.632838378906250000e+03 5.635198319685874594e+03
6.742476641298271716e+02 5.636029296875000000e+03 5.635174384626153369e+03
6.742680975538678467e+02 5.640605468750000000e+03 5.635150249942334085e+03
6.742885307781398296e+02 5.636183593750000000e+03 5.635125921497781746e+03
6.743089642031118274e+02 5.624230468750000000e+03 5.635101404323445422e+03
6.743293975279666483e+02 5.634120117187500000e+03 5.635076704286612767e+03
6.743498307531699538e+02 5.639289550781250000e+03 5.635051826897097271e+03
6.743702641790732741e+02 5.629432617187500000e+03 5.635026777295663123e+03
6.743906975053250790e+02 5.635856445312500000e+03 5.635001561356987622e+03
6.744111307319253683e+02 5.628655273437500000e+03 5.634976184591196215e+03
6.744315641582943499e+02 5.634390625000000000e+03 5.634950652133005860e+03
6.744519974859431386e+02 5.630424804687500000e+03 5.634924969861986028e+03
6.744724307130090892e+02 5.633791015625000000e+03 5.634899143290364009e+03
6.744928641412407160e+02 5.631628906250000000e+03 5.634873177543438942e+03
6.745132974693551660e+02 5.633661621093750000e+03 5.634847078510785650e+03
6.745337307979352772e+02 5.631722656250000000e+03 5.634820851572649190e+03
6.745541641269810498e+02 5.639640625000000000e+03 5.634794502236754852e+03
6.745745973559096456e+02 5.638253417968750000e+03 5.634768036141388620e+03
6.745950307855382562e+02 5.637446289062500000e+03 5.634741458403817887e+03
6.746154641159810126e+02 5.629369140625000000e+03 5.634714774921021672e+03
6.746358973458409309e+02 5.627247558593750000e+03 5.634687991204073114e+03
6.746563307768665254e+02 5.630984863281250000e+03 5.634661112364464316e+03
6.746767641077749431e+02 5.630320800781250000e+03 5.634634144305559857e+03
6.746971975392661989e+02 5.649490234375000000e+03 5.634607092270266548e+03
6.747176307709887624e+02 5.634705078125000000e+03 5.634579962164545577e+03
6.747380641028285027e+02 5.637756835937500000e+03 5.634552759098516617e+03
6.747584975352510810e+02 5.628122558593750000e+03 5.634525488578268778e+03
6.747789307683706284e+02 5.636892578125000000e+03 5.634498156512229798e+03
6.747993641011416912e+02 5.628833984375000000e+03 5.634470768008684900e+03
6.748197975349612534e+02 5.638551757812500000e+03 5.634443328572712744e+03
6.748402308686636388e+02 5.629090820312500000e+03 5.634415843982210390e+03
6.748606641027145088e+02 5.624528320312500000e+03 5.634388319744910405e+03
6.748810975374653935e+02 5.623964355468750000e+03 5.634360760963704706e+03
6.749015308720991015e+02 5.636280273437500000e+03 5.634333173551807704e+03
6.749219643073156476e+02 5.635547363281250000e+03 5.634305562746047144e+03
6.749423975432291627e+02 5.637303222656250000e+03 5.634277934459527387e+03
6.749628308792598546e+02 5.631281250000000000e+03 5.634250293795254038e+03
6.749832643154077232e+02 5.630779785156250000e+03 5.634222646260824149e+03
6.750036975517868996e+02 5.633427246093750000e+03 5.634194997769765905e+03
6.750241308887489140e+02 5.631349121093750000e+03 5.634167353423403256e+03
6.750445643262937665e+02 5.637092285156250000e+03 5.634139718729584274e+03
6.750649975640699267e+02 5.633352050781250000e+03 5.634112099602154558e+03
6.750854309019632638e+02 5.634180175781250000e+03 5.634084501143381203e+03
6.751058643404394388e+02 5.638662109375000000e+03 5.634056928860727567e+03
6.751262975791469216e+02 5.635244628906250000e+03 5.634029388666999694e+03
6.751467310185544193e+02 5.639403808593750000e+03 5.634001885530224172e+03
6.751671643578447402e+02 5.638699218750000000e+03 5.633974425363329829e+03
6.751875975974835455e+02 5.632156738281250000e+03 5.633947013672763205e+03
6.752080310378223658e+02 5.637745605468750000e+03 5.633919655563728156e+03
6.752284642783924937e+02 5.640640625000000000e+03 5.633892357080116199e+03
6.752488976190797985e+02 5.636449218750000000e+03 5.633865123328583650e+03
6.752693310603499413e+02 5.633303222656250000e+03 5.633837959817250521e+03
6.752897643018513918e+02 5.640063964843750000e+03 5.633810872452598232e+03
6.753101977440528572e+02 5.636381347656250000e+03 5.633783866211532768e+03
6.753306310861371458e+02 5.635996582031250000e+03 5.633756946999994398e+03
6.753510644286870956e+02 5.625366210937500000e+03 5.633730120192591130e+03
6.753714977717027068e+02 5.636114746093750000e+03 5.633703391297078269e+03
6.753919311151839793e+02 5.627625000000000000e+03 5.633676765821207482e+03
6.754123644586652517e+02 5.632768554687500000e+03 5.633650249273334339e+03
6.754327978026121855e+02 5.641191406250000000e+03 5.633623847160608420e+03
6.754532311470247805e+02 5.633021972656250000e+03 5.633597564990784122e+03
6.754736644919030368e+02 5.636119628906250000e+03 5.633571408271614928e+03
6.754940979368984699e+02 5.634046386718750000e+03 5.633545382384261757e+03
6.755145311825908720e+02 5.632005371093750000e+03 5.633519493216861520e+03
6.755349646280519664e+02 5.633277343750000000e+03 5.633493745771575050e+03
6.755553979743272066e+02 5.634424804687500000e+03 5.633468145933913547e+03
6.755758312209509313e+02 5.630230468750000000e+03 5.633442699210017054e+03
6.755962646678090096e+02 5.633741699218750000e+03 5.633417410735324665e+03
6.756166980150155723e+02 5.632984863281250000e+03 5.633392286389909714e+03
6.756371312625706196e+02 5.632381347656250000e+03 5.633367331679082781e+03
6.756575647103600204e+02 5.645746582031250000e+03 5.633342551745628953e+03
6.756779980584979057e+02 5.639083984375000000e+03 5.633317952462278299e+03
6.756984315072186291e+02 5.641543945312500000e+03 5.633293539095794586e+03
6.757188647561706603e+02 5.630608886718750000e+03 5.633269317511400914e+03
6.757392981057055295e+02 5.637446777343750000e+03 5.633245292859402980e+03
6.757597315553575754e+02 5.633472167968750000e+03 5.633221470651043091e+03
6.757801648052409291e+02 5.630796386718750000e+03 5.633197856742183831e+03
6.758005981557071209e+02 5.643291503906250000e+03 5.633174456291948445e+03
6.758210316062904894e+02 5.623326660156250000e+03 5.633151274811803887e+03
6.758414648571051657e+02 5.632004882812500000e+03 5.633128318148092148e+03
6.758618982089683414e+02 5.631824218750000000e+03 5.633105591468960483e+03
6.758823315603658557e+02 5.629997070312500000e+03 5.633083100396757800e+03
6.759027649126946926e+02 5.640173828125000000e+03 5.633060850437706904e+03
6.759231983651407063e+02 5.637469726562500000e+03 5.633038846993397783e+03
6.759436316182836890e+02 5.633201660156250000e+03 5.633017095892186262e+03
6.759640649710781872e+02 5.633485839843750000e+03 5.632995602321734623e+03
6.759844984249211848e+02 5.634721679687500000e+03 5.632974371792164675e+03
6.760049317786470056e+02 5.634165039062500000e+03 5.632953410020283627e+03
6.760253650331869721e+02 5.630194335937500000e+03 5.632932722508920961e+03
6.760457984874956310e+02 5.629889160156250000e+03 5.632912314465208510e+03
6.760662318426184356e+02 5.636259277343750000e+03 5.632892191697563248e+03
6.760866650976240635e+02 5.638418945312500000e+03 5.632872359710446290e+03
6.761070985533297062e+02 5.636805175781250000e+03 5.632852823721822460e+03
6.761275319093838334e+02 5.619815429687500000e+03 5.632833589528816447e+03
6.761479653660207987e+02 5.623047851562500000e+03 5.632814662450784454e+03
6.761683986224234104e+02 5.625969238281250000e+03 5.632796048271845393e+03
6.761888319794088602e+02 5.626774414062500000e+03 5.632777752223422794e+03
6.762092654369771481e+02 5.639185546875000000e+03 5.632759779818012248e+03
6.762296986947767437e+02 5.642306152343750000e+03 5.632742136825166199e+03
6.762501320531591773e+02 5.635035644531250000e+03 5.632724828490893742e+03
6.762909987703897059e+02 5.629582519531250000e+03 5.632691238091719242e+03
6.763114322293549776e+02 5.627024902343750000e+03 5.632674966963500992e+03
6.763318655891343951e+02 5.636466308593750000e+03 5.632659052692464684e+03
6.763522988487966359e+02 5.630317871093750000e+03 5.632643500781840885e+03
6.763727323091588914e+02 5.633939941406250000e+03 5.632628316513135360e+03
6.763931656698696315e+02 5.634154785156250000e+03 5.632613505620045544e+03
6.764135989309288561e+02 5.629899414062500000e+03 5.632599073604829755e+03
6.764340323922224343e+02 5.641882812500000000e+03 5.632585025766264152e+03
6.764544657538644969e+02 5.628446777343750000e+03 5.632571367821127751e+03
6.764748990158550441e+02 5.632776855468750000e+03 5.632558105271440581e+03
6.764953324780799448e+02 5.632340820312500000e+03 5.632545243433262840e+03
6.765157658406533301e+02 5.628101074218750000e+03 5.632532788006093142e+03
6.765361992041580379e+02 5.636258789062500000e+03 5.632520744433448272e+03
6.765566325671970844e+02 5.627566894531250000e+03 5.632509118223926635e+03
6.765770659311674535e+02 5.631307617187500000e+03 5.632497914884512284e+03
6.765974992951378226e+02 5.640306640625000000e+03 5.632487139923505310e+03
6.766179326600395143e+02 5.636479492187500000e+03 5.632476798848209910e+03
6.766383660244755447e+02 5.633907714843750000e+03 5.632466897167111711e+03
6.766587993898428977e+02 5.643920410156250000e+03 5.632457440387310271e+03
6.766792327556759119e+02 5.640435058593750000e+03 5.632448434016835563e+03
6.766996662216261029e+02 5.638736328125000000e+03 5.632439883522900345e+03
6.767200995874591172e+02 5.628729492187500000e+03 5.632431794497083501e+03
6.767405328541062772e+02 5.643542480468750000e+03 5.632424172439988979e+03
6.767609663209877908e+02 5.625139648437500000e+03 5.632417022751184049e+03
6.767813996886834502e+02 5.630580078125000000e+03 5.632410351046717551e+03
6.768018329562619328e+02 5.631891601562500000e+03 5.632404162827629079e+03
6.768222664240747690e+02 5.632794433593750000e+03 5.632398463514300602e+03
6.768426997927017510e+02 5.636611816406250000e+03 5.632393258701657032e+03
6.768631330612115562e+02 5.649165039062500000e+03 5.632388553890426920e+03
6.768835665304213762e+02 5.631813476562500000e+03 5.632384354522831927e+03
6.769039998999796808e+02 5.642033691406250000e+03 5.632380666172129168e+03
6.769244333696551621e+02 5.631519531250000000e+03 5.632377494310102520e+03
6.769448666400276124e+02 5.636499511718750000e+03 5.632374844422794922e+03
6.769653000105172396e+02 5.634427246093750000e+03 5.632372717959196052e+03
6.769857334811240435e+02 5.627832031250000000e+03 5.632371110243005205e+03
6.770061667524278164e+02 5.630867187500000000e+03 5.632370016072922226e+03
6.770266001238487661e+02 5.635563964843750000e+03 5.632369430208071208e+03
6.770470334962010384e+02 5.631145996093750000e+03 5.632369347433955227e+03
6.770674668680876493e+02 5.634964843750000000e+03 5.632369762529486252e+03
6.770879002409055829e+02 5.633157714843750000e+03 5.632370670273594442e+03
6.771083337138406932e+02 5.634898925781250000e+03 5.632372065453178038e+03
6.771287669874727726e+02 5.632663574218750000e+03 5.632373942823151083e+03
6.771492004608735442e+02 5.638842773437500000e+03 5.632376297199048167e+03
6.771696338350884616e+02 5.629958007812500000e+03 5.632379123328813876e+03
6.771900671091862023e+02 5.637738281250000000e+03 5.632382415984340696e+03
6.772105005839839578e+02 5.625368164062500000e+03 5.632386169996401804e+03
6.772309339591301978e+02 5.634507324218750000e+03 5.632390380092114356e+03
6.772513672346249223e+02 5.634224121093750000e+03 5.632395041043721903e+03
6.772718007103540003e+02 5.632508789062500000e+03 5.632400147701817332e+03
6.772922340868972242e+02 5.630166992187500000e+03 5.632405694773745381e+03
6.773126675630919635e+02 5.629051269531250000e+03 5.632411677092326499e+03
6.773331008399836719e+02 5.633182617187500000e+03 5.632418089345757835e+03
6.773535342174582183e+02 5.631873046875000000e+03 5.632424926403926293e+03
6.773739676950499415e+02 5.641057617187500000e+03 5.632432183051773791e+03
6.773944009728729725e+02 5.634841796875000000e+03 5.632439853958642743e+03
6.774148343512788415e+02 5.630713867187500000e+03 5.632447934013161102e+03
6.774352678298018873e+02 5.634248046875000000e+03 5.632456418000016129e+03
6.774557011090219021e+02 5.634143554687500000e+03 5.632465300570849649e+03
6.774761344883590937e+02 5.630606445312500000e+03 5.632474576631815580e+03
6.774965679678134620e+02 5.626879394531250000e+03 5.632484240967536607e+03
6.775170012479647994e+02 5.634156250000000000e+03 5.632494288212475112e+03
6.775374347283504903e+02 5.632183105468750000e+03 5.632504713341958450e+03
6.775578681095503271e+02 5.619741210937500000e+03 5.632515510984891080e+03
6.775783013906329870e+02 5.634344726562500000e+03 5.632526675914246880e+03
6.775987348719500005e+02 5.632738769531250000e+03 5.632538203075690035e+03
6.776191682540811598e+02 5.636366210937500000e+03 5.632550087081861420e+03
6.776396016362123191e+02 5.627804687500000000e+03 5.632562322766718353e+03
6.776600350188091397e+02 5.638402832031250000e+03 5.632574904909424731e+03
6.776804684014059603e+02 5.640629882812500000e+03 5.632587828288586934e+03
6.777009017849341035e+02 5.627374023437500000e+03 5.632601087683689912e+03
6.777213351684622467e+02 5.629657714843750000e+03 5.632614677873034452e+03
6.777417685524560511e+02 5.629502441406250000e+03 5.632628593635810830e+03
6.777622019369155169e+02 5.628596191406250000e+03 5.632642829750917372e+03
6.777826353213749826e+02 5.623514160156250000e+03 5.632657380996920438e+03
6.778030687063001096e+02 5.625119628906250000e+03 5.632672242153035768e+03
6.778235020921565592e+02 5.630453613281250000e+03 5.632687407998506387e+03
6.778439354775473475e+02 5.628811523437500000e+03 5.632702873311182884e+03
6.778643688638694584e+02 5.629155761718750000e+03 5.632718632871004957e+03
6.778848023503087461e+02 5.620104003906250000e+03 5.632734681535483105e+03
6.779052356369793415e+02 5.635308105468750000e+03 5.632751013845867419e+03
6.779256691243499517e+02 5.629673828125000000e+03 5.632767624901112868e+03
6.779461025120690465e+02 5.631587890625000000e+03 5.632784509237979364e+03
6.779665357996709645e+02 5.633254882812500000e+03 5.632801661630983290e+03
6.779869692879728973e+02 5.626868652343750000e+03 5.632819077113470485e+03
6.780074026766233146e+02 5.637982910156250000e+03 5.632836750210258288e+03
6.780278359656222165e+02 5.640402343750000000e+03 5.632854675696488812e+03
6.780482694548554718e+02 5.639930175781250000e+03 5.632872848615952535e+03
6.780687028444372118e+02 5.630418945312500000e+03 5.632891263482622890e+03
6.780891361343674362e+02 5.627697265625000000e+03 5.632909915071871183e+03
6.781095696249976754e+02 5.628034667968750000e+03 5.632928798438459125e+03
6.781300030155107379e+02 5.626727050781250000e+03 5.632947908084961455e+03
6.781504365066066384e+02 5.629096191406250000e+03 5.632967238977893430e+03
6.781708697983995080e+02 5.638727539062500000e+03 5.632986785610849438e+03
6.781913031898438931e+02 5.637344238281250000e+03 5.633006543047112245e+03
6.782117366823367774e+02 5.622639648437500000e+03 5.633026506069969400e+03
6.782321699745953083e+02 5.637221679687500000e+03 5.633046669162470607e+03
6.782526033674366772e+02 5.628858398437500000e+03 5.633067027398875325e+03
6.782730368608608842e+02 5.638199218750000000e+03 5.633087575560894038e+03
6.782934701545163989e+02 5.627281738281250000e+03 5.633108308124001269e+03
6.783139036484062672e+02 5.619576660156250000e+03 5.633129220272898237e+03
6.783343370426446199e+02 5.629006347656250000e+03 5.633150306480853033e+03
6.783547704373486340e+02 5.633864257812500000e+03 5.633171561628775635e+03
6.783752038325183094e+02 5.625488769531250000e+03 5.633192980495541633e+03
6.783956372276879847e+02 5.633339843750000000e+03 5.633214557859539127e+03
6.784160705232061446e+02 5.636202148437500000e+03 5.633236288393289215e+03
6.784365040194243193e+02 5.626783691406250000e+03 5.633258167196190698e+03
6.784569374159909785e+02 5.625160644531250000e+03 5.633280188726601409e+03
6.784773707124404609e+02 5.633317382812500000e+03 5.633302347760824887e+03
6.784978042100556195e+02 5.632334472656250000e+03 5.633324639405453127e+03
6.785182376070879400e+02 5.631892089843750000e+03 5.633347058111126898e+03
6.785386711051687598e+02 5.630585937500000000e+03 5.633369598877885437e+03
6.785591044034808874e+02 5.626882324218750000e+03 5.633392256151892070e+03
6.785795378019101918e+02 5.634972167968750000e+03 5.633415025043696915e+03
6.785999713009223342e+02 5.626281250000000000e+03 5.633437900334288315e+03
6.786204046001657844e+02 5.643032714843750000e+03 5.633460876465540423e+03
6.786408379999920726e+02 5.633067382812500000e+03 5.633483948553317532e+03
6.786612714994698763e+02 5.632603515625000000e+03 5.633507111376808098e+03
6.786817048001103103e+02 5.633650878906250000e+03 5.633530359375879925e+03
6.787021382008679211e+02 5.632344726562500000e+03 5.633553687668925704e+03
6.787225717017427087e+02 5.633103515625000000e+03 5.633577091035951526e+03
6.787430050033144653e+02 5.639624023437500000e+03 5.633600563912357757e+03
6.787634385051205754e+02 5.640499023437500000e+03 5.633624101535948284e+03
6.787838719072751701e+02 5.629355468750000000e+03 5.633647698340605530e+03
6.788043052097782493e+02 5.638605468750000000e+03 5.633671349104364708e+03
6.788247387125156820e+02 5.634180175781250000e+03 5.633695048953564765e+03
6.788451721156015992e+02 5.629562988281250000e+03 5.633718792319594286e+03
6.788656055191531777e+02 5.631096191406250000e+03 5.633742574097319448e+03
6.788860389231704175e+02 5.636140625000000000e+03 5.633766389065606745e+03
6.789064723271876574e+02 5.639950683593750000e+03 5.633790232002771518e+03
6.789269058322533965e+02 5.639455566406250000e+03 5.633814097805749043e+03
6.789473391370847821e+02 5.637595214843750000e+03 5.633837980901362243e+03
6.789677725424990058e+02 5.633036621093750000e+03 5.633861876419963664e+03
6.789882059479132295e+02 5.630464843750000000e+03 5.633885779022886709e+03
6.790086393542587757e+02 5.634867675781250000e+03 5.633909683490081079e+03
6.790290727606043220e+02 5.658761230468750000e+03 5.633933584599313690e+03
6.790495062675327063e+02 5.629733886718750000e+03 5.633957477247024144e+03
6.790699395742267370e+02 5.649179687500000000e+03 5.633981355860420081e+03
6.790903729819692671e+02 5.636415527343750000e+03 5.634005215570551627e+03
6.791108064898289740e+02 5.636034179687500000e+03 5.634029051154871922e+03
6.791312397979199886e+02 5.633743164062500000e+03 5.634052857042624964e+03
6.791516733062453568e+02 5.633164062500000000e+03 5.634076628478658677e+03
6.791721067153848708e+02 5.638816406250000000e+03 5.634100359893227505e+03
6.791925400244072080e+02 5.626597167968750000e+03 5.634124046064725917e+03
6.792129735341295600e+02 5.637441406250000000e+03 5.634147682120360514e+03
6.792334069442003965e+02 5.643223632812500000e+03 5.634171262491174275e+03
6.792742737652733922e+02 5.638637695312500000e+03 5.634218235641015781e+03
6.792947071762755513e+02 5.631827636718750000e+03 5.634241617977751957e+03
6.793151406873948872e+02 5.628808593750000000e+03 5.634264923974473277e+03
6.793355739992111921e+02 5.635456542968750000e+03 5.634288148069105773e+03
6.793560074116103351e+02 5.644054687500000000e+03 5.634311285381954804e+03
6.793764409236609936e+02 5.636474121093750000e+03 5.634334330689501257e+03
6.793968742368742824e+02 5.638284179687500000e+03 5.634357278434656109e+03
6.794173076497390866e+02 5.637879882812500000e+03 5.634380123732213178e+03
6.794377411636523902e+02 5.641843261718750000e+03 5.634402861361037139e+03
6.794581744773313403e+02 5.630335449218750000e+03 5.634425485765535996e+03
6.794786078915931284e+02 5.627561523437500000e+03 5.634447992058477212e+03
6.794990414064377546e+02 5.626622070312500000e+03 5.634470375016927392e+03
6.795194748211652040e+02 5.625003906250000000e+03 5.634492629199865405e+03
6.795399082363583148e+02 5.630936035156250000e+03 5.634514749496624063e+03
6.795603416520170867e+02 5.639330078125000000e+03 5.634536730686042574e+03
6.795807750681415200e+02 5.639885742187500000e+03 5.634558567546962877e+03
6.796012084847316146e+02 5.634579101562500000e+03 5.634580254858230546e+03
6.796216419013217092e+02 5.633709960937500000e+03 5.634601787398190936e+03
6.796420752182602882e+02 5.633714843750000000e+03 5.634623159841867164e+03
6.796625087358988822e+02 5.635099609375000000e+03 5.634644367281049199e+03
6.796829421538859606e+02 5.647325195312500000e+03 5.634665404181623671e+03
6.797033754722215235e+02 5.641961914062500000e+03 5.634686265324968190e+03
6.797238089903257787e+02 5.636872070312500000e+03 5.634706945794310741e+03
6.797442424097098410e+02 5.642978027343750000e+03 5.634727440065044902e+03
6.797646759287454188e+02 5.632378417968750000e+03 5.634747743114916375e+03
6.797851092484779656e+02 5.643084472656250000e+03 5.634767849427153124e+03
6.798055426683276892e+02 5.644135253906250000e+03 5.634787754076673082e+03
6.798259761887602508e+02 5.630767578125000000e+03 5.634807451839769783e+03
6.798464095089584589e+02 5.626160156250000000e+03 5.634826937206844377e+03
6.798668429302051663e+02 5.633691894531250000e+03 5.634846205245608871e+03
6.798872764515690506e+02 5.633087890625000000e+03 5.634865250730781554e+03
6.799077097736299038e+02 5.638286621093750000e+03 5.634884068163773918e+03
6.799281432954594493e+02 5.625232910156250000e+03 5.634902652690906507e+03
6.799485767181031406e+02 5.633017089843750000e+03 5.634920998817387954e+03
6.799690100410953164e+02 5.632962890625000000e+03 5.634939101325163392e+03
6.799894435638561845e+02 5.636171386718750000e+03 5.634956955256528090e+03
6.800098769874311984e+02 5.635891601562500000e+03 5.634974555127266285e+03
6.800303104114718735e+02 5.647914062500000000e+03 5.634991895803885200e+03
6.800507438355125487e+02 5.640072265625000000e+03 5.635008972064828413e+03
6.800711772604845464e+02 5.635265136718750000e+03 5.635025778689699109e+03
6.800916106854565442e+02 5.632006835937500000e+03 5.635042310456557971e+03
6.801120441104285419e+02 5.636728027343750000e+03 5.635058562144249663e+03
6.801324775363318622e+02 5.627956054687500000e+03 5.635074528532339173e+03
6.801529110623523593e+02 5.641799316406250000e+03 5.635090204475009159e+03
6.801733444887213409e+02 5.630705078125000000e+03 5.635105584597817142e+03
6.801937778154388070e+02 5.638488281250000000e+03 5.635120663683968814e+03
6.802142113428562880e+02 5.639843750000000000e+03 5.635135436731700793e+03
6.802346447701565921e+02 5.638260253906250000e+03 5.635149898300093810e+03
6.802550780982710421e+02 5.635795898437500000e+03 5.635164043173244863e+03
6.802755116261541843e+02 5.638743164062500000e+03 5.635177866334584905e+03
6.802959449547342956e+02 5.632687988281250000e+03 5.635191362293006023e+03
6.803163784835487604e+02 5.634728027343750000e+03 5.635204526091185471e+03
6.803368119127117097e+02 5.638348144531250000e+03 5.635217352312301045e+03
6.803572452426888049e+02 5.634146484375000000e+03 5.635229835740453382e+03
6.803776787724345922e+02 5.642277832031250000e+03 5.635241971334566188e+03
6.803981122029945254e+02 5.637930175781250000e+03 5.635253753693348699e+03
6.804185455339029431e+02 5.637266113281250000e+03 5.635265177600565039e+03
6.804389790645800531e+02 5.639336425781250000e+03 5.635276237999796649e+03
6.804594124960713089e+02 5.636209472656250000e+03 5.635286929505364242e+03
6.804798458279110491e+02 5.640375488281250000e+03 5.635297246901286599e+03
6.805002793599851429e+02 5.631228027343750000e+03 5.635307185115036191e+03
6.805207127924077213e+02 5.646292968750000000e+03 5.635316738776782586e+03
6.805411463254131377e+02 5.626864257812500000e+03 5.635325902758903794e+03
6.805615796581842005e+02 5.636032714843750000e+03 5.635334671708203132e+03
6.805820130920037627e+02 5.635733398437500000e+03 5.635343040535704858e+03
6.806024466259405017e+02 5.629348632812500000e+03 5.635351004013913553e+03
6.806228799601085484e+02 5.633329589843750000e+03 5.635358556807788773e+03
6.806433133948594332e+02 5.629567382812500000e+03 5.635365693810185803e+03
6.806637469297274947e+02 5.634500976562500000e+03 5.635372409793615589e+03
6.806841802652925253e+02 5.636746093750000000e+03 5.635378699441593199e+03
6.807046137009747326e+02 5.643914550781250000e+03 5.635384557628239236e+03
6.807250472372397780e+02 5.631957031250000000e+03 5.635389979126122853e+03
6.807454806733876467e+02 5.632125976562500000e+03 5.635394958660797784e+03
6.807659141100011766e+02 5.640572265625000000e+03 5.635399491038833730e+03
6.807863475475460291e+02 5.634077636718750000e+03 5.635403571039121744e+03
6.808067809850908816e+02 5.634991210937500000e+03 5.635407193440282754e+03
6.808272145227529109e+02 5.636291503906250000e+03 5.635410353035487788e+03
6.808476478611119092e+02 5.637313476562500000e+03 5.635413044560667004e+03
6.808680812995880842e+02 5.632160644531250000e+03 5.635415262837517730e+03
6.808885148381814361e+02 5.631464843750000000e+03 5.635417002637877886e+03
6.809089481774717569e+02 5.637622070312500000e+03 5.635418258718595098e+03
6.809293817174620926e+02 5.634202148437500000e+03 5.635419025883013092e+03
6.809498150572180748e+02 5.633487792968750000e+03 5.635419298894925305e+03
6.809702484980225563e+02 5.634278320312500000e+03 5.635419072540799789e+03
6.809906820384785533e+02 5.639637695312500000e+03 5.635418341592090655e+03
6.810111153796315193e+02 5.635877929687500000e+03 5.635417100842039872e+03
6.810315488209016621e+02 5.639487792968750000e+03 5.635415345055023863e+03
6.810519823627546430e+02 5.639824707031250000e+03 5.635413069002205702e+03
6.810724157048389316e+02 5.637992675781250000e+03 5.635410267499688416e+03
6.810928491475060582e+02 5.636303710937500000e+03 5.635406935288961904e+03
6.811132826902903616e+02 5.640534667968750000e+03 5.635403067141075553e+03
6.811337160333059728e+02 5.628806152343750000e+03 5.635398657895573706e+03
6.811541495770215988e+02 5.632740722656250000e+03 5.635393702244800807e+03
6.811745830210857093e+02 5.645269531250000000e+03 5.635388195036366596e+03
6.811950163654983044e+02 5.637399414062500000e+03 5.635382131057203878e+03
6.812154499101452529e+02 5.634694335937500000e+03 5.635375504993010509e+03
6.812358833551406860e+02 5.629840820312500000e+03 5.635368313437508732e+03
6.812563168006017804e+02 5.631512207031250000e+03 5.635360559819057016e+03
6.812767502460628748e+02 5.630614257812500000e+03 5.635352249355109961e+03
6.812971836924552917e+02 5.631084960937500000e+03 5.635343387262538272e+03
6.813176172389648855e+02 5.628184082031250000e+03 5.635333978711572854e+03
6.813380505857057869e+02 5.639946777343750000e+03 5.635324029061560395e+03
6.813584840325638652e+02 5.636976074218750000e+03 5.635313543387713253e+03
6.813789175804704428e+02 5.634481933593750000e+03 5.635302526898971337e+03
6.813993510282598436e+02 5.629188964843750000e+03 5.635290984921070049e+03
6.814197843763977289e+02 5.631519531250000000e+03 5.635278922678707204e+03
6.814402179252356291e+02 5.630171875000000000e+03 5.635266345208036000e+03
6.814606513739563525e+02 5.632672363281250000e+03 5.635253257907727857e+03
6.814810847234912217e+02 5.642224121093750000e+03 5.635239666001896694e+03
6.815015182732604444e+02 5.636522460937500000e+03 5.635225574504954238e+03
6.815219517229124904e+02 5.630820312500000000e+03 5.635210988837663535e+03
6.815423851734958589e+02 5.631571777343750000e+03 5.635195914148800512e+03
6.815628186245448887e+02 5.639045898437500000e+03 5.635180355655951644e+03
6.815832519754767418e+02 5.631855468750000000e+03 5.635164318656490650e+03
6.816036855266429484e+02 5.637992675781250000e+03 5.635147808128495853e+03
6.816241189786233008e+02 5.630175292968750000e+03 5.635130829527695823e+03
6.816445523309521377e+02 5.636623046875000000e+03 5.635113388078571916e+03
6.816649858835153282e+02 5.636571777343750000e+03 5.635095488739049870e+03
6.816854193364270031e+02 5.634932128906250000e+03 5.635077136985755715e+03
6.817058526896871626e+02 5.632554199218750000e+03 5.635058338042568721e+03
6.817262862431816757e+02 5.631342773437500000e+03 5.635039096847607652e+03
6.817467196974903345e+02 5.634524902343750000e+03 5.635019418896856223e+03
6.817671532519161701e+02 5.626116699218750000e+03 5.634999309215700123e+03
6.817875866065733135e+02 5.633311035156250000e+03 5.634978773319706306e+03
6.818080200613476336e+02 5.627256835937500000e+03 5.634957816127886872e+03
6.818284536167047918e+02 5.628420410156250000e+03 5.634936442850896128e+03
6.818488869727589190e+02 5.636963378906250000e+03 5.634914659022701017e+03
6.818693204289302230e+02 5.631952636718750000e+03 5.634892469544366577e+03
6.818897539852187037e+02 5.635430175781250000e+03 5.634869879627274713e+03
6.819101874423213303e+02 5.637648437500000000e+03 5.634846894709051412e+03
6.819306208994239569e+02 5.633757812500000000e+03 5.634823519898311133e+03
6.819510543569922447e+02 5.635238769531250000e+03 5.634799760411811803e+03
6.819714878150261939e+02 5.630931640625000000e+03 5.634775621466826124e+03
6.819919212735258043e+02 5.626354003906250000e+03 5.634751108280629524e+03
6.820123547320254147e+02 5.636931152343750000e+03 5.634726226071068595e+03
6.820327881909906864e+02 5.643498535156250000e+03 5.634700980054864885e+03
6.820532217505387962e+02 5.633360351562500000e+03 5.634675375322973196e+03
6.820736551103182137e+02 5.633536132812500000e+03 5.634649417471645393e+03
6.820940885702148080e+02 5.628562011718750000e+03 5.634623111339787101e+03
6.821145220305770636e+02 5.639588378906250000e+03 5.634596462270415032e+03
6.821349554914049804e+02 5.634025390625000000e+03 5.634569475480810070e+03
6.821553890523500741e+02 5.631902343750000000e+03 5.634542156054218140e+03
6.821758225141093135e+02 5.633188476562500000e+03 5.634514509474403894e+03
6.821962558762170374e+02 5.634217285156250000e+03 5.634486540964044252e+03
6.822166894385591149e+02 5.631017578125000000e+03 5.634458255327612278e+03
6.822575562638230622e+02 5.623154296875000000e+03 5.634400754789337952e+03
6.822779898270964622e+02 5.628308593750000000e+03 5.634371549899537058e+03
6.822984231910668314e+02 5.622580566406250000e+03 5.634342049314762335e+03
6.823188567548058927e+02 5.636331542968750000e+03 5.634312257676184345e+03
6.823392902193590999e+02 5.634913574218750000e+03 5.634282180634842007e+03
6.823597235842607915e+02 5.634916992187500000e+03 5.634251823412860176e+03
6.823801571493968368e+02 5.643656738281250000e+03 5.634221190779966491e+03
6.824005906148813665e+02 5.625881835937500000e+03 5.634190288401021462e+03
6.824210240808315575e+02 5.632343261718750000e+03 5.634159121343888728e+03
6.824414575467817485e+02 5.638085449218750000e+03 5.634127694826581319e+03
6.824618910131976008e+02 5.637083007812500000e+03 5.634096014065680720e+03
6.824823244805447757e+02 5.630783691406250000e+03 5.634064084277748407e+03
6.825027579478919506e+02 5.637739746093750000e+03 5.634031910681526824e+03
6.825231914152391255e+02 5.645860351562500000e+03 5.633999498494325962e+03
6.825436249831691384e+02 5.640964843750000000e+03 5.633966852772193306e+03
6.825640583517961204e+02 5.636131347656250000e+03 5.633933979213215025e+03
6.825844918205402792e+02 5.637209472656250000e+03 5.633900882554637064e+03
6.826049253894016147e+02 5.632979980468750000e+03 5.633867568010528885e+03
6.826253588590770960e+02 5.630856933593750000e+03 5.633834041123150200e+03
6.826457922286354005e+02 5.639742675781250000e+03 5.633800307114406678e+03
6.826662257988937199e+02 5.629663085937500000e+03 5.633766370703478060e+03
6.826866592695005238e+02 5.629520996093750000e+03 5.633732237605016053e+03
6.827070926399901509e+02 5.631266601562500000e+03 5.633697913039958621e+03
6.827275262116454542e+02 5.629541503906250000e+03 5.633663401718117711e+03
6.827479596831835806e+02 5.627736816406250000e+03 5.633628709364285896e+03
6.827683931551873684e+02 5.636726562500000000e+03 5.633593841026338850e+03
6.827888266276568174e+02 5.629919921875000000e+03 5.633558801921574741e+03
6.828092601001262665e+02 5.627682128906250000e+03 5.633523597268100275e+03
6.828296935730613768e+02 5.629764160156250000e+03 5.633488232282419631e+03
6.828501270464621484e+02 5.638187011718750000e+03 5.633452712181832794e+03
6.828705605203285813e+02 5.623482421875000000e+03 5.633417042183643389e+03
6.828909939946606755e+02 5.629051269531250000e+03 5.633381227505153220e+03
6.829114274689927697e+02 5.638121093750000000e+03 5.633345273364491732e+03
6.829318610439077020e+02 5.639223144531250000e+03 5.633309184801000811e+03
6.829522944190539420e+02 5.635083984375000000e+03 5.633272967563414568e+03
6.829727278947830200e+02 5.636334960937500000e+03 5.633236626337612506e+03
6.829931614706292748e+02 5.642003906250000000e+03 5.633200166339953284e+03
6.830135948467068374e+02 5.636925781250000000e+03 5.633163593323681198e+03
6.830340283233672380e+02 5.631496093750000000e+03 5.633126911969339744e+03
6.830544619001448154e+02 5.626038085937500000e+03 5.633090127493524960e+03
6.830748953777365386e+02 5.634278320312500000e+03 5.633053245472348863e+03
6.830953287552110851e+02 5.638094726562500000e+03 5.633016271126200081e+03
6.831157623333856463e+02 5.632493164062500000e+03 5.632979209127408467e+03
6.831361958119086921e+02 5.626286132812500000e+03 5.632942065237426505e+03
6.831566292908973992e+02 5.641748535156250000e+03 5.632904844492186385e+03
6.831770627698861063e+02 5.635284667968750000e+03 5.632867552109848475e+03
6.832179298289120197e+02 5.632134765625000000e+03 5.632792773117953402e+03
6.832383632096461952e+02 5.635774902343750000e+03 5.632755297308292938e+03
6.832587966900318861e+02 5.635258789062500000e+03 5.632717770548165390e+03
6.832792302710004151e+02 5.639530761718750000e+03 5.632680198052468768e+03
6.832996636522002518e+02 5.629199707031250000e+03 5.632642585591105671e+03
6.833200972341001034e+02 5.637083984375000000e+03 5.632604937644266101e+03
6.833405307158827782e+02 5.631602539062500000e+03 5.632567259983268741e+03
6.833609640984795988e+02 5.631384765625000000e+03 5.632529557824111180e+03
6.833813976813107729e+02 5.630527832031250000e+03 5.632491835831489880e+03
6.834018311644904315e+02 5.630383789062500000e+03 5.632454099776208750e+03
6.834222645475529134e+02 5.635289062500000000e+03 5.632416354876617334e+03
6.834426981313154101e+02 5.635973632812500000e+03 5.632378605794319810e+03
6.834631315157748759e+02 5.640443847656250000e+03 5.632340858485567878e+03
6.834835650003515184e+02 5.628230468750000000e+03 5.632303117614535950e+03
6.835039985855109990e+02 5.632442871093750000e+03 5.632265388397816423e+03
6.835244319704361260e+02 5.633531738281250000e+03 5.632227676608059483e+03
6.835448655560612679e+02 5.636117675781250000e+03 5.632189986722660251e+03
6.835652990420348942e+02 5.634295410156250000e+03 5.632152324513115673e+03
6.835857324283570051e+02 5.642232910156250000e+03 5.632114695196311004e+03
6.836061660149134696e+02 5.631171386718750000e+03 5.632077103437576625e+03
6.836265995022840798e+02 5.636039062500000000e+03 5.632039555005375405e+03
6.836470329896546900e+02 5.629644042968750000e+03 5.632002054934462649e+03
6.836674664774909616e+02 5.628292968750000000e+03 5.631964608441307064e+03
6.836878999657928944e+02 5.638850097656250000e+03 5.631927220743236830e+03
6.837083334540948272e+02 5.630742187500000000e+03 5.631889897058434144e+03
6.837287669428624213e+02 5.627949707031250000e+03 5.631852642603369532e+03
6.837492004325613379e+02 5.631932128906250000e+03 5.631815462594529890e+03
6.837696340219117701e+02 5.634893066406250000e+03 5.631778362070206640e+03
6.837900675120763481e+02 5.634288574218750000e+03 5.631741346608776439e+03
6.838105009021237493e+02 5.630697265625000000e+03 5.631704421427964917e+03
6.838309344928711653e+02 5.629057128906250000e+03 5.631667591202185577e+03
6.838513679839670658e+02 5.632515625000000000e+03 5.631630861690849088e+03
6.838718013754114509e+02 5.634326171875000000e+03 5.631594238109772050e+03
6.838922349670901895e+02 5.628065429687500000e+03 5.631557725139590730e+03
6.839126684591174126e+02 5.637837890625000000e+03 5.631521328534332497e+03
6.839331020517274737e+02 5.627704101562500000e+03 5.631485053154727211e+03
6.839535354441031814e+02 5.632483398437500000e+03 5.631448904751219743e+03
6.839739689375273883e+02 5.629529785156250000e+03 5.631412888007214860e+03
6.839944025310687721e+02 5.626452636718750000e+03 5.631377008143664170e+03
6.840148359253071249e+02 5.621977050781250000e+03 5.631341270902632459e+03
6.840352694191969931e+02 5.623652832031250000e+03 5.631305680977532575e+03
6.840557029140181839e+02 5.634928710937500000e+03 5.631270243758723154e+03
6.840761364088393748e+02 5.639952636718750000e+03 5.631234964465156736e+03
6.840965698044747114e+02 5.640141601562500000e+03 5.631199848484216091e+03
6.841170033998787403e+02 5.637969238281250000e+03 5.631164900520689116e+03
6.841374368960969150e+02 5.630150878906250000e+03 5.631130126304469741e+03
6.841578704924322665e+02 5.619511718750000000e+03 5.631095530713778317e+03
6.841783038894645870e+02 5.632016601562500000e+03 5.631061119471556594e+03
6.841987373866140842e+02 5.626477050781250000e+03 5.631026897289541012e+03
6.842191709843464196e+02 5.631460449218750000e+03 5.630992869387107930e+03
6.842396043818444014e+02 5.637889648437500000e+03 5.630959041481088207e+03
6.842600378803908825e+02 5.630473632812500000e+03 5.630925418288569745e+03
6.842804714785888791e+02 5.636620605468750000e+03 5.630892005032237648e+03
6.843009049780666828e+02 5.634027832031250000e+03 5.630858807253842315e+03
6.843213384770788252e+02 5.628503906250000000e+03 5.630825830009522178e+03
6.843417719765566289e+02 5.631951171875000000e+03 5.630793078515109300e+03
6.843622054769657552e+02 5.632539062500000000e+03 5.630760557987215179e+03
6.843826389769092202e+02 5.629461425781250000e+03 5.630728273645399895e+03
6.844030724777840078e+02 5.631118164062500000e+03 5.630696230704802474e+03
6.844235059791244566e+02 5.631682617187500000e+03 5.630664434383508706e+03
6.844439395805820823e+02 5.631140625000000000e+03 5.630632889745656030e+03
6.844643729822710156e+02 5.626071289062500000e+03 5.630601602469663703e+03
6.844848064845427871e+02 5.631480468750000000e+03 5.630570577311089437e+03
6.845052400869317353e+02 5.628481933593750000e+03 5.630539819491875278e+03
6.845256734900176525e+02 5.635196289062500000e+03 5.630509334678090454e+03
6.845461070933379233e+02 5.635324218750000000e+03 5.630479127491047620e+03
6.845665405970066786e+02 5.642520019531250000e+03 5.630449203593472703e+03
6.845869740010239184e+02 5.627644042968750000e+03 5.630419568198521119e+03
6.846074076052755117e+02 5.626719238281250000e+03 5.630390226090745273e+03
6.846278411103412509e+02 5.632965820312500000e+03 5.630361182919635212e+03
6.846482745152898133e+02 5.628707519531250000e+03 5.630332443899437749e+03
6.846687081204727292e+02 5.619462890625000000e+03 5.630304013827319977e+03
6.846891416264697909e+02 5.624433593750000000e+03 5.630275898339516061e+03
6.847095750323496759e+02 5.625079101562500000e+03 5.630248102650006331e+03
6.847300086393952370e+02 5.624268554687500000e+03 5.630220631568690806e+03
6.847504420462064445e+02 5.632040527343750000e+03 5.630193490852540890e+03
6.847708756532520056e+02 5.640352539062500000e+03 5.630166685187005896e+03
6.847913091611117125e+02 5.630166015625000000e+03 5.630140220184715872e+03
6.848117425688542426e+02 5.637122070312500000e+03 5.630114101059197310e+03
6.848321761772967875e+02 5.629672363281250000e+03 5.630088332645844275e+03
6.848526096860878170e+02 5.631361328125000000e+03 5.630062920543383370e+03
6.848730431948788464e+02 5.634369140625000000e+03 5.630037869842622968e+03
6.848934767041355371e+02 5.634084960937500000e+03 5.630013185760348279e+03
6.849139102138578892e+02 5.647192382812500000e+03 5.629988873513922044e+03
6.849343438241630793e+02 5.636411132812500000e+03 5.629964938204367172e+03
6.849547773348167539e+02 5.631534667968750000e+03 5.629941385283626005e+03
6.849752107453532517e+02 5.629089355468750000e+03 5.629918219963927186e+03
6.849956443570554256e+02 5.632843261718750000e+03 5.629895447123950362e+03
6.850160778681747615e+02 5.630359863281250000e+03 5.629873072320244319e+03
6.850365112805739045e+02 5.629989746093750000e+03 5.629851100762249189e+03
6.850569448927417397e+02 5.628020019531250000e+03 5.629829537349365637e+03
6.850773784052580595e+02 5.632357910156250000e+03 5.629808387617927110e+03
6.850978118185885251e+02 5.629204101562500000e+03 5.629787656778718883e+03
6.851182454316876829e+02 5.627185058593750000e+03 5.629767349748897686e+03
6.851386789456009865e+02 5.630993164062500000e+03 5.629747472046048642e+03
6.851591125596314669e+02 5.626530273437500000e+03 5.629728028693725719e+03
6.851795459738932550e+02 5.629413574218750000e+03 5.629709025191416004e+03
6.851999794887378812e+02 5.632726562500000000e+03 5.629690466473921333e+03
6.852408465198241174e+02 5.630389648437500000e+03 5.629654704545446293e+03
6.852612800356000662e+02 5.629219238281250000e+03 5.629637511769607045e+03
6.852817136519588530e+02 5.634825195312500000e+03 5.629620784661448852e+03
6.853021470685489476e+02 5.626771484375000000e+03 5.629604528680772091e+03
6.853225806853733957e+02 5.627093261718750000e+03 5.629588748726748236e+03
6.853430142025463283e+02 5.625610351562500000e+03 5.629573450251837130e+03
6.853634476205334067e+02 5.637498046875000000e+03 5.629558638465974582e+03
6.853838812382891774e+02 5.626374511718750000e+03 5.629544318373419628e+03
6.854043146567419171e+02 5.624741699218750000e+03 5.629530495471175527e+03
6.854247481757774949e+02 5.631172363281250000e+03 5.629517174770106067e+03
6.854451817949302495e+02 5.634143066406250000e+03 5.629504361495301055e+03
6.854656153144314885e+02 5.631619628906250000e+03 5.629492060989416132e+03
6.854860487342812121e+02 5.629808593750000000e+03 5.629480278462258866e+03
6.855064823543652892e+02 5.629633300781250000e+03 5.629469018529713139e+03
6.855269158747978508e+02 5.625045898437500000e+03 5.629458281062324204e+03
6.855473493961617351e+02 5.628036621093750000e+03 5.629448062397930698e+03
6.855677829175256193e+02 5.627227539062500000e+03 5.629438358875166159e+03
6.855882164388895035e+02 5.634240722656250000e+03 5.629429166832158444e+03
6.856086499607190490e+02 5.632252441406250000e+03 5.629420482606848054e+03
6.856290834834799170e+02 5.625737792968750000e+03 5.629412302537220967e+03
6.856495170062407851e+02 5.623274414062500000e+03 5.629404622961810674e+03
6.856699506291188300e+02 5.630453613281250000e+03 5.629397440184767220e+03
6.856903840526938438e+02 5.626196777343750000e+03 5.629390750645872686e+03
6.857108176765032113e+02 5.629438476562500000e+03 5.629384550552466862e+03
6.857312512006610632e+02 5.613681152343750000e+03 5.629378836337274151e+03
6.857516846256330609e+02 5.625143066406250000e+03 5.629373604331230126e+03
6.857721182503737509e+02 5.630935546875000000e+03 5.629368850799459324e+03
6.857925517754629254e+02 5.625587890625000000e+03 5.629364572153251174e+03
6.858129852013662457e+02 5.625237304687500000e+03 5.629360764723734974e+03
6.858334188270382583e+02 5.636157714843750000e+03 5.629357424796792657e+03
6.858538523535244167e+02 5.631406738281250000e+03 5.629354548762862578e+03
6.858742857803590596e+02 5.632683105468750000e+03 5.629352132953392356e+03
6.858947194074280560e+02 5.627291015625000000e+03 5.629350173674438338e+03
6.859151529348455369e+02 5.626680664062500000e+03 5.629348667296239910e+03
6.859355864627286792e+02 5.628998046875000000e+03 5.629347610146242005e+03
6.859560199906118214e+02 5.634059082031250000e+03 5.629346998562612498e+03
6.859764535194262862e+02 5.631041503906250000e+03 5.629346828883481066e+03
6.859968870482407510e+02 5.628817871093750000e+03 5.629347097447011038e+03
6.860173205775208771e+02 5.631786621093750000e+03 5.629347800591350278e+03
6.860377541072666645e+02 5.628779785156250000e+03 5.629348934654656659e+03
6.861194882290437818e+02 5.624275878906250000e+03 5.629357706860362669e+03
6.861399217606522143e+02 5.619022460937500000e+03 5.629360940590704558e+03
6.861603553923778236e+02 5.617370605468750000e+03 5.629364583287677306e+03
6.861807889244519174e+02 5.624705078125000000e+03 5.629368631253790227e+03
6.862012223568744957e+02 5.617721679687500000e+03 5.629373080821265830e+03
6.862216559899970889e+02 5.620381347656250000e+03 5.629377928396595053e+03
6.862420895230025053e+02 5.628534667968750000e+03 5.629383170249469003e+03
6.862625229568220675e+02 5.636621093750000000e+03 5.629388802712506731e+03
6.862829565908759832e+02 5.623584960937500000e+03 5.629394822209244921e+03
6.863033901248127222e+02 5.633036621093750000e+03 5.629401224992168864e+03
6.863238237597979605e+02 5.631762695312500000e+03 5.629408007462418027e+03
6.863442571945488453e+02 5.635723632812500000e+03 5.629415165855370105e+03
6.863646907298825681e+02 5.633246582031250000e+03 5.629422696611789434e+03
6.863851243657991290e+02 5.636469726562500000e+03 5.629430596075269932e+03
6.864055578019469976e+02 5.633156738281250000e+03 5.629438860465155813e+03
6.864259913382120430e+02 5.624178222656250000e+03 5.629447486238199417e+03
6.864464249750599265e+02 5.622650390625000000e+03 5.629456469738017404e+03
6.864668584121391177e+02 5.631262695312500000e+03 5.629465807168095125e+03
6.864872919498011470e+02 5.626883300781250000e+03 5.629475495001240233e+03
6.865077255875803530e+02 5.621042480468750000e+03 5.629485529580486400e+03
6.865281590260565281e+02 5.626183105468750000e+03 5.629495907094412360e+03
6.865485926647670567e+02 5.627245117187500000e+03 5.629506624084048781e+03
6.865690262038260698e+02 5.629806640625000000e+03 5.629517676732732070e+03
6.865894596432335675e+02 5.634588378906250000e+03 5.629529061373698823e+03
6.866098932828754187e+02 5.636600097656250000e+03 5.629540774514585792e+03
6.866303268228657544e+02 5.630034179687500000e+03 5.629552812324029219e+03
6.866507602632045746e+02 5.622677734375000000e+03 5.629565171135423043e+03
6.866711939042434096e+02 5.632561035156250000e+03 5.629577847470915003e+03
6.866916274451650679e+02 5.624064453125000000e+03 5.629590837484343865e+03
6.867120609870180488e+02 5.629206054687500000e+03 5.629604137575775894e+03
6.867324945288710296e+02 5.626664550781250000e+03 5.629617744082746867e+03
6.867529280707240105e+02 5.618859375000000000e+03 5.629631653343377366e+03
6.867733616135083139e+02 5.626800292968750000e+03 5.629645861696440079e+03
6.867937951567582786e+02 5.625956542968750000e+03 5.629660365479761822e+03
6.868142286995425820e+02 5.626063964843750000e+03 5.629675161030800155e+03
6.868346623433753848e+02 5.633646972656250000e+03 5.629690244763301052e+03
6.868550957874394953e+02 5.627874023437500000e+03 5.629705612791254680e+03
6.868755293320864439e+02 5.644421386718750000e+03 5.629721261676611903e+03
6.868959629768505692e+02 5.634235351562500000e+03 5.629737187761244058e+03
6.869163964218460023e+02 5.626259765625000000e+03 5.629753387147529793e+03
6.869368300670757890e+02 5.627115234375000000e+03 5.629769856490687744e+03
6.869572636131197214e+02 5.630852050781250000e+03 5.629786591889498595e+03
6.869776970595121384e+02 5.627232421875000000e+03 5.629803589677840137e+03
6.869981307061389089e+02 5.628912597656250000e+03 5.629820846445212737e+03
6.870185642526485026e+02 5.635245605468750000e+03 5.629838358277974294e+03
6.870389977004379034e+02 5.629217773437500000e+03 5.629856121511738820e+03
6.870594313479959965e+02 5.627235839843750000e+03 5.629874132745954739e+03
6.870798648959025741e+02 5.627178222656250000e+03 5.629892388056626260e+03
6.871002985443919897e+02 5.630057617187500000e+03 5.629910883960736101e+03
6.871207319931127131e+02 5.630396484375000000e+03 5.629929616522800643e+03
6.871411655419506133e+02 5.634562500000000000e+03 5.629948582354132668e+03
6.871615991913713515e+02 5.632295898437500000e+03 5.629967777796691735e+03
6.871820326414890587e+02 5.630257324218750000e+03 5.629987198905233527e+03
6.872024661917239428e+02 5.631059082031250000e+03 5.630006842300822427e+03
6.872228997424244881e+02 5.629172363281250000e+03 5.630026704227420851e+03
6.872433332931250334e+02 5.628018066406250000e+03 5.630046781022703726e+03
6.872637668442912400e+02 5.619875000000000000e+03 5.630067069025245473e+03
6.872842003959231079e+02 5.631735839843750000e+03 5.630087564573175769e+03
6.873046339480206370e+02 5.631335449218750000e+03 5.630108264004626108e+03
6.873250676002353430e+02 5.630857910156250000e+03 5.630129163760130723e+03
6.873455011532641947e+02 5.632797363281250000e+03 5.630150259973949687e+03
6.873659346061758697e+02 5.631929199218750000e+03 5.630171548980391890e+03
6.873863682593218982e+02 5.632520996093750000e+03 5.630193027431892915e+03
6.874068018132820725e+02 5.635494140625000000e+03 5.630214691353233320e+03
6.874272352675907314e+02 5.622859863281250000e+03 5.630236537079351365e+03
6.874476689216680825e+02 5.626039550781250000e+03 5.630258561269793063e+03
6.874681024770252407e+02 5.636566406250000000e+03 5.630280759942261284e+03
6.874885359317995608e+02 5.645585449218750000e+03 5.630303129430318222e+03
6.875089695877395570e+02 5.634421386718750000e+03 5.630325666403659852e+03
6.875294031435623765e+02 5.632760253906250000e+03 5.630348366869333404e+03
6.875498367999680340e+02 5.631102050781250000e+03 5.630371227388384796e+03
6.875702702566049993e+02 5.631041503906250000e+03 5.630394243961754910e+03
6.875907038138248026e+02 5.628778320312500000e+03 5.630417413264748575e+03
6.876111374711617827e+02 5.620856445312500000e+03 5.630440731637168028e+03
6.876315709287300706e+02 5.630423828125000000e+03 5.630464195073833253e+03
6.876520044868811965e+02 5.631320312500000000e+03 5.630487800256696573e+03
6.876724381456151605e+02 5.636020507812500000e+03 5.630511543525929483e+03
6.876928716041147709e+02 5.625534179687500000e+03 5.630535420869113295e+03
6.877133052637800574e+02 5.626759277343750000e+03 5.630559429093397739e+03
6.877337388228625059e+02 5.624483886718750000e+03 5.630583564183313683e+03
6.877541722832247615e+02 5.624266113281250000e+03 5.630607822477337322e+03
6.877746059433557093e+02 5.625295410156250000e+03 5.630632200668841506e+03
6.877950395038351417e+02 5.635883300781250000e+03 5.630656694739579507e+03
6.878154730647802353e+02 5.626412109375000000e+03 5.630681301146830265e+03
6.878359066261909902e+02 5.631801757812500000e+03 5.630706016228705266e+03
6.878563401880674064e+02 5.635674316406250000e+03 5.630730836323324183e+03
6.878767737499438226e+02 5.627361328125000000e+03 5.630755757768230069e+03
6.878972073127515614e+02 5.630083496093750000e+03 5.630780776902678554e+03
6.879176408755593002e+02 5.631371582031250000e+03 5.630805890063643346e+03
6.879380744388327003e+02 5.637001464843750000e+03 5.630831093589808006e+03
6.879585080021061003e+02 5.643246582031250000e+03 5.630856383818708309e+03
6.879789415658451617e+02 5.643647460937500000e+03 5.630881757089034181e+03
6.879993751305155456e+02 5.637499023437500000e+03 5.630907209739476457e+03
6.880198086951859295e+02 5.639578125000000000e+03 5.630932738106992474e+03
6.880402422598563135e+02 5.634266601562500000e+03 5.630958338529685534e+03
6.880606759255751967e+02 5.633680175781250000e+03 5.630984007472766280e+03
6.880811093910597265e+02 5.640145507812500000e+03 5.631009740895387949e+03
6.881015430572442710e+02 5.628339355468750000e+03 5.631035535640561648e+03
6.881219766233116388e+02 5.629550781250000000e+03 5.631061387667095914e+03
6.881424100901931524e+02 5.627680664062500000e+03 5.631087293313461487e+03
6.881628437573090196e+02 5.636471679687500000e+03 5.631113249297754010e+03
6.882037107925862074e+02 5.625631347656250000e+03 5.631165296490172295e+03
6.882241444610990584e+02 5.628619140625000000e+03 5.631191380756991748e+03
6.882445780294947326e+02 5.623732910156250000e+03 5.631217500332346390e+03
6.882650114987045527e+02 5.630542480468750000e+03 5.631243651555039833e+03
6.882854451681487262e+02 5.624185058593750000e+03 5.631269831146599245e+03
6.883058787374757230e+02 5.634804687500000000e+03 5.631296035060518989e+03
6.883263124078512192e+02 5.624447265625000000e+03 5.631322259892839611e+03
6.883467458779923618e+02 5.622926757812500000e+03 5.631348501594861773e+03
6.883671794487163424e+02 5.629350585937500000e+03 5.631374756890897515e+03
6.883876131200231612e+02 5.628284667968750000e+03 5.631401022119223853e+03
6.884080465910956264e+02 5.628717773437500000e+03 5.631427293231225121e+03
6.884284801632165909e+02 5.635511718750000000e+03 5.631453566952322944e+03
6.884489138354547322e+02 5.633746093750000000e+03 5.631479839619432823e+03
6.884693473079241812e+02 5.630064453125000000e+03 5.631506107185107794e+03
6.884897809810936451e+02 5.641866699218750000e+03 5.631532366502235163e+03
6.885102145541459322e+02 5.641064453125000000e+03 5.631558613522264750e+03
6.885306480280123651e+02 5.638076171875000000e+03 5.631584844584702296e+03
6.885510817016474903e+02 5.638937500000000000e+03 5.631611056411289610e+03
6.885715152760967612e+02 5.635082519531250000e+03 5.631637244956486029e+03
6.885919487508945167e+02 5.632357910156250000e+03 5.631663406558163842e+03
6.886123824259266257e+02 5.640117187500000000e+03 5.631689537938157628e+03
6.886328160013072193e+02 5.635356933593750000e+03 5.631715635050833953e+03
6.886532494770362973e+02 5.642566406250000000e+03 5.631741694234819079e+03
6.886736831534653902e+02 5.631327636718750000e+03 5.631767712210959871e+03
6.886941167297773063e+02 5.629943847656250000e+03 5.631793684934013072e+03
6.887145504066720605e+02 5.629372070312500000e+03 5.631819608997147952e+03
6.887349838837981224e+02 5.639590820312500000e+03 5.631845480357784254e+03
6.887554174615070224e+02 5.627707519531250000e+03 5.631871295734694286e+03
6.887758511393330991e+02 5.624069335937500000e+03 5.631897051464540709e+03
6.887962846178561449e+02 5.621457031250000000e+03 5.631922743508467647e+03
6.888167181964963675e+02 5.627453613281250000e+03 5.631948368581523027e+03
6.888371518757194281e+02 5.633692382812500000e+03 5.631973923021374503e+03
6.888575853551737964e+02 5.627000000000000000e+03 5.631999402791036118e+03
6.888780190348625183e+02 5.635538085937500000e+03 5.632024804727367155e+03
6.888984526148997247e+02 5.633562011718750000e+03 5.632050124795083320e+03
6.889188860957510769e+02 5.644499511718750000e+03 5.632075359334077802e+03
6.889393197763711214e+02 5.635581542968750000e+03 5.632100505051000255e+03
6.889597533578053117e+02 5.633313476562500000e+03 5.632125557915388526e+03
6.889801869392395020e+02 5.635684082031250000e+03 5.632150514387617477e+03
6.890006205211393535e+02 5.633563964843750000e+03 5.632175370806351566e+03
6.890210541035048664e+02 5.635077636718750000e+03 5.632200123509683181e+03
6.890414876863360405e+02 5.633145996093750000e+03 5.632224768835699251e+03
6.890619212691672146e+02 5.636736328125000000e+03 5.632249303121936464e+03
6.890823548529297113e+02 5.630008300781250000e+03 5.632273722707600427e+03
6.891027885363437235e+02 5.629113769531250000e+03 5.632298024047889157e+03
6.891232220204547048e+02 5.638664550781250000e+03 5.632322203126237582e+03
6.891436556051485240e+02 5.628654296875000000e+03 5.632346256636499675e+03
6.891640891898423433e+02 5.629471191406250000e+03 5.632370180797443936e+03
6.891845227750018239e+02 5.634177246093750000e+03 5.632393971947709360e+03
6.892049563606269658e+02 5.625567871093750000e+03 5.632417626425383787e+03
6.892253900463692844e+02 5.644267578125000000e+03 5.632441140682878540e+03
6.892458235323429108e+02 5.639502929687500000e+03 5.632464510714240532e+03
6.892662571193650365e+02 5.635082519531250000e+03 5.632487733202664458e+03
6.892866908060386777e+02 5.641837402343750000e+03 5.632510804482455569e+03
6.893071242938749492e+02 5.627269042968750000e+03 5.632533720555811669e+03
6.893275579814799130e+02 5.630066894531250000e+03 5.632556478207828150e+03
6.893479915694333613e+02 5.634879882812500000e+03 5.632579073441952460e+03
6.893684250577352941e+02 5.634676269531250000e+03 5.632601502598678962e+03
6.893888587467372417e+02 5.638002441406250000e+03 5.632623762344541319e+03
6.894092923360876739e+02 5.631994628906250000e+03 5.632645848689171544e+03
6.894297258253209293e+02 5.629950683593750000e+03 5.632667757972731124e+03
6.894501595152541995e+02 5.631527832031250000e+03 5.632689486854530514e+03
6.894705931055359542e+02 5.632681640625000000e+03 5.632711031351926977e+03
6.894910267959348857e+02 5.628957031250000000e+03 5.632732388013600030e+03
6.895114602870307863e+02 5.620809570312500000e+03 5.632753552866082828e+03
6.895318938782438636e+02 5.622942382812500000e+03 5.632774522559009711e+03
6.895523275700397789e+02 5.629490234375000000e+03 5.632795293428047444e+03
6.895727610620670021e+02 5.638369628906250000e+03 5.632815861507449881e+03
6.895931946546770632e+02 5.627296875000000000e+03 5.632836223439120658e+03
6.896136283474043012e+02 5.637696777343750000e+03 5.632856375557625142e+03
6.896340618403628469e+02 5.637153808593750000e+03 5.632876313906854193e+03
6.896544954339042306e+02 5.631220214843750000e+03 5.632896035119536464e+03
6.896749291275627911e+02 5.633661621093750000e+03 5.632915535530089983e+03
6.896953627220354974e+02 5.626487792968750000e+03 5.632934811286373588e+03
6.897157963165082037e+02 5.627608886718750000e+03 5.632953858821672839e+03
6.897362299114465714e+02 5.639602539062500000e+03 5.632972674474508494e+03
6.897566635068506002e+02 5.629035644531250000e+03 5.632991254582953843e+03
6.897770971022546291e+02 5.639910644531250000e+03 5.633009595534428627e+03
6.897975306981243193e+02 5.640951171875000000e+03 5.633027696745712092e+03
6.898179641948081553e+02 5.627512695312500000e+03 5.633045562265643639e+03
6.898383978917263448e+02 5.640708984375000000e+03 5.633063196898560818e+03
6.898588314885273576e+02 5.630015625000000000e+03 5.633080604927845343e+03
6.898792650857940316e+02 5.631602050781250000e+03 5.633097790985120810e+03
6.898996986839920282e+02 5.630765625000000000e+03 5.633114759615034927e+03
6.899201322821900249e+02 5.628082519531250000e+03 5.633131515361071251e+03
6.899405659805051982e+02 5.642894042968750000e+03 5.633148062848078553e+03
6.899609994795173407e+02 5.628111328125000000e+03 5.633164406379354659e+03
6.899814330786466599e+02 5.624090332031250000e+03 5.633180550740133185e+03
6.900018667783588171e+02 5.633426269531250000e+03 5.633196500472153275e+03
6.900223002783022821e+02 5.630019531250000000e+03 5.633212259886649008e+03
6.900427338783629239e+02 5.632479003906250000e+03 5.633227833760561225e+03
6.900631675794720650e+02 5.636408203125000000e+03 5.633243226636169311e+03
6.900836010803468525e+02 5.633204101562500000e+03 5.633258442832086075e+03
6.901040347819216549e+02 5.631426757812500000e+03 5.633273487191177992e+03
6.901244683838449419e+02 5.631558105468750000e+03 5.633288364035319319e+03
6.901449018856510520e+02 5.647178710937500000e+03 5.633303077910873981e+03
6.901653355881571770e+02 5.626499511718750000e+03 5.633317633577551533e+03
6.901857691910117865e+02 5.635394531250000000e+03 5.633332035364515832e+03
6.902062027943320572e+02 5.631781738281250000e+03 5.633346287887733524e+03
6.902266363976523280e+02 5.641681152343750000e+03 5.633360395691154736e+03
6.902470700019039214e+02 5.632241699218750000e+03 5.633374363319691838e+03
6.902675036061555147e+02 5.636437011718750000e+03 5.633388195316973906e+03
6.902879372108727694e+02 5.633265625000000000e+03 5.633401896227594989e+03
6.903083708155900240e+02 5.630837890625000000e+03 5.633415470595514307e+03
6.903288045213557780e+02 5.626292968750000000e+03 5.633428923031243357e+03
6.903492381270043552e+02 5.627746582031250000e+03 5.633442257946633617e+03
6.903696716330014169e+02 5.633403808593750000e+03 5.633455479887960792e+03
6.903901053396984935e+02 5.639538085937500000e+03 5.633468593593037440e+03
6.904105389462783933e+02 5.638567871093750000e+03 5.633481603412299592e+03
6.904309724536724389e+02 5.635393066406250000e+03 5.633494513892107534e+03
6.904514061608351767e+02 5.634141601562500000e+03 5.633507329764915994e+03
6.904718396686948836e+02 5.626219238281250000e+03 5.633520055324682289e+03
6.904922733772546053e+02 5.629023437500000000e+03 5.633532695364820029e+03
6.905127069856971502e+02 5.631253417968750000e+03 5.633545254242908413e+03
6.905331404949538410e+02 5.632377929687500000e+03 5.633557736504954846e+03
6.905535742044448853e+02 5.634509765625000000e+03 5.633570146877602383e+03
6.905740078138187528e+02 5.635350585937500000e+03 5.633582489722199171e+03
6.905944413240067661e+02 5.631380371093750000e+03 5.633594769584542519e+03
6.906148750344291329e+02 5.623706542968750000e+03 5.633606991188413303e+03
6.906353086451999843e+02 5.634392578125000000e+03 5.633619158898307433e+03
6.906557421563193202e+02 5.630608398437500000e+03 5.633631277259266426e+03
6.906761758676730096e+02 5.633661621093750000e+03 5.633643350993083004e+03
6.906966094798408449e+02 5.632162597656250000e+03 5.633655384466796022e+03
6.907170431921258569e+02 5.637522460937500000e+03 5.633667382342111523e+03
6.907374767046421766e+02 5.629046875000000000e+03 5.633679348987464437e+03
6.907579103172756732e+02 5.640080566406250000e+03 5.633691289122987655e+03
6.907783440304920077e+02 5.637648437500000000e+03 5.633703207292875959e+03
6.907987775444053113e+02 5.637537109375000000e+03 5.633715107866642029e+03
6.908192111584357917e+02 5.639042968750000000e+03 5.633726995563069067e+03
6.908396448730491102e+02 5.633015136718750000e+03 5.633738874926556491e+03
6.908600784875452518e+02 5.635067382812500000e+03 5.633750750384729145e+03
6.908805121029727161e+02 5.635808593750000000e+03 5.633762626540637939e+03
6.909009457184001803e+02 5.627814453125000000e+03 5.633774507938023817e+03
6.909213793342933059e+02 5.632121093750000000e+03 5.633786399121447175e+03
6.909418129501864314e+02 5.630695800781250000e+03 5.633798304634923625e+03
6.909622465670108795e+02 5.624778320312500000e+03 5.633810229023280044e+03
6.909826801838353276e+02 5.635005371093750000e+03 5.633822176830266471e+03
6.910031139007769525e+02 5.634107421875000000e+03 5.633834152658918356e+03
6.910235474184155464e+02 5.633638183593750000e+03 5.633846160877817056e+03
6.910439810366369784e+02 5.630055175781250000e+03 5.633858206207234616e+03
6.910644146548584104e+02 5.628470703125000000e+03 5.633870293132437837e+03
6.910848482735455036e+02 5.627043945312500000e+03 5.633882426197987115e+03
6.911052819928154349e+02 5.631422363281250000e+03 5.633894610008004747e+03
6.911257155123166740e+02 5.630762695312500000e+03 5.633906848927297688e+03
6.911461491319350898e+02 5.634500488281250000e+03 5.633919147679363959e+03
6.911870163725689054e+02 5.635987792968750000e+03 5.633943942680337386e+03
6.912074499935843050e+02 5.645779785156250000e+03 5.633956448017833281e+03
6.912278837147168815e+02 5.637856933593750000e+03 5.633969031367292700e+03
6.912483172360807657e+02 5.635076171875000000e+03 5.633981697087740031e+03
6.912687509586103261e+02 5.638449707031250000e+03 5.633994449972022267e+03
6.912891845805570483e+02 5.632579589843750000e+03 5.634007294376760910e+03
6.913096181033179164e+02 5.629994140625000000e+03 5.634020234845750565e+03
6.913300518263131380e+02 5.623695312500000000e+03 5.634033276113634201e+03
6.913504854496568441e+02 5.628027832031250000e+03 5.634046422534069279e+03
6.913709190734662116e+02 5.627540039062500000e+03 5.634059678714997062e+03
6.913913526977412403e+02 5.631997558593750000e+03 5.634073049200719652e+03
6.914117863220162690e+02 5.630760253906250000e+03 5.634086538535228101e+03
6.914322199472226202e+02 5.633130859375000000e+03 5.634100151263437510e+03
6.914526535719633102e+02 5.627901855468750000e+03 5.634113891928713201e+03
6.914730871976353228e+02 5.635237304687500000e+03 5.634127765076293144e+03
6.914935209234245121e+02 5.631612792968750000e+03 5.634141775318832515e+03
6.915139544499106705e+02 5.634259765625000000e+03 5.634155926994314541e+03
6.915343880765140057e+02 5.633001953125000000e+03 5.634170224853356558e+03
6.915548218037001789e+02 5.638069824218750000e+03 5.634184673442763597e+03
6.915752554307691753e+02 5.628723144531250000e+03 5.634199277164942941e+03
6.915956889586523175e+02 5.636895507812500000e+03 5.634214040562548689e+03
6.916161226867698133e+02 5.629833007812500000e+03 5.634228968397415883e+03
6.916365563147701323e+02 5.633235351562500000e+03 5.634244064995637018e+03
6.916569899437017739e+02 5.633253906250000000e+03 5.634259334974942249e+03
6.916774235730990767e+02 5.637623535156250000e+03 5.634274782879294435e+03
6.916978572024963796e+02 5.635796875000000000e+03 5.634290413252645521e+03
6.917182908323593438e+02 5.639593261718750000e+03 5.634306230639652313e+03
6.917387244626879692e+02 5.635427734375000000e+03 5.634322239584622366e+03
6.917591579928994179e+02 5.636985839843750000e+03 5.634338444551610337e+03
6.917795917242765427e+02 5.629494628906250000e+03 5.634354850325322332e+03
6.918000253555364907e+02 5.634262695312500000e+03 5.634371461209660993e+03
6.918204588871449232e+02 5.630508789062500000e+03 5.634388281746259963e+03
6.918408926189877093e+02 5.633543457031250000e+03 5.634405316727850732e+03
6.918613262516446412e+02 5.630289550781250000e+03 5.634422570450709827e+03
6.918817599844187498e+02 5.624176269531250000e+03 5.634440047627487729e+03
6.919021935174241662e+02 5.633710449218750000e+03 5.634457752544329196e+03
6.919226271510124207e+02 5.629330566406250000e+03 5.634475690004110220e+03
6.919430608847178519e+02 5.635789062500000000e+03 5.634493864554171523e+03
6.919634944186545908e+02 5.640073242187500000e+03 5.634512280470330552e+03
6.919839280536398292e+02 5.631995605468750000e+03 5.634530942566236263e+03
6.920043617882765830e+02 5.629916503906250000e+03 5.634549855388573633e+03
6.920247953236103058e+02 5.632141601562500000e+03 5.634569023203082907e+03
6.920452289590612054e+02 5.636359863281250000e+03 5.634588450833069146e+03
6.920656626950949430e+02 5.640841308593750000e+03 5.634608142827129996e+03
6.920860963314771652e+02 5.645150878906250000e+03 5.634628103536639173e+03
6.921065299683250487e+02 5.630163574218750000e+03 5.634648337601745880e+03
6.921269636051729321e+02 5.637262207031250000e+03 5.634668849566303834e+03
6.921473972424864769e+02 5.630469238281250000e+03 5.634689643975085346e+03
6.921678308802656829e+02 5.629937011718750000e+03 5.634710725372411616e+03
6.921882645185105503e+02 5.635118164062500000e+03 5.634732098302605664e+03
6.922086981572210789e+02 5.628927246093750000e+03 5.634753767309986870e+03
6.922291318960487843e+02 5.638481445312500000e+03 5.634775737046762515e+03
6.922495654351077974e+02 5.649665527343750000e+03 5.634798011732582381e+03
6.922699991748668253e+02 5.632004394531250000e+03 5.634820596348354229e+03
6.922904327148571610e+02 5.646828613281250000e+03 5.634843494995748188e+03
6.923108663549646735e+02 5.644937988281250000e+03 5.634866712552822719e+03
6.923313000956550241e+02 5.642144042968750000e+03 5.634890253569137712e+03
6.923517336365766823e+02 5.645634765625000000e+03 5.634914122240597862e+03
6.923721672780811787e+02 5.637738281250000000e+03 5.634938323459951789e+03
6.923926010197028518e+02 5.631308593750000000e+03 5.634962861775879901e+03
6.924130345620214939e+02 5.633882812500000000e+03 5.634987741370649019e+03
6.924334682044573128e+02 5.638049316406250000e+03 5.635012967150631084e+03
6.924539019474759698e+02 5.631311035156250000e+03 5.635038543665843463e+03
6.924743354902602732e+02 5.634600585937500000e+03 5.635064475081471755e+03
6.924947692342102528e+02 5.647527832031250000e+03 5.635090766451277887e+03
6.925152028775773942e+02 5.632301269531250000e+03 5.635117421933984588e+03
6.925356364222243428e+02 5.642354003906250000e+03 5.635144446070965387e+03
6.925560701666399837e+02 5.640960449218750000e+03 5.635171843804044329e+03
6.925765038114041090e+02 5.644543945312500000e+03 5.635199619278819227e+03
6.925969374570995569e+02 5.641646484375000000e+03 5.635227777173588038e+03
6.926173711027950048e+02 5.631226074218750000e+03 5.635256322031397758e+03
6.926378047489561141e+02 5.632501953125000000e+03 5.635285258397218968e+03
6.926582384952344000e+02 5.634586425781250000e+03 5.635314590959409543e+03
6.926786720417439938e+02 5.631102050781250000e+03 5.635344323828870984e+03
6.926991056893020868e+02 5.635768554687500000e+03 5.635374461984716618e+03
6.927195394365116954e+02 5.634574218750000000e+03 5.635405009975196663e+03
6.927399730845354497e+02 5.639850097656250000e+03 5.635435972047391260e+03
6.927604066324420273e+02 5.634193359375000000e+03 5.635467352738103727e+03
6.927808403810486197e+02 5.637027832031250000e+03 5.635499157056738113e+03
6.928012740300036967e+02 5.633739746093750000e+03 5.635531389083265822e+03
6.928217075793072581e+02 5.627546875000000000e+03 5.635564053355703436e+03
6.928421413293108344e+02 5.626437011718750000e+03 5.635597154901719477e+03
6.928625749787315726e+02 5.626360351562500000e+03 5.635630697780784431e+03
6.928830087296664715e+02 5.632146972656250000e+03 5.635664686869040452e+03
6.929034422803670168e+02 5.642356933593750000e+03 5.635699126205615357e+03
6.929238759311847389e+02 5.637187011718750000e+03 5.635734020837722710e+03
6.929443095824681222e+02 5.636114746093750000e+03 5.635769375142850549e+03
6.929647432342171669e+02 5.635479980468750000e+03 5.635805193665337356e+03
6.929851767863146961e+02 5.638572753906250000e+03 5.635841480770577618e+03
6.930056105391122401e+02 5.635037597656250000e+03 5.635878241539763621e+03
6.930260441917926073e+02 5.642285156250000000e+03 5.635915479979536030e+03
6.930464779455214739e+02 5.634964843750000000e+03 5.635953201000891568e+03
6.930669114990159869e+02 5.638276367187500000e+03 5.635991408588437480e+03
6.930873451526276767e+02 5.640836425781250000e+03 5.636030107844501799e+03
6.931077789072878659e+02 5.640390625000000000e+03 5.636069303322456108e+03
6.931282124617137015e+02 5.628226074218750000e+03 5.636108998985067046e+03
6.931486461167223752e+02 5.648410156250000000e+03 5.636149199957357268e+03
6.931690798723138869e+02 5.629359863281250000e+03 5.636189910791136754e+03
6.931895134276710451e+02 5.636493652343750000e+03 5.636231135427640766e+03
6.932099470840767026e+02 5.638644042968750000e+03 5.636272879015259605e+03
6.932303808405995369e+02 5.631980468750000000e+03 5.636315146104102496e+03
6.932508144974708557e+02 5.643724609375000000e+03 5.636357940825299011e+03
6.932712481543421745e+02 5.637352539062500000e+03 5.636401267928011293e+03
6.932916818116791546e+02 5.632360351562500000e+03 5.636445131957560079e+03
6.933121154699474573e+02 5.634615234375000000e+03 5.636489537459311578e+03
6.933325491282157600e+02 5.639813476562500000e+03 5.636534488975597924e+03
6.933529827869497240e+02 5.639019531250000000e+03 5.636579991051773504e+03
6.933734164456836879e+02 5.636952148437500000e+03 5.636626048231137247e+03
6.933938502050004900e+02 5.633403320312500000e+03 5.636672665288855569e+03
6.934142837650142610e+02 5.639132812500000000e+03 5.636719846081015021e+03
6.934347175247967243e+02 5.634439453125000000e+03 5.636767596073432287e+03
6.934551511853933334e+02 5.636077148437500000e+03 5.636815919116028454e+03
6.934755847458727658e+02 5.633717773437500000e+03 5.636864819742499094e+03
6.934960185070522130e+02 5.634238281250000000e+03 5.636914303221348746e+03
6.935164521685801446e+02 5.634716796875000000e+03 5.636964373373881244e+03
6.935368857304565609e+02 5.641976074218750000e+03 5.637015034735792142e+03
6.935573194925673306e+02 5.648103027343750000e+03 5.637066292599300141e+03
6.935777531550265849e+02 5.631945800781250000e+03 5.637118150760874414e+03
6.935981867178343236e+02 5.639179199218750000e+03 5.637170613756015882e+03
6.936186204813420773e+02 5.635738769531250000e+03 5.637223686904701026e+03
6.936390540450811386e+02 5.630889648437500000e+03 5.637277373711111977e+03
6.936594878090545535e+02 5.641686035156250000e+03 5.637331679770582014e+03
6.936799214733764529e+02 5.637224121093750000e+03 5.637386608835009611e+03
6.937003550380468369e+02 5.640293945312500000e+03 5.637442165439564633e+03
6.937412224686704576e+02 5.636880371093750000e+03 5.637555181087722303e+03
6.937616560342721641e+02 5.642403808593750000e+03 5.637612648389367678e+03
6.937820898005738854e+02 5.642512207031250000e+03 5.637670762248611936e+03
6.938025234667584300e+02 5.638245605468750000e+03 5.637729526359029478e+03
6.938229572339914739e+02 5.641333496093750000e+03 5.637788945843552938e+03
6.938433908009901643e+02 5.635815917968750000e+03 5.637849024365613332e+03
6.938638244685716927e+02 5.640620117187500000e+03 5.637909767349150570e+03
6.938842582367360592e+02 5.633690429687500000e+03 5.637971179348329315e+03
6.939046918046660721e+02 5.636778808593750000e+03 5.638033263998473558e+03
6.939251254736445844e+02 5.635054199218750000e+03 5.638096026754400555e+03
6.939455592427402735e+02 5.632486816406250000e+03 5.638159472167615604e+03
6.939659929121844471e+02 5.639005371093750000e+03 5.638223604162212723e+03
6.939864264815114439e+02 5.639706054687500000e+03 5.638288427270947068e+03
6.940068602515384555e+02 5.637273437500000000e+03 5.638353946997575804e+03
6.940272939223796129e+02 5.633246582031250000e+03 5.638420166930052801e+03
6.940477276928722858e+02 5.630147949218750000e+03 5.638487092257151744e+03
