8.205758624970912933e+02 8.588862304687500000e+03 8.590528138084531747e+03
8.205962969018146396e+02 8.610749023437500000e+03 8.590455801135465663e+03
8.206167312059551477e+02 8.589892578125000000e+03 8.590384541007424559e+03
8.206371654099784791e+02 8.587157226562500000e+03 8.590314352083360063e+03
8.206575998142361641e+02 8.589618164062500000e+03 8.590245227739829716e+03
8.206780341183766723e+02 8.589448242187500000e+03 8.590177163401052894e+03
8.206984683224000037e+02 8.595229492187500000e+03 8.590110153451878432e+03
8.207189027266576886e+02 8.588522460937500000e+03 8.590044191315473654e+03
8.207393370303325355e+02 8.591811523437500000e+03 8.589979272370916078e+03
8.207597712343558669e+02 8.587711914062500000e+03 8.589915391000349700e+03
8.207802056381478906e+02 8.595040039062500000e+03 8.589852540675705313e+03
8.208006399418227375e+02 8.598694335937500000e+03 8.589790716727273320e+03
8.208210741458460689e+02 8.588441406250000000e+03 8.589729913539025802e+03
8.208415085491724312e+02 8.590827148437500000e+03 8.589670124629230486e+03
8.208619428528472781e+02 8.582171875000000000e+03 8.589611345280398382e+03
8.208823771565221250e+02 8.585559570312500000e+03 8.589553569598872855e+03
8.209028114597313106e+02 8.586628906250000000e+03 8.589496791986326571e+03
8.209232457634061575e+02 8.590599609375000000e+03 8.589441006840563205e+03
8.209436800666153431e+02 8.591263671875000000e+03 8.589386208564508706e+03
8.209641143698245287e+02 8.590236328125000000e+03 8.589332391557272786e+03
8.209845486730337143e+02 8.582932617187500000e+03 8.589279550219242083e+03
8.210049829762428999e+02 8.566675781250000000e+03 8.589227678950806876e+03
8.210254172794520855e+02 8.572518554687500000e+03 8.589176772152355625e+03
8.210458515826612711e+02 8.582692382812500000e+03 8.589126824224276788e+03
8.210662858854047954e+02 8.587314453125000000e+03 8.589077829568062953e+03
8.210867201886139810e+02 8.584958007812500000e+03 8.589029782581874315e+03
8.211071544913575053e+02 8.586868164062500000e+03 8.588982677668282122e+03
8.211275888942182064e+02 8.587111328125000000e+03 8.588936509002662206e+03
8.211480230968445539e+02 8.589028320312500000e+03 8.588891271657146717e+03
8.211684574997052550e+02 8.588280273437500000e+03 8.588846959145528672e+03
8.211888918019831181e+02 8.588179687500000000e+03 8.588803566527281873e+03
8.212093260046094656e+02 8.588917968750000000e+03 8.588761088187338828e+03
8.212501947097480297e+02 8.598591796875000000e+03 8.588678850712491112e+03
8.212706289119087160e+02 8.592843750000000000e+03 8.588639080982771702e+03
8.212910633143037558e+02 8.589648437500000000e+03 8.588600202542651459e+03
8.213114976165816188e+02 8.581538085937500000e+03 8.588562210370517278e+03
8.213319318187423050e+02 8.583872070312500000e+03 8.588525098853764575e+03
8.213523662211373448e+02 8.592297851562500000e+03 8.588488861853753406e+03
8.213728005229495466e+02 8.587765625000000000e+03 8.588453494310704627e+03
8.213932349248789251e+02 8.586705078125000000e+03 8.588418990277550620e+03
8.214136691270396113e+02 8.590564453125000000e+03 8.588385344654750952e+03
8.214341034288518131e+02 8.601318359375000000e+03 8.588352551343399682e+03
8.214545377306640148e+02 8.590731445312500000e+03 8.588320604910055408e+03
8.214749720324762166e+02 8.586230468750000000e+03 8.588289499755106590e+03
8.214954063342884183e+02 8.583612304687500000e+03 8.588259230278945324e+03
8.215158406356349587e+02 8.591605468750000000e+03 8.588229790882618545e+03
8.215362749374471605e+02 8.591096679687500000e+03 8.588201175965179573e+03
8.215567092387937009e+02 8.590999023437500000e+03 8.588173379928315626e+03
8.215771435401402414e+02 8.589046875000000000e+03 8.588146397171762146e+03
8.215975778414867818e+02 8.586747070312500000e+03 8.588120222095909412e+03
8.216180121432989836e+02 8.595051757812500000e+03 8.588094849100569263e+03
8.216384465442970395e+02 8.586698242187500000e+03 8.588070272469383781e+03
8.216588807455264032e+02 8.587683593750000000e+03 8.588046486956434819e+03
8.216793151465244591e+02 8.584551757812500000e+03 8.588023486497013437e+03
8.216997494478709996e+02 8.591728515625000000e+03 8.588001265834289370e+03
8.217201836486347020e+02 8.583163085937500000e+03 8.587979819358248278e+03
8.217406180496327579e+02 8.593263671875000000e+03 8.587959141159195497e+03
8.217610523505136371e+02 8.588754882812500000e+03 8.587939225947091472e+03
8.217814865512773395e+02 8.588088867187500000e+03 8.587920068111150613e+03
8.218019209522753954e+02 8.588591796875000000e+03 8.587901661775713364e+03
8.218223552526906133e+02 8.589517578125000000e+03 8.587884001617618196e+03
8.218427894534543157e+02 8.590037109375000000e+03 8.587867082025524724e+03
8.218632238539867103e+02 8.589707031250000000e+03 8.587850897157319196e+03
8.218836581544019282e+02 8.585288085937500000e+03 8.587835441656272451e+03
8.219040923551656306e+02 8.583808593750000000e+03 8.587820709911773520e+03
8.219449610556475818e+02 8.593426757812500000e+03 8.587793394873449870e+03
8.219653954561799765e+02 8.588400390625000000e+03 8.587780800460606770e+03
8.219858296560123563e+02 8.587562500000000000e+03 8.587768907456011220e+03
8.220062639564275742e+02 8.583707031250000000e+03 8.587757710079569733e+03
8.220266983564943075e+02 8.583734375000000000e+03 8.587747202742364607e+03
8.220471325563266873e+02 8.590049804687500000e+03 8.587737379993923241e+03
8.220675668562762439e+02 8.585314453125000000e+03 8.587728236085235039e+03
8.220880012563429773e+02 8.595029296875000000e+03 8.587719765426638332e+03
8.221084355558268726e+02 8.587421875000000000e+03 8.587711962501667585e+03
8.221288697556592524e+02 8.586853515625000000e+03 8.587704821700586763e+03
8.221493041552603245e+02 8.583248046875000000e+03 8.587698337323996384e+03
8.221697384547442198e+02 8.589355468750000000e+03 8.587692503872232919e+03
8.221901727546937764e+02 8.589940429687500000e+03 8.587687315712208147e+03
8.222106070541776717e+02 8.585798828125000000e+03 8.587682767244546994e+03
8.222310412535443902e+02 8.595084960937500000e+03 8.587678852887151152e+03
8.222514756526798010e+02 8.583261718750000000e+03 8.587675566987578350e+03
8.222719099521636963e+02 8.586714843750000000e+03 8.587672903998971378e+03
8.222923441510647535e+02 8.595288085937500000e+03 8.587670858312729251e+03
8.223127785502001643e+02 8.593193359375000000e+03 8.587669424303619962e+03
8.223332128496840596e+02 8.590858398437500000e+03 8.587668596397579677e+03
8.223536470485851169e+02 8.590795898437500000e+03 8.587668368986169298e+03
8.223740814477205276e+02 8.583670898437500000e+03 8.587668736470805015e+03
8.223945157462731004e+02 8.583735351562500000e+03 8.587669693250802084e+03
8.224149499451741576e+02 8.584534179687500000e+03 8.587671233717974246e+03
8.224353843438439071e+02 8.580996093750000000e+03 8.587673352299554608e+03
8.224558186423964798e+02 8.591252929687500000e+03 8.587676043369052422e+03
8.224762530410662293e+02 8.590340820312500000e+03 8.587679301353176925e+03
8.224966872399672866e+02 8.582685546875000000e+03 8.587683120600380789e+03
8.225171215385198593e+02 8.568203125000000000e+03 8.587687495562913682e+03
8.225375559367239475e+02 8.571591796875000000e+03 8.587692420649256746e+03
8.225579901351593435e+02 8.581625976562500000e+03 8.587697890183619165e+03
8.225784244332462549e+02 8.593175781250000000e+03 8.587703898642552303e+03
8.225988588319160044e+02 8.583273437500000000e+03 8.587710440434599150e+03
8.226192931300029159e+02 8.582202148437500000e+03 8.587717509895732292e+03
8.226397273279726505e+02 8.582351562500000000e+03 8.587725101418771374e+03
8.226601617261767387e+02 8.590198242187500000e+03 8.587733209519501543e+03
8.226805960237979889e+02 8.589818359375000000e+03 8.587741828482721758e+03
8.227010302217677236e+02 8.590469726562500000e+03 8.587750952701750066e+03
8.227214646199718118e+02 8.587708007812500000e+03 8.587760576714581475e+03
8.227418989175930619e+02 8.591400390625000000e+03 8.587770694783583167e+03
8.227623333153314888e+02 8.590378906250000000e+03 8.587781301408442232e+03
8.227827675128355622e+02 8.584324218750000000e+03 8.587792390830090881e+03
8.228032018104568124e+02 8.589653320312500000e+03 8.587803957608386554e+03
8.228236362077295780e+02 8.581681640625000000e+03 8.587815996150418869e+03
8.228440704052336514e+02 8.587383789062500000e+03 8.587828500676740077e+03
8.228645046027377248e+02 8.591747070312500000e+03 8.587841465703219001e+03
8.228849390000104904e+02 8.582471679687500000e+03 8.587854885763736092e+03
8.229053732971660793e+02 8.587168945312500000e+03 8.587868755065050209e+03
8.229258074946701527e+02 8.590544921875000000e+03 8.587883068001321590e+03
8.229462418914772570e+02 8.586428710937500000e+03 8.587897819185564003e+03
8.229666761886328459e+02 8.585406250000000000e+03 8.587913002805553333e+03
8.229871105854399502e+02 8.583513671875000000e+03 8.587928613409712852e+03
8.230075447824783623e+02 8.587177734375000000e+03 8.587944645166593546e+03
8.230279790791682899e+02 8.583086914062500000e+03 8.587961092708410433e+03
8.230484134759753942e+02 8.586990234375000000e+03 8.587977950441993016e+03
8.230688476725481451e+02 8.587208984375000000e+03 8.587995212516965694e+03
8.230892819692380726e+02 8.589612304687500000e+03 8.588012873584490080e+03
8.231097163660451770e+02 8.587159179687500000e+03 8.588030928050784496e+03
8.231301506622694433e+02 8.593590820312500000e+03 8.588049370138876839e+03
8.231505848588421941e+02 8.585762695312500000e+03 8.588068194244349797e+03
8.231710192551836371e+02 8.590487304687500000e+03 8.588087395046200982e+03
8.231914535514079034e+02 8.582677734375000000e+03 8.588106966665787695e+03
8.232118877475149930e+02 8.588722656250000000e+03 8.588126903498092361e+03
8.232323221438564360e+02 8.589584960937500000e+03 8.588147200239205631e+03
8.232527564400807023e+02 8.592863281250000000e+03 8.588167850993824686e+03
8.232731908359564841e+02 8.593518554687500000e+03 8.588188850364156679e+03
8.232936250320635736e+02 8.586382812500000000e+03 8.588210192440368701e+03
8.233140593278221786e+02 8.582356445312500000e+03 8.588231871933063303e+03
8.233344937236979604e+02 8.590677734375000000e+03 8.588253883248040438e+03
8.233549279193393886e+02 8.583938476562500000e+03 8.588276220459754768e+03
8.233753622150979936e+02 8.586764648437500000e+03 8.588298878294537644e+03
8.233957966105081141e+02 8.594063476562500000e+03 8.588321851156933917e+03
8.234162308061495423e+02 8.591617187500000000e+03 8.588345133108428854e+03
8.234366651014424860e+02 8.577183593750000000e+03 8.588368718888308649e+03
8.234570994968526065e+02 8.595265625000000000e+03 8.588392602901916689e+03
8.234775336920283735e+02 8.585567382812500000e+03 8.588416779196431889e+03
8.234979679873213172e+02 8.582998046875000000e+03 8.588441242525466805e+03
8.235184022826142609e+02 8.593047851562500000e+03 8.588465987171675806e+03
8.235388365779072046e+02 8.592440429687500000e+03 8.588491007535456447e+03
8.235592709728516638e+02 8.588077148437500000e+03 8.588516298141186780e+03
8.235797051680274308e+02 8.589735351562500000e+03 8.588541853016728055e+03
8.236001394628547132e+02 8.585040039062500000e+03 8.588567666934994122e+03
8.236205738577991724e+02 8.594707031250000000e+03 8.588593734300728102e+03
8.236410081521607935e+02 8.596541992187500000e+03 8.588620049258268409e+03
8.236614423468708992e+02 8.594338867187500000e+03 8.588646606205609714e+03
8.236818767418153584e+02 8.589934570312500000e+03 8.588673399934650661e+03
8.237023110361769795e+02 8.585616210937500000e+03 8.588700424453068990e+03
8.237227452308870852e+02 8.590065429687500000e+03 8.588727674159137678e+03
8.237431796253658831e+02 8.583575195312500000e+03 8.588755143854168637e+03
8.237636139192618430e+02 8.589300781250000000e+03 8.588782827536386321e+03
8.237840481139719486e+02 8.591437500000000000e+03 8.588810719604978658e+03
8.238044825079850852e+02 8.582251953125000000e+03 8.588838814869277485e+03
8.238249168023467064e+02 8.589547851562500000e+03 8.588867107320114883e+03
8.238453511963598430e+02 8.590157226562500000e+03 8.588895591633774529e+03
8.238657853901386261e+02 8.587024414062500000e+03 8.588924261791244135e+03
8.238862196840345860e+02 8.583461914062500000e+03 8.588953112612969562e+03
8.239066540780477226e+02 8.597004882812500000e+03 8.588982138501962254e+03
8.239270882718265057e+02 8.589764648437500000e+03 8.589011333430727973e+03
8.239475225652568042e+02 8.594666992187500000e+03 8.589040692226877582e+03
8.239679569592699409e+02 8.598591796875000000e+03 8.589070209294517554e+03
8.239883911525830626e+02 8.597056640625000000e+03 8.589099878597709903e+03
8.240088254460133612e+02 8.584467773437500000e+03 8.589129694972509242e+03
8.240292598395608366e+02 8.564853515625000000e+03 8.589159652821430427e+03
8.240496940328739583e+02 8.575230468750000000e+03 8.589189746103527796e+03
8.240701283263042569e+02 8.588523437500000000e+03 8.589219969660540301e+03
8.240905627193860710e+02 8.590288085937500000e+03 8.589250317894042382e+03
8.241109970123507082e+02 8.590506835937500000e+03 8.589280784907719863e+03
8.241314313057810068e+02 8.587512695312500000e+03 8.589311365251052848e+03
8.241518655987456441e+02 8.594875000000000000e+03 8.589342053323047367e+03
8.241722998917102814e+02 8.591574218750000000e+03 8.589372843524792188e+03
8.241927341842092574e+02 8.591435546875000000e+03 8.589403730255984556e+03
8.242131684771738946e+02 8.583528320312500000e+03 8.589434707918424465e+03
8.242336027696728706e+02 8.598376953125000000e+03 8.589465770911101572e+03
8.242540370626375079e+02 8.580378906250000000e+03 8.589496913635828605e+03
8.242744713551364839e+02 8.582471679687500000e+03 8.589528130491580669e+03
8.242949055475182831e+02 8.581393554687500000e+03 8.589559415726025691e+03
8.243153399401344359e+02 8.599595703125000000e+03 8.589590764199881960e+03
8.243357742321677506e+02 8.586432617187500000e+03 8.589622169852505976e+03
8.243562086247839034e+02 8.582601562500000000e+03 8.589653627393414354e+03
8.243766428167000413e+02 8.587525390625000000e+03 8.589685130758844025e+03
8.243970771087333560e+02 8.591223632812500000e+03 8.589716674812632846e+03
8.244175115008838475e+02 8.590378906250000000e+03 8.589748253955731343e+03
8.244379456927999854e+02 8.585961914062500000e+03 8.589779862124154533e+03
8.244583799848333001e+02 8.587260742187500000e+03 8.589811494182686147e+03
8.244788143765181303e+02 8.593014648437500000e+03 8.589843144531310827e+03
8.244992485684342682e+02 8.587613281250000000e+03 8.589874807106552907e+03
8.245196828600019217e+02 8.580662109375000000e+03 8.589906476772684982e+03
8.245401172516867518e+02 8.582218750000000000e+03 8.589938147930884952e+03
8.245605514431372285e+02 8.593889648437500000e+03 8.589969814516056431e+03
8.245809857347048819e+02 8.594279296875000000e+03 8.590001471394094551e+03
8.246014201263897121e+02 8.584719726562500000e+03 8.590033112965205873e+03
8.246218544174917042e+02 8.588403320312500000e+03 8.590064733318999060e+03
8.246422887085936964e+02 8.596196289062500000e+03 8.590096327011662652e+03
8.246627229996956885e+02 8.591487304687500000e+03 8.590127888443592383e+03
8.246831572912633419e+02 8.592765625000000000e+03 8.590159412015906128e+03
8.247035915818996727e+02 8.593960937500000000e+03 8.590190892126847757e+03
8.247240258730016649e+02 8.591765625000000000e+03 8.590222323178966690e+03
8.247444601636379957e+02 8.584686523437500000e+03 8.590253699571236211e+03
8.247648944547399879e+02 8.583515625000000000e+03 8.590285015705483602e+03
8.247853287453763187e+02 8.593391601562500000e+03 8.590316265980674871e+03
8.248057630360126495e+02 8.589691406250000000e+03 8.590347444797927892e+03
8.248261973266489804e+02 8.590229492187500000e+03 8.590378546557640220e+03
8.248466316172853112e+02 8.589489257812500000e+03 8.590409565660211229e+03
8.248670659074559808e+02 8.590840820312500000e+03 8.590440496505336341e+03
8.248875001980923116e+02 8.595504882812500000e+03 8.590471333494824648e+03
8.249283688785508275e+02 8.592088867187500000e+03 8.590532703654793295e+03
8.249488030686043203e+02 8.588170898437500000e+03 8.590563225327139662e+03
8.249692373587749898e+02 8.588477539062500000e+03 8.590593630894560192e+03
8.249896717485971749e+02 8.585101562500000000e+03 8.590623914755018632e+03
8.250101059386506677e+02 8.586200195312500000e+03 8.590654070866092297e+03
8.250305402283556759e+02 8.596429687500000000e+03 8.590684094071006257e+03
8.250509746181778610e+02 8.599943359375000000e+03 8.590713978768853849e+03
8.250714088077656925e+02 8.584980468750000000e+03 8.590743718921821710e+03
8.250918430974707007e+02 8.588112304687500000e+03 8.590773309368523769e+03
8.251122774872928858e+02 8.598835937500000000e+03 8.590802744507112948e+03
8.251327116764150560e+02 8.590786132812500000e+03 8.590832018305844031e+03
8.251531459661200643e+02 8.590961914062500000e+03 8.590861125597934006e+03
8.251735803550109267e+02 8.592790039062500000e+03 8.590890060904901475e+03
8.251940146447159350e+02 8.587187500000000000e+03 8.590918821356186527e+03
8.252144489334896207e+02 8.588375000000000000e+03 8.590947407383697282e+03
8.252348832227289677e+02 8.613867187500000000e+03 8.590975819406838127e+03
8.252553175115026534e+02 8.592294921875000000e+03 8.591004057841764734e+03
8.252757519008591771e+02 8.590663085937500000e+03 8.591032123244287504e+03
8.252961860895156860e+02 8.582231445312500000e+03 8.591060015619332262e+03
8.253166203782893717e+02 8.586585937500000000e+03 8.591087735796232664e+03
8.253370547671802342e+02 8.593619140625000000e+03 8.591115284189905651e+03
8.253574889553710818e+02 8.595258789062500000e+03 8.591142660813524344e+03
8.253779232441447675e+02 8.591286132812500000e+03 8.591169866489433844e+03
8.253983576325699687e+02 8.594359375000000000e+03 8.591196901631334185e+03
8.254187918212264776e+02 8.589241210937500000e+03 8.591223766261780838e+03
8.254392261095345020e+02 8.595870117187500000e+03 8.591250461193119918e+03
8.254596603978425264e+02 8.593925781250000000e+03 8.591276986711367499e+03
8.254800946856848896e+02 8.589138671875000000e+03 8.591303343233379564e+03
8.255005290741100907e+02 8.599098632812500000e+03 8.591329531305695127e+03
8.255209632618352771e+02 8.574236328125000000e+03 8.591355550960881374e+03
8.255413975496776402e+02 8.572275390625000000e+03 8.591381403000672435e+03
8.255618319376371801e+02 8.579916015625000000e+03 8.591407087840048916e+03
8.255822661253623664e+02 8.585972656250000000e+03 8.591432605520167272e+03
8.256027004132047296e+02 8.592028320312500000e+03 8.591457956834765355e+03
8.256231348006986082e+02 8.593052734375000000e+03 8.591483142198274436e+03
8.256435689884237945e+02 8.585256835937500000e+03 8.591508161660331098e+03
8.256640032758004963e+02 8.592068359375000000e+03 8.591533016006198523e+03
8.256844376632943749e+02 8.594987304687500000e+03 8.591557705651475771e+03
8.257048719506710768e+02 8.592030273437500000e+03 8.591582230771678951e+03
8.257253061379306018e+02 8.590284179687500000e+03 8.591606591786669014e+03
8.257457405249588192e+02 8.589683593750000000e+03 8.591630789470207674e+03
8.257661748123355210e+02 8.593730468750000000e+03 8.591654823883982317e+03
8.257866090992465615e+02 8.587801757812500000e+03 8.591678695563297879e+03
8.258070433861576021e+02 8.584627929687500000e+03 8.591702404926150848e+03
8.258274776730686426e+02 8.597690429687500000e+03 8.591725952389988379e+03
8.258479120596311986e+02 8.591761718750000000e+03 8.591749338485909902e+03
8.258683462464250624e+02 8.595854492187500000e+03 8.591772563289878235e+03
8.258887805328704417e+02 8.591859375000000000e+03 8.591795627560832145e+03
8.259092149194329977e+02 8.592572265625000000e+03 8.591818531714390701e+03
8.259296491062268615e+02 8.589606445312500000e+03 8.591841275833043255e+03
8.259500833926722407e+02 8.588889648437500000e+03 8.591863860668676352e+03
8.259705177787691355e+02 8.593262695312500000e+03 8.591886286636407021e+03
8.259909519650973380e+02 8.590036132812500000e+03 8.591908553826246134e+03
8.260113863511942327e+02 8.583612304687500000e+03 8.591930663091021415e+03
8.260318206371739507e+02 8.592048828125000000e+03 8.591952614522557269e+03
8.260522548235021532e+02 8.593190429687500000e+03 8.591974408541114826e+03
8.260726892091333866e+02 8.592071289062500000e+03 8.591996045881835016e+03
8.260931234951131046e+02 8.594485351562500000e+03 8.592017526644469399e+03
8.261135577806271613e+02 8.588868164062500000e+03 8.592038851351881021e+03
8.261339920666068792e+02 8.594402343750000000e+03 8.592060020422482921e+03
8.261544263521209359e+02 8.588148437500000000e+03 8.592081034272763645e+03
8.261748606376349926e+02 8.587126953125000000e+03 8.592101893320654199e+03
8.261952949231490493e+02 8.587402343750000000e+03 8.592122597983596279e+03
8.262157292086631060e+02 8.595446289062500000e+03 8.592143148679042497e+03
8.262361633935943246e+02 8.593049804687500000e+03 8.592163545724415599e+03
8.262565977787598968e+02 8.596601562500000000e+03 8.592183789836308279e+03
8.262770320642739534e+02 8.597849609375000000e+03 8.592203881133948016e+03
8.262974663488566875e+02 8.592629882812500000e+03 8.592223820132972833e+03
8.263179006339050829e+02 8.597908203125000000e+03 8.592243607252195943e+03
8.263383349189534783e+02 8.586182617187500000e+03 8.592263242908611574e+03
8.263587693036533892e+02 8.595348632812500000e+03 8.592282727614316173e+03
8.263792034885846078e+02 8.588185546875000000e+03 8.592302061502361539e+03
8.263996377731673419e+02 8.591882812500000000e+03 8.592321245274595640e+03
8.264200721578672528e+02 8.596221679687500000e+03 8.592340279346706666e+03
8.264405063423328102e+02 8.593237304687500000e+03 8.592359163857468957e+03
8.264609406264498830e+02 8.594209960937500000e+03 8.592377899502575019e+03
8.264813750111497939e+02 8.590282226562500000e+03 8.592396486698140507e+03
8.265018091951496899e+02 8.595161132812500000e+03 8.592414925588651386e+03
8.265222434792667627e+02 8.590934570312500000e+03 8.592433216864093993e+03
8.265426778635010123e+02 8.593045898437500000e+03 8.592451360939747246e+03
8.265631120475009084e+02 8.589501953125000000e+03 8.592469357967445831e+03
8.265835464312694967e+02 8.592927734375000000e+03 8.592487208716946043e+03
8.266039807153865695e+02 8.592608398437500000e+03 8.592504913343049338e+03
8.266244148989208043e+02 8.595617187500000000e+03 8.592522472264547105e+03
8.266448492826893926e+02 8.599673828125000000e+03 8.592539886156308057e+03
8.266652835663408041e+02 8.585727539062500000e+03 8.592557155178757966e+03
8.266857178499922156e+02 8.597455078125000000e+03 8.592574279835018388e+03
8.267061521331779659e+02 8.589621093750000000e+03 8.592591260542150849e+03
8.267265864168293774e+02 8.593875000000000000e+03 8.592608097718375575e+03
8.267470207000151277e+02 8.592539062500000000e+03 8.592624791780372107e+03
8.267674549832008779e+02 8.584290039062500000e+03 8.592641343145973224e+03
8.267878892663866282e+02 8.592080078125000000e+03 8.592657752232626081e+03
8.268083235495723784e+02 8.588547851562500000e+03 8.592674019457776012e+03
8.268287578322924674e+02 8.587833007812500000e+03 8.592690145238504556e+03
8.268491921150125563e+02 8.591988281250000000e+03 8.592706129992631759e+03
8.268696264978498220e+02 8.592571289062500000e+03 8.592721974214886359e+03
8.268900606809183955e+02 8.591058593750000000e+03 8.592737678091221824e+03
8.269104949636384845e+02 8.593571289062500000e+03 8.592753242270218834e+03
8.269309293460100889e+02 8.596763671875000000e+03 8.592768667167285457e+03
8.269513635286130011e+02 8.589031250000000000e+03 8.592783952974872591e+03
8.269717978108674288e+02 8.593050781250000000e+03 8.592799100335425464e+03
8.269922321932390332e+02 8.592581054687500000e+03 8.592814109664712305e+03
8.270126663753762841e+02 8.590809570312500000e+03 8.592828981160575495e+03
8.270331006576307118e+02 8.583845703125000000e+03 8.592843715460065141e+03
8.270535350395366549e+02 8.574788085937500000e+03 8.592858312978281901e+03
8.270739692216739058e+02 8.594126953125000000e+03 8.592872773919778410e+03
8.270944035034626722e+02 8.593128906250000000e+03 8.592887098914905437e+03
8.271148378853686154e+02 8.591952148437500000e+03 8.592901288379436664e+03
8.271352720670402050e+02 8.596256835937500000e+03 8.592915342523258005e+03
8.271557064484804869e+02 8.594953125000000000e+03 8.592929262038931483e+03
8.271761407302692533e+02 8.587642578125000000e+03 8.592943047138958718e+03
8.271965750115923584e+02 8.588454101562500000e+03 8.592956698308684281e+03
8.272170092929154634e+02 8.592182617187500000e+03 8.592970215965866373e+03
8.272374435742385685e+02 8.593559570312500000e+03 8.592983600527961244e+03
8.272578778555616736e+02 8.602478515625000000e+03 8.592996852412408771e+03
8.272783121368847787e+02 8.590791015625000000e+03 8.593009972036656109e+03
8.272987464177422225e+02 8.587017578125000000e+03 8.593022959817855735e+03
8.273191806985996664e+02 8.596375976562500000e+03 8.593035816173756757e+03
8.273396150795742869e+02 8.589693359375000000e+03 8.593048541583832048e+03
8.273600492603145540e+02 8.596166992187500000e+03 8.593061136279446146e+03
8.273804835411719978e+02 8.587848632812500000e+03 8.593073600864128821e+03
8.274009179221466184e+02 8.602287109375000000e+03 8.593085935753413651e+03
8.274213521024212241e+02 8.592625000000000000e+03 8.593098141184122142e+03
8.274417864829301834e+02 8.600688476562500000e+03 8.593110217813185955e+03
8.274622207633219659e+02 8.595760742187500000e+03 8.593122165879602107e+03
8.274826549435965717e+02 8.597399414062500000e+03 8.593133985802702227e+03
8.275030893241055310e+02 8.595674804687500000e+03 8.593145678172728367e+03
8.275235235039144754e+02 8.591944335937500000e+03 8.593157243177714918e+03
8.275439577843062580e+02 8.589875976562500000e+03 8.593168681406561518e+03
8.275643921643495560e+02 8.606188476562500000e+03 8.593179993274328808e+03
8.275848263441585004e+02 8.590204101562500000e+03 8.593191179033390654e+03
8.276052606240846217e+02 8.592944335937500000e+03 8.593202239266531251e+03
8.276256950036622584e+02 8.594549804687500000e+03 8.593213174389105916e+03
8.276461291834712029e+02 8.596312500000000000e+03 8.593223984659247435e+03
8.276665634629316628e+02 8.588063476562500000e+03 8.593234670653724606e+03
8.276869978425092995e+02 8.588893554687500000e+03 8.593245232788403882e+03
8.277074321219697595e+02 8.596672851562500000e+03 8.593255671377237377e+03
8.277278664009645581e+02 8.596967773437500000e+03 8.593265986889489795e+03
8.277483006804250181e+02 8.605037109375000000e+03 8.593276179743079410e+03
8.277687349594198167e+02 8.591387695312500000e+03 8.593286250354985896e+03
8.277891692384146154e+02 8.586123046875000000e+03 8.593296199142891055e+03
8.278096035174094141e+02 8.589461914062500000e+03 8.593306026524240224e+03
8.278300377964042127e+02 8.602699218750000000e+03 8.593315732916480556e+03
8.278504720749333501e+02 8.594018554687500000e+03 8.593325318736842746e+03
8.278709063539281487e+02 8.595856445312500000e+03 8.593334784403208687e+03
8.279117750111036003e+02 8.592495117187500000e+03 8.593353356987574443e+03
8.279322091895155609e+02 8.592779296875000000e+03 8.593362464650857873e+03
8.279526434680446982e+02 8.586823242187500000e+03 8.593371453874631698e+03
8.279730778462253511e+02 8.599503906250000000e+03 8.593380325074402208e+03
8.279935120241716504e+02 8.599379882812500000e+03 8.593389078538297326e+03
8.280139464023523033e+02 8.593436523437500000e+03 8.593397714855314916e+03
8.280343806804157794e+02 8.599203125000000000e+03 8.593406234315103575e+03
8.280548148583620787e+02 8.594642578125000000e+03 8.593414637336820306e+03
8.280752492365427315e+02 8.590083984375000000e+03 8.593422924460572176e+03
8.280956835141405463e+02 8.597725585937500000e+03 8.593431095980962709e+03
8.281161176916211843e+02 8.594972656250000000e+03 8.593439152317325352e+03
8.281365520693361759e+02 8.589740234375000000e+03 8.593447094004674000e+03
8.281569863469339907e+02 8.603158203125000000e+03 8.593454921342887246e+03
8.281774205244146287e+02 8.588091796875000000e+03 8.593462634751087535e+03
8.281978549016639590e+02 8.591013671875000000e+03 8.593470234759088271e+03
8.282182890791445971e+02 8.586014648437500000e+03 8.593477721635739726e+03
8.282387234563939273e+02 8.593824218750000000e+03 8.593485095944874047e+03
8.282591577330604196e+02 8.599035156250000000e+03 8.593492357994731719e+03
8.282795920101925731e+02 8.591973632812500000e+03 8.593499508239494389e+03
8.283000262873247266e+02 8.595833007812500000e+03 8.593506547096440045e+03
8.283204605639912188e+02 8.592951171875000000e+03 8.593513474982861226e+03
8.283408948406577110e+02 8.595286132812500000e+03 8.593520292316365158e+03
8.283613292174413800e+02 8.590313476562500000e+03 8.593526999546989828e+03
8.283817633939906955e+02 8.591918945312500000e+03 8.593533596994402615e+03
8.284021976706571877e+02 8.596682617187500000e+03 8.593540085173832267e+03
8.284226320469751954e+02 8.594127929687500000e+03 8.593546464500977891e+03
8.284430662230588496e+02 8.594485351562500000e+03 8.593552735300461791e+03
8.284635004992596805e+02 8.600108398437500000e+03 8.593558898082697851e+03
8.284839348755776882e+02 8.600456054687500000e+03 8.593564953263552525e+03
8.285043690516613424e+02 8.595666992187500000e+03 8.593570901172259255e+03
8.285248034275136888e+02 8.588995117187500000e+03 8.593576742342698708e+03
8.285452377032488585e+02 8.576834960937500000e+03 8.593582477105817816e+03
8.285656718793325126e+02 8.577717773437500000e+03 8.593588105880749936e+03
8.285861062547191978e+02 8.585059570312500000e+03 8.593593629166518440e+03
8.286065405304543674e+02 8.591416015625000000e+03 8.593599047298990627e+03
8.286269747060723603e+02 8.592718750000000000e+03 8.593604360697030643e+03
8.286474090814590454e+02 8.602651367187500000e+03 8.593609569855299924e+03
8.286678433567285538e+02 8.596395507812500000e+03 8.593614675114029524e+03
8.286882775318808854e+02 8.593880859375000000e+03 8.593619676892198186e+03
8.287087119072675705e+02 8.598955078125000000e+03 8.593624575680005364e+03
8.287291461820714176e+02 8.585719726562500000e+03 8.593629371822029498e+03
8.287495804573409259e+02 8.589158203125000000e+03 8.593634065760194062e+03
8.287700147321447730e+02 8.593979492187500000e+03 8.593638657911727933e+03
8.287904490069486201e+02 8.600813476562500000e+03 8.593643148694185584e+03
8.288108832817524672e+02 8.599349609375000000e+03 8.593647538525014170e+03
8.288313175565563142e+02 8.592186523437500000e+03 8.593651827821659026e+03
8.288517518308945000e+02 8.587451171875000000e+03 8.593656017001470900e+03
8.288721861052326858e+02 8.594520507812500000e+03 8.593660106481998810e+03
8.288926203795708716e+02 8.594368164062500000e+03 8.593664096680688090e+03
8.289130546539090574e+02 8.588560546875000000e+03 8.593667988014982257e+03
8.289334890283644199e+02 8.591760742187500000e+03 8.593671780920674792e+03
8.289539232025854290e+02 8.588064453125000000e+03 8.593675475760179324e+03
8.289743574764579535e+02 8.597714843750000000e+03 8.593679073005891041e+03
8.289947918504476547e+02 8.587197265625000000e+03 8.593682573073911044e+03
8.290152260242030025e+02 8.593096679687500000e+03 8.593685976330949416e+03
8.290356602980755270e+02 8.595128906250000000e+03 8.593689283245190381e+03
8.290560946715995669e+02 8.595892578125000000e+03 8.593692494232589524e+03
8.290765288453549147e+02 8.598641601562500000e+03 8.593695609664249787e+03
8.290969632184132934e+02 8.592382812500000000e+03 8.593698630018465337e+03
8.291173974918201566e+02 8.597543945312500000e+03 8.593701555667801586e+03
8.291378316651098430e+02 8.595114257812500000e+03 8.593704387031020815e+03
8.291582660386338830e+02 8.605287109375000000e+03 8.593707124566495622e+03
8.291787003115750849e+02 8.599838867187500000e+03 8.593709768650689512e+03
8.291991345845162868e+02 8.589132812500000000e+03 8.593712319714753903e+03
8.292195688574574888e+02 8.594723632812500000e+03 8.593714778176134132e+03
8.292400031303986907e+02 8.589684570312500000e+03 8.593717144452275534e+03
8.292604374033398926e+02 8.597753906250000000e+03 8.593719418960623443e+03
8.292808716758154333e+02 8.599787109375000000e+03 8.593721602118577721e+03
8.293013059487566352e+02 8.585006835937500000e+03 8.593723694343683746e+03
8.293217403208836913e+02 8.597234375000000000e+03 8.593725696062831048e+03
8.293421745933592319e+02 8.594501953125000000e+03 8.593727607673998136e+03
8.293626087657175958e+02 8.601385742187500000e+03 8.593729429595903639e+03
8.293830431378446519e+02 8.585765625000000000e+03 8.593731162272073561e+03
8.294034774098545313e+02 8.586991210937500000e+03 8.593732806093879844e+03
8.294239115822128952e+02 8.594206054687500000e+03 8.593734361480102962e+03
8.294443459538742900e+02 8.596363281250000000e+03 8.593735828870299883e+03
8.294647801262326539e+02 8.614554687500000000e+03 8.593737208653292328e+03
8.294852143977768719e+02 8.593166992187500000e+03 8.593738501267322135e+03
8.295056487694382668e+02 8.598325195312500000e+03 8.593739707128621376e+03
8.295260829408653080e+02 8.596882812500000000e+03 8.593740826637547798e+03
8.295465172124095261e+02 8.596154296875000000e+03 8.593741860228637961e+03
8.295669515840709209e+02 8.594017578125000000e+03 8.593742808318078460e+03
8.295873857554979622e+02 8.598501953125000000e+03 8.593743671310003265e+03
8.296078201266936958e+02 8.591408203125000000e+03 8.593744449638761580e+03
8.296282543977722526e+02 8.586916015625000000e+03 8.593745143709751574e+03
8.296486885687336326e+02 8.592603515625000000e+03 8.593745753941660951e+03
8.296691229394637048e+02 8.594794921875000000e+03 8.593746280760280570e+03
8.296895572105422616e+02 8.591055664062500000e+03 8.593746724574724794e+03
8.297099913810379803e+02 8.598268554687500000e+03 8.593747085803632217e+03
8.297304257517680526e+02 8.600349609375000000e+03 8.593747364869166631e+03
8.297508600223809481e+02 8.592591796875000000e+03 8.593747562184067647e+03
8.297712942929938436e+02 8.604016601562500000e+03 8.593747678169027495e+03
8.297917285636067390e+02 8.585896484375000000e+03 8.593747713249831577e+03
8.298121628337539732e+02 8.590010742187500000e+03 8.593747667853942403e+03
8.298325971039012074e+02 8.592168945312500000e+03 8.593747542408818845e+03
8.298530313740484416e+02 8.595656250000000000e+03 8.593747337341923412e+03
8.298734656441956758e+02 8.590561523437500000e+03 8.593747053080707701e+03
8.298939000139944255e+02 8.598276367187500000e+03 8.593746690050675170e+03
8.299143342836759984e+02 8.591419921875000000e+03 8.593746248682833539e+03
8.299347684537060559e+02 8.596423828125000000e+03 8.593745729405776729e+03
8.299552028235048056e+02 8.597362304687500000e+03 8.593745132638789073e+03
8.299756370931863785e+02 8.598002929687500000e+03 8.593744458817513078e+03
8.299960712622851133e+02 8.588481445312500000e+03 8.593743708370560853e+03
8.300165056316182017e+02 8.586977539062500000e+03 8.593742881713780662e+03
8.300369399012997746e+02 8.580464843750000000e+03 8.593741979286205606e+03
8.300573740703985095e+02 8.573045898437500000e+03 8.593741001516440519e+03
8.300778084392659366e+02 8.581906250000000000e+03 8.593739948817030381e+03
8.300982427084818482e+02 8.584736328125000000e+03 8.593738821630306120e+03
8.301186768775805831e+02 8.595279296875000000e+03 8.593737620384841648e+03
8.301391112459823489e+02 8.591777343750000000e+03 8.593736345489956875e+03
8.301595455147325993e+02 8.589763671875000000e+03 8.593734997391220531e+03
8.301799797834828496e+02 8.593441406250000000e+03 8.593733576510061539e+03
8.302004140522330999e+02 8.587446289062500000e+03 8.593732083273927856e+03
8.302208482204005122e+02 8.604035156250000000e+03 8.593730518118165492e+03
8.302412825888022780e+02 8.598771484375000000e+03 8.593728881446666492e+03
8.302617168570868671e+02 8.599849609375000000e+03 8.593727173710420175e+03
8.302821511253714561e+02 8.588449218750000000e+03 8.593725395329038292e+03
8.303025853936560452e+02 8.600609375000000000e+03 8.593723546729983354e+03
8.303230196614749730e+02 8.584910156250000000e+03 8.593721628340754251e+03
8.303434539292939007e+02 8.583361328125000000e+03 8.593719640588773473e+03
8.303638881971128285e+02 8.599438476562500000e+03 8.593717583901496255e+03
8.303843224649317563e+02 8.597228515625000000e+03 8.593715458706377831e+03
8.304047567327506840e+02 8.595536132812500000e+03 8.593713265430880710e+03
8.304251911002211273e+02 8.591869140625000000e+03 8.593711004491273343e+03
8.304456252674572170e+02 8.598773437500000000e+03 8.593708676348687732e+03
8.304660596349276602e+02 8.598031250000000000e+03 8.593706281384962494e+03
8.304864939022809267e+02 8.592705078125000000e+03 8.593703820062262821e+03
8.305069280690513551e+02 8.593913085937500000e+03 8.593701292809086226e+03
8.305273624365217984e+02 8.597726562500000000e+03 8.593698700015138456e+03
8.305477967034094036e+02 8.592756835937500000e+03 8.593696042145627871e+03
8.305682308701798320e+02 8.598611328125000000e+03 8.593693319628908284e+03
8.305886652367189527e+02 8.598997070312500000e+03 8.593690532852011529e+03
8.306090995036065578e+02 8.592182617187500000e+03 8.593687682282761671e+03
8.306295336703769863e+02 8.591643554687500000e+03 8.593684768349608930e+03
8.306499680364504457e+02 8.589286132812500000e+03 8.593681791436858475e+03
8.306704023028723896e+02 8.596055664062500000e+03 8.593678752015061036e+03
8.306908366694115102e+02 8.592629882812500000e+03 8.593675650481965931e+03
8.307112708357162774e+02 8.598340820312500000e+03 8.593672487311065197e+03
8.307317051016725600e+02 8.597283203125000000e+03 8.593669262883857300e+03
8.307521393676288426e+02 8.591312500000000000e+03 8.593665977643071528e+03
8.307725736335851252e+02 8.586931640625000000e+03 8.593662632016166754e+03
8.307930078995414078e+02 8.593729492187500000e+03 8.593659226430605486e+03
8.308134421650320292e+02 8.593020507812500000e+03 8.593655761313919356e+03
8.308338764309883118e+02 8.595307617187500000e+03 8.593652237093412623e+03
8.308543106964789331e+02 8.590330078125000000e+03 8.593648654196702410e+03
8.308951792269945145e+02 8.593915039062500000e+03 8.593641314084350597e+03
8.309156134924851358e+02 8.591420898437500000e+03 8.593637557723543068e+03
8.309360477575100958e+02 8.590921875000000000e+03 8.593633744396373004e+03
8.309564820225350559e+02 8.593668945312500000e+03 8.593629874530211964e+03
8.309769163876771927e+02 8.590905273437500000e+03 8.593625948533150222e+03
8.309973506522364914e+02 8.595130859375000000e+03 8.593621966871203767e+03
8.310177848171442747e+02 8.592237304687500000e+03 8.593617929972469938e+03
8.310382191818207502e+02 8.599779296875000000e+03 8.593613838204848435e+03
8.310586534463800490e+02 8.592070312500000000e+03 8.593609692055444611e+03
8.310790876108221710e+02 8.585742187500000000e+03 8.593605491952515877e+03
8.310995219750329852e+02 8.594607421875000000e+03 8.593601238261486287e+03
8.311199562395922840e+02 8.590308593750000000e+03 8.593596931471751304e+03
8.311403904035687447e+02 8.595318359375000000e+03 8.593592572011739321e+03
8.311608247677795589e+02 8.591388671875000000e+03 8.593588160244353276e+03
8.311812590318731964e+02 8.590322265625000000e+03 8.593583696661511567e+03
8.312016931958496571e+02 8.593111328125000000e+03 8.593579181691427948e+03
8.312221275595948100e+02 8.595730468750000000e+03 8.593574615694933527e+03
8.312425618232227862e+02 8.592750000000000000e+03 8.593569999166116759e+03
8.312629961869679391e+02 8.592778320312500000e+03 8.593565332487203705e+03
8.312834303504787385e+02 8.590413085937500000e+03 8.593560616154612944e+03
8.313038646136410534e+02 8.587095703125000000e+03 8.593555850526952781e+03
8.313242989769205451e+02 8.594750000000000000e+03 8.593551036030850810e+03
8.313447333402000368e+02 8.586432617187500000e+03 8.593546173117003491e+03
8.313651676033623517e+02 8.588616210937500000e+03 8.593541262237053161e+03
8.313856019666418433e+02 8.592421875000000000e+03 8.593536303770335508e+03
8.314060362293384969e+02 8.591601562500000000e+03 8.593531298193016482e+03
8.314264703923836350e+02 8.596494140625000000e+03 8.593526245933015161e+03
8.314469047551974654e+02 8.592304687500000000e+03 8.593521147343419216e+03
8.314673390178941190e+02 8.594446289062500000e+03 8.593516002926169676e+03
8.314877731800079346e+02 8.596578125000000000e+03 8.593510813109518494e+03
8.315082075428217649e+02 8.599476562500000000e+03 8.593505578244072240e+03
8.315286418050527573e+02 8.597098632812500000e+03 8.593500298834138448e+03
8.315490761674009264e+02 8.585034179687500000e+03 8.593494975255331155e+03
8.315695103295147419e+02 8.578173828125000000e+03 8.593489608013678662e+03
8.315899444916285574e+02 8.586407226562500000e+03 8.593484197484678589e+03
8.316103788535110652e+02 8.594313476562500000e+03 8.593478744042269682e+03
8.316308131152763963e+02 8.595604492187500000e+03 8.593473248193620748e+03
8.316512472769245505e+02 8.597558593750000000e+03 8.593467710366814572e+03
8.316716816388070583e+02 8.597915039062500000e+03 8.593462130907604660e+03
8.316921159001067281e+02 8.596003906250000000e+03 8.593456510325280760e+03
8.317125500617548823e+02 8.594875976562500000e+03 8.593450849047645534e+03
8.317329844231717288e+02 8.593245117187500000e+03 8.593445147418908164e+03
8.317534186844713986e+02 8.589944335937500000e+03 8.593439405949906359e+03
8.317738528456538916e+02 8.594879882812500000e+03 8.593433625068679248e+03
8.317942872066050768e+02 8.588278320312500000e+03 8.593427805117562457e+03
8.318147214674390852e+02 8.595903320312500000e+03 8.593421946609138104e+03
8.318351558283902705e+02 8.588105468750000000e+03 8.593416049913463212e+03
8.318555899891071022e+02 8.591924804687500000e+03 8.593410115544944347e+03
8.318760242499411106e+02 8.600708984375000000e+03 8.593404143844087230e+03
8.318964586104266346e+02 8.591449218750000000e+03 8.593398135237946917e+03
8.319168928707949817e+02 8.590833984375000000e+03 8.593392090212722906e+03
8.319373270315118134e+02 8.591307617187500000e+03 8.593386009196265150e+03
8.319577613915316761e+02 8.595589843750000000e+03 8.593379892526805634e+03
8.319781956519000232e+02 8.587004882812500000e+03 8.593373740721028298e+03
8.319986298116855323e+02 8.589695312500000000e+03 8.593367554207188732e+03
8.320190641717053950e+02 8.589726562500000000e+03 8.593361333321414349e+03
8.320394984316080809e+02 8.598626953125000000e+03 8.593355078582351780e+03
8.320599325913935900e+02 8.592362304687500000e+03 8.593348790417952841e+03
8.320803669514134526e+02 8.591884765625000000e+03 8.593342469163002534e+03
8.321008012108504772e+02 8.596937500000000000e+03 8.593336115337777301e+03
8.321212355704046786e+02 8.596053710937500000e+03 8.593329729307335583e+03
8.321416697297245264e+02 8.589239257812500000e+03 8.593323311593230756e+03
8.321621039886958897e+02 8.602948242187500000e+03 8.593316862528972706e+03
8.321825383482500911e+02 8.590232421875000000e+03 8.593310382541265426e+03
8.322029725071042776e+02 8.593213867187500000e+03 8.593303872153333941e+03
8.322234067660756409e+02 8.600845703125000000e+03 8.593297331697016489e+03
8.322438410250470042e+02 8.589168945312500000e+03 8.593290761631593341e+03
8.322642752835527062e+02 8.597667968750000000e+03 8.593284162384677984e+03
8.322847095425240695e+02 8.593854492187500000e+03 8.593277534383420061e+03
8.323051438010297716e+02 8.584702148437500000e+03 8.593270878055587673e+03
8.323255780595354736e+02 8.590938476562500000e+03 8.593264193828481439e+03
8.323460123180411756e+02 8.588586914062500000e+03 8.593257482129562050e+03
8.323664465760812163e+02 8.596076171875000000e+03 8.593250743386441172e+03
8.323868808345869184e+02 8.591388671875000000e+03 8.593243978026266632e+03
8.324073151927441359e+02 8.594359375000000000e+03 8.593237186443468090e+03
8.324277494503185153e+02 8.596299804687500000e+03 8.593230369132059423e+03
8.324481836082413793e+02 8.587916992187500000e+03 8.593223526519555890e+03
8.324686179659329355e+02 8.592475585937500000e+03 8.593216658932973587e+03
8.324890522239729762e+02 8.589836914062500000e+03 8.593209766900215982e+03
8.325094863814301789e+02 8.594628906250000000e+03 8.593202850849409515e+03
8.325299207386560738e+02 8.588449218750000000e+03 8.593195911106182393e+03
8.325503549962304533e+02 8.596202148437500000e+03 8.593188948199509468e+03
8.325707891532219946e+02 8.589287109375000000e+03 8.593181962557502629e+03
8.325912235104478896e+02 8.584500000000000000e+03 8.593174954504618654e+03
8.326116577675566077e+02 8.585855468750000000e+03 8.593167924571154799e+03
8.326320919245481491e+02 8.586728515625000000e+03 8.593160873184888260e+03
8.326525262813083827e+02 8.586650390625000000e+03 8.593153800669642806e+03
8.326729605384171009e+02 8.592294921875000000e+03 8.593146707556348701e+03
8.326933948947116733e+02 8.593212890625000000e+03 8.593139594203450542e+03
8.327138290517032146e+02 8.589058593750000000e+03 8.593132461142457032e+03
8.327342633078806102e+02 8.599500000000000000e+03 8.593125308696780849e+03
8.327546976641751826e+02 8.592553710937500000e+03 8.593118137293266045e+03
8.327751318207010627e+02 8.595622070312500000e+03 8.593110947464756464e+03
8.327955660768784583e+02 8.593391601562500000e+03 8.593103739533487897e+03
8.328160004327073693e+02 8.596790039062500000e+03 8.593096513926659100e+03
8.328364345887675881e+02 8.596164062500000000e+03 8.593089271177732371e+03
8.328568688444793224e+02 8.594084960937500000e+03 8.593082011608159519e+03
8.328773032003082335e+02 8.601109375000000000e+03 8.593074735644991961e+03
8.328977374560199678e+02 8.595874023437500000e+03 8.593067443786982039e+03
8.329181716116145253e+02 8.592232421875000000e+03 8.593060136461826914e+03
8.329386058668605983e+02 8.591552734375000000e+03 8.593052814025537373e+03
8.329590401221066713e+02 8.591447265625000000e+03 8.593045476941168090e+03
8.329794744774699211e+02 8.594220703125000000e+03 8.593038125600131025e+03
8.329999087327159941e+02 8.596636718750000000e+03 8.593030760501913392e+03
8.330203428873792291e+02 8.596203125000000000e+03 8.593023382074346955e+03
8.330407772427424788e+02 8.591056640625000000e+03 8.593015990636002243e+03
8.330612114975228906e+02 8.574531250000000000e+03 8.593008586723222834e+03
8.330816456521861255e+02 8.573883789062500000e+03 8.593001170763476694e+03
8.331020800066180527e+02 8.586058593750000000e+03 8.592993743075299790e+03
8.331225142609328032e+02 8.585381835937500000e+03 8.592986304195073899e+03
8.331429484155960381e+02 8.593616210937500000e+03 8.592978854550248798e+03
8.331633827700279653e+02 8.593320312500000000e+03 8.592971394459042131e+03
8.331838170238770545e+02 8.598506835937500000e+03 8.592963924458488691e+03
8.332042513783089817e+02 8.592541992187500000e+03 8.592956444902516523e+03
8.332246855320408940e+02 8.587899414062500000e+03 8.592948956328920758e+03
8.332451197858899832e+02 8.593869140625000000e+03 8.592941459054989537e+03
8.332655541398562491e+02 8.591245117187500000e+03 8.592933953508054401e+03
8.332859882935881615e+02 8.595940429687500000e+03 8.592926440225952319e+03
8.333064225469715893e+02 8.592554687500000000e+03 8.592918919525931415e+03
8.333268569004721940e+02 8.593287109375000000e+03 8.592911391835172253e+03
8.333472910537384450e+02 8.594640625000000000e+03 8.592903857691828307e+03
8.333677253071218729e+02 8.593478515625000000e+03 8.592896317412665667e+03
8.333881596606224775e+02 8.607496093750000000e+03 8.592888771425048617e+03
8.334085938134230673e+02 8.592156250000000000e+03 8.592881220267565368e+03
8.334290280663408339e+02 8.593658203125000000e+03 8.592873664256545453e+03
8.334698966718278825e+02 8.595766601562500000e+03 8.592858539457780353e+03
8.334903309247456491e+02 8.596677734375000000e+03 8.592850971561832921e+03
8.335107651771977544e+02 8.599707031250000000e+03 8.592843400559338988e+03
8.335311994296498597e+02 8.597953125000000000e+03 8.592835826877582804e+03
8.335516336816363037e+02 8.594881835937500000e+03 8.592828250944192405e+03
8.335720679340884089e+02 8.593833007812500000e+03 8.592820673186281056e+03
8.335925021860748529e+02 8.590779296875000000e+03 8.592813094031653236e+03
8.336129364380612969e+02 8.596450195312500000e+03 8.592805513907591376e+03
8.336333706900477409e+02 8.591705078125000000e+03 8.592797933241554347e+03
8.336538048419170082e+02 8.590446289062500000e+03 8.592790352498141146e+03
8.336742391935549676e+02 8.594553710937500000e+03 8.592782771993555798e+03
8.336946734450757504e+02 8.596951171875000000e+03 8.592775192266504746e+03
8.337151075964793563e+02 8.592858398437500000e+03 8.592767613744437767e+03
8.337355419481173158e+02 8.591530273437500000e+03 8.592760036743426099e+03
8.337559761991724372e+02 8.587551757812500000e+03 8.592752461802479957e+03
8.337764105503447354e+02 8.588316406250000000e+03 8.592744889274665184e+03
8.337968447017483413e+02 8.598405273437500000e+03 8.592737319698549982e+03
8.338172789523378015e+02 8.593982421875000000e+03 8.592729753390824044e+03
8.338377133035100996e+02 8.583264648437500000e+03 8.592722190778480581e+03
8.338785817045718431e+02 8.593283203125000000e+03 8.592707078572882892e+03
8.338990160552784801e+02 8.590360351562500000e+03 8.592699529723315209e+03
8.339194502057507634e+02 8.591079101562500000e+03 8.592691986390114835e+03
8.339398844558745623e+02 8.592236328125000000e+03 8.592684448889998748e+03
8.339603188061155379e+02 8.593150390625000000e+03 8.592676917650336691e+03
8.339807530562393367e+02 8.592359375000000000e+03 8.592669393172389391e+03
8.340011872062459588e+02 8.587648437500000000e+03 8.592661875883510220e+03
8.340216215560212731e+02 8.590625976562500000e+03 8.592654366100890911e+03
8.340420558061450720e+02 8.594731445312500000e+03 8.592646864362082852e+03
8.340624900558032095e+02 8.591851562500000000e+03 8.592639371058074175e+03
8.340829243054613471e+02 8.595510742187500000e+03 8.592631886616147312e+03
8.341033585546538234e+02 8.585795898437500000e+03 8.592624411463932120e+03
8.341237929039634764e+02 8.588800781250000000e+03 8.592616945992162073e+03
8.341442270535044372e+02 8.597098632812500000e+03 8.592609490737784654e+03
8.341646613026969135e+02 8.591514648437500000e+03 8.592602046018937472e+03
8.341850956515409052e+02 8.588218750000000000e+03 8.592594612263230374e+03
8.342055298006162047e+02 8.592350585937500000e+03 8.592587190006974197e+03
8.342259640493430197e+02 8.585963867187500000e+03 8.592579779568772210e+03
8.342463983981870115e+02 8.590507812500000000e+03 8.592572381376096018e+03
8.342668325467966497e+02 8.594406250000000000e+03 8.592564995965050912e+03
8.342872667950578034e+02 8.592738281250000000e+03 8.592557623654609415e+03
8.343077010437846184e+02 8.597333007812500000e+03 8.592550264908113604e+03
8.343281352920457721e+02 8.592483398437500000e+03 8.592542920153351588e+03
8.343485696399584413e+02 8.591758789062500000e+03 8.592535589702983998e+03
8.343690037881024182e+02 8.596449218750000000e+03 8.592528272200815991e+03
8.343894380363635719e+02 8.589887695312500000e+03 8.592520964265520888e+03
8.344098723842762411e+02 8.588103515625000000e+03 8.592513662544944964e+03
8.344303065319545567e+02 8.597040039062500000e+03 8.592506363793789205e+03
8.344507407797500491e+02 8.601387695312500000e+03 8.592499064552323034e+03
8.344711751271970570e+02 8.591464843750000000e+03 8.592491761468252662e+03
8.344916093745268881e+02 8.600489257812500000e+03 8.592484451260526839e+03
8.345120435217395425e+02 8.591068359375000000e+03 8.592477130576844502e+03
8.345324778691865504e+02 8.593769531250000000e+03 8.592469795957078532e+03
8.345529121160507202e+02 8.588664062500000000e+03 8.592462444156659330e+03
8.345733462632633746e+02 8.577532226562500000e+03 8.592455071823100297e+03
8.345937806102447212e+02 8.580846679687500000e+03 8.592447675495775911e+03
8.346142148566432297e+02 8.595037109375000000e+03 8.592440251930784143e+03
8.346346492036245763e+02 8.594702148437500000e+03 8.592432797702580501e+03
8.346550833499059081e+02 8.592537109375000000e+03 8.592425309568876401e+03
8.346755175963044167e+02 8.597452148437500000e+03 8.592417784067265529e+03
8.346959519428201020e+02 8.597865234375000000e+03 8.592410217844744693e+03
8.347163860891014338e+02 8.594647460937500000e+03 8.592402607660407739e+03
8.347368203350342810e+02 8.587873046875000000e+03 8.592394950050473199e+03
8.347572546810843050e+02 8.590279296875000000e+03 8.592387241661615917e+03
8.347776888273656368e+02 8.593834960937500000e+03 8.592379479254916077e+03
8.347981230728328228e+02 8.596312500000000000e+03 8.592371659364785955e+03
8.348185574188828468e+02 8.597766601562500000e+03 8.592363778637394716e+03
8.348389915642328560e+02 8.591655273437500000e+03 8.592355833836965758e+03
8.348594258097000420e+02 8.586608398437500000e+03 8.592347821494597156e+03
8.348798601552844048e+02 8.597019531250000000e+03 8.592339738256832788e+03
8.349002943006344140e+02 8.601840820312500000e+03 8.592331580890595433e+03
8.349207286452874541e+02 8.595264648437500000e+03 8.592323345883940419e+03
8.349411627906374633e+02 8.595113281250000000e+03 8.592315030045096137e+03
8.349615971352905035e+02 8.590795898437500000e+03 8.592306629859396708e+03
8.349820313802920282e+02 8.591729492187500000e+03 8.592298142096677111e+03
8.350024656248278916e+02 8.593554687500000000e+03 8.592289563363950947e+03
8.350228997697122395e+02 8.594208984375000000e+03 8.592280890351124981e+03
8.350433341143652797e+02 8.596014648437500000e+03 8.592272119577974081e+03
8.350637683584354818e+02 8.593622070312500000e+03 8.592263247820266770e+03
8.350842025028541684e+02 8.592639648437500000e+03 8.592254271726675142e+03
8.351046368470415473e+02 8.589125000000000000e+03 8.592245187812462973e+03
8.351250710911117494e+02 8.596085937500000000e+03 8.592235992857713427e+03
8.351455052350647748e+02 8.598459960937500000e+03 8.592226683511651572e+03
8.351659395787864923e+02 8.592103515625000000e+03 8.592217256284377072e+03
8.351863738228566945e+02 8.584772460937500000e+03 8.592207707960718835e+03
8.352068081661127508e+02 8.593464843750000000e+03 8.592198035095305386e+03
8.352272423096001148e+02 8.604277343750000000e+03 8.592188234478158847e+03
8.352476765532046556e+02 8.591513671875000000e+03 8.592178302613956475e+03
8.352681108964607120e+02 8.593691406250000000e+03 8.592168236148550932e+03
8.352885450394824147e+02 8.601707031250000000e+03 8.592158031878254405e+03
8.353089792826212943e+02 8.591943359375000000e+03 8.592147686301666909e+03
8.353294136254116893e+02 8.588938476562500000e+03 8.592137196064502859e+03
8.353498477684333920e+02 8.594792968750000000e+03 8.592126557969118949e+03
8.353702820111066103e+02 8.594243164062500000e+03 8.592115768508305337e+03
8.353907163538970053e+02 8.592149414062500000e+03 8.592104824327145252e+03
8.354111504964530468e+02 8.591103515625000000e+03 8.592093722235218593e+03
8.354315848387777805e+02 8.588034179687500000e+03 8.592082458662758654e+03
8.354520190809853375e+02 8.595291015625000000e+03 8.592071030421444448e+03
8.354724533231928945e+02 8.587687500000000000e+03 8.592059434104059619e+03
8.354928875654004514e+02 8.588477539062500000e+03 8.592047666358175775e+03
8.355133218071423471e+02 8.575646484375000000e+03 8.592035723831639189e+03
8.355337560488842428e+02 8.585055664062500000e+03 8.592023603171752256e+03
8.355541902906261384e+02 8.597763671875000000e+03 8.592011301026088404e+03
8.355746245323680341e+02 8.595977539062500000e+03 8.591998814042217418e+03
8.355950587741099298e+02 8.595687500000000000e+03 8.591986138867709087e+03
8.356154931155033410e+02 8.593872070312500000e+03 8.591973272086917859e+03
8.356359272566623986e+02 8.596798828125000000e+03 8.591960210537672538e+03
8.356563614979386330e+02 8.594859375000000000e+03 8.591946950676996494e+03
8.356767957387492061e+02 8.591723632812500000e+03 8.591933489216291491e+03
8.356972299800254405e+02 8.589875976562500000e+03 8.591919822802510680e+03
8.357176643204875290e+02 8.597718750000000000e+03 8.591905948015672038e+03
8.357380984616465867e+02 8.592875000000000000e+03 8.591891861707568751e+03
8.357585327019914985e+02 8.589127929687500000e+03 8.591877560321572673e+03
8.357789670424535871e+02 8.591668945312500000e+03 8.591863040501430078e+03
8.357994011831469834e+02 8.598134765625000000e+03 8.591848299109418804e+03
8.358198354230262339e+02 8.585111328125000000e+03 8.591833332579080889e+03
8.358402697634883225e+02 8.591966796875000000e+03 8.591818137553644192e+03
8.358607039032503963e+02 8.592727539062500000e+03 8.591802710906409629e+03
8.358811381435953081e+02 8.586866210937500000e+03 8.591787049059206765e+03
8.359015724831260741e+02 8.592248046875000000e+03 8.591771148657207959e+03
8.359220066228881478e+02 8.590502929687500000e+03 8.591755006582385249e+03
8.359424408627673984e+02 8.591352539062500000e+03 8.591738619247193128e+03
8.359628752018325031e+02 8.587722656250000000e+03 8.591721983296334656e+03
8.359833094412460923e+02 8.594281250000000000e+03 8.591705095539258764e+03
8.360037436806596816e+02 8.594226562500000000e+03 8.591687952543012216e+03
8.360241779196076095e+02 8.594863281250000000e+03 8.591670550955572253e+03
8.360446121590211987e+02 8.595889648437500000e+03 8.591652887423719221e+03
8.360650463979691267e+02 8.583549804687500000e+03 8.591634958595826902e+03
8.360854806364513934e+02 8.577516601562500000e+03 8.591616761119483272e+03
8.361059148753993213e+02 8.578469726562500000e+03 8.591598291641439573e+03
8.361263492139987648e+02 8.592887695312500000e+03 8.591579546717583071e+03
8.361467833523638546e+02 8.595866210937500000e+03 8.591560523272633873e+03
8.361672175908461213e+02 8.591517578125000000e+03 8.591541217676600354e+03
8.361876519289799035e+02 8.588184570312500000e+03 8.591521626573337926e+03
8.362080860673449934e+02 8.596414062500000000e+03 8.591501746899597492e+03
8.362285203048959374e+02 8.595949218750000000e+03 8.591481575014249756e+03
8.362489546430297196e+02 8.598539062500000000e+03 8.591461107559176526e+03
8.362693887809291482e+02 8.589202148437500000e+03 8.591440341485436875e+03
8.362898231185972691e+02 8.592308593750000000e+03 8.591419273034091020e+03
8.363102573561482131e+02 8.582650390625000000e+03 8.591397899159686858e+03
8.363306914935819805e+02 8.590746093750000000e+03 8.591376216514308908e+03
8.363511258307844400e+02 8.586257812500000000e+03 8.591354221425050127e+03
8.363715599682182074e+02 8.587900390625000000e+03 8.591331910969556702e+03
8.363919942053034902e+02 8.589282226562500000e+03 8.591309281470816131e+03
8.364124285420402884e+02 8.593543945312500000e+03 8.591286329571712486e+03
8.364328626790083945e+02 8.591673828125000000e+03 8.591263052258513198e+03
8.364532969156280160e+02 8.589666992187500000e+03 8.591239445840110420e+03
8.364737312523648143e+02 8.591293945312500000e+03 8.591215506958695187e+03
8.364941653888672590e+02 8.586803710937500000e+03 8.591191232616158231e+03
8.365145996254868805e+02 8.594856445312500000e+03 8.591166619105752034e+03
8.365350339617580175e+02 8.597934570312500000e+03 8.591141663070618961e+03
8.365554681979119778e+02 8.591128906250000000e+03 8.591116361402298935e+03
8.365759024340659380e+02 8.592953125000000000e+03 8.591090710626940563e+03
8.365963366702198982e+02 8.586085937500000000e+03 8.591064707392113633e+03
8.366167709059081972e+02 8.583775390625000000e+03 8.591038348346002749e+03
8.366372051415964961e+02 8.595026367187500000e+03 8.591011630135586529e+03
8.366576393772847950e+02 8.586600585937500000e+03 8.590984549408443854e+03
8.366780736129730940e+02 8.589010742187500000e+03 8.590957102812146331e+03
8.366985079483129084e+02 8.585242187500000000e+03 8.590929286857715852e+03
8.367189420834183693e+02 8.588102539062500000e+03 8.590901098603681021e+03
8.367393763186410069e+02 8.590037109375000000e+03 8.590872534286039809e+03
8.367598106535151601e+02 8.582564453125000000e+03 8.590843590547479835e+03
8.367802447886206210e+02 8.588319335937500000e+03 8.590814264462485880e+03
8.368006790233775973e+02 8.595701171875000000e+03 8.590784552251738205e+03
8.368211133577860892e+02 8.593065429687500000e+03 8.590754450557142263e+03
8.368619818273000419e+02 8.588100585937500000e+03 8.590693066041587372e+03
8.368824160615913570e+02 8.592324218750000000e+03 8.590661776370656298e+03
8.369028501957654953e+02 8.589627929687500000e+03 8.590630084110192911e+03
8.369232845297083259e+02 8.591841796875000000e+03 8.590597985439704644e+03
8.369437187639996409e+02 8.588846679687500000e+03 8.590565477474108775e+03
8.369641529978252947e+02 8.598083984375000000e+03 8.590532556706195464e+03
8.369845872316509485e+02 8.596079101562500000e+03 8.590499219782803266e+03
8.370050213648937643e+02 8.594442382812500000e+03 8.590465463518699835e+03
8.370254556988365948e+02 8.582938476562500000e+03 8.590431284060656253e+03
8.370458899321965873e+02 8.591489257812500000e+03 8.590396678557077394e+03
8.370663241655565798e+02 8.589716796875000000e+03 8.590361643488336995e+03
8.370867582983337343e+02 8.589642578125000000e+03 8.590326175677662832e+03
8.371071926318109035e+02 8.591952148437500000e+03 8.590290271246498378e+03
8.371276268647052348e+02 8.591457031250000000e+03 8.590253927368570658e+03
8.371480610975995660e+02 8.587589843750000000e+03 8.590217140515806022e+03
8.371684953300282359e+02 8.589016601562500000e+03 8.590179907336631004e+03
8.371889295629225671e+02 8.595287109375000000e+03 8.590142224476923730e+03
8.372093638950027525e+02 8.589744140625000000e+03 8.590104088398891690e+03
8.372297980277799070e+02 8.595897460937500000e+03 8.590065496310520757e+03
8.372502322597429156e+02 8.590208007812500000e+03 8.590026444299013747e+03
8.372706665918231010e+02 8.592447265625000000e+03 8.589986929003422119e+03
8.372911007241345942e+02 8.584256835937500000e+03 8.589946947654634641e+03
8.373115349560976028e+02 8.596680664062500000e+03 8.589906496317817073e+03
8.373319692877121270e+02 8.589372070312500000e+03 8.589865571633647050e+03
8.373524034190922976e+02 8.594937500000000000e+03 8.589824170853808027e+03
8.373728376510553062e+02 8.589761718750000000e+03 8.589782290019893480e+03
8.373932719822041690e+02 8.591844726562500000e+03 8.589739925775282245e+03
8.374137061135843396e+02 8.585209960937500000e+03 8.589697075390924510e+03
8.374341404447332025e+02 8.594401367187500000e+03 8.589653734676545355e+03
8.374545746757648885e+02 8.588223632812500000e+03 8.589609900912175362e+03
8.374750088066793978e+02 8.588712890625000000e+03 8.589565570752673011e+03
8.374954431378282607e+02 8.581570312500000000e+03 8.589520740190355355e+03
8.375158773683942854e+02 8.599594726562500000e+03 8.589475406529090833e+03
8.375363115989603102e+02 8.588193359375000000e+03 8.589429566197028180e+03
8.375567458295263350e+02 8.588791015625000000e+03 8.589383215841737183e+03
8.375771800600923598e+02 8.579376953125000000e+03 8.589336352110798543e+03
8.375976142901927233e+02 8.572355468750000000e+03 8.589288971652875261e+03
8.376180486204102635e+02 8.584059570312500000e+03 8.589241070878511891e+03
8.376384827503934503e+02 8.588891601562500000e+03 8.589192647143187060e+03
8.376589169804938138e+02 8.595485351562500000e+03 8.589143696386581723e+03
8.376793513102456927e+02 8.589645507812500000e+03 8.589094215249629997e+03
8.376997854397632182e+02 8.584488281250000000e+03 8.589044201110009453e+03
8.377202197690494359e+02 8.587187500000000000e+03 8.588993649636255213e+03
8.377406538985669613e+02 8.588470703125000000e+03 8.588942558464361355e+03
8.377610881282016635e+02 8.589436523437500000e+03 8.588890923496061077e+03
8.377815224570222199e+02 8.587242187500000000e+03 8.588838741373312587e+03
8.378019565860740840e+02 8.589186523437500000e+03 8.588786009511171869e+03
8.378223908152431250e+02 8.580662109375000000e+03 8.588732723787368741e+03
8.378428251440636814e+02 8.585420898437500000e+03 8.588678880842553554e+03
8.378632592726498842e+02 8.591042968750000000e+03 8.588624478118610568e+03
8.378836935013532639e+02 8.586149414062500000e+03 8.588569511467601842e+03
8.379041278297081590e+02 8.590417968750000000e+03 8.588513977530068587e+03
8.379245619582943618e+02 8.589892578125000000e+03 8.588457873771500090e+03
8.379449961865320802e+02 8.584390625000000000e+03 8.588401196021586657e+03
8.379654305144213140e+02 8.589107421875000000e+03 8.588343940919490706e+03
8.379858646425418556e+02 8.595459960937500000e+03 8.588286105955994572e+03
8.380062989704310894e+02 8.592798828125000000e+03 8.588227686647835071e+03
8.380267331982031465e+02 8.594852539062500000e+03 8.588168680495655281e+03
8.380471674259752035e+02 8.587915039062500000e+03 8.588109083862240368e+03
8.380676016532815993e+02 8.579993164062500000e+03 8.588048893396546191e+03
8.380880358805879951e+02 8.579625976562500000e+03 8.587988105744800123e+03
8.381084701078943908e+02 8.586721679687500000e+03 8.587926717554581046e+03
8.381289043352007866e+02 8.582885742187500000e+03 8.587864725473466024e+03
8.381493385620415211e+02 8.586929687500000000e+03 8.587802126150469121e+03
8.381697727893479168e+02 8.586877929687500000e+03 8.587738916230311588e+03
8.381902071158401668e+02 8.589375000000000000e+03 8.587675092050703824e+03
8.382106412425637245e+02 8.580573242187500000e+03 8.587610651197523111e+03
8.382310754694044590e+02 8.589766601562500000e+03 8.587545589377150463e+03
8.382515097958967090e+02 8.593975585937500000e+03 8.587479903229525007e+03
8.382719439221546054e+02 8.585227539062500000e+03 8.587413590370833845e+03
8.382923782481811941e+02 8.590026367187500000e+03 8.587346646150559536e+03
8.383128124740906060e+02 8.585165039062500000e+03 8.587279068194109641e+03
8.383332466003485024e+02 8.589204101562500000e+03 8.587210853156844678e+03
8.383536809259094298e+02 8.586260742187500000e+03 8.587141996683665639e+03
8.383741150517016649e+02 8.586590820312500000e+03 8.587072496766928452e+03
8.383945492771454155e+02 8.593601562500000000e+03 8.587002349040572881e+03
8.384149836027063429e+02 8.583159179687500000e+03 8.586931550141063781e+03
8.384354177280329168e+02 8.584680664062500000e+03 8.586860097761407815e+03
8.384558519534766674e+02 8.582594726562500000e+03 8.586787987503754266e+03
8.384762862785719335e+02 8.581707031250000000e+03 8.586715216007658455e+03
8.384967204034328461e+02 8.590388671875000000e+03 8.586641780993562861e+03
8.385171546284109354e+02 8.588404296875000000e+03 8.586567678034549317e+03
8.385375889530405402e+02 8.584812500000000000e+03 8.586492903770069461e+03
8.385580231780186296e+02 8.585336914062500000e+03 8.586417455576991415e+03
8.385784574020653963e+02 8.574989257812500000e+03 8.586341329743368988e+03
8.385988916265778244e+02 8.587710937500000000e+03 8.586264522911595122e+03
8.386193258510902524e+02 8.588784179687500000e+03 8.586187031730987655e+03
8.386397600751370192e+02 8.589621093750000000e+03 8.586108852850902622e+03
8.386601942991837859e+02 8.591489257812500000e+03 8.586029982917170855e+03
8.386806285232305527e+02 8.585281250000000000e+03 8.585950418577365781e+03
8.387010628469288349e+02 8.594222656250000000e+03 8.585870156085951749e+03
8.387214969703927636e+02 8.583020507812500000e+03 8.585789193273576529e+03
8.387419311939738691e+02 8.584442382812500000e+03 8.585707525602943861e+03
8.387623655176721513e+02 8.580284179687500000e+03 8.585625149711257109e+03
8.387827996406704187e+02 8.584861328125000000e+03 8.585542063464006787e+03
8.388032338637858629e+02 8.586405273437500000e+03 8.585458262290894709e+03
8.388236681870184839e+02 8.585214843750000000e+03 8.585373742828975082e+03
8.388441023095510900e+02 8.588446289062500000e+03 8.585288502975365191e+03
8.388645366327837110e+02 8.581587890625000000e+03 8.585202537703211419e+03
8.388849708554334939e+02 8.588261718750000000e+03 8.585115844922227552e+03
8.389054049779661000e+02 8.588464843750000000e+03 8.585028421288767277e+03
8.389258393002673984e+02 8.593841796875000000e+03 8.584940262162037470e+03
